Selection	View	Channel	Begin Time (s)	End Time (s)	Low Freq (Hz)	High Freq (Hz)	Max Freq (Hz)	Call Type
1	Spectrogram 1	3	2.602	2.926	2546.3	11805.6	7421.9	Trill
2	Spectrogram 1	6	4.264	4.551	3260.9	13315.2	7226.6	Trill
3	Spectrogram 1	3	13.036	13.101	2777.8	12731.5	7617.2	T-peep
4	Spectrogram 1	6	13.068	13.195	3472.2	12500.0	7226.6	T-peep
5	Spectrogram 1	5	13.249	13.433	1157.4	12500.0	8007.8	T-peep
6	Spectrogram 1	5	16.541	16.815	231.5	14351.9	8007.8	Trill
520	Spectrogram 1	5	16.944	17.583	900.9	14189.2	8593.7	Phee
7	Spectrogram 1	5	29.352	29.705	0.0	13888.9	195.3	Trill
8	Spectrogram 1	5	36.536	36.944	4000.0	18000.0	8398.4	Trillphee
9	Spectrogram 1	5	37.030	37.614	4000.0	18000.0	8789.1	Phee
10	Spectrogram 1	5	43.084	43.428	2546.3	14814.8	7812.5	Trill
11	Spectrogram 1	4	49.667	49.751	0.0	22916.7	195.3	Tse
521	Spectrogram 1	4	49.834	49.920	2027.0	21621.6	9570.3	Tse
522	Spectrogram 1	4	50.046	50.128	2027.0	19369.4	8984.4	Tse
523	Spectrogram 1	4	50.360	50.440	225.2	20495.5	8398.4	Tse
12	Spectrogram 1	3	58.148	58.245	4000.0	18000.0	11718.7	Tse
13	Spectrogram 1	5	61.005	61.541	925.9	15740.7	8203.1	Trillphee
14	Spectrogram 1	5	61.691	61.940	4629.6	14814.8	8984.4	Phee
15	Spectrogram 1	5	74.253	74.516	2546.3	13657.4	8007.8	Trill
16	Spectrogram 1	3	104.987	105.056	0.0	18055.6	195.3	T-peep
17	Spectrogram 1	3	105.098	105.342	4000.0	18000.0	5273.4	Trill
18	Spectrogram 1	3	108.137	108.218	0.0	23611.1	195.3	Twitter
524	Spectrogram 1	3	108.311	108.387	3378.4	21171.2	7031.2	Twitter
525	Spectrogram 1	3	108.476	108.563	2477.5	19594.6	6835.9	Twitter
526	Spectrogram 1	3	108.622	108.705	2702.7	19369.4	6835.9	Twitter
527	Spectrogram 1	3	108.775	108.864	1576.6	17792.8	6640.6	Twitter
528	Spectrogram 1	3	108.910	109.026	3153.2	17792.8	6445.3	Twitter
529	Spectrogram 1	3	109.063	109.156	2027.0	17117.1	6445.3	Twitter
530	Spectrogram 1	3	109.202	109.301	2927.9	15540.5	6445.3	Twitter
531	Spectrogram 1	3	109.344	109.424	2702.7	17117.1	6445.3	Twitter
532	Spectrogram 1	3	109.477	109.540	3153.2	16441.4	6445.3	Twitter
19	Spectrogram 1	6	117.840	118.311	694.4	13657.4	7617.2	Trill
20	Spectrogram 1	6	119.625	120.038	1157.4	13888.9	8007.8	Trill
21	Spectrogram 1	4	144.911	144.989	0.0	23379.6	195.3	Tse
535	Spectrogram 1	4	145.045	145.144	1801.8	22297.3	7031.2	Tse
534	Spectrogram 1	4	145.194	145.264	1351.4	20495.5	6835.9	Tse
22	Spectrogram 1	3	154.046	154.304	4000.0	18000.0	5078.1	Trill
24	Spectrogram 1	6	172.099	172.554	6.3	17135.9	195.3	Trill
25	Spectrogram 1	6	175.988	176.551	1851.9	13425.9	7031.2	Trill
26	Spectrogram 1	6	183.470	183.705	2546.3	12731.5	6835.9	Trill
27	Spectrogram 1	3	188.003	188.123	4000.0	18000.0	11523.4	Twitter
537	Spectrogram 1	3	188.196	188.292	1801.8	19369.4	7226.6	Twitter
538	Spectrogram 1	3	188.345	188.431	3153.2	18018.0	7031.2	Twitter
539	Spectrogram 1	3	188.481	188.554	4279.3	18693.7	6835.9	Twitter
540	Spectrogram 1	3	188.610	188.667	2702.7	18693.7	7031.2	Twitter
28	Spectrogram 1	4	194.655	194.744	0.0	24074.1	195.3	Tse
541	Spectrogram 1	4	194.814	194.900	2027.0	20270.3	7617.2	Tse
542	Spectrogram 1	4	194.966	195.042	2027.0	20045.0	7421.9	Tse
543	Spectrogram 1	4	195.122	195.198	1351.4	18693.7	7421.9	Tse
544	Spectrogram 1	4	195.294	195.374	2702.7	19819.8	6445.3	Sd-peep
545	Spectrogram 1	4	195.490	195.563	2702.7	20720.7	8984.4	Tse
546	Spectrogram 1	4	195.679	195.778	2252.3	20945.9	8984.4	Sd-peep
547	Spectrogram 1	4	195.944	196.020	0.0	21171.2	195.3	Sd-peep
29	Spectrogram 1	5	201.068	201.494	4000.0	18000.0	7617.2	Trill
30	Spectrogram 1	6	210.193	210.666	0.0	15972.2	195.3	Trill
31	Spectrogram 1	5	212.167	212.293	0.0	20138.9	195.3	Trill
548	Spectrogram 1	5	212.346	212.419	2477.5	19144.1	8203.1	Twitter
549	Spectrogram 1	5	212.466	212.529	1801.8	18693.7	7812.5	Twitter
550	Spectrogram 1	5	212.578	212.658	2027.0	15765.8	8203.1	Twitter
551	Spectrogram 1	5	212.701	212.784	1576.6	16441.4	8007.8	Twitter
552	Spectrogram 1	5	212.823	212.883	2477.5	16441.4	8007.8	Twitter
553	Spectrogram 1	5	212.946	212.999	2477.5	13288.3	8007.8	Twitter
554	Spectrogram 1	5	213.042	213.108	2477.5	15090.1	8007.8	Twitter
555	Spectrogram 1	5	213.145	213.211	2252.3	17117.1	8007.8	Twitter
556	Spectrogram 1	5	213.254	213.310	1351.4	15991.0	8007.8	Twitter
32	Spectrogram 1	6	215.454	215.833	1388.9	14120.4	6445.3	Trill
33	Spectrogram 1	4	216.172	216.251	3935.2	14120.4	9570.3	P-peep
34	Spectrogram 1	6	226.077	227.344	0.0	18750.0	195.3	Trillphee
35	Spectrogram 1	6	239.462	239.852	0.0	14814.8	195.3	Trillphee
36	Spectrogram 1	4	249.519	249.610	0.0	19675.9	195.3	Tse
557	Spectrogram 1	4	249.663	249.733	900.9	18693.7	8398.4	Tse
558	Spectrogram 1	4	249.835	249.928	900.9	19819.8	7617.2	Tse
559	Spectrogram 1	4	250.375	250.458	0.0	20045.0	195.3	Tse
37	Spectrogram 1	5	251.780	252.087	463.0	13888.9	8007.8	Trill
38	Spectrogram 1	5	265.941	266.403	925.9	15509.3	8007.8	Trill
39	Spectrogram 1	5	269.399	269.655	0.0	11342.6	195.3	Trill
40	Spectrogram 1	5	274.233	274.570	2546.3	14583.3	8007.8	Trill
41	Spectrogram 1	4	279.729	279.820	0.0	24074.1	195.3	Tse
560	Spectrogram 1	4	279.923	279.996	225.2	20720.7	6835.9	Tse
561	Spectrogram 1	4	280.188	280.278	900.9	16666.7	6835.9	Tse
562	Spectrogram 1	4	280.463	280.556	0.0	19594.6	195.3	Tse
563	Spectrogram 1	4	280.755	280.847	1351.4	21171.2	8984.4	Tse
42	Spectrogram 1	4	281.842	281.913	0.0	21064.8	195.3	Tse
43	Spectrogram 1	4	324.722	324.783	0.0	23611.1	195.3	Tsik
564	Spectrogram 1	4	324.878	324.968	2927.9	18693.7	8203.1	Tse
565	Spectrogram 1	4	325.077	325.163	2252.3	18918.9	8203.1	Tse
566	Spectrogram 1	4	325.312	325.399	1126.1	19819.8	8007.8	Sd-peep
44	Spectrogram 1	5	339.201	339.623	0.0	14120.4	195.3	Trill
519	Spectrogram 1	5	455.453	455.642	2927.9	15090.1	7617.2	Trill
513	Spectrogram 1	5	455.705	455.754	1801.8	20495.5	8789.1	Twitter
514	Spectrogram 1	5	455.791	455.847	3378.4	20045.0	7812.5	Twitter
515	Spectrogram 1	5	455.893	455.963	1801.8	18918.9	7812.5	Twitter
516	Spectrogram 1	5	456.006	456.069	2702.7	17567.6	7617.2	Twitter
517	Spectrogram 1	5	456.115	456.178	1351.4	18243.2	7617.2	Twitter
518	Spectrogram 1	5	456.225	456.291	1801.8	16891.9	7812.5	Twitter
45	Spectrogram 1	5	456.341	456.377	0.0	22685.2	195.3	Twitter
46	Spectrogram 1	6	458.059	458.357	0.0	15740.7	195.3	Trill
47	Spectrogram 1	5	460.306	460.405	925.9	14814.8	7812.5	T-peep
48	Spectrogram 1	5	461.942	462.489	3009.3	14120.4	8398.4	Trill
49	Spectrogram 1	3	462.715	463.056	2314.8	13657.4	7031.2	Trill
50	Spectrogram 1	6	471.069	471.353	3472.2	13425.9	7812.5	Trill
51	Spectrogram 1	5	475.488	475.839	3703.7	14814.8	8203.1	Trill
52	Spectrogram 1	5	494.627	494.927	0.0	16203.7	195.3	Trill
53	Spectrogram 1	3	495.158	495.428	4000.0	18000.0	10742.2	Trill
54	Spectrogram 1	5	498.193	498.352	3009.3	13194.4	7617.2	T-peep
55	Spectrogram 1	6	498.380	498.458	2546.3	13657.4	7812.5	T-peep
56	Spectrogram 1	5	505.996	506.157	2777.8	13194.4	8007.8	T-peep
57	Spectrogram 1	6	506.259	506.357	2314.8	14814.8	8398.4	P-peep
568	Spectrogram 1	6	506.483	506.546	3603.6	15315.3	8593.7	P-peep
569	Spectrogram 1	6	506.665	506.731	3378.4	15991.0	8593.7	P-peep
570	Spectrogram 1	6	506.817	506.910	3378.4	15540.5	8593.7	P-peep
58	Spectrogram 1	6	507.670	507.945	3472.2	15972.2	8593.7	Trill
59	Spectrogram 1	5	515.701	515.796	0.0	14120.4	195.3	T-peep
60	Spectrogram 1	5	515.898	515.974	2777.8	14351.9	8593.7	T-peep
61	Spectrogram 1	5	517.658	517.769	231.5	14583.3	8007.8	T-peep
62	Spectrogram 1	5	525.430	525.638	925.9	16435.2	8398.4	T-peep
63	Spectrogram 1	3	525.969	528.356	0.0	21296.3	195.3	Trillphee
64	Spectrogram 1	6	528.663	528.735	0.0	20138.9	195.3	Twitter
571	Spectrogram 1	6	528.791	528.837	4504.5	17342.3	9375.0	Twitter
572	Spectrogram 1	6	528.917	528.977	2252.3	18243.2	9375.0	Twitter
573	Spectrogram 1	6	529.053	529.109	1801.8	18918.9	8203.1	Twitter
574	Spectrogram 1	6	529.182	529.228	2927.9	18018.0	8398.4	Twitter
575	Spectrogram 1	6	529.314	529.374	1351.4	17117.1	8593.7	Twitter
576	Spectrogram 1	6	529.440	529.487	2252.3	16891.9	8984.4	Twitter
577	Spectrogram 1	6	529.543	529.599	2027.0	17792.8	8398.4	Twitter
65	Spectrogram 1	5	530.295	530.355	0.0	22345.1	195.3	Twitter
578	Spectrogram 1	5	530.398	530.457	3153.2	19369.4	7617.2	Twitter
579	Spectrogram 1	5	530.520	530.573	4955.0	18243.2	7421.9	Twitter
580	Spectrogram 1	5	530.630	530.702	3153.2	17342.3	7421.9	Twitter
581	Spectrogram 1	5	530.769	530.808	1576.6	16216.2	8398.4	Twitter
582	Spectrogram 1	5	530.881	530.938	2702.7	16216.2	8007.8	Twitter
583	Spectrogram 1	5	530.991	531.050	450.5	18693.7	8007.8	Twitter
584	Spectrogram 1	5	531.107	531.160	1126.1	17792.8	8007.8	Twitter
585	Spectrogram 1	5	531.213	531.266	3828.8	18693.7	8007.8	Twitter
586	Spectrogram 1	5	531.312	531.375	1351.4	15765.8	8007.8	Twitter
66	Spectrogram 1	6	534.254	534.954	1620.4	15972.2	8203.1	Trill
67	Spectrogram 1	6	543.707	544.220	0.0	15046.3	195.3	Trill
68	Spectrogram 1	4	546.986	547.304	4000.0	18000.0	6250.0	Trill
69	Spectrogram 1	6	547.820	547.954	0.0	20601.9	195.3	Twitter
587	Spectrogram 1	6	547.997	548.063	2027.0	20495.5	8203.1	Twitter
588	Spectrogram 1	6	548.120	548.176	675.7	20270.3	7617.2	Twitter
589	Spectrogram 1	6	548.239	548.295	2477.5	19369.4	7617.2	Twitter
590	Spectrogram 1	6	548.342	548.401	1801.8	17117.1	7226.6	Twitter
591	Spectrogram 1	6	548.458	548.511	1801.8	16666.7	7421.9	Twitter
592	Spectrogram 1	6	548.550	548.617	1801.8	18918.9	7226.6	Twitter
593	Spectrogram 1	6	548.663	548.713	1576.6	19819.8	7031.2	Twitter
594	Spectrogram 1	6	548.762	548.809	2702.7	15315.3	7421.9	Twitter
70	Spectrogram 1	5	554.064	554.297	0.0	15277.8	195.3	Trill
71	Spectrogram 1	5	554.392	554.453	0.0	19213.0	195.3	Twitter
595	Spectrogram 1	5	554.490	554.576	2027.0	17567.6	8203.1	Twitter
596	Spectrogram 1	5	554.626	554.669	2477.5	13738.7	8203.1	Twitter
597	Spectrogram 1	5	554.732	554.795	0.0	18018.0	195.3	Twitter
598	Spectrogram 1	5	554.841	554.897	2702.7	17117.1	6835.9	Twitter
599	Spectrogram 1	5	554.940	555.007	2477.5	16666.7	6835.9	Twitter
600	Spectrogram 1	5	555.060	555.113	2702.7	16441.4	7812.5	Twitter
72	Spectrogram 1	5	559.330	559.517	4000.0	18000.0	5859.4	Trill
73	Spectrogram 1	4	562.103	562.245	0.0	21064.8	195.3	Twitter
601	Spectrogram 1	4	562.443	562.540	2027.0	19369.4	8593.7	Twitter
602	Spectrogram 1	4	562.593	562.695	3603.6	18918.9	8398.4	Twitter
603	Spectrogram 1	4	562.755	562.834	2252.3	18693.7	6445.3	Twitter
604	Spectrogram 1	4	562.894	562.980	2927.9	18018.0	6445.3	Twitter
605	Spectrogram 1	4	563.030	563.103	2927.9	17567.6	8398.4	Twitter
606	Spectrogram 1	4	563.166	563.239	2027.0	16666.7	8398.4	Twitter
607	Spectrogram 1	4	563.301	563.371	2702.7	17117.1	6054.7	Twitter
608	Spectrogram 1	4	563.434	563.504	1351.4	17117.1	7421.9	Twitter
609	Spectrogram 1	4	563.557	563.633	2027.0	17792.8	7421.9	Twitter
610	Spectrogram 1	4	563.686	563.739	2702.7	16891.9	6835.9	Twitter
74	Spectrogram 1	6	571.759	571.825	2083.3	14120.4	8789.1	Trill
612	Spectrogram 1	6	571.862	571.945	4729.7	12837.8	8203.1	Trill
75	Spectrogram 1	5	588.760	588.966	0.0	15046.3	195.3	Trill
76	Spectrogram 1	5	593.845	594.009	0.0	13657.4	195.3	Trill
77	Spectrogram 1	6	596.050	596.586	2546.3	14814.8	8007.8	Trill
78	Spectrogram 1	5	606.545	606.601	1620.4	11805.6	7812.5	T-peep
613	Spectrogram 1	5	606.829	606.889	4729.7	13513.5	8203.1	T-peep
79	Spectrogram 1	5	607.166	607.542	1620.4	13425.9	8398.4	P-peep string
80	Spectrogram 1	6	609.333	609.410	4166.7	12268.5	7617.2	T-peep
614	Spectrogram 1	6	609.532	609.615	3378.4	12612.6	8398.4	T-peep
81	Spectrogram 1	5	612.599	612.802	4166.7	10879.6	7812.5	T-peep string
82	Spectrogram 1	5	620.166	621.385	4000.0	18000.0	8203.1	Trillphee
85	Spectrogram 1	4	621.704	621.931	0.0	16898.1	195.3	Trill
86	Spectrogram 1	6	625.566	625.633	0.0	15972.2	195.3	T-peep
87	Spectrogram 1	6	625.705	625.982	2083.3	16898.1	8007.8	Trill
88	Spectrogram 1	5	628.060	628.140	2546.3	13888.9	7812.5	T-peep
616	Spectrogram 1	5	628.243	628.329	4054.1	13964.0	8398.4	T-peep
89	Spectrogram 1	5	636.002	636.261	694.4	15509.3	7617.2	Trill
90	Spectrogram 1	5	641.630	641.810	0.0	12268.5	195.3	Trill
91	Spectrogram 1	5	652.129	652.350	2777.8	13888.9	7617.2	Trill
92	Spectrogram 1	3	658.997	659.220	4000.0	18000.0	7617.2	T-peep
93	Spectrogram 1	5	660.814	662.568	4000.0	18000.0	8007.8	Phee
94	Spectrogram 1	5	668.364	668.775	4398.1	14351.9	8398.4	Trill
95	Spectrogram 1	6	682.585	682.758	3240.7	12268.5	7031.2	T-peep string
96	Spectrogram 1	6	683.377	683.774	0.0	13657.4	195.3	Trill
97	Spectrogram 1	5	699.904	700.366	925.9	14351.9	7421.9	Trill
98	Spectrogram 1	4	700.916	701.285	0.0	11805.6	195.3	Trill
99	Spectrogram 1	3	703.629	703.876	0.0	18287.0	195.3	T-peep
100	Spectrogram 1	5	707.889	707.963	0.0	13194.4	195.3	T-peep
101	Spectrogram 1	5	719.504	719.984	2777.8	14351.9	7812.5	Trill
102	Spectrogram 1	5	724.338	724.629	1620.4	11805.6	5859.4	Trill
103	Spectrogram 1	5	738.297	738.384	1388.9	13888.9	7617.2	T-peep
617	Spectrogram 1	5	738.447	738.566	2702.7	14639.6	8203.1	T-peep
104	Spectrogram 1	5	738.708	738.856	2777.8	13425.9	8398.4	P-peep
106	Spectrogram 1	3	754.745	755.106	4000.0	18000.0	7617.2	Trill
107	Spectrogram 1	3	764.548	764.966	4000.0	18000.0	7226.6	Trill
108	Spectrogram 1	6	802.575	803.099	925.9	17592.6	6835.9	Trill
109	Spectrogram 1	6	825.318	825.859	694.4	16435.2	8007.8	Trill
110	Spectrogram 1	6	833.112	833.593	0.0	20138.9	195.3	Trill
111	Spectrogram 1	5	838.930	840.754	0.0	21990.7	195.3	Other
112	Spectrogram 1	5	840.907	841.819	0.0	20833.3	195.3	Other
113	Spectrogram 1	5	841.981	842.119	0.0	17361.1	195.3	T-peep
114	Spectrogram 1	5	842.290	842.442	0.0	21527.8	195.3	T-peep
115	Spectrogram 1	5	842.569	842.627	0.0	17824.1	195.3	T-peep
116	Spectrogram 1	5	846.624	847.008	0.0	19444.4	195.3	Trill
117	Spectrogram 1	3	847.516	847.593	1157.4	14814.8	7031.2	P-peep
118	Spectrogram 1	6	852.760	853.243	0.0	18518.5	195.3	Trill
119	Spectrogram 1	6	854.859	854.983	0.0	19675.9	195.3	Twitter
618	Spectrogram 1	6	855.019	855.075	3378.4	18018.0	8007.8	Twitter
619	Spectrogram 1	6	855.132	855.201	2252.3	16666.7	7812.5	Twitter
620	Spectrogram 1	6	855.261	855.307	2477.5	16891.9	7812.5	Twitter
621	Spectrogram 1	6	855.370	855.413	1351.4	15315.3	7617.2	Twitter
622	Spectrogram 1	6	855.466	855.526	3603.6	14864.9	7617.2	Twitter
623	Spectrogram 1	6	855.582	855.632	4054.1	15315.3	8203.1	Twitter
624	Spectrogram 1	6	855.681	855.748	675.7	16441.4	8203.1	Twitter
120	Spectrogram 1	6	861.562	861.760	0.0	16203.7	195.3	T-peep string
121	Spectrogram 1	5	863.664	863.881	0.0	16435.2	195.3	T-peep
122	Spectrogram 1	6	865.202	865.715	0.0	17824.1	195.3	Trill
123	Spectrogram 1	5	868.672	869.048	463.0	14351.9	7617.2	Trill
124	Spectrogram 1	5	876.430	877.633	0.0	18055.6	195.3	Trillphee
125	Spectrogram 1	5	880.515	880.857	0.0	17824.1	195.3	Trillphee
126	Spectrogram 1	5	880.931	881.541	231.5	17361.1	8398.4	Phee
127	Spectrogram 1	3	883.422	883.621	0.0	13194.4	195.3	T-peep
128	Spectrogram 1	6	900.179	900.842	0.0	15046.3	195.3	Trill
129	Spectrogram 1	6	912.145	912.704	1851.9	14351.9	7617.2	Trill
130	Spectrogram 1	6	925.780	926.285	2546.3	14120.4	8007.8	Trill
131	Spectrogram 1	5	929.647	929.936	1620.4	14583.3	7812.5	T-peep string
132	Spectrogram 1	6	938.017	938.507	3935.2	14351.9	7617.2	Trill
133	Spectrogram 1	4	942.786	943.084	0.0	16666.7	195.3	Trill
134	Spectrogram 1	6	942.883	943.703	0.0	16203.7	195.3	Trillphee
135	Spectrogram 1	4	943.296	943.345	0.0	17361.1	195.3	Sd-peep
136	Spectrogram 1	6	949.832	950.176	3472.2	14814.8	8203.1	CHECK
137	Spectrogram 1	4	964.349	964.421	0.0	18287.0	195.3	Tse
138	Spectrogram 1	4	987.910	988.014	4000.0	18000.0	10351.6	Tsik
139	Spectrogram 1	4	988.134	988.183	0.0	14814.8	195.3	Egg
140	Spectrogram 1	4	989.770	989.864	0.0	24768.5	20507.8	Tsik
141	Spectrogram 1	4	989.971	990.016	0.0	20833.3	195.3	Egg
625	Spectrogram 1	4	990.069	990.122	2702.7	19369.4	2734.4	Egg
142	Spectrogram 1	6	1000.052	1000.502	925.9	12963.0	1171.9	Trill
143	Spectrogram 1	3	1001.770	1001.867	0.0	12731.5	195.3	T-peep
144	Spectrogram 1	5	1004.200	1004.495	0.0	16203.7	195.3	T-peep string
145	Spectrogram 1	3	1007.638	1008.201	0.0	21527.8	195.3	Trill
146	Spectrogram 1	4	1010.079	1010.165	0.0	23842.6	10156.2	Tsik
147	Spectrogram 1	4	1010.285	1010.334	0.0	20833.3	195.3	Egg string
626	Spectrogram 1	4	1010.404	1010.447	2252.3	18693.7	2539.1	Egg
148	Spectrogram 1	4	1020.174	1020.255	0.0	21990.7	10546.9	Tsik
149	Spectrogram 1	4	1020.465	1020.497	0.0	17824.1	195.3	Egg
150	Spectrogram 1	4	1021.990	1022.112	4000.0	18000.0	7421.9	Tsik
151	Spectrogram 1	4	1022.197	1022.235	0.0	19907.4	195.3	Egg
627	Spectrogram 1	4	1022.315	1022.338	675.7	14189.2	1757.8	Egg
152	Spectrogram 1	4	1053.071	1053.133	0.0	22916.7	195.3	Tsik
153	Spectrogram 1	4	1053.284	1053.330	0.0	22222.2	195.3	Egg
154	Spectrogram 1	4	1058.173	1058.254	0.0	23611.1	195.3	Tsik
155	Spectrogram 1	4	1058.351	1058.389	0.0	21759.3	195.3	Egg
628	Spectrogram 1	4	1058.442	1058.482	675.7	21171.2	2929.7	Egg
156	Spectrogram 1	3	1059.180	1059.360	0.0	13888.9	195.3	Trill
157	Spectrogram 1	5	1060.436	1060.944	925.9	14583.3	1562.5	Trill
158	Spectrogram 1	4	1065.775	1065.842	0.0	22222.2	9765.6	Tsik
159	Spectrogram 1	4	1065.951	1065.984	0.0	19213.0	195.3	Egg
629	Spectrogram 1	4	1066.050	1066.087	1801.8	19369.4	2734.4	Egg
160	Spectrogram 1	5	1101.161	1101.366	4000.0	18000.0	8007.8	T-peep string
161	Spectrogram 1	3	1103.534	1103.685	0.0	23611.1	195.3	Twitter
630	Spectrogram 1	3	1103.765	1103.834	2477.5	20270.3	7421.9	Twitter
162	Spectrogram 1	6	1103.859	1104.263	0.0	13888.9	195.3	Trill
631	Spectrogram 1	3	1103.927	1103.987	2702.7	20495.5	7031.2	Twitter
632	Spectrogram 1	3	1104.069	1104.136	3603.6	20045.0	6835.9	Twitter
633	Spectrogram 1	3	1104.195	1104.265	2477.5	19819.8	6835.9	Twitter
634	Spectrogram 1	3	1104.331	1104.404	0.0	20045.0	195.3	Twitter
635	Spectrogram 1	3	1104.454	1104.533	1576.6	18693.7	6054.7	Twitter
163	Spectrogram 1	6	1106.029	1106.373	2083.3	14583.3	8593.7	Trill
164	Spectrogram 1	5	1108.327	1108.384	0.0	23379.6	195.3	Twitter
636	Spectrogram 1	5	1108.440	1108.503	1126.1	21171.2	8203.1	Twitter
637	Spectrogram 1	5	1108.546	1108.609	3153.2	20945.9	7617.2	Twitter
638	Spectrogram 1	5	1108.676	1108.739	675.7	20270.3	7617.2	Twitter
639	Spectrogram 1	5	1108.788	1108.845	2702.7	20495.5	7617.2	Twitter
640	Spectrogram 1	5	1108.884	1108.944	2927.9	21171.2	7421.9	Twitter
641	Spectrogram 1	5	1109.000	1109.067	900.9	20720.7	7421.9	Twitter
642	Spectrogram 1	5	1109.096	1109.153	1126.1	19144.1	8203.1	Twitter
165	Spectrogram 1	3	1110.262	1110.423	4000.0	18000.0	5468.7	T-peep string
166	Spectrogram 1	6	1111.862	1112.492	2083.3	15509.3	7617.2	Trill
167	Spectrogram 1	5	1118.784	1119.223	0.0	16203.7	195.3	Trill
168	Spectrogram 1	5	1124.359	1124.668	0.0	17129.6	195.3	T-peep string
169	Spectrogram 1	5	1128.290	1128.565	0.0	15277.8	195.3	T-peep string
170	Spectrogram 1	5	1128.835	1128.886	3240.7	13657.4	8593.7	P-peep
171	Spectrogram 1	6	1146.491	1147.124	231.5	15740.7	7812.5	Trill
172	Spectrogram 1	5	1154.150	1154.399	4000.0	18000.0	7812.5	T-peep string
173	Spectrogram 1	5	1154.884	1155.184	2777.8	17129.6	8789.1	P-peep string
174	Spectrogram 1	3	1165.360	1165.443	0.0	12268.5	195.3	T-peep
175	Spectrogram 1	5	1174.700	1174.778	4166.7	13888.9	8007.8	T-peep
176	Spectrogram 1	5	1174.956	1175.012	4629.6	13657.4	8398.4	P-peep
177	Spectrogram 1	5	1175.202	1176.050	4000.0	18000.0	8398.4	Phee
178	Spectrogram 1	4	1193.886	1193.973	0.0	21296.3	195.3	Twitter
643	Spectrogram 1	4	1194.066	1194.136	2477.5	18918.9	9375.0	Twitter
644	Spectrogram 1	4	1194.212	1194.298	1801.8	19819.8	9179.7	Twitter
645	Spectrogram 1	4	1194.367	1194.434	2252.3	19819.8	8398.4	Twitter
646	Spectrogram 1	4	1194.487	1194.593	675.7	19594.6	6640.6	Twitter
647	Spectrogram 1	4	1194.639	1194.719	1351.4	19594.6	6640.6	Twitter
648	Spectrogram 1	4	1194.778	1194.874	675.7	20045.0	6640.6	Twitter
649	Spectrogram 1	4	1194.924	1195.003	675.7	18693.7	6640.6	Twitter
650	Spectrogram 1	4	1195.056	1195.143	1126.1	18468.5	7812.5	Twitter
651	Spectrogram 1	4	1195.192	1195.249	1576.6	18018.0	6250.0	Twitter
652	Spectrogram 1	4	1195.318	1195.388	2027.0	18243.2	7421.9	Twitter
653	Spectrogram 1	4	1195.454	1195.517	3603.6	17117.1	7226.6	Twitter
654	Spectrogram 1	4	1195.583	1195.643	450.5	14639.6	7617.2	Twitter
179	Spectrogram 1	3	1243.218	1243.670	4000.0	18000.0	5664.1	Trill
180	Spectrogram 1	3	1254.568	1254.871	231.5	13425.9	7617.2	Trill
181	Spectrogram 1	6	1261.214	1261.486	694.4	13425.9	976.6	Trill
182	Spectrogram 1	3	1276.006	1276.338	4000.0	18000.0	7421.9	Trill
183	Spectrogram 1	3	1305.624	1305.877	4000.0	18000.0	7031.2	Trill
184	Spectrogram 1	3	1305.960	1306.036	0.0	24074.1	195.3	Twitter
655	Spectrogram 1	3	1306.109	1306.188	2477.5	20045.0	7031.2	Twitter
656	Spectrogram 1	3	1306.244	1306.330	2702.7	20045.0	6835.9	Twitter
657	Spectrogram 1	3	1306.393	1306.460	2477.5	20045.0	6835.9	Twitter
658	Spectrogram 1	3	1306.513	1306.589	0.0	19594.6	195.3	Twitter
659	Spectrogram 1	3	1306.635	1306.715	0.0	19144.1	195.3	Twitter
660	Spectrogram 1	3	1306.761	1306.814	1126.1	17117.1	6640.6	Twitter
185	Spectrogram 1	3	1351.336	1351.732	4000.0	18000.0	7617.2	Trill
186	Spectrogram 1	3	1364.678	1364.778	4000.0	18000.0	6835.9	T-peep
187	Spectrogram 1	3	1365.846	1366.118	4000.0	18000.0	6640.6	Trill
188	Spectrogram 1	3	1377.028	1377.932	4000.0	18000.0	7617.2	Trillphee
189	Spectrogram 1	6	1380.184	1380.218	0.0	20370.4	195.3	Twitter
661	Spectrogram 1	6	1380.288	1380.331	1351.4	19819.8	7812.5	Twitter
662	Spectrogram 1	6	1380.384	1380.460	1351.4	18243.2	8007.8	Twitter
663	Spectrogram 1	6	1380.530	1380.593	2927.9	17792.8	7812.5	Twitter
664	Spectrogram 1	6	1380.646	1380.709	2252.3	15540.5	7617.2	Twitter
665	Spectrogram 1	6	1380.755	1380.808	0.0	18018.0	195.3	Twitter
666	Spectrogram 1	6	1380.855	1380.904	2477.5	15540.5	8007.8	Twitter
667	Spectrogram 1	6	1380.951	1381.000	2477.5	15090.1	7812.5	Twitter
190	Spectrogram 1	6	1394.692	1395.745	0.0	23148.1	195.3	Twitter
191	Spectrogram 1	3	1404.685	1405.362	0.0	19907.4	195.3	Twitter
192	Spectrogram 1	5	1435.463	1435.941	463.0	14583.3	7421.9	Trill
193	Spectrogram 1	4	1450.672	1450.781	1620.4	16435.2	9570.3	P-peep
194	Spectrogram 1	4	1450.841	1450.909	0.0	19213.0	195.3	Tse
668	Spectrogram 1	4	1450.988	1451.091	2927.9	17342.3	8593.7	Sd-peep
669	Spectrogram 1	4	1451.144	1451.217	3153.2	18018.0	8593.7	Sd-peep
670	Spectrogram 1	4	1451.283	1451.382	2702.7	17792.8	8593.7	Sd-peep
671	Spectrogram 1	4	1451.445	1451.531	3378.4	17567.6	8593.7	Sd-peep
672	Spectrogram 1	4	1451.634	1451.720	900.9	17567.6	8593.7	Sd-peep
195	Spectrogram 1	4	1451.905	1452.012	0.0	19444.4	195.3	Sd-peep
673	Spectrogram 1	4	1452.062	1452.141	3153.2	17567.6	8593.7	Sd-peep
674	Spectrogram 1	4	1452.204	1452.280	2252.3	18018.0	8593.7	Sd-peep
675	Spectrogram 1	4	1452.350	1452.439	1351.4	18918.9	8593.7	Sd-peep
676	Spectrogram 1	4	1452.552	1452.641	2027.0	17342.3	8593.7	Sd-peep
677	Spectrogram 1	4	1452.734	1452.807	1351.4	16891.9	8593.7	Sd-peep
196	Spectrogram 1	5	1462.041	1462.426	0.0	15046.3	195.3	Trill
197	Spectrogram 1	5	1464.200	1464.604	1388.9	15740.7	1562.5	Trill
198	Spectrogram 1	3	1481.988	1482.210	2546.3	14120.4	7421.9	T-peep string
199	Spectrogram 1	5	1488.195	1488.599	694.4	15509.3	7812.5	Trill
200	Spectrogram 1	5	1494.375	1494.837	0.0	14583.3	195.3	Trill
201	Spectrogram 1	6	1495.426	1495.717	2546.3	16203.7	3320.3	Trill
202	Spectrogram 1	5	1501.943	1502.318	1620.4	14583.3	8203.1	Trill
679	Spectrogram 1	5	1505.146	1505.653	2927.9	17567.6	7812.5	Trill
203	Spectrogram 1	4	1505.795	1505.882	0.0	18518.5	195.3	Tse
678	Spectrogram 1	4	1505.965	1506.044	1351.4	19144.1	8593.7	Sd-peep
204	Spectrogram 1	4	1507.044	1507.127	0.0	22453.7	195.3	Sd-peep
681	Spectrogram 1	4	1507.267	1507.339	1351.4	18918.9	8593.7	Sd-peep
682	Spectrogram 1	4	1507.406	1507.475	1801.8	20720.7	8593.7	Sd-peep
683	Spectrogram 1	4	1507.551	1507.621	900.9	20270.3	8593.7	Sd-peep
684	Spectrogram 1	4	1507.691	1507.767	675.7	19369.4	8593.7	Sd-peep
685	Spectrogram 1	4	1507.846	1507.923	1801.8	19594.6	8593.7	Sd-peep
686	Spectrogram 1	4	1507.999	1508.085	1801.8	20270.3	8593.7	Sd-peep
687	Spectrogram 1	4	1508.171	1508.247	0.0	19819.8	195.3	Sd-peep
205	Spectrogram 1	4	1510.872	1510.959	0.0	20833.3	195.3	Sd-peep string
688	Spectrogram 1	4	1511.005	1511.068	2477.5	19144.1	8007.8	Sd-peep
689	Spectrogram 1	4	1511.115	1511.214	2702.7	18018.0	7812.5	Sd-peep
690	Spectrogram 1	4	1511.264	1511.343	2702.7	18693.7	7812.5	Sd-peep
691	Spectrogram 1	4	1511.390	1511.492	3603.6	18243.2	7812.5	Sd-peep
692	Spectrogram 1	4	1511.562	1511.628	3153.2	18468.5	7812.5	Sd-peep
693	Spectrogram 1	4	1511.704	1511.791	1801.8	19594.6	8593.7	Sd-peep
694	Spectrogram 1	4	1511.870	1511.960	675.7	18918.9	7617.2	Sd-peep
206	Spectrogram 1	3	1512.699	1512.789	0.0	15972.2	195.3	T-peep
207	Spectrogram 1	5	1518.987	1519.059	231.5	12500.0	6835.9	T-peep
208	Spectrogram 1	6	1520.003	1520.361	694.4	15277.8	976.6	Trill
209	Spectrogram 1	5	1524.715	1525.070	1620.4	13657.4	7617.2	Trill
210	Spectrogram 1	5	1532.152	1532.575	3240.7	13194.4	8203.1	Trill
211	Spectrogram 1	5	1537.616	1537.884	2546.3	14120.4	7617.2	T-peep string
212	Spectrogram 1	6	1540.027	1540.567	0.0	13425.9	195.3	Trill
213	Spectrogram 1	5	1542.597	1542.960	2314.8	15046.3	8007.8	T-peep string
214	Spectrogram 1	5	1550.791	1550.930	2546.3	14351.9	7421.9	T-peep
215	Spectrogram 1	6	1553.891	1554.482	5092.6	15277.8	8593.7	Trill
216	Spectrogram 1	5	1559.188	1559.525	2546.3	13888.9	7421.9	Trill
217	Spectrogram 1	5	1569.154	1569.434	4000.0	18000.0	7421.9	Trill
218	Spectrogram 1	4	1570.033	1570.149	0.0	24537.0	195.3	Twitter
696	Spectrogram 1	4	1570.208	1570.298	2702.7	22522.5	9765.6	Twitter
697	Spectrogram 1	4	1570.387	1570.467	2477.5	21171.2	9375.0	Twitter
698	Spectrogram 1	4	1570.520	1570.606	3378.4	21171.2	6640.6	Twitter
699	Spectrogram 1	4	1570.656	1570.738	2927.9	20270.3	6445.3	Twitter
700	Spectrogram 1	4	1570.808	1570.888	2927.9	22072.1	6445.3	Twitter
701	Spectrogram 1	4	1570.937	1571.037	0.0	21846.8	195.3	Twitter
702	Spectrogram 1	4	1571.090	1571.172	1801.8	20720.7	8007.8	Twitter
703	Spectrogram 1	4	1571.225	1571.285	1801.8	20045.0	7812.5	Twitter
704	Spectrogram 1	4	1571.355	1571.411	1126.1	18918.9	7617.2	Twitter
705	Spectrogram 1	4	1571.471	1571.530	1576.6	19594.6	7617.2	Twitter
706	Spectrogram 1	4	1571.590	1571.663	1351.4	18243.2	7031.2	Twitter
219	Spectrogram 1	6	1579.007	1579.425	2314.8	15509.3	7617.2	Trill
220	Spectrogram 1	5	1583.095	1583.194	4000.0	18000.0	8007.8	T-peep
221	Spectrogram 1	5	1588.676	1589.789	0.0	19444.4	195.3	Trillphee
222	Spectrogram 1	5	1614.385	1614.877	1388.9	14583.3	8007.8	Trill
223	Spectrogram 1	5	1614.983	1615.231	0.0	14351.9	195.3	Trill
710	Spectrogram 1	6	1615.231	1615.307	3378.4	17792.8	8203.1	P-peep
224	Spectrogram 1	6	1615.385	1615.456	2314.8	17129.6	8398.4	P-peep
707	Spectrogram 1	6	1615.575	1615.655	1576.6	18018.0	8398.4	P-peep
708	Spectrogram 1	6	1615.737	1615.810	1576.6	17342.3	8398.4	P-peep
709	Spectrogram 1	6	1615.916	1615.993	450.5	17117.1	8593.7	P-peep
225	Spectrogram 1	5	1619.678	1619.990	4000.0	18000.0	7421.9	Trill
226	Spectrogram 1	3	1620.354	1621.019	463.0	16203.7	585.9	Trillphee
227	Spectrogram 1	6	1621.790	1622.214	3240.7	15509.3	7812.5	T-peep string
228	Spectrogram 1	6	1639.398	1639.606	2083.3	12963.0	2148.4	T-peep
229	Spectrogram 1	3	1641.616	1641.840	4000.0	18000.0	6640.6	Trill
230	Spectrogram 1	6	1645.959	1646.596	2314.8	15277.8	8789.1	Trillphee
231	Spectrogram 1	3	1647.178	1647.428	4000.0	18000.0	6640.6	Trill
234	Spectrogram 1	4	1661.721	1661.959	4000.0	18000.0	6054.7	Trill
256	Spectrogram 1	5	1742.856	1744.202	4000.0	18000.0	5468.7	
257	Spectrogram 1	5	1745.000	1747.434	4000.0	18000.0	6835.9	
258	Spectrogram 1	5	1748.586	1749.990	4000.0	18000.0	11523.4	
259	Spectrogram 1	3	1755.494	1755.554	4000.0	18000.0	7617.2	
260	Spectrogram 1	5	1760.204	1761.782	4000.0	18000.0	5859.4	
261	Spectrogram 1	5	1761.838	1764.294	4000.0	18000.0	9765.6	
262	Spectrogram 1	5	1764.698	1764.990	4000.0	18000.0	12890.6	
263	Spectrogram 1	3	1764.744	1764.924	4000.0	18000.0	7617.2	
264	Spectrogram 1	3	1767.122	1767.240	4000.0	18000.0	8203.1	
265	Spectrogram 1	5	1770.000	1770.882	4000.0	18000.0	12695.3	
266	Spectrogram 1	5	1776.618	1776.826	4000.0	18000.0	12695.3	
267	Spectrogram 1	5	1790.294	1792.050	4000.0	18000.0	6835.9	
268	Spectrogram 1	5	1799.096	1799.990	4000.0	18000.0	12890.6	
269	Spectrogram 1	4	1815.072	1815.130	4000.0	18000.0	8984.4	
270	Spectrogram 1	4	1830.130	1830.182	4000.0	18000.0	6640.6	
271	Spectrogram 1	3	1833.050	1833.120	4000.0	18000.0	5859.4	
272	Spectrogram 1	3	1833.750	1833.804	4000.0	18000.0	7421.9	
273	Spectrogram 1	5	1857.580	1857.632	4000.0	18000.0	5859.4	
274	Spectrogram 1	5	1858.094	1858.218	4000.0	18000.0	5664.1	
275	Spectrogram 1	3	1868.224	1868.276	4000.0	18000.0	7421.9	
276	Spectrogram 1	6	1881.044	1881.276	4000.0	18000.0	8593.7	
277	Spectrogram 1	3	1906.080	1906.374	4000.0	18000.0	7031.2	
278	Spectrogram 1	3	1911.542	1911.744	4000.0	18000.0	6640.6	
279	Spectrogram 1	3	1912.536	1912.620	4000.0	18000.0	8789.1	
280	Spectrogram 1	3	1912.684	1912.764	4000.0	18000.0	7031.2	
281	Spectrogram 1	3	1912.824	1912.906	4000.0	18000.0	6835.9	
282	Spectrogram 1	3	1912.960	1913.434	4000.0	18000.0	6640.6	
283	Spectrogram 1	5	1915.550	1915.634	4000.0	18000.0	5859.4	
284	Spectrogram 1	5	1930.770	1930.824	4000.0	18000.0	5859.4	
285	Spectrogram 1	5	1931.164	1931.452	4000.0	18000.0	5859.4	
286	Spectrogram 1	5	1937.014	1937.766	4000.0	18000.0	5859.4	
287	Spectrogram 1	3	1938.144	1938.196	4000.0	18000.0	6835.9	
288	Spectrogram 1	5	1940.736	1940.904	4000.0	18000.0	5859.4	
289	Spectrogram 1	5	1941.486	1941.696	4000.0	18000.0	4101.6	
290	Spectrogram 1	5	1949.796	1949.846	4000.0	18000.0	6250.0	
291	Spectrogram 1	6	1957.056	1957.118	4000.0	18000.0	8398.4	
292	Spectrogram 1	5	1958.908	1959.042	4000.0	18000.0	5859.4	
293	Spectrogram 1	5	1959.520	1959.932	4000.0	18000.0	6054.7	
294	Spectrogram 1	4	1966.990	1967.094	4000.0	18000.0	8398.4	
295	Spectrogram 1	4	1977.228	1977.316	4000.0	18000.0	6640.6	
296	Spectrogram 1	3	1978.696	1978.950	4000.0	18000.0	7421.9	
297	Spectrogram 1	5	1979.208	1979.314	4000.0	18000.0	5859.4	
298	Spectrogram 1	5	1982.876	1983.086	4000.0	18000.0	5859.4	
299	Spectrogram 1	3	1987.610	1987.970	4000.0	18000.0	7421.9	
300	Spectrogram 1	3	1991.192	1991.502	4000.0	18000.0	8007.8	
301	Spectrogram 1	5	2002.302	2002.476	4000.0	18000.0	5664.1	
302	Spectrogram 1	5	2002.818	2002.906	4000.0	18000.0	5468.7	
303	Spectrogram 1	3	2007.674	2007.774	4000.0	18000.0	8203.1	
304	Spectrogram 1	5	2011.888	2012.496	4000.0	18000.0	4101.6	
305	Spectrogram 1	6	2011.956	2012.370	4000.0	18000.0	8593.7	
306	Spectrogram 1	6	2012.640	2012.724	4000.0	18000.0	8593.7	
307	Spectrogram 1	5	2015.462	2015.522	4000.0	18000.0	5859.4	
308	Spectrogram 1	3	2017.358	2017.480	4000.0	18000.0	6445.3	
309	Spectrogram 1	5	2021.060	2021.196	4000.0	18000.0	5859.4	
310	Spectrogram 1	5	2022.870	2022.924	4000.0	18000.0	5859.4	
311	Spectrogram 1	5	2024.706	2024.812	4000.0	18000.0	5859.4	
312	Spectrogram 1	6	2028.128	2028.306	4000.0	18000.0	8398.4	
313	Spectrogram 1	5	2029.922	2029.990	4000.0	18000.0	5859.4	
314	Spectrogram 1	5	2031.396	2031.486	4000.0	18000.0	5859.4	
315	Spectrogram 1	3	2031.756	2031.882	4000.0	18000.0	6835.9	
316	Spectrogram 1	4	2031.766	2031.852	4000.0	18000.0	6640.6	
317	Spectrogram 1	5	2037.460	2037.514	4000.0	18000.0	5859.4	
318	Spectrogram 1	5	2038.038	2038.098	4000.0	18000.0	5664.1	
319	Spectrogram 1	3	2039.658	2039.990	4000.0	18000.0	7226.6	
320	Spectrogram 1	5	2050.636	2050.746	4000.0	18000.0	5664.1	
321	Spectrogram 1	5	2052.896	2053.012	4000.0	18000.0	5859.4	
322	Spectrogram 1	5	2054.316	2054.396	4000.0	18000.0	5859.4	
323	Spectrogram 1	3	2055.380	2055.438	4000.0	18000.0	7812.5	
324	Spectrogram 1	5	2056.070	2056.146	4000.0	18000.0	5859.4	
325	Spectrogram 1	5	2071.148	2071.198	4000.0	18000.0	5859.4	
326	Spectrogram 1	3	2085.904	2085.978	4000.0	18000.0	6640.6	
327	Spectrogram 1	3	2098.286	2098.468	4000.0	18000.0	6835.9	
328	Spectrogram 1	3	2099.332	2099.768	4000.0	18000.0	7226.6	
329	Spectrogram 1	3	2105.812	2106.572	4000.0	18000.0	6640.6	
330	Spectrogram 1	4	2105.854	2105.906	4000.0	18000.0	6835.9	
331	Spectrogram 1	3	2114.604	2114.668	4000.0	18000.0	7421.9	
332	Spectrogram 1	3	2120.750	2120.866	4000.0	18000.0	7617.2	
333	Spectrogram 1	3	2121.196	2121.252	4000.0	18000.0	8203.1	
334	Spectrogram 1	3	2121.602	2121.948	4000.0	18000.0	8398.4	
335	Spectrogram 1	3	2136.568	2136.618	4000.0	18000.0	7812.5	
336	Spectrogram 1	3	2136.752	2136.984	4000.0	18000.0	7812.5	
337	Spectrogram 1	3	2137.268	2137.560	4000.0	18000.0	7812.5	
338	Spectrogram 1	3	2137.752	2137.810	4000.0	18000.0	8007.8	
339	Spectrogram 1	6	2144.028	2144.082	4000.0	18000.0	6835.9	
340	Spectrogram 1	4	2169.616	2169.704	4000.0	18000.0	6054.7	
341	Spectrogram 1	4	2171.166	2171.266	4000.0	18000.0	8593.7	
342	Spectrogram 1	3	2177.018	2177.120	4000.0	18000.0	5859.4	
343	Spectrogram 1	4	2179.852	2179.906	4000.0	18000.0	6640.6	
344	Spectrogram 1	4	2180.702	2180.752	4000.0	18000.0	6054.7	
345	Spectrogram 1	4	2181.064	2181.138	4000.0	18000.0	7812.5	
346	Spectrogram 1	3	2200.456	2200.574	4000.0	18000.0	6640.6	
347	Spectrogram 1	3	2201.944	2202.040	4000.0	18000.0	7031.2	
348	Spectrogram 1	3	2222.616	2222.688	4000.0	18000.0	8398.4	
349	Spectrogram 1	3	2235.514	2235.576	4000.0	18000.0	7617.2	
350	Spectrogram 1	3	2241.676	2241.790	4000.0	18000.0	7421.9	
351	Spectrogram 1	4	2242.530	2242.586	4000.0	18000.0	8593.7	
352	Spectrogram 1	4	2242.912	2243.016	4000.0	18000.0	6250.0	
353	Spectrogram 1	4	2243.182	2243.398	4000.0	18000.0	6250.0	
354	Spectrogram 1	4	2279.272	2279.348	4000.0	18000.0	6640.6	
355	Spectrogram 1	4	2283.098	2283.212	4000.0	18000.0	8789.1	
356	Spectrogram 1	3	2299.150	2299.224	4000.0	18000.0	8398.4	
357	Spectrogram 1	4	2299.424	2299.478	4000.0	18000.0	7617.2	
358	Spectrogram 1	4	2301.922	2302.000	4000.0	18000.0	9570.3	
359	Spectrogram 1	4	2302.066	2302.152	4000.0	18000.0	8984.4	
360	Spectrogram 1	3	2302.096	2302.150	4000.0	18000.0	8984.4	
361	Spectrogram 1	3	2302.498	2302.594	4000.0	18000.0	8007.8	
362	Spectrogram 1	4	2302.746	2303.084	4000.0	18000.0	7617.2	
363	Spectrogram 1	3	2302.902	2303.068	4000.0	18000.0	6835.9	
364	Spectrogram 1	3	2315.640	2315.806	4000.0	18000.0	7421.9	
365	Spectrogram 1	3	2316.410	2316.556	4000.0	18000.0	7812.5	
366	Spectrogram 1	3	2316.992	2317.078	4000.0	18000.0	8398.4	
367	Spectrogram 1	4	2317.006	2317.080	4000.0	18000.0	8398.4	
368	Spectrogram 1	3	2318.038	2318.102	4000.0	18000.0	6640.6	
369	Spectrogram 1	3	2318.194	2318.402	4000.0	18000.0	6640.6	
370	Spectrogram 1	3	2318.484	2318.540	4000.0	18000.0	6640.6	
371	Spectrogram 1	3	2318.786	2319.060	4000.0	18000.0	6640.6	
372	Spectrogram 1	3	2339.226	2339.360	4000.0	18000.0	6640.6	
373	Spectrogram 1	4	2354.506	2354.600	4000.0	18000.0	4296.9	
374	Spectrogram 1	3	2374.816	2374.990	4000.0	18000.0	7421.9	
375	Spectrogram 1	3	2375.230	2375.556	4000.0	18000.0	8789.1	
376	Spectrogram 1	3	2396.736	2397.012	4000.0	18000.0	7226.6	
377	Spectrogram 1	3	2417.476	2417.558	4000.0	18000.0	6835.9	
378	Spectrogram 1	3	2454.026	2454.098	4000.0	18000.0	6835.9	
379	Spectrogram 1	3	2485.946	2486.444	4000.0	18000.0	7812.5	
380	Spectrogram 1	3	2509.488	2509.670	4000.0	18000.0	7617.2	
381	Spectrogram 1	4	2513.048	2513.120	4000.0	18000.0	8593.7	
382	Spectrogram 1	3	2543.618	2543.952	4000.0	18000.0	8203.1	
383	Spectrogram 1	3	2548.410	2548.494	4000.0	18000.0	7031.2	
384	Spectrogram 1	4	2549.344	2549.448	4000.0	18000.0	6640.6	
385	Spectrogram 1	3	2565.720	2565.796	4000.0	18000.0	8984.4	
386	Spectrogram 1	3	2565.868	2565.942	4000.0	18000.0	7421.9	
387	Spectrogram 1	3	2566.022	2566.098	4000.0	18000.0	7031.2	
388	Spectrogram 1	3	2566.150	2566.482	4000.0	18000.0	7031.2	
389	Spectrogram 1	3	2581.552	2581.818	4000.0	18000.0	7226.6	
390	Spectrogram 1	3	2582.154	2582.212	4000.0	18000.0	7031.2	
391	Spectrogram 1	3	2596.594	2596.658	4000.0	18000.0	7617.2	
392	Spectrogram 1	3	2601.800	2601.854	4000.0	18000.0	6445.3	
393	Spectrogram 1	3	2610.516	2610.806	4000.0	18000.0	7226.6	
394	Spectrogram 1	4	2626.986	2627.124	4000.0	18000.0	6445.3	
395	Spectrogram 1	3	2630.720	2631.398	4000.0	18000.0	7031.2	
396	Spectrogram 1	3	2642.732	2644.074	4000.0	18000.0	7812.5	
397	Spectrogram 1	4	2643.482	2643.536	4000.0	18000.0	8203.1	
398	Spectrogram 1	4	2643.786	2643.900	4000.0	18000.0	8203.1	
399	Spectrogram 1	3	2644.194	2644.278	4000.0	18000.0	8593.7	
400	Spectrogram 1	3	2647.912	2648.058	4000.0	18000.0	7421.9	
401	Spectrogram 1	3	2663.032	2663.088	4000.0	18000.0	6640.6	
402	Spectrogram 1	3	2720.244	2720.598	4000.0	18000.0	7226.6	
403	Spectrogram 1	4	2725.152	2725.524	4000.0	18000.0	5859.4	
404	Spectrogram 1	3	2740.584	2741.174	4000.0	18000.0	7812.5	
405	Spectrogram 1	4	2741.034	2741.098	4000.0	18000.0	8007.8	
406	Spectrogram 1	3	2741.340	2741.650	4000.0	18000.0	8593.7	
407	Spectrogram 1	4	2770.624	2770.870	4000.0	18000.0	10351.6	
408	Spectrogram 1	4	2771.158	2771.476	4000.0	18000.0	7031.2	
409	Spectrogram 1	4	2781.674	2781.756	4000.0	18000.0	7031.2	
410	Spectrogram 1	4	2782.042	2782.150	4000.0	18000.0	8593.7	
411	Spectrogram 1	4	2783.260	2783.364	4000.0	18000.0	8398.4	
412	Spectrogram 1	4	2783.454	2783.592	4000.0	18000.0	8398.4	
413	Spectrogram 1	4	2783.698	2783.840	4000.0	18000.0	8398.4	
414	Spectrogram 1	4	2783.960	2784.094	4000.0	18000.0	8984.4	
415	Spectrogram 1	4	2784.308	2784.412	4000.0	18000.0	7031.2	
416	Spectrogram 1	4	2784.662	2784.782	4000.0	18000.0	8203.1	
417	Spectrogram 1	4	2785.036	2785.138	4000.0	18000.0	8398.4	
418	Spectrogram 1	4	2785.784	2786.048	4000.0	18000.0	9375.0	
419	Spectrogram 1	4	2786.734	2786.840	4000.0	18000.0	10156.2	
420	Spectrogram 1	4	2787.584	2787.666	4000.0	18000.0	6835.9	
421	Spectrogram 1	4	2787.854	2787.926	4000.0	18000.0	7031.2	
422	Spectrogram 1	3	2792.590	2792.946	4000.0	18000.0	7226.6	
423	Spectrogram 1	3	2798.124	2798.250	4000.0	18000.0	8593.7	
424	Spectrogram 1	3	2798.300	2798.402	4000.0	18000.0	7421.9	
425	Spectrogram 1	3	2798.452	2798.528	4000.0	18000.0	7031.2	
426	Spectrogram 1	3	2807.450	2808.762	4000.0	18000.0	7617.2	
427	Spectrogram 1	4	2807.702	2807.880	4000.0	18000.0	7421.9	
428	Spectrogram 1	3	2808.860	2809.618	4000.0	18000.0	7617.2	
429	Spectrogram 1	3	2809.890	2809.946	4000.0	18000.0	8007.8	
430	Spectrogram 1	3	2810.000	2810.118	4000.0	18000.0	8007.8	
431	Spectrogram 1	3	2817.760	2817.840	4000.0	18000.0	7031.2	
432	Spectrogram 1	4	2820.900	2820.960	4000.0	18000.0	8593.7	
433	Spectrogram 1	4	2821.044	2821.154	4000.0	18000.0	7617.2	
434	Spectrogram 1	4	2824.318	2824.440	4000.0	18000.0	10351.6	
435	Spectrogram 1	4	2824.498	2824.606	4000.0	18000.0	9570.3	
436	Spectrogram 1	3	2859.818	2860.156	4000.0	18000.0	7617.2	
437	Spectrogram 1	3	2861.144	2861.232	4000.0	18000.0	7226.6	
438	Spectrogram 1	3	2883.108	2883.422	4000.0	18000.0	7812.5	
439	Spectrogram 1	3	2885.296	2885.576	4000.0	18000.0	7421.9	
440	Spectrogram 1	3	2890.888	2891.138	4000.0	18000.0	6835.9	
441	Spectrogram 1	4	2901.240	2901.526	4000.0	18000.0	10351.6	
442	Spectrogram 1	4	2902.214	2902.526	4000.0	18000.0	9765.6	
443	Spectrogram 1	4	2902.628	2902.730	4000.0	18000.0	8789.1	
444	Spectrogram 1	4	2902.926	2903.016	4000.0	18000.0	8398.4	
445	Spectrogram 1	4	2912.152	2912.256	4000.0	18000.0	6445.3	
446	Spectrogram 1	4	2912.352	2912.422	4000.0	18000.0	6054.7	
447	Spectrogram 1	3	2926.480	2926.590	4000.0	18000.0	4101.6	
448	Spectrogram 1	3	2935.988	2936.044	4000.0	18000.0	7226.6	
449	Spectrogram 1	3	2945.980	2946.204	4000.0	18000.0	7421.9	
450	Spectrogram 1	3	2959.438	2959.916	4000.0	18000.0	7226.6	
451	Spectrogram 1	4	2960.000	2960.074	4000.0	18000.0	8203.1	
452	Spectrogram 1	3	2960.020	2960.216	4000.0	18000.0	8398.4	
453	Spectrogram 1	3	2992.604	2992.806	4000.0	18000.0	7421.9	
454	Spectrogram 1	3	2998.308	2998.400	4000.0	18000.0	8398.4	
455	Spectrogram 1	3	2999.224	2999.296	4000.0	18000.0	7226.6	
456	Spectrogram 1	3	3015.392	3015.464	4000.0	18000.0	5664.1	
457	Spectrogram 1	3	3019.312	3019.706	4000.0	18000.0	8398.4	
458	Spectrogram 1	3	3023.808	3026.384	4000.0	18000.0	7617.2	
459	Spectrogram 1	4	3024.074	3024.200	4000.0	18000.0	6835.9	
460	Spectrogram 1	4	3028.864	3028.926	4000.0	18000.0	7031.2	
461	Spectrogram 1	3	3043.064	3043.118	4000.0	18000.0	7421.9	
462	Spectrogram 1	3	3060.162	3060.270	4000.0	18000.0	6835.9	
463	Spectrogram 1	3	3067.008	3067.062	4000.0	18000.0	5664.1	
464	Spectrogram 1	3	3067.828	3067.888	4000.0	18000.0	5664.1	
465	Spectrogram 1	4	3095.452	3095.542	4000.0	18000.0	6445.3	
466	Spectrogram 1	3	3121.554	3121.608	4000.0	18000.0	7226.6	
467	Spectrogram 1	3	3121.680	3121.882	4000.0	18000.0	7226.6	
468	Spectrogram 1	4	3150.594	3150.736	4000.0	18000.0	8593.7	
469	Spectrogram 1	3	3154.680	3154.750	4000.0	18000.0	6640.6	
470	Spectrogram 1	3	3169.886	3169.942	4000.0	18000.0	7421.9	
471	Spectrogram 1	3	3208.994	3209.100	4000.0	18000.0	8593.7	
472	Spectrogram 1	3	3209.220	3209.340	4000.0	18000.0	7421.9	
473	Spectrogram 1	3	3209.446	3209.582	4000.0	18000.0	6250.0	
474	Spectrogram 1	3	3242.144	3242.212	4000.0	18000.0	7421.9	
475	Spectrogram 1	3	3265.578	3265.692	4000.0	18000.0	6640.6	
476	Spectrogram 1	3	3276.370	3276.458	4000.0	18000.0	8593.7	
477	Spectrogram 1	3	3277.352	3277.510	4000.0	18000.0	8007.8	
478	Spectrogram 1	3	3277.840	3277.908	4000.0	18000.0	8984.4	
479	Spectrogram 1	4	3278.022	3278.100	4000.0	18000.0	8984.4	
480	Spectrogram 1	4	3292.206	3292.420	4000.0	18000.0	6835.9	
481	Spectrogram 1	3	3296.908	3296.984	4000.0	18000.0	7617.2	
482	Spectrogram 1	3	3301.554	3301.670	4000.0	18000.0	8203.1	
483	Spectrogram 1	4	3303.782	3303.836	4000.0	18000.0	6640.6	
484	Spectrogram 1	4	3319.388	3319.686	4000.0	18000.0	6835.9	
485	Spectrogram 1	3	3356.426	3356.532	4000.0	18000.0	7421.9	
486	Spectrogram 1	3	3369.768	3369.820	4000.0	18000.0	8007.8	
487	Spectrogram 1	3	3379.002	3379.158	4000.0	18000.0	6640.6	
488	Spectrogram 1	3	3411.324	3411.388	4000.0	18000.0	7031.2	
489	Spectrogram 1	3	3411.540	3411.612	4000.0	18000.0	8007.8	
490	Spectrogram 1	3	3413.570	3413.784	4000.0	18000.0	6640.6	
491	Spectrogram 1	3	3413.850	3413.932	4000.0	18000.0	6250.0	
492	Spectrogram 1	3	3414.006	3414.248	4000.0	18000.0	6250.0	
493	Spectrogram 1	4	3414.166	3414.236	4000.0	18000.0	6835.9	
494	Spectrogram 1	3	3414.478	3414.562	4000.0	18000.0	5859.4	
495	Spectrogram 1	3	3430.142	3430.206	4000.0	18000.0	7031.2	
496	Spectrogram 1	3	3480.044	3480.114	4000.0	18000.0	7226.6	
497	Spectrogram 1	3	3483.486	3483.556	4000.0	18000.0	7617.2	
498	Spectrogram 1	3	3489.626	3489.680	4000.0	18000.0	8203.1	
499	Spectrogram 1	3	3490.258	3490.336	4000.0	18000.0	7812.5	
500	Spectrogram 1	4	3490.268	3490.326	4000.0	18000.0	8398.4	
501	Spectrogram 1	3	3490.738	3490.836	4000.0	18000.0	7226.6	
502	Spectrogram 1	3	3498.464	3498.600	4000.0	18000.0	8007.8	
503	Spectrogram 1	3	3498.814	3499.090	4000.0	18000.0	7812.5	
504	Spectrogram 1	3	3499.300	3499.420	4000.0	18000.0	5273.4	
505	Spectrogram 1	3	3500.026	3500.102	4000.0	18000.0	6835.9	
506	Spectrogram 1	4	3566.396	3566.484	4000.0	18000.0	6640.6	
507	Spectrogram 1	3	3592.140	3592.228	4000.0	18000.0	7421.9	
508	Spectrogram 1	3	3592.702	3592.780	4000.0	18000.0	8007.8	
509	Spectrogram 1	3	3602.946	3603.008	4000.0	18000.0	7617.2	
510	Spectrogram 1	3	3627.392	3627.834	4000.0	18000.0	7617.2	
511	Spectrogram 1	3	3630.696	3630.976	4000.0	18000.0	6835.9	
512	Spectrogram 1	3	3639.026	3639.088	4000.0	18000.0	7226.6	
