Selection	View	Channel	Begin Time (s)	End Time (s)	Low Freq (Hz)	High Freq (Hz)	Max Freq (Hz)	Call Type
23	Spectrogram 1	1	33.018	33.414	4000.0	18000.0	7617.2	phee
24	Spectrogram 1	1	33.548	34.192	4000.0	18000.0	7519.5	phee
25	Spectrogram 1	1	34.350	34.988	4000.0	18000.0	7031.2	phee
26	Spectrogram 1	1	35.152	35.465	4000.0	18000.0	6835.9	phee
41	Spectrogram 1	1	61.358	61.480	4000.0	18000.0	16699.2	phee
144	Spectrogram 1	1	228.230	228.324	4000.0	18000.0	6445.3	phee
609	Spectrogram 1	1	1557.942	1558.148	4000.0	18000.0	7226.6	phee
675	Spectrogram 1	1	1689.694	1690.158	4000.0	18000.0	8593.7	phee
765	Spectrogram 1	1	2011.182	2011.242	4000.0	18000.0	7324.2	phee
1796	Spectrogram 1	1	2011.268	2011.345	5842.9	13505.7	7324.2	phee
808	Spectrogram 1	1	2147.728	2148.090	4000.0	18000.0	8593.7	phee
809	Spectrogram 1	1	2148.250	2148.697	4000.0	18000.0	7910.2	phee
810	Spectrogram 1	1	2148.880	2149.348	4000.0	18000.0	8593.7	phee
811	Spectrogram 1	1	2149.489	2149.882	4000.0	18000.0	8203.1	phee
997	Spectrogram 1	1	2793.394	2793.984	4000.0	18000.0	8007.8	phee
998	Spectrogram 1	1	2794.014	2794.309	4000.0	18000.0	8398.4	phee
1063	Spectrogram 1	1	3084.102	3085.748	4000.0	18000.0	8886.7	phee
1	Spectrogram 1	1	4.711	4.750	4000.0	18000.0	10156.2	sd-peep
2	Spectrogram 1	1	5.040	5.116	4000.0	18000.0	9863.3	sd-peep
1490	Spectrogram 1	1	24.243	24.286	4552.2	10447.8	7226.6	sd-peep
1491	Spectrogram 1	1	24.378	24.431	4253.7	10522.4	6543.0	sd-peep
1492	Spectrogram 1	1	24.514	24.571	3283.6	11492.5	6250.0	sd-peep
1493	Spectrogram 1	1	24.663	24.716	3283.6	10970.1	6250.0	sd-peep
14	Spectrogram 1	1	24.808	24.858	4000.0	18000.0	6250.0	sd-peep
15	Spectrogram 1	1	24.926	24.990	4000.0	18000.0	9960.9	sd-peep
16	Spectrogram 1	1	25.074	25.126	4000.0	18000.0	7812.5	sd-peep
1494	Spectrogram 1	1	25.200	25.250	3209.0	10820.9	7714.8	sd-peep
1495	Spectrogram 1	1	25.332	25.379	4776.1	10074.6	6250.0	sd-peep
1496	Spectrogram 1	1	25.495	25.551	3656.7	10074.6	7910.2	sd-peep
17	Spectrogram 1	1	25.640	25.706	4000.0	18000.0	7910.2	sd-peep
18	Spectrogram 1	1	25.788	25.844	4000.0	18000.0	7812.5	sd-peep
1497	Spectrogram 1	1	25.945	25.998	3955.2	10223.9	7812.5	sd-peep
1498	Spectrogram 1	1	26.180	26.210	3955.2	10074.6	7324.2	sd-peep
1499	Spectrogram 1	1	26.349	26.386	4884.1	9768.2	7421.9	sd-peep
1500	Spectrogram 1	1	26.558	26.624	3559.6	8774.8	7324.2	sd-peep
1501	Spectrogram 1	1	26.946	26.999	4553.0	9188.7	7812.5	sd-peep
1502	Spectrogram 1	1	27.075	27.128	3890.7	10182.1	7812.5	sd-peep
1503	Spectrogram 1	1	27.194	27.264	4884.1	10596.0	7812.5	sd-peep
1504	Spectrogram 1	1	27.353	27.403	4553.0	9851.0	7812.5	sd-peep
1505	Spectrogram 1	1	27.658	27.711	4470.2	10016.6	7812.5	sd-peep
19	Spectrogram 1	1	27.764	27.814	4000.0	18000.0	7812.5	sd-peep
1506	Spectrogram 1	1	27.887	27.949	4718.5	9933.8	7812.5	sd-peep
1507	Spectrogram 1	1	28.012	28.069	4553.0	10264.9	7324.2	sd-peep
1508	Spectrogram 1	1	28.152	28.208	4139.1	9933.8	7812.5	sd-peep
20	Spectrogram 1	1	28.330	28.394	4000.0	18000.0	7812.5	sd-peep
21	Spectrogram 1	1	28.498	28.564	4000.0	18000.0	7910.2	sd-peep
1509	Spectrogram 1	1	28.619	28.689	4470.2	9437.1	7226.6	sd-peep
1510	Spectrogram 1	1	28.782	28.848	5215.2	8692.1	6738.3	sd-peep
1511	Spectrogram 1	1	28.934	28.990	4635.8	9271.5	6738.3	sd-peep
1512	Spectrogram 1	1	29.083	29.146	4966.9	9602.6	6738.3	sd-peep
1513	Spectrogram 1	1	29.285	29.342	4718.5	9768.2	6738.3	sd-peep
1514	Spectrogram 1	1	29.550	29.600	5298.0	9188.7	6543.0	sd-peep
1515	Spectrogram 1	1	29.736	29.792	4718.5	9188.7	6640.6	sd-peep
1516	Spectrogram 1	1	29.971	30.017	4139.1	8360.9	6347.7	sd-peep
22	Spectrogram 1	1	30.330	30.404	4000.0	18000.0	8496.1	sd-peep
1517	Spectrogram 1	1	58.859	58.918	3559.6	11423.8	6738.3	sd-peep
37	Spectrogram 1	1	59.102	59.152	4000.0	18000.0	6640.6	sd-peep
1518	Spectrogram 1	1	59.309	59.379	4221.9	10099.3	8007.8	sd-peep
1519	Spectrogram 1	1	76.339	76.368	3062.9	11423.8	6640.6	sd-peep
43	Spectrogram 1	1	76.428	76.508	4000.0	18000.0	6640.6	sd-peep
44	Spectrogram 1	1	76.580	76.648	4000.0	18000.0	6738.3	sd-peep
45	Spectrogram 1	1	76.754	76.814	4000.0	18000.0	8398.4	sd-peep
1520	Spectrogram 1	1	76.888	76.941	3890.7	9354.3	6835.9	sd-peep
54	Spectrogram 1	1	101.438	101.492	4000.0	18000.0	6738.3	sd-peep
1524	Spectrogram 1	1	148.581	148.620	3065.1	11302.7	6543.0	sd-peep
1525	Spectrogram 1	1	148.766	148.813	2777.8	10440.6	7714.8	sd-peep
70	Spectrogram 1	1	149.038	149.097	4000.0	18000.0	6933.6	sd-peep
1523	Spectrogram 1	1	149.144	149.210	3065.1	10536.4	7714.8	sd-peep
71	Spectrogram 1	1	149.286	149.342	4000.0	18000.0	7714.8	sd-peep
72	Spectrogram 1	1	150.204	150.268	4000.0	18000.0	10156.2	sd-peep
73	Spectrogram 1	1	150.330	150.400	4000.0	18000.0	8691.4	sd-peep
74	Spectrogram 1	1	150.529	150.588	4000.0	18000.0	7910.2	sd-peep
1526	Spectrogram 1	1	152.785	152.852	2777.8	11302.7	9960.9	sd-peep
1527	Spectrogram 1	1	153.286	153.355	2586.2	12069.0	7128.9	sd-peep
1528	Spectrogram 1	1	153.408	153.464	3256.7	10728.0	6835.9	sd-peep
1529	Spectrogram 1	1	153.521	153.580	2873.6	9961.7	6738.3	sd-peep
1530	Spectrogram 1	1	153.647	153.700	3735.6	9578.5	6543.0	sd-peep
1531	Spectrogram 1	1	153.753	153.819	3639.8	9674.3	6640.6	sd-peep
1532	Spectrogram 1	1	153.879	153.928	4214.6	9674.3	6738.3	sd-peep
78	Spectrogram 1	1	153.986	154.056	4000.0	18000.0	7812.5	sd-peep
79	Spectrogram 1	1	154.108	154.178	4000.0	18000.0	7812.5	sd-peep
80	Spectrogram 1	1	154.244	154.304	4000.0	18000.0	7519.5	sd-peep
81	Spectrogram 1	1	154.370	154.424	4000.0	18000.0	7812.5	sd-peep
82	Spectrogram 1	1	154.500	154.552	4000.0	18000.0	6543.0	sd-peep
83	Spectrogram 1	1	154.616	154.676	4000.0	18000.0	6640.6	sd-peep
84	Spectrogram 1	1	154.744	154.806	4000.0	18000.0	7617.2	sd-peep
1533	Spectrogram 1	1	154.886	154.955	2586.2	10344.8	6640.6	sd-peep
1534	Spectrogram 1	1	155.015	155.078	4118.8	9961.7	6738.3	sd-peep
85	Spectrogram 1	1	155.151	155.207	4000.0	18000.0	6933.6	sd-peep
1535	Spectrogram 1	1	155.263	155.336	3831.4	10057.5	6738.3	sd-peep
1536	Spectrogram 1	1	155.379	155.442	4118.8	9961.7	7617.2	sd-peep
1537	Spectrogram 1	1	155.512	155.578	3831.4	10344.8	7714.8	sd-peep
1538	Spectrogram 1	1	155.648	155.701	4597.7	9770.1	7714.8	sd-peep
1539	Spectrogram 1	1	155.813	155.860	2777.8	9961.7	6738.3	sd-peep
86	Spectrogram 1	1	155.949	156.002	4000.0	18000.0	6738.3	sd-peep
1540	Spectrogram 1	1	156.085	156.144	3927.2	10823.8	6738.3	sd-peep
1541	Spectrogram 1	1	156.244	156.300	3927.2	9674.3	7324.2	sd-peep
1542	Spectrogram 1	1	156.396	156.456	3927.2	10249.0	6738.3	sd-peep
87	Spectrogram 1	1	156.534	156.590	4000.0	18000.0	6250.0	sd-peep
1543	Spectrogram 1	1	156.701	156.757	2777.8	10153.3	6738.3	sd-peep
1544	Spectrogram 1	1	156.900	156.966	3065.1	9482.8	6738.3	sd-peep
1545	Spectrogram 1	1	157.195	157.251	3448.3	9961.7	6445.3	sd-peep
88	Spectrogram 1	1	157.303	157.366	4000.0	18000.0	6640.6	sd-peep
1546	Spectrogram 1	1	157.412	157.472	3544.1	10249.0	6445.3	sd-peep
1547	Spectrogram 1	1	157.535	157.584	2203.1	11590.0	6738.3	sd-peep
1548	Spectrogram 1	1	157.651	157.737	3256.7	10536.4	8300.8	sd-peep
93	Spectrogram 1	1	161.584	161.650	4000.0	18000.0	6347.7	sd-peep
94	Spectrogram 1	1	162.368	162.428	4000.0	18000.0	6250.0	sd-peep
95	Spectrogram 1	1	164.274	164.324	4000.0	18000.0	8496.1	sd-peep
96	Spectrogram 1	1	164.426	164.498	4000.0	18000.0	6835.9	sd-peep
97	Spectrogram 1	1	164.610	164.676	4000.0	18000.0	7714.8	sd-peep
98	Spectrogram 1	1	164.754	164.822	4000.0	18000.0	7910.2	sd-peep
99	Spectrogram 1	1	164.934	164.990	4000.0	18000.0	6835.9	sd-peep
1549	Spectrogram 1	1	165.158	165.205	2586.2	8908.0	6933.6	sd-peep
100	Spectrogram 1	1	165.534	165.599	4000.0	18000.0	8398.4	sd-peep
101	Spectrogram 1	1	166.126	166.196	4000.0	18000.0	6835.9	sd-peep
102	Spectrogram 1	1	166.281	166.358	4000.0	18000.0	8203.1	sd-peep
103	Spectrogram 1	1	166.462	166.528	4000.0	18000.0	6835.9	sd-peep
1550	Spectrogram 1	1	166.619	166.675	3927.2	9099.6	6835.9	sd-peep
104	Spectrogram 1	1	166.804	166.868	4000.0	18000.0	7519.5	sd-peep
105	Spectrogram 1	1	166.997	167.064	4000.0	18000.0	6738.3	sd-peep
106	Spectrogram 1	1	167.168	167.240	4000.0	18000.0	7519.5	sd-peep
107	Spectrogram 1	1	167.346	167.412	4000.0	18000.0	7421.9	sd-peep
108	Spectrogram 1	1	167.738	167.810	4000.0	18000.0	7226.6	sd-peep
109	Spectrogram 1	1	167.966	168.044	4000.0	18000.0	7226.6	sd-peep
110	Spectrogram 1	1	168.228	168.298	4000.0	18000.0	6347.7	sd-peep
111	Spectrogram 1	1	168.438	168.511	4000.0	18000.0	6347.7	sd-peep
112	Spectrogram 1	1	168.600	168.656	4000.0	18000.0	7226.6	sd-peep
113	Spectrogram 1	1	168.880	168.936	4000.0	18000.0	7226.6	sd-peep
114	Spectrogram 1	1	172.524	172.566	4000.0	18000.0	7910.2	sd-peep
115	Spectrogram 1	1	172.717	172.770	4000.0	18000.0	7812.5	sd-peep
116	Spectrogram 1	1	174.298	174.360	4000.0	18000.0	9277.3	sd-peep
122	Spectrogram 1	1	183.198	183.258	4000.0	18000.0	8203.1	sd-peep
123	Spectrogram 1	1	183.556	183.612	4000.0	18000.0	9765.6	sd-peep
1551	Spectrogram 1	1	183.688	183.745	2203.1	10057.5	6543.0	sd-peep
1552	Spectrogram 1	1	183.808	183.854	2586.2	9578.5	8789.1	sd-peep
1553	Spectrogram 1	1	183.934	183.980	2203.1	11781.6	6347.7	sd-peep
1554	Spectrogram 1	1	184.063	184.116	3448.3	11781.6	7421.9	sd-peep
124	Spectrogram 1	1	184.222	184.288	4000.0	18000.0	8398.4	sd-peep
130	Spectrogram 1	1	189.476	189.522	4000.0	18000.0	6933.6	sd-peep
1555	Spectrogram 1	1	207.015	207.065	2107.3	12452.1	7519.5	sd-peep
131	Spectrogram 1	1	207.164	207.227	4000.0	18000.0	9179.7	sd-peep
136	Spectrogram 1	1	219.094	219.153	4000.0	18000.0	7226.6	sd-peep
1556	Spectrogram 1	1	219.203	219.273	2394.6	11111.1	7031.2	sd-peep
1557	Spectrogram 1	1	219.322	219.395	3352.5	12069.0	8886.7	sd-peep
1558	Spectrogram 1	1	219.455	219.521	3065.1	10823.8	7128.9	sd-peep
137	Spectrogram 1	1	219.660	219.710	4000.0	18000.0	7128.9	sd-peep
138	Spectrogram 1	1	220.531	220.591	4000.0	18000.0	7031.2	sd-peep
1559	Spectrogram 1	1	225.377	225.443	2490.4	12069.0	10644.5	sd-peep
145	Spectrogram 1	1	229.310	229.368	4000.0	18000.0	5957.0	sd-peep
1560	Spectrogram 1	1	229.437	229.487	2107.3	10249.0	5957.0	sd-peep
1561	Spectrogram 1	1	229.749	229.785	2969.3	10344.8	6738.3	sd-peep
1562	Spectrogram 1	1	230.014	230.047	2969.3	9961.7	6445.3	sd-peep
1563	Spectrogram 1	1	230.242	230.289	3927.2	10536.4	6445.3	sd-peep
1564	Spectrogram 1	1	230.540	230.587	3065.1	9195.4	6640.6	sd-peep
1565	Spectrogram 1	1	230.812	230.878	2682.0	9961.7	7421.9	sd-peep
146	Spectrogram 1	1	231.108	231.172	4000.0	18000.0	6543.0	sd-peep
1566	Spectrogram 1	1	231.309	231.359	2490.4	10440.6	6445.3	sd-peep
147	Spectrogram 1	1	232.728	232.786	4000.0	18000.0	7519.5	sd-peep
148	Spectrogram 1	1	232.840	232.896	4000.0	18000.0	7617.2	sd-peep
1567	Spectrogram 1	1	232.962	233.018	3256.7	11302.7	7226.6	sd-peep
1568	Spectrogram 1	1	233.144	233.201	3735.6	9291.2	6543.0	sd-peep
1569	Spectrogram 1	1	233.300	233.369	3160.9	10536.4	6445.3	sd-peep
1570	Spectrogram 1	1	241.367	241.424	2298.9	11781.6	10449.2	sd-peep
155	Spectrogram 1	1	241.570	241.622	4000.0	18000.0	6640.6	sd-peep
1571	Spectrogram 1	1	242.003	242.063	1915.7	10249.0	6543.0	sd-peep
1572	Spectrogram 1	1	242.257	242.307	2586.2	10536.4	6543.0	sd-peep
1573	Spectrogram 1	1	244.373	244.432	3352.5	11877.4	10253.9	sd-peep
1574	Spectrogram 1	1	244.876	244.916	3639.8	10728.0	8300.8	sd-peep
156	Spectrogram 1	1	249.534	249.596	4000.0	18000.0	6933.6	sd-peep
157	Spectrogram 1	1	249.717	249.774	4000.0	18000.0	6445.3	sd-peep
163	Spectrogram 1	1	264.151	264.211	4000.0	18000.0	10644.5	sd-peep
1575	Spectrogram 1	1	264.290	264.340	4118.8	9195.4	6250.0	sd-peep
1576	Spectrogram 1	1	264.489	264.539	2394.6	10919.5	9863.3	sd-peep
164	Spectrogram 1	1	264.631	264.698	4000.0	18000.0	7910.2	sd-peep
1577	Spectrogram 1	1	312.932	312.985	2777.8	11494.3	9570.3	sd-peep
173	Spectrogram 1	1	313.045	313.121	4000.0	18000.0	9570.3	sd-peep
179	Spectrogram 1	1	321.638	321.694	4000.0	18000.0	11132.8	sd-peep
1578	Spectrogram 1	1	321.772	321.822	4023.0	9578.5	8593.7	sd-peep
184	Spectrogram 1	1	333.802	333.858	4000.0	18000.0	6347.7	sd-peep
185	Spectrogram 1	1	333.948	334.018	4000.0	18000.0	6347.7	sd-peep
186	Spectrogram 1	1	334.218	334.310	4000.0	18000.0	9472.7	sd-peep
1579	Spectrogram 1	1	334.367	334.453	2873.6	10249.0	8984.4	sd-peep
191	Spectrogram 1	1	354.022	354.076	4000.0	18000.0	8398.4	sd-peep
192	Spectrogram 1	1	354.666	354.736	4000.0	18000.0	9960.9	sd-peep
198	Spectrogram 1	1	368.960	369.009	4000.0	18000.0	10742.2	sd-peep
1581	Spectrogram 1	1	381.016	381.079	2011.5	13410.0	10449.2	sd-peep
204	Spectrogram 1	1	381.170	381.220	4000.0	18000.0	6835.9	sd-peep
1582	Spectrogram 1	1	382.258	382.311	1436.8	11973.2	7812.5	sd-peep
205	Spectrogram 1	1	382.706	382.766	4000.0	18000.0	7812.5	sd-peep
206	Spectrogram 1	1	382.882	382.950	4000.0	18000.0	7421.9	sd-peep
212	Spectrogram 1	1	391.520	391.586	4000.0	18000.0	10449.2	sd-peep
214	Spectrogram 1	1	392.652	392.708	4000.0	18000.0	6250.0	sd-peep
215	Spectrogram 1	1	393.816	393.875	4000.0	18000.0	6543.0	sd-peep
1583	Spectrogram 1	1	393.954	394.004	2682.0	10536.4	6543.0	sd-peep
1584	Spectrogram 1	1	394.156	394.203	2873.6	10823.8	7128.9	sd-peep
216	Spectrogram 1	1	394.293	394.349	4000.0	18000.0	7128.9	sd-peep
1585	Spectrogram 1	1	394.452	394.505	2394.6	9578.5	6445.3	sd-peep
1586	Spectrogram 1	1	394.724	394.773	2586.2	10440.6	6250.0	sd-peep
1587	Spectrogram 1	1	395.032	395.081	3352.5	11111.1	6250.0	sd-peep
217	Spectrogram 1	1	395.494	395.546	4000.0	18000.0	6640.6	sd-peep
1588	Spectrogram 1	1	395.724	395.767	2777.8	10919.5	6640.6	sd-peep
1589	Spectrogram 1	1	397.056	397.106	3256.7	10536.4	7617.2	sd-peep
1590	Spectrogram 1	1	397.281	397.331	3544.1	11590.0	7031.2	sd-peep
218	Spectrogram 1	1	397.518	397.568	4000.0	18000.0	7031.2	sd-peep
219	Spectrogram 1	1	398.380	398.430	4000.0	18000.0	6933.6	sd-peep
1591	Spectrogram 1	1	398.511	398.551	1436.8	10440.6	6933.6	sd-peep
1592	Spectrogram 1	1	399.783	399.823	2490.4	9770.1	6445.3	sd-peep
1593	Spectrogram 1	1	411.629	411.689	5459.8	12931.0	9863.3	sd-peep
225	Spectrogram 1	1	420.286	420.344	4000.0	18000.0	9570.3	sd-peep
1595	Spectrogram 1	1	420.626	420.696	3544.1	11590.0	9570.3	sd-peep
1596	Spectrogram 1	1	420.766	420.838	3544.1	10632.2	6543.0	sd-peep
226	Spectrogram 1	1	420.911	420.994	4000.0	18000.0	8105.5	sd-peep
1597	Spectrogram 1	1	421.064	421.120	3256.7	9770.1	8007.8	sd-peep
227	Spectrogram 1	1	421.501	421.571	4000.0	18000.0	9863.3	sd-peep
228	Spectrogram 1	1	421.653	421.726	4000.0	18000.0	8691.4	sd-peep
229	Spectrogram 1	1	421.794	421.862	4000.0	18000.0	6543.0	sd-peep
1598	Spectrogram 1	1	421.947	422.019	3544.1	11206.9	6640.6	sd-peep
1599	Spectrogram 1	1	422.096	422.152	1915.7	10632.2	6445.3	sd-peep
1600	Spectrogram 1	1	422.997	423.066	2298.9	11494.3	6445.3	sd-peep
1601	Spectrogram 1	1	423.288	423.351	2394.6	11494.3	7910.2	sd-peep
1602	Spectrogram 1	1	427.249	427.305	2394.6	13218.4	10058.6	sd-peep
235	Spectrogram 1	1	435.018	435.090	4000.0	18000.0	6738.3	sd-peep
1603	Spectrogram 1	1	435.170	435.223	3256.7	10057.5	6250.0	sd-peep
1605	Spectrogram 1	1	474.650	474.696	2586.2	12547.9	10253.9	sd-peep
1606	Spectrogram 1	1	474.779	474.828	3256.7	9961.7	6640.6	sd-peep
1607	Spectrogram 1	1	474.981	475.034	2107.3	10823.8	7421.9	sd-peep
243	Spectrogram 1	1	475.153	475.210	4000.0	18000.0	7421.9	sd-peep
244	Spectrogram 1	1	475.266	475.325	4000.0	18000.0	7031.2	sd-peep
1608	Spectrogram 1	1	475.454	475.504	2586.2	9674.3	7031.2	sd-peep
1609	Spectrogram 1	1	475.693	475.733	3256.7	9961.7	6543.0	sd-peep
245	Spectrogram 1	1	476.406	476.458	4000.0	18000.0	7519.5	sd-peep
246	Spectrogram 1	1	476.534	476.594	4000.0	18000.0	7421.9	sd-peep
247	Spectrogram 1	1	476.692	476.758	4000.0	18000.0	7519.5	sd-peep
1610	Spectrogram 1	1	476.829	476.879	3735.6	10440.6	7421.9	sd-peep
1611	Spectrogram 1	1	477.011	477.071	3735.6	10823.8	7519.5	sd-peep
1612	Spectrogram 1	1	494.157	494.223	1819.9	12739.5	7128.9	sd-peep
1613	Spectrogram 1	1	494.296	494.359	2394.6	11685.8	8007.8	sd-peep
1614	Spectrogram 1	1	494.442	494.491	2969.3	11206.9	7910.2	sd-peep
274	Spectrogram 1	1	614.788	614.853	4000.0	18000.0	6250.0	sd-peep
1618	Spectrogram 1	1	614.902	614.995	3256.7	11494.3	6250.0	sd-peep
275	Spectrogram 1	1	615.054	615.121	4000.0	18000.0	7128.9	sd-peep
1619	Spectrogram 1	1	615.184	615.253	3160.9	10823.8	6250.0	sd-peep
276	Spectrogram 1	1	616.414	616.480	4000.0	18000.0	8886.7	sd-peep
277	Spectrogram 1	1	616.555	616.626	4000.0	18000.0	7617.2	sd-peep
1620	Spectrogram 1	1	616.791	616.834	4118.8	9865.9	6835.9	sd-peep
278	Spectrogram 1	1	617.002	617.052	4000.0	18000.0	8105.5	sd-peep
295	Spectrogram 1	1	666.260	666.326	4000.0	18000.0	9472.7	sd-peep
296	Spectrogram 1	1	666.382	666.450	4000.0	18000.0	7324.2	sd-peep
1622	Spectrogram 1	1	668.085	668.138	2682.0	11685.8	7324.2	sd-peep
297	Spectrogram 1	1	668.294	668.356	4000.0	18000.0	8593.7	sd-peep
298	Spectrogram 1	1	668.480	668.540	4000.0	18000.0	7421.9	sd-peep
304	Spectrogram 1	1	677.588	677.642	4000.0	18000.0	9863.3	sd-peep
1623	Spectrogram 1	1	677.741	677.797	3639.8	9578.5	7714.8	sd-peep
1627	Spectrogram 1	1	681.894	681.954	3544.1	11302.7	6250.0	sd-peep
1628	Spectrogram 1	1	682.046	682.086	3160.9	12452.1	6250.0	sd-peep
1629	Spectrogram 1	1	682.205	682.239	2682.0	12547.9	6250.0	sd-peep
1630	Spectrogram 1	1	682.414	682.454	2777.8	11781.6	6347.7	sd-peep
1631	Spectrogram 1	1	682.616	682.673	1819.9	12260.5	6250.0	sd-peep
308	Spectrogram 1	1	682.742	682.790	4000.0	18000.0	6152.3	sd-peep
1632	Spectrogram 1	1	682.891	682.938	1915.7	13984.7	6250.0	sd-peep
1633	Spectrogram 1	1	683.163	683.206	2682.0	10632.2	6250.0	sd-peep
309	Spectrogram 1	1	687.144	687.214	4000.0	18000.0	10058.6	sd-peep
1634	Spectrogram 1	1	687.345	687.421	2777.8	10728.0	6640.6	sd-peep
1635	Spectrogram 1	1	687.533	687.570	2394.6	9578.5	6347.7	sd-peep
310	Spectrogram 1	1	687.770	687.834	4000.0	18000.0	6445.3	sd-peep
311	Spectrogram 1	1	687.952	688.004	4000.0	18000.0	6445.3	sd-peep
312	Spectrogram 1	1	688.126	688.180	4000.0	18000.0	6347.7	sd-peep
1636	Spectrogram 1	1	693.047	693.104	2011.5	13505.7	10937.5	sd-peep
313	Spectrogram 1	1	693.170	693.240	4000.0	18000.0	6445.3	sd-peep
1637	Spectrogram 1	1	693.306	693.346	3352.5	10249.0	7421.9	sd-peep
1638	Spectrogram 1	1	693.452	693.511	2873.6	10440.6	8300.8	sd-peep
1639	Spectrogram 1	1	693.631	693.687	4597.7	10823.8	8789.1	sd-peep
314	Spectrogram 1	1	693.920	693.984	4000.0	18000.0	6347.7	sd-peep
315	Spectrogram 1	1	694.280	694.346	4000.0	18000.0	8691.4	sd-peep
1640	Spectrogram 1	1	694.422	694.482	1915.7	14176.2	8300.8	sd-peep
1641	Spectrogram 1	1	694.538	694.598	3927.2	11781.6	7421.9	sd-peep
316	Spectrogram 1	1	694.664	694.722	4000.0	18000.0	6738.3	sd-peep
317	Spectrogram 1	1	694.787	694.843	4000.0	18000.0	6738.3	sd-peep
318	Spectrogram 1	1	694.904	694.954	4000.0	18000.0	7226.6	sd-peep
319	Spectrogram 1	1	695.050	695.104	4000.0	18000.0	7226.6	sd-peep
1642	Spectrogram 1	1	695.187	695.247	2873.6	10632.2	7031.2	sd-peep
320	Spectrogram 1	1	695.338	695.400	4000.0	18000.0	8203.1	sd-peep
1643	Spectrogram 1	1	695.506	695.555	3639.8	11877.4	6738.3	sd-peep
321	Spectrogram 1	1	695.654	695.701	4000.0	18000.0	8007.8	sd-peep
1648	Spectrogram 1	1	719.046	719.083	2777.8	12069.0	10253.9	sd-peep
1649	Spectrogram 1	1	719.152	719.219	3448.3	10344.8	8496.1	sd-peep
330	Spectrogram 1	1	719.288	719.342	4000.0	18000.0	6933.6	sd-peep
331	Spectrogram 1	1	719.440	719.506	4000.0	18000.0	7910.2	sd-peep
332	Spectrogram 1	1	719.598	719.674	4000.0	18000.0	8496.1	sd-peep
1650	Spectrogram 1	1	723.139	723.195	2107.3	11398.5	7519.5	sd-peep
338	Spectrogram 1	1	723.275	723.328	4000.0	18000.0	6543.0	sd-peep
339	Spectrogram 1	1	723.442	723.494	4000.0	18000.0	6347.7	sd-peep
340	Spectrogram 1	1	723.795	723.845	4000.0	18000.0	8496.1	sd-peep
1651	Spectrogram 1	1	723.924	723.964	2682.0	8620.7	6250.0	sd-peep
341	Spectrogram 1	1	724.612	724.662	4000.0	18000.0	7128.9	sd-peep
1652	Spectrogram 1	1	725.372	725.425	2586.2	12547.9	6835.9	sd-peep
342	Spectrogram 1	1	736.972	737.048	4000.0	18000.0	9472.7	sd-peep
352	Spectrogram 1	1	778.010	778.070	4000.0	18000.0	9668.0	sd-peep
1653	Spectrogram 1	1	778.136	778.189	3065.1	11973.2	7128.9	sd-peep
353	Spectrogram 1	1	778.564	778.616	4000.0	18000.0	8984.4	sd-peep
360	Spectrogram 1	1	784.260	784.336	4000.0	18000.0	10058.6	sd-peep
361	Spectrogram 1	1	784.392	784.452	4000.0	18000.0	6640.6	sd-peep
369	Spectrogram 1	1	787.934	787.996	4000.0	18000.0	6738.3	sd-peep
370	Spectrogram 1	1	788.070	788.126	4000.0	18000.0	6347.7	sd-peep
371	Spectrogram 1	1	788.252	788.316	4000.0	18000.0	6738.3	sd-peep
372	Spectrogram 1	1	788.380	788.436	4000.0	18000.0	6347.7	sd-peep
373	Spectrogram 1	1	789.416	789.473	4000.0	18000.0	6738.3	sd-peep
1657	Spectrogram 1	1	789.536	789.576	4214.6	9387.0	6738.3	sd-peep
374	Spectrogram 1	1	789.788	789.834	4000.0	18000.0	6738.3	sd-peep
379	Spectrogram 1	1	808.793	808.852	4000.0	18000.0	6445.3	sd-peep
1658	Spectrogram 1	1	809.515	809.571	2107.3	11015.3	6640.6	sd-peep
1659	Spectrogram 1	1	809.720	809.783	3927.2	11111.1	9082.0	sd-peep
384	Spectrogram 1	1	814.428	814.490	4000.0	18000.0	6347.7	sd-peep
1660	Spectrogram 1	1	814.558	814.611	3065.1	10728.0	6347.7	sd-peep
1661	Spectrogram 1	1	814.707	814.747	2586.2	8908.0	6445.3	sd-peep
1662	Spectrogram 1	1	814.843	814.903	3256.7	9482.8	6347.7	sd-peep
1663	Spectrogram 1	1	815.009	815.059	3639.8	9865.9	6250.0	sd-peep
1664	Spectrogram 1	1	815.211	815.261	2873.6	10057.5	6445.3	sd-peep
385	Spectrogram 1	1	816.242	816.300	4000.0	18000.0	7519.5	sd-peep
1665	Spectrogram 1	1	816.387	816.433	3927.2	10632.2	6933.6	sd-peep
386	Spectrogram 1	1	816.634	816.688	4000.0	18000.0	7128.9	sd-peep
1666	Spectrogram 1	1	816.977	817.030	3065.1	11398.5	6933.6	sd-peep
387	Spectrogram 1	1	819.860	819.920	4000.0	18000.0	6640.6	sd-peep
388	Spectrogram 1	1	838.672	838.725	4000.0	18000.0	6640.6	sd-peep
392	Spectrogram 1	1	874.036	874.090	4000.0	18000.0	10644.5	sd-peep
397	Spectrogram 1	1	877.806	877.862	4000.0	18000.0	6543.0	sd-peep
1668	Spectrogram 1	1	878.099	878.149	2203.1	11685.8	6543.0	sd-peep
398	Spectrogram 1	1	895.884	895.938	4000.0	18000.0	9765.6	sd-peep
1669	Spectrogram 1	1	896.008	896.074	4406.1	10057.5	7226.6	sd-peep
1670	Spectrogram 1	1	935.024	935.077	3544.1	11973.2	9960.9	sd-peep
413	Spectrogram 1	1	949.040	949.118	4000.0	18000.0	10253.9	sd-peep
414	Spectrogram 1	1	949.192	949.256	4000.0	18000.0	8496.1	sd-peep
422	Spectrogram 1	1	964.412	964.468	4000.0	18000.0	8007.8	sd-peep
1672	Spectrogram 1	1	964.824	964.867	3065.1	9865.9	7910.2	sd-peep
1673	Spectrogram 1	1	965.103	965.159	2490.4	11111.1	6738.3	sd-peep
423	Spectrogram 1	1	968.612	968.674	4000.0	18000.0	9668.0	sd-peep
430	Spectrogram 1	1	1018.430	1018.489	4000.0	18000.0	10644.5	sd-peep
1674	Spectrogram 1	1	1025.358	1025.421	2394.6	12931.0	6835.9	sd-peep
1675	Spectrogram 1	1	1025.478	1025.547	2298.9	11206.9	7421.9	sd-peep
1676	Spectrogram 1	1	1025.617	1025.673	2107.3	10632.2	7519.5	sd-peep
436	Spectrogram 1	1	1025.770	1025.828	4000.0	18000.0	7519.5	sd-peep
1677	Spectrogram 1	1	1025.912	1025.958	3160.9	10536.4	7421.9	sd-peep
1678	Spectrogram 1	1	1026.041	1026.107	2586.2	11685.8	8007.8	sd-peep
1679	Spectrogram 1	1	1026.180	1026.230	3639.8	10728.0	6835.9	sd-peep
1680	Spectrogram 1	1	1026.299	1026.372	2969.3	10823.8	8007.8	sd-peep
1681	Spectrogram 1	1	1026.475	1026.531	2107.3	11590.0	7519.5	sd-peep
437	Spectrogram 1	1	1026.642	1026.694	4000.0	18000.0	6835.9	sd-peep
1684	Spectrogram 1	1	1041.948	1041.995	3831.4	11877.4	9179.7	sd-peep
444	Spectrogram 1	1	1053.022	1053.088	4000.0	18000.0	9375.0	sd-peep
1687	Spectrogram 1	1	1062.143	1062.200	2586.2	11877.4	7324.2	sd-peep
1686	Spectrogram 1	1	1062.653	1062.706	2873.6	10919.5	9375.0	sd-peep
450	Spectrogram 1	1	1062.810	1062.868	4000.0	18000.0	7324.2	sd-peep
1685	Spectrogram 1	1	1063.005	1063.054	3256.7	9482.8	6445.3	sd-peep
451	Spectrogram 1	1	1065.556	1065.610	4000.0	18000.0	6738.3	sd-peep
1688	Spectrogram 1	1	1065.709	1065.753	3927.2	10440.6	6640.6	sd-peep
452	Spectrogram 1	1	1065.858	1065.908	4000.0	18000.0	6738.3	sd-peep
1689	Spectrogram 1	1	1066.118	1066.168	2203.1	10632.2	5957.0	sd-peep
1690	Spectrogram 1	1	1066.238	1066.294	2969.3	10153.3	6152.3	sd-peep
453	Spectrogram 1	1	1066.382	1066.438	4000.0	18000.0	6640.6	sd-peep
1691	Spectrogram 1	1	1066.526	1066.579	3831.4	9195.4	6738.3	sd-peep
1692	Spectrogram 1	1	1066.788	1066.841	2969.3	10153.3	6250.0	sd-peep
1693	Spectrogram 1	1	1067.026	1067.082	3639.8	10249.0	6543.0	sd-peep
1694	Spectrogram 1	1	1067.354	1067.407	2586.2	8429.1	6445.3	sd-peep
1695	Spectrogram 1	1	1067.576	1067.622	3160.9	8620.7	6445.3	sd-peep
459	Spectrogram 1	1	1072.688	1072.744	4000.0	18000.0	8203.1	sd-peep
460	Spectrogram 1	1	1072.818	1072.873	4000.0	18000.0	8203.1	sd-peep
1696	Spectrogram 1	1	1072.943	1073.009	3065.1	14559.4	6835.9	sd-peep
1697	Spectrogram 1	1	1073.109	1073.185	2777.8	12452.1	7617.2	sd-peep
1698	Spectrogram 1	1	1073.244	1073.314	3256.7	10728.0	7031.2	sd-peep
1699	Spectrogram 1	1	1073.400	1073.453	2490.4	13601.5	6835.9	sd-peep
461	Spectrogram 1	1	1073.645	1073.714	4000.0	18000.0	8789.1	sd-peep
1700	Spectrogram 1	1	1073.771	1073.831	2490.4	11590.0	6933.6	sd-peep
462	Spectrogram 1	1	1073.910	1073.960	4000.0	18000.0	6933.6	sd-peep
463	Spectrogram 1	1	1074.044	1074.102	4000.0	18000.0	6933.6	sd-peep
1702	Spectrogram 1	1	1074.212	1074.294	3639.8	14559.4	7714.8	sd-peep
464	Spectrogram 1	1	1074.404	1074.474	4000.0	18000.0	7714.8	sd-peep
465	Spectrogram 1	1	1074.552	1074.626	4000.0	18000.0	7714.8	sd-peep
466	Spectrogram 1	1	1074.884	1074.940	4000.0	18000.0	8203.1	sd-peep
1703	Spectrogram 1	1	1075.179	1075.239	3735.6	10057.5	8203.1	sd-peep
467	Spectrogram 1	1	1075.284	1075.346	4000.0	18000.0	6933.6	sd-peep
468	Spectrogram 1	1	1075.420	1075.494	4000.0	18000.0	8203.1	sd-peep
1704	Spectrogram 1	1	1075.567	1075.636	3256.7	10823.8	6933.6	sd-peep
1705	Spectrogram 1	1	1075.745	1075.782	3735.6	8812.3	6445.3	sd-peep
1706	Spectrogram 1	1	1076.200	1076.266	3448.3	10728.0	8203.1	sd-peep
469	Spectrogram 1	1	1076.326	1076.382	4000.0	18000.0	6250.0	sd-peep
470	Spectrogram 1	1	1076.444	1076.522	4000.0	18000.0	7812.5	sd-peep
1707	Spectrogram 1	1	1076.600	1076.653	3352.5	10057.5	7812.5	sd-peep
471	Spectrogram 1	1	1076.744	1076.812	4000.0	18000.0	7812.5	sd-peep
472	Spectrogram 1	1	1077.100	1077.152	4000.0	18000.0	6933.6	sd-peep
473	Spectrogram 1	1	1077.220	1077.280	4000.0	18000.0	6933.6	sd-peep
474	Spectrogram 1	1	1077.349	1077.415	4000.0	18000.0	6250.0	sd-peep
475	Spectrogram 1	1	1077.594	1077.674	4000.0	18000.0	6933.6	sd-peep
1708	Spectrogram 1	1	1077.740	1077.816	2873.6	11590.0	6250.0	sd-peep
1709	Spectrogram 1	1	1077.883	1077.949	2586.2	10632.2	7031.2	sd-peep
476	Spectrogram 1	1	1078.006	1078.094	4000.0	18000.0	6933.6	sd-peep
477	Spectrogram 1	1	1078.158	1078.230	4000.0	18000.0	7031.2	sd-peep
1710	Spectrogram 1	1	1078.316	1078.383	2490.4	10536.4	6933.6	sd-peep
478	Spectrogram 1	1	1078.570	1078.626	4000.0	18000.0	7031.2	sd-peep
479	Spectrogram 1	1	1078.780	1078.844	4000.0	18000.0	7714.8	sd-peep
480	Spectrogram 1	1	1078.929	1078.976	4000.0	18000.0	7714.8	sd-peep
1711	Spectrogram 1	1	1083.339	1083.402	1819.9	12260.5	6250.0	sd-peep
1712	Spectrogram 1	1	1083.684	1083.753	2298.9	9578.5	6250.0	sd-peep
486	Spectrogram 1	1	1083.836	1083.904	4000.0	18000.0	6250.0	sd-peep
487	Spectrogram 1	1	1083.978	1084.038	4000.0	18000.0	6250.0	sd-peep
1713	Spectrogram 1	1	1084.144	1084.197	2490.4	8908.0	7128.9	sd-peep
488	Spectrogram 1	1	1084.276	1084.334	4000.0	18000.0	6250.0	sd-peep
1714	Spectrogram 1	1	1084.452	1084.495	2873.6	7950.2	6152.3	sd-peep
489	Spectrogram 1	1	1092.588	1092.670	4000.0	18000.0	8691.4	sd-peep
490	Spectrogram 1	1	1092.768	1092.836	4000.0	18000.0	6152.3	sd-peep
1715	Spectrogram 1	1	1093.338	1093.414	3927.2	12547.9	9765.6	sd-peep
498	Spectrogram 1	1	1102.646	1102.708	4000.0	18000.0	9375.0	sd-peep
1716	Spectrogram 1	1	1102.936	1102.976	1915.7	8620.7	6445.3	sd-peep
499	Spectrogram 1	1	1103.360	1103.426	4000.0	18000.0	9472.7	sd-peep
509	Spectrogram 1	1	1203.754	1203.818	4000.0	18000.0	6250.0	sd-peep
1720	Spectrogram 1	1	1203.938	1204.011	2873.6	11877.4	6250.0	sd-peep
510	Spectrogram 1	1	1220.864	1220.930	4000.0	18000.0	10449.2	sd-peep
511	Spectrogram 1	1	1238.875	1238.938	4000.0	18000.0	10351.6	sd-peep
512	Spectrogram 1	1	1239.018	1239.074	4000.0	18000.0	6250.0	sd-peep
528	Spectrogram 1	1	1339.496	1339.550	4000.0	18000.0	10644.5	sd-peep
535	Spectrogram 1	1	1345.760	1345.826	4000.0	18000.0	10058.6	sd-peep
1722	Spectrogram 1	1	1345.882	1345.969	3256.7	10440.6	7421.9	sd-peep
1723	Spectrogram 1	1	1346.045	1346.104	3735.6	9770.1	7519.5	sd-peep
1724	Spectrogram 1	1	1346.247	1346.287	3065.1	8812.3	7519.5	sd-peep
1725	Spectrogram 1	1	1346.492	1346.545	3448.3	9770.1	7519.5	sd-peep
1726	Spectrogram 1	1	1346.886	1346.952	3735.6	10249.0	7519.5	sd-peep
1727	Spectrogram 1	1	1347.065	1347.121	4214.6	9961.7	7519.5	sd-peep
1728	Spectrogram 1	1	1348.148	1348.211	2777.8	11781.6	9960.9	sd-peep
1729	Spectrogram 1	1	1348.291	1348.354	3352.5	10823.8	8398.4	sd-peep
1730	Spectrogram 1	1	1348.436	1348.486	2682.0	10440.6	6543.0	sd-peep
1731	Spectrogram 1	1	1348.579	1348.652	2969.3	10344.8	7519.5	sd-peep
1732	Spectrogram 1	1	1348.910	1348.970	3448.3	10919.5	7519.5	sd-peep
1733	Spectrogram 1	1	1349.059	1349.116	3160.9	9961.7	7617.2	sd-peep
1734	Spectrogram 1	1	1349.294	1349.344	3735.6	10344.8	6933.6	sd-peep
554	Spectrogram 1	1	1429.088	1429.162	4000.0	18000.0	6250.0	sd-peep
557	Spectrogram 1	1	1442.242	1442.328	4000.0	18000.0	10351.6	sd-peep
558	Spectrogram 1	1	1442.388	1442.446	4000.0	18000.0	6835.9	sd-peep
559	Spectrogram 1	1	1442.514	1442.582	4000.0	18000.0	6835.9	sd-peep
1735	Spectrogram 1	1	1442.686	1442.732	3065.1	9770.1	6054.7	sd-peep
1736	Spectrogram 1	1	1442.885	1442.951	4406.1	10344.8	8496.1	sd-peep
560	Spectrogram 1	1	1443.066	1443.118	4000.0	18000.0	8496.1	sd-peep
566	Spectrogram 1	1	1456.240	1456.292	4000.0	18000.0	10546.9	sd-peep
1738	Spectrogram 1	1	1456.352	1456.412	2682.0	10344.8	7617.2	sd-peep
1739	Spectrogram 1	1	1456.485	1456.551	2107.3	11781.6	7910.2	sd-peep
567	Spectrogram 1	1	1456.637	1456.697	4000.0	18000.0	8593.7	sd-peep
578	Spectrogram 1	1	1461.029	1461.086	4000.0	18000.0	5468.7	sd-peep
1740	Spectrogram 1	1	1461.179	1461.212	2969.3	13218.4	5957.0	sd-peep
579	Spectrogram 1	1	1461.357	1461.404	4000.0	18000.0	5371.1	sd-peep
1741	Spectrogram 1	1	1461.500	1461.543	2490.4	12260.5	6543.0	sd-peep
580	Spectrogram 1	1	1461.628	1461.702	4000.0	18000.0	5371.1	sd-peep
1742	Spectrogram 1	1	1461.788	1461.825	1915.7	11398.5	5468.7	sd-peep
581	Spectrogram 1	1	1462.020	1462.073	4000.0	18000.0	5371.1	sd-peep
1743	Spectrogram 1	1	1462.133	1462.186	2107.3	10823.8	5371.1	sd-peep
582	Spectrogram 1	1	1462.278	1462.346	4000.0	18000.0	6250.0	sd-peep
583	Spectrogram 1	1	1462.470	1462.530	4000.0	18000.0	5957.0	sd-peep
1745	Spectrogram 1	1	1480.268	1480.331	2777.8	12452.1	9960.9	sd-peep
593	Spectrogram 1	1	1480.404	1480.458	4000.0	18000.0	6152.3	sd-peep
1746	Spectrogram 1	1	1480.629	1480.696	2969.3	9482.8	7031.2	sd-peep
597	Spectrogram 1	1	1540.080	1540.152	4000.0	18000.0	6640.6	sd-peep
598	Spectrogram 1	1	1540.242	1540.314	4000.0	18000.0	6640.6	sd-peep
599	Spectrogram 1	1	1540.426	1540.484	4000.0	18000.0	9082.0	sd-peep
607	Spectrogram 1	1	1557.416	1557.488	4000.0	18000.0	8691.4	sd-peep
1747	Spectrogram 1	1	1558.177	1558.254	1915.7	11685.8	9668.0	sd-peep
1748	Spectrogram 1	1	1558.313	1558.376	3448.3	10249.0	7617.2	sd-peep
1749	Spectrogram 1	1	1558.449	1558.522	4406.1	9578.5	6835.9	sd-peep
615	Spectrogram 1	1	1569.812	1569.882	4000.0	18000.0	6347.7	sd-peep
1752	Spectrogram 1	1	1569.938	1570.014	2682.0	10919.5	7617.2	sd-peep
622	Spectrogram 1	1	1573.924	1573.978	4000.0	18000.0	6347.7	sd-peep
623	Spectrogram 1	1	1574.846	1574.908	4000.0	18000.0	6835.9	sd-peep
624	Spectrogram 1	1	1575.268	1575.320	4000.0	18000.0	6347.7	sd-peep
625	Spectrogram 1	1	1575.438	1575.508	4000.0	18000.0	6347.7	sd-peep
626	Spectrogram 1	1	1575.574	1575.630	4000.0	18000.0	6250.0	sd-peep
1753	Spectrogram 1	1	1575.737	1575.796	1628.4	11973.2	6347.7	sd-peep
627	Spectrogram 1	1	1575.874	1575.926	4000.0	18000.0	6445.3	sd-peep
628	Spectrogram 1	1	1576.002	1576.068	4000.0	18000.0	6347.7	sd-peep
629	Spectrogram 1	1	1576.141	1576.216	4000.0	18000.0	6347.7	sd-peep
630	Spectrogram 1	1	1576.270	1576.348	4000.0	18000.0	6347.7	sd-peep
631	Spectrogram 1	1	1576.410	1576.486	4000.0	18000.0	6347.7	sd-peep
632	Spectrogram 1	1	1576.558	1576.632	4000.0	18000.0	6347.7	sd-peep
633	Spectrogram 1	1	1576.750	1576.824	4000.0	18000.0	6152.3	sd-peep
1754	Spectrogram 1	1	1588.341	1588.417	2011.5	12356.3	7226.6	sd-peep
1755	Spectrogram 1	1	1588.460	1588.516	2298.9	10440.6	6640.6	sd-peep
642	Spectrogram 1	1	1588.580	1588.646	4000.0	18000.0	6054.7	sd-peep
643	Spectrogram 1	1	1588.716	1588.778	4000.0	18000.0	6054.7	sd-peep
644	Spectrogram 1	1	1588.864	1588.926	4000.0	18000.0	6640.6	sd-peep
645	Spectrogram 1	1	1588.986	1589.058	4000.0	18000.0	6543.0	sd-peep
646	Spectrogram 1	1	1589.168	1589.220	4000.0	18000.0	4687.5	sd-peep
1756	Spectrogram 1	1	1590.745	1590.821	3065.1	11111.1	7226.6	sd-peep
647	Spectrogram 1	1	1590.904	1590.970	4000.0	18000.0	5468.7	sd-peep
1757	Spectrogram 1	1	1591.179	1591.225	3256.7	11015.3	6347.7	sd-peep
648	Spectrogram 1	1	1591.322	1591.380	4000.0	18000.0	6835.9	sd-peep
649	Spectrogram 1	1	1591.457	1591.500	4000.0	18000.0	6347.7	sd-peep
1758	Spectrogram 1	1	1591.596	1591.666	3639.8	10057.5	6347.7	sd-peep
650	Spectrogram 1	1	1592.739	1592.804	4000.0	18000.0	6835.9	sd-peep
651	Spectrogram 1	1	1592.878	1592.938	4000.0	18000.0	6835.9	sd-peep
1759	Spectrogram 1	1	1593.004	1593.067	2490.4	10919.5	6835.9	sd-peep
652	Spectrogram 1	1	1593.132	1593.188	4000.0	18000.0	6835.9	sd-peep
653	Spectrogram 1	1	1593.252	1593.299	4000.0	18000.0	6347.7	sd-peep
1760	Spectrogram 1	1	1593.375	1593.431	2011.5	11302.7	6933.6	sd-peep
1761	Spectrogram 1	1	1593.508	1593.567	1819.9	10440.6	6347.7	sd-peep
654	Spectrogram 1	1	1593.636	1593.693	4000.0	18000.0	6835.9	sd-peep
1762	Spectrogram 1	1	1593.766	1593.822	3256.7	9865.9	6250.0	sd-peep
1763	Spectrogram 1	1	1593.932	1593.978	2107.3	9291.2	6250.0	sd-peep
655	Spectrogram 1	1	1607.494	1607.564	4000.0	18000.0	10058.6	sd-peep
656	Spectrogram 1	1	1607.667	1607.726	4000.0	18000.0	6640.6	sd-peep
1764	Spectrogram 1	1	1607.816	1607.879	4310.3	15325.7	6738.3	sd-peep
1765	Spectrogram 1	1	1607.962	1608.025	4406.1	19923.4	6640.6	sd-peep
1766	Spectrogram 1	1	1608.101	1608.170	4406.1	16666.7	6738.3	sd-peep
1767	Spectrogram 1	1	1608.250	1608.326	3927.2	17528.7	6738.3	sd-peep
1768	Spectrogram 1	1	1608.392	1608.449	4214.6	17433.0	6738.3	sd-peep
657	Spectrogram 1	1	1608.515	1608.588	4000.0	18000.0	6640.6	sd-peep
1769	Spectrogram 1	1	1608.624	1608.684	4980.8	14272.0	6543.0	sd-peep
1770	Spectrogram 1	1	1608.737	1608.790	5555.6	16379.3	6738.3	sd-peep
658	Spectrogram 1	1	1608.864	1608.916	4000.0	18000.0	7128.9	sd-peep
678	Spectrogram 1	1	1718.202	1718.270	4000.0	18000.0	7031.2	sd-peep
679	Spectrogram 1	1	1720.878	1720.952	4000.0	18000.0	8593.7	sd-peep
680	Spectrogram 1	1	1721.052	1721.120	4000.0	18000.0	7324.2	sd-peep
681	Spectrogram 1	1	1721.214	1721.282	4000.0	18000.0	8691.4	sd-peep
687	Spectrogram 1	1	1727.396	1727.448	4000.0	18000.0	7128.9	sd-peep
1772	Spectrogram 1	1	1727.555	1727.604	4118.8	9482.8	5957.0	sd-peep
688	Spectrogram 1	1	1728.186	1728.242	4000.0	18000.0	8886.7	sd-peep
689	Spectrogram 1	1	1738.270	1738.328	4000.0	18000.0	7910.2	sd-peep
1773	Spectrogram 1	1	1738.581	1738.637	4693.5	10440.6	6152.3	sd-peep
690	Spectrogram 1	1	1745.556	1745.610	4000.0	18000.0	10351.6	sd-peep
691	Spectrogram 1	1	1748.696	1748.768	4000.0	18000.0	9570.3	sd-peep
699	Spectrogram 1	1	1755.090	1755.144	4000.0	18000.0	7519.5	sd-peep
700	Spectrogram 1	1	1757.786	1757.846	4000.0	18000.0	8691.4	sd-peep
701	Spectrogram 1	1	1760.044	1760.104	4000.0	18000.0	7031.2	sd-peep
702	Spectrogram 1	1	1760.526	1760.580	4000.0	18000.0	7031.2	sd-peep
703	Spectrogram 1	1	1760.660	1760.723	4000.0	18000.0	6250.0	sd-peep
1774	Spectrogram 1	1	1760.790	1760.866	2873.6	11015.3	6250.0	sd-peep
704	Spectrogram 1	1	1760.980	1761.036	4000.0	18000.0	6445.3	sd-peep
705	Spectrogram 1	1	1761.156	1761.208	4000.0	18000.0	6445.3	sd-peep
706	Spectrogram 1	1	1761.266	1761.344	4000.0	18000.0	6250.0	sd-peep
707	Spectrogram 1	1	1761.418	1761.480	4000.0	18000.0	7910.2	sd-peep
708	Spectrogram 1	1	1762.585	1762.638	4000.0	18000.0	6445.3	sd-peep
1775	Spectrogram 1	1	1762.714	1762.790	3352.5	8524.9	6543.0	sd-peep
1776	Spectrogram 1	1	1762.893	1762.943	3927.2	9770.1	6640.6	sd-peep
1777	Spectrogram 1	1	1763.115	1763.165	2969.3	10440.6	6835.9	sd-peep
710	Spectrogram 1	1	1763.870	1763.924	4000.0	18000.0	6152.3	sd-peep
1778	Spectrogram 1	1	1764.109	1764.165	3448.3	9865.9	6640.6	sd-peep
711	Spectrogram 1	1	1764.598	1764.650	4000.0	18000.0	7031.2	sd-peep
712	Spectrogram 1	1	1765.800	1765.874	4000.0	18000.0	8496.1	sd-peep
713	Spectrogram 1	1	1765.986	1766.036	4000.0	18000.0	6445.3	sd-peep
714	Spectrogram 1	1	1780.176	1780.235	4000.0	18000.0	10449.2	sd-peep
723	Spectrogram 1	1	1794.180	1794.244	4000.0	18000.0	7128.9	sd-peep
727	Spectrogram 1	1	1810.304	1810.366	4000.0	18000.0	9277.3	sd-peep
735	Spectrogram 1	1	1835.014	1835.074	4000.0	18000.0	6933.6	sd-peep
736	Spectrogram 1	1	1835.128	1835.212	4000.0	18000.0	6933.6	sd-peep
737	Spectrogram 1	1	1835.284	1835.346	4000.0	18000.0	8398.4	sd-peep
741	Spectrogram 1	1	1843.812	1843.884	4000.0	18000.0	9570.3	sd-peep
1779	Spectrogram 1	1	1843.947	1844.004	3639.8	10344.8	7714.8	sd-peep
742	Spectrogram 1	1	1844.140	1844.198	4000.0	18000.0	7714.8	sd-peep
1781	Spectrogram 1	1	1849.079	1849.136	1724.1	11398.5	6250.0	sd-peep
1782	Spectrogram 1	1	1849.212	1849.258	2203.1	9387.0	6250.0	sd-peep
1783	Spectrogram 1	1	1849.325	1849.381	2203.1	9674.3	6250.0	sd-peep
1784	Spectrogram 1	1	1849.467	1849.520	2490.4	8429.1	6250.0	sd-peep
751	Spectrogram 1	1	1849.606	1849.666	4000.0	18000.0	6250.0	sd-peep
1785	Spectrogram 1	1	1849.795	1849.838	3448.3	8524.9	6250.0	sd-peep
1786	Spectrogram 1	1	1849.977	1850.024	3448.3	8046.0	6250.0	sd-peep
1787	Spectrogram 1	1	1850.719	1850.772	3544.1	10344.8	6250.0	sd-peep
1788	Spectrogram 1	1	1850.862	1850.898	3735.6	9099.6	6250.0	sd-peep
752	Spectrogram 1	1	1851.828	1851.894	4000.0	18000.0	6250.0	sd-peep
753	Spectrogram 1	1	1851.980	1852.038	4000.0	18000.0	6152.3	sd-peep
1789	Spectrogram 1	1	1852.127	1852.183	1915.7	8524.9	6152.3	sd-peep
1790	Spectrogram 1	1	1852.316	1852.382	2394.6	9387.0	6250.0	sd-peep
1791	Spectrogram 1	1	1852.571	1852.637	3352.5	8524.9	6250.0	sd-peep
1792	Spectrogram 1	1	1852.747	1852.806	2682.0	9003.8	6250.0	sd-peep
1793	Spectrogram 1	1	1852.909	1852.975	3735.6	8716.5	6152.3	sd-peep
1794	Spectrogram 1	1	1854.287	1854.350	3065.1	11781.6	6152.3	sd-peep
756	Spectrogram 1	1	1910.586	1910.640	4000.0	18000.0	9765.6	sd-peep
757	Spectrogram 1	1	1911.646	1911.716	4000.0	18000.0	8984.4	sd-peep
781	Spectrogram 1	1	2082.842	2082.892	4000.0	18000.0	6445.3	sd-peep
791	Spectrogram 1	1	2112.904	2112.955	4000.0	18000.0	7031.2	sd-peep
1797	Spectrogram 1	1	2113.048	2113.095	3160.9	8716.5	5468.7	sd-peep
792	Spectrogram 1	1	2113.352	2113.576	4000.0	18000.0	5957.0	sd-peep
793	Spectrogram 1	1	2113.646	2113.850	4000.0	18000.0	7128.9	sd-peep
794	Spectrogram 1	1	2114.000	2114.220	4000.0	18000.0	7617.2	sd-peep
795	Spectrogram 1	1	2114.370	2114.559	4000.0	18000.0	7128.9	sd-peep
796	Spectrogram 1	1	2114.700	2114.806	4000.0	18000.0	7128.9	sd-peep
1798	Spectrogram 1	1	2117.712	2117.759	3544.1	11398.5	6152.3	sd-peep
1799	Spectrogram 1	1	2117.832	2117.881	3256.7	8812.3	6054.7	sd-peep
798	Spectrogram 1	1	2117.968	2118.018	4000.0	18000.0	6445.3	sd-peep
799	Spectrogram 1	1	2118.108	2118.158	4000.0	18000.0	6543.0	sd-peep
800	Spectrogram 1	1	2118.242	2118.298	4000.0	18000.0	6543.0	sd-peep
801	Spectrogram 1	1	2118.374	2118.430	4000.0	18000.0	6543.0	sd-peep
802	Spectrogram 1	1	2118.500	2118.572	4000.0	18000.0	6445.3	sd-peep
803	Spectrogram 1	1	2118.672	2118.724	4000.0	18000.0	6054.7	sd-peep
1800	Spectrogram 1	1	2119.369	2119.432	2586.2	10536.4	6250.0	sd-peep
804	Spectrogram 1	1	2119.526	2119.580	4000.0	18000.0	6347.7	sd-peep
805	Spectrogram 1	1	2119.776	2119.834	4000.0	18000.0	6152.3	sd-peep
806	Spectrogram 1	1	2120.028	2120.098	4000.0	18000.0	6835.9	sd-peep
1801	Spectrogram 1	1	2120.172	2120.248	2777.8	8716.5	6250.0	sd-peep
1802	Spectrogram 1	1	2120.354	2120.401	2969.3	8812.3	6347.7	sd-peep
818	Spectrogram 1	1	2201.032	2201.071	4000.0	18000.0	7031.2	sd-peep
1804	Spectrogram 1	1	2201.181	2201.210	4118.8	8237.5	6347.7	sd-peep
1805	Spectrogram 1	1	2222.426	2222.479	4310.3	9482.8	7031.2	sd-peep
1806	Spectrogram 1	1	2222.559	2222.612	4310.3	9003.8	7128.9	sd-peep
825	Spectrogram 1	1	2222.700	2222.762	4000.0	18000.0	7128.9	sd-peep
1807	Spectrogram 1	1	2222.837	2222.900	3448.3	9578.5	7031.2	sd-peep
1808	Spectrogram 1	1	2222.963	2223.046	2873.6	9770.1	7128.9	sd-peep
1809	Spectrogram 1	1	2223.112	2223.175	3639.8	9578.5	7031.2	sd-peep
832	Spectrogram 1	1	2226.462	2226.516	4000.0	18000.0	7031.2	sd-peep
1810	Spectrogram 1	1	2226.613	2226.663	2586.2	9195.4	6445.3	sd-peep
833	Spectrogram 1	1	2226.961	2227.020	4000.0	18000.0	7031.2	sd-peep
1811	Spectrogram 1	1	2227.077	2227.140	3256.7	9099.6	6543.0	sd-peep
1812	Spectrogram 1	1	2227.209	2227.256	2682.0	9770.1	6445.3	sd-peep
1813	Spectrogram 1	1	2227.348	2227.398	3544.1	7950.2	6445.3	sd-peep
1814	Spectrogram 1	1	2228.094	2228.157	3352.5	9770.1	7031.2	sd-peep
1815	Spectrogram 1	1	2228.200	2228.272	3065.1	9674.3	6250.0	sd-peep
835	Spectrogram 1	1	2228.326	2228.388	4000.0	18000.0	6250.0	sd-peep
1816	Spectrogram 1	1	2228.448	2228.508	4023.0	9099.6	6250.0	sd-peep
1817	Spectrogram 1	1	2228.577	2228.627	3256.7	8908.0	6250.0	sd-peep
1818	Spectrogram 1	1	2228.687	2228.750	3256.7	9578.5	6445.3	sd-peep
1819	Spectrogram 1	1	2228.822	2228.879	3831.4	7854.4	6445.3	sd-peep
1820	Spectrogram 1	1	2228.945	2229.005	3927.2	8716.5	6738.3	sd-peep
836	Spectrogram 1	1	2229.060	2229.132	4000.0	18000.0	7031.2	sd-peep
837	Spectrogram 1	1	2229.227	2229.273	4000.0	18000.0	6738.3	sd-peep
1821	Spectrogram 1	1	2229.329	2229.412	3639.8	9291.2	6738.3	sd-peep
838	Spectrogram 1	1	2229.498	2229.548	4000.0	18000.0	6738.3	sd-peep
839	Spectrogram 1	1	2229.651	2229.696	4000.0	18000.0	5957.0	sd-peep
840	Spectrogram 1	1	2230.032	2230.094	4000.0	18000.0	5957.0	sd-peep
842	Spectrogram 1	1	2242.892	2242.942	4000.0	18000.0	9082.0	sd-peep
849	Spectrogram 1	1	2333.566	2333.616	4000.0	18000.0	10351.6	sd-peep
857	Spectrogram 1	1	2344.436	2344.500	4000.0	18000.0	9375.0	sd-peep
858	Spectrogram 1	1	2344.562	2344.634	4000.0	18000.0	8105.5	sd-peep
859	Spectrogram 1	1	2344.723	2344.773	4000.0	18000.0	8300.8	sd-peep
872	Spectrogram 1	1	2376.728	2376.779	4000.0	18000.0	9472.7	sd-peep
1824	Spectrogram 1	1	2376.838	2376.891	3013.0	10342.0	7617.2	sd-peep
877	Spectrogram 1	1	2381.550	2381.640	4000.0	18000.0	10058.6	sd-peep
1826	Spectrogram 1	1	2381.731	2381.784	3664.5	8876.2	6152.3	sd-peep
1827	Spectrogram 1	1	2381.880	2381.923	3338.8	8469.1	6152.3	sd-peep
878	Spectrogram 1	1	2391.310	2391.372	4000.0	18000.0	9179.7	sd-peep
879	Spectrogram 1	1	2391.444	2391.517	4000.0	18000.0	8691.4	sd-peep
1828	Spectrogram 1	1	2391.609	2391.649	3257.3	7736.2	6445.3	sd-peep
880	Spectrogram 1	1	2391.739	2391.790	4000.0	18000.0	7324.2	sd-peep
888	Spectrogram 1	1	2398.688	2398.746	4000.0	18000.0	9179.7	sd-peep
889	Spectrogram 1	1	2398.834	2398.890	4000.0	18000.0	6445.3	sd-peep
1830	Spectrogram 1	1	2398.999	2399.046	3094.5	7410.4	6445.3	sd-peep
890	Spectrogram 1	1	2399.235	2399.294	4000.0	18000.0	6445.3	sd-peep
1831	Spectrogram 1	1	2399.970	2400.039	2850.2	10912.1	8496.1	sd-peep
891	Spectrogram 1	1	2400.150	2400.200	4000.0	18000.0	7226.6	sd-peep
892	Spectrogram 1	1	2400.632	2400.684	4000.0	18000.0	6445.3	sd-peep
893	Spectrogram 1	1	2403.315	2403.384	4000.0	18000.0	9765.6	sd-peep
894	Spectrogram 1	1	2403.694	2403.764	4000.0	18000.0	7031.2	sd-peep
1832	Spectrogram 1	1	2403.820	2403.903	3664.5	10260.6	6152.3	sd-peep
1833	Spectrogram 1	1	2403.963	2404.026	4478.8	9527.7	6738.3	sd-peep
1834	Spectrogram 1	1	2404.109	2404.185	3664.5	9364.8	6738.3	sd-peep
1835	Spectrogram 1	1	2404.304	2404.360	3583.1	9364.8	7031.2	sd-peep
1836	Spectrogram 1	1	2404.476	2404.539	4560.3	8957.7	7031.2	sd-peep
1837	Spectrogram 1	1	2405.464	2405.520	2280.1	10749.2	7031.2	sd-peep
1838	Spectrogram 1	1	2406.027	2406.090	3175.9	10830.6	6152.3	sd-peep
1839	Spectrogram 1	1	2406.192	2406.262	3664.5	9853.4	7031.2	sd-peep
1840	Spectrogram 1	1	2406.345	2406.398	4397.4	8550.5	7031.2	sd-peep
1841	Spectrogram 1	1	2406.507	2406.557	3583.1	7247.6	6054.7	sd-peep
895	Spectrogram 1	1	2406.662	2406.722	4000.0	18000.0	5957.0	sd-peep
1842	Spectrogram 1	1	2406.936	2406.999	2687.3	8061.9	5957.0	sd-peep
1843	Spectrogram 1	1	2407.155	2407.201	2687.3	8306.2	5957.0	sd-peep
1844	Spectrogram 1	1	2407.685	2407.751	3257.3	9283.4	5957.0	sd-peep
1845	Spectrogram 1	1	2407.814	2407.880	3745.9	9609.1	5957.0	sd-peep
1846	Spectrogram 1	1	2408.066	2408.129	1873.0	9690.6	6347.7	sd-peep
1847	Spectrogram 1	1	2408.374	2408.424	3827.4	7491.9	5957.0	sd-peep
1848	Spectrogram 1	1	2409.073	2409.149	2035.8	11074.9	6250.0	sd-peep
896	Spectrogram 1	1	2409.226	2409.288	4000.0	18000.0	6738.3	sd-peep
1849	Spectrogram 1	1	2409.371	2409.424	3338.8	8713.4	6250.0	sd-peep
1850	Spectrogram 1	1	2409.540	2409.593	3501.6	8143.3	5078.1	sd-peep
1851	Spectrogram 1	1	2412.703	2412.769	3583.1	11156.4	7031.2	sd-peep
1852	Spectrogram 1	1	2413.276	2413.332	2443.0	10912.1	10058.6	sd-peep
910	Spectrogram 1	1	2447.080	2447.154	4000.0	18000.0	8886.7	sd-peep
954	Spectrogram 1	1	2564.018	2564.088	4000.0	18000.0	9082.0	sd-peep
1857	Spectrogram 1	1	2619.795	2619.861	2035.8	11645.0	6738.3	sd-peep
1858	Spectrogram 1	1	2619.924	2619.984	4153.1	10260.6	8398.4	sd-peep
961	Spectrogram 1	1	2620.070	2620.124	4000.0	18000.0	6640.6	sd-peep
973	Spectrogram 1	1	2680.855	2680.922	4000.0	18000.0	6640.6	sd-peep
983	Spectrogram 1	1	2708.608	2708.670	4000.0	18000.0	9472.7	sd-peep
987	Spectrogram 1	1	2757.394	2757.450	4000.0	18000.0	6250.0	sd-peep
1860	Spectrogram 1	1	2757.516	2757.579	3175.9	10179.2	6152.3	sd-peep
1861	Spectrogram 1	1	2757.665	2757.721	3175.9	8631.9	6250.0	sd-peep
988	Spectrogram 1	1	2758.888	2758.940	4000.0	18000.0	6250.0	sd-peep
996	Spectrogram 1	1	2783.028	2783.084	4000.0	18000.0	6250.0	sd-peep
1005	Spectrogram 1	1	2822.008	2822.064	4000.0	18000.0	7128.9	sd-peep
1865	Spectrogram 1	1	2822.245	2822.298	3745.9	9039.1	6250.0	sd-peep
1864	Spectrogram 1	1	2822.384	2822.443	2768.7	9934.9	6250.0	sd-peep
1006	Spectrogram 1	1	2822.514	2822.588	4000.0	18000.0	6250.0	sd-peep
1866	Spectrogram 1	1	2822.649	2822.725	3827.4	10179.2	6250.0	sd-peep
1009	Spectrogram 1	1	2856.632	2856.698	4000.0	18000.0	9570.3	sd-peep
1030	Spectrogram 1	1	2910.294	2910.376	4000.0	18000.0	5957.0	sd-peep
1031	Spectrogram 1	1	2910.426	2910.495	4000.0	18000.0	6933.6	sd-peep
1867	Spectrogram 1	1	2910.555	2910.621	4397.4	8794.8	7324.2	sd-peep
1052	Spectrogram 1	1	3064.810	3064.876	4000.0	18000.0	8496.1	sd-peep
1059	Spectrogram 1	1	3077.386	3077.429	4000.0	18000.0	7617.2	sd-peep
1067	Spectrogram 1	1	3087.744	3087.796	4000.0	18000.0	6250.0	sd-peep
1068	Spectrogram 1	1	3088.050	3088.108	4000.0	18000.0	6250.0	sd-peep
1871	Spectrogram 1	1	3088.260	3088.313	3501.6	8550.5	6738.3	sd-peep
1069	Spectrogram 1	1	3088.413	3088.456	4000.0	18000.0	6152.3	sd-peep
1070	Spectrogram 1	1	3088.542	3088.592	4000.0	18000.0	6640.6	sd-peep
1071	Spectrogram 1	1	3088.704	3088.746	4000.0	18000.0	6152.3	sd-peep
1072	Spectrogram 1	1	3091.250	3091.314	4000.0	18000.0	6640.6	sd-peep
1872	Spectrogram 1	1	3189.036	3189.109	1873.0	11645.0	7128.9	sd-peep
1097	Spectrogram 1	1	3189.170	3189.220	4000.0	18000.0	6152.3	sd-peep
1873	Spectrogram 1	1	3189.294	3189.344	3257.3	9446.3	8203.1	sd-peep
1874	Spectrogram 1	1	3189.440	3189.487	1221.5	7817.6	5859.4	sd-peep
1875	Spectrogram 1	1	3189.669	3189.708	2768.7	7980.5	5957.0	sd-peep
1876	Spectrogram 1	1	3190.179	3190.239	1873.0	9772.0	7714.8	sd-peep
1098	Spectrogram 1	1	3190.364	3190.432	4000.0	18000.0	7714.8	sd-peep
1877	Spectrogram 1	1	3190.513	3190.573	2524.4	8713.4	5468.7	sd-peep
1878	Spectrogram 1	1	3190.656	3190.699	2524.4	7654.7	5664.1	sd-peep
1100	Spectrogram 1	1	3214.038	3214.100	4000.0	18000.0	8789.1	sd-peep
1117	Spectrogram 1	1	3251.288	3251.364	4000.0	18000.0	10058.6	sd-peep
1879	Spectrogram 1	1	3251.415	3251.478	1791.5	10423.5	8105.5	sd-peep
1880	Spectrogram 1	1	3251.544	3251.600	3745.9	9202.0	6347.7	sd-peep
1881	Spectrogram 1	1	3251.680	3251.726	2443.0	9120.5	5371.1	sd-peep
1119	Spectrogram 1	1	3267.694	3267.764	4000.0	18000.0	9570.3	sd-peep
1126	Spectrogram 1	1	3290.648	3290.718	4000.0	18000.0	9765.6	sd-peep
1133	Spectrogram 1	1	3300.374	3300.430	4000.0	18000.0	7128.9	sd-peep
1153	Spectrogram 1	1	3375.408	3375.468	4000.0	18000.0	6933.6	sd-peep
1154	Spectrogram 1	1	3375.524	3375.584	4000.0	18000.0	6250.0	sd-peep
1155	Spectrogram 1	1	3375.692	3375.748	4000.0	18000.0	6152.3	sd-peep
1161	Spectrogram 1	1	3379.240	3379.296	4000.0	18000.0	6445.3	sd-peep
1884	Spectrogram 1	1	3379.357	3379.424	3664.5	9283.4	7031.2	sd-peep
1162	Spectrogram 1	1	3379.512	3379.564	4000.0	18000.0	6347.7	sd-peep
1885	Spectrogram 1	1	3379.646	3379.702	3094.5	7329.0	6347.7	sd-peep
1886	Spectrogram 1	1	3379.927	3379.980	1221.5	13680.8	6347.7	sd-peep
1887	Spectrogram 1	1	3380.116	3380.169	2605.9	14576.5	6347.7	sd-peep
1888	Spectrogram 1	1	3380.242	3380.298	2605.9	14820.8	6347.7	sd-peep
1889	Spectrogram 1	1	3380.408	3380.464	2198.7	14169.4	6347.7	sd-peep
1169	Spectrogram 1	1	3404.395	3404.464	4000.0	18000.0	10058.6	sd-peep
1175	Spectrogram 1	1	3420.668	3420.736	4000.0	18000.0	8593.7	sd-peep
1180	Spectrogram 1	1	3445.074	3445.158	4000.0	18000.0	9765.6	sd-peep
1186	Spectrogram 1	1	3449.532	3449.581	4000.0	18000.0	9960.9	sd-peep
1187	Spectrogram 1	1	3450.250	3450.298	4000.0	18000.0	6933.6	sd-peep
1198	Spectrogram 1	1	3477.672	3477.742	4000.0	18000.0	7812.5	sd-peep
1896	Spectrogram 1	1	3477.795	3477.861	3501.6	11319.2	6445.3	sd-peep
1199	Spectrogram 1	1	3477.934	3477.984	4000.0	18000.0	6054.7	sd-peep
1897	Spectrogram 1	1	3478.109	3478.166	5781.8	12785.0	6152.3	sd-peep
1898	Spectrogram 1	1	3478.616	3478.669	2605.9	12459.3	6152.3	sd-peep
1211	Spectrogram 1	1	3523.292	3523.346	4000.0	18000.0	6835.9	sd-peep
1212	Spectrogram 1	1	3523.434	3523.492	4000.0	18000.0	6445.3	sd-peep
1899	Spectrogram 1	1	3523.556	3523.609	3583.1	8794.8	6445.3	sd-peep
1900	Spectrogram 1	1	3523.722	3523.782	3501.6	7980.5	5371.1	sd-peep
1901	Spectrogram 1	1	3525.011	3525.070	1873.0	10912.1	5957.0	sd-peep
1902	Spectrogram 1	1	3525.146	3525.199	3257.3	7573.3	5957.0	sd-peep
1903	Spectrogram 1	1	3526.081	3526.137	3175.9	9772.0	5957.0	sd-peep
1217	Spectrogram 1	1	3552.146	3552.196	4000.0	18000.0	6250.0	sd-peep
1227	Spectrogram 1	1	3609.174	3609.232	4000.0	18000.0	6250.0	sd-peep
1260	Spectrogram 1	1	3863.254	3863.318	4000.0	18000.0	8789.1	sd-peep
1336	Spectrogram 1	1	4417.102	4417.160	4000.0	18000.0	6543.0	sd-peep
1342	Spectrogram 1	1	4448.782	4448.835	4000.0	18000.0	6543.0	sd-peep
1355	Spectrogram 1	1	4745.078	4745.144	4000.0	18000.0	8691.4	sd-peep
1429	Spectrogram 1	1	5141.044	5141.100	4000.0	18000.0	9082.0	sd-peep
1457	Spectrogram 1	1	5423.268	5423.324	4000.0	18000.0	6835.9	sd-peep
1920	Spectrogram 1	1	5647.688	5647.738	3501.6	10993.5	6445.3	sd-peep
1477	Spectrogram 1	1	5652.142	5652.198	4000.0	18000.0	6835.9	sd-peep
3	Spectrogram 1	1	5.284	5.902	4000.0	18000.0	9472.7	trill
4	Spectrogram 1	1	6.066	6.586	4000.0	18000.0	9863.3	trill
5	Spectrogram 1	1	6.732	7.179	4000.0	18000.0	9082.0	trill
7	Spectrogram 1	1	20.710	21.230	4000.0	18000.0	8496.1	trill
9	Spectrogram 1	1	21.445	22.015	4000.0	18000.0	8300.8	trill
11	Spectrogram 1	1	22.152	22.568	4000.0	18000.0	8300.8	trill
12	Spectrogram 1	1	22.708	23.028	4000.0	18000.0	8203.1	trill
13	Spectrogram 1	1	23.158	23.400	4000.0	18000.0	7714.8	trill
27	Spectrogram 1	1	40.274	40.698	4000.0	18000.0	8691.4	trill
28	Spectrogram 1	1	40.872	41.382	4000.0	18000.0	8007.8	trill
29	Spectrogram 1	1	41.528	42.034	4000.0	18000.0	9863.3	trill
30	Spectrogram 1	1	42.186	42.706	4000.0	18000.0	7910.2	trill
31	Spectrogram 1	1	42.880	42.942	4000.0	18000.0	6152.3	trill
32	Spectrogram 1	1	51.042	51.536	4000.0	18000.0	9570.3	trill
33	Spectrogram 1	1	51.828	52.478	4000.0	18000.0	7519.5	trill
34	Spectrogram 1	1	52.647	53.308	4000.0	18000.0	10156.2	trill
35	Spectrogram 1	1	53.462	53.909	4000.0	18000.0	7519.5	trill
38	Spectrogram 1	1	59.596	60.054	4000.0	18000.0	7812.5	trill
39	Spectrogram 1	1	60.160	60.608	4000.0	18000.0	7812.5	trill
40	Spectrogram 1	1	60.794	61.200	4000.0	18000.0	7910.2	trill
46	Spectrogram 1	1	80.408	81.112	4000.0	18000.0	8203.1	trill
1521	Spectrogram 1	1	81.857	82.244	4966.9	19784.8	7519.5	trill
48	Spectrogram 1	1	82.368	82.658	4000.0	18000.0	7519.5	trill
49	Spectrogram 1	1	89.394	89.780	4000.0	18000.0	7324.2	trill
50	Spectrogram 1	1	89.918	90.194	4000.0	18000.0	8105.5	trill
51	Spectrogram 1	1	90.288	90.512	4000.0	18000.0	8105.5	trill
52	Spectrogram 1	1	90.655	90.810	4000.0	18000.0	7421.9	trill
53	Spectrogram 1	1	90.958	91.091	4000.0	18000.0	6835.9	trill
55	Spectrogram 1	1	101.710	102.174	4000.0	18000.0	7910.2	trill
56	Spectrogram 1	1	102.280	102.700	4000.0	18000.0	7617.2	trill
57	Spectrogram 1	1	102.890	103.244	4000.0	18000.0	8007.8	trill
58	Spectrogram 1	1	103.451	103.702	4000.0	18000.0	7714.8	trill
59	Spectrogram 1	1	103.896	104.048	4000.0	18000.0	7128.9	trill
62	Spectrogram 1	1	126.538	126.905	4000.0	18000.0	10156.2	trill
63	Spectrogram 1	1	143.734	144.259	4000.0	18000.0	8691.4	trill
65	Spectrogram 1	1	144.386	144.775	4000.0	18000.0	7812.5	trill
67	Spectrogram 1	1	144.908	145.292	4000.0	18000.0	7812.5	trill
69	Spectrogram 1	1	145.428	145.636	4000.0	18000.0	7812.5	trill
89	Spectrogram 1	1	157.850	158.344	4000.0	18000.0	8496.1	trill
90	Spectrogram 1	1	158.505	159.022	4000.0	18000.0	7714.8	trill
91	Spectrogram 1	1	159.210	159.666	4000.0	18000.0	7617.2	trill
92	Spectrogram 1	1	159.846	160.092	4000.0	18000.0	7324.2	trill
117	Spectrogram 1	1	176.776	177.352	4000.0	18000.0	8105.5	trill
118	Spectrogram 1	1	177.526	178.072	4000.0	18000.0	8203.1	trill
119	Spectrogram 1	1	178.196	178.818	4000.0	18000.0	8203.1	trill
120	Spectrogram 1	1	178.975	179.376	4000.0	18000.0	8203.1	trill
121	Spectrogram 1	1	179.496	179.778	4000.0	18000.0	7519.5	trill
125	Spectrogram 1	1	184.434	184.794	4000.0	18000.0	7421.9	trill
126	Spectrogram 1	1	184.947	185.318	4000.0	18000.0	7714.8	trill
127	Spectrogram 1	1	185.514	185.882	4000.0	18000.0	7714.8	trill
128	Spectrogram 1	1	185.982	186.314	4000.0	18000.0	7714.8	trill
129	Spectrogram 1	1	186.438	186.620	4000.0	18000.0	6640.6	trill
132	Spectrogram 1	1	207.384	207.958	4000.0	18000.0	8496.1	trill
133	Spectrogram 1	1	208.092	208.546	4000.0	18000.0	7617.2	trill
134	Spectrogram 1	1	208.692	209.136	4000.0	18000.0	7617.2	trill
135	Spectrogram 1	1	209.245	209.482	4000.0	18000.0	7617.2	trill
139	Spectrogram 1	1	225.602	226.132	4000.0	18000.0	8105.5	trill
140	Spectrogram 1	1	226.304	226.742	4000.0	18000.0	7812.5	trill
141	Spectrogram 1	1	226.886	227.315	4000.0	18000.0	7812.5	trill
142	Spectrogram 1	1	227.471	227.754	4000.0	18000.0	8203.1	trill
143	Spectrogram 1	1	227.908	228.076	4000.0	18000.0	6640.6	trill
149	Spectrogram 1	1	233.473	233.924	4000.0	18000.0	6640.6	trill
150	Spectrogram 1	1	233.963	234.052	4000.0	18000.0	7617.2	trill
151	Spectrogram 1	1	234.232	234.705	4000.0	18000.0	7519.5	trill
153	Spectrogram 1	1	234.844	235.356	4000.0	18000.0	7421.9	trill
154	Spectrogram 1	1	235.524	235.842	4000.0	18000.0	7421.9	trill
158	Spectrogram 1	1	250.014	250.552	4000.0	18000.0	7910.2	trill
159	Spectrogram 1	1	250.675	251.205	4000.0	18000.0	7910.2	trill
160	Spectrogram 1	1	251.366	251.918	4000.0	18000.0	7910.2	trill
161	Spectrogram 1	1	252.066	252.311	4000.0	18000.0	7617.2	trill
165	Spectrogram 1	1	289.368	290.037	4000.0	18000.0	8496.1	trill
166	Spectrogram 1	1	290.196	290.698	4000.0	18000.0	7910.2	trill
167	Spectrogram 1	1	290.834	291.158	4000.0	18000.0	8300.8	trill
168	Spectrogram 1	1	291.314	291.512	4000.0	18000.0	7324.2	trill
174	Spectrogram 1	1	313.348	313.686	4000.0	18000.0	7031.2	trill
175	Spectrogram 1	1	313.844	314.258	4000.0	18000.0	7714.8	trill
176	Spectrogram 1	1	314.394	314.724	4000.0	18000.0	7714.8	trill
177	Spectrogram 1	1	314.868	315.134	4000.0	18000.0	7910.2	trill
178	Spectrogram 1	1	315.252	315.438	4000.0	18000.0	7617.2	trill
180	Spectrogram 1	1	322.122	322.612	4000.0	18000.0	7324.2	trill
181	Spectrogram 1	1	322.738	323.094	4000.0	18000.0	8300.8	trill
182	Spectrogram 1	1	323.196	323.486	4000.0	18000.0	7714.8	trill
183	Spectrogram 1	1	323.630	323.862	4000.0	18000.0	7324.2	trill
187	Spectrogram 1	1	334.572	335.109	4000.0	18000.0	8691.4	trill
188	Spectrogram 1	1	335.290	335.748	4000.0	18000.0	8691.4	trill
189	Spectrogram 1	1	335.904	336.149	4000.0	18000.0	8105.5	trill
190	Spectrogram 1	1	336.260	336.497	4000.0	18000.0	7421.9	trill
193	Spectrogram 1	1	354.980	355.424	4000.0	18000.0	7519.5	trill
194	Spectrogram 1	1	355.558	355.878	4000.0	18000.0	7519.5	trill
195	Spectrogram 1	1	355.992	356.274	4000.0	18000.0	7519.5	trill
196	Spectrogram 1	1	356.402	356.588	4000.0	18000.0	7519.5	trill
197	Spectrogram 1	1	356.698	356.854	4000.0	18000.0	7128.9	trill
1580	Spectrogram 1	1	369.092	369.165	4214.6	10249.0	9082.0	trill
199	Spectrogram 1	1	369.260	369.774	4000.0	18000.0	8203.1	trill
200	Spectrogram 1	1	369.980	370.482	4000.0	18000.0	10058.6	trill
201	Spectrogram 1	1	370.610	371.092	4000.0	18000.0	8105.5	trill
202	Spectrogram 1	1	371.222	371.560	4000.0	18000.0	7421.9	trill
203	Spectrogram 1	1	371.704	371.780	4000.0	18000.0	6445.3	trill
207	Spectrogram 1	1	383.152	383.558	4000.0	18000.0	7324.2	trill
208	Spectrogram 1	1	383.726	384.124	4000.0	18000.0	7714.8	trill
209	Spectrogram 1	1	384.288	384.644	4000.0	18000.0	7714.8	trill
210	Spectrogram 1	1	384.796	385.116	4000.0	18000.0	7714.8	trill
211	Spectrogram 1	1	385.268	385.468	4000.0	18000.0	7714.8	trill
213	Spectrogram 1	1	391.710	392.038	4000.0	18000.0	4687.5	trill
220	Spectrogram 1	1	411.884	412.408	4000.0	18000.0	8496.1	trill
1594	Spectrogram 1	1	412.540	413.008	3544.1	16858.2	8496.1	trill
222	Spectrogram 1	1	413.158	413.405	4000.0	18000.0	8496.1	trill
224	Spectrogram 1	1	413.536	413.662	4000.0	18000.0	7714.8	trill
231	Spectrogram 1	1	427.494	428.104	4000.0	18000.0	8593.7	trill
232	Spectrogram 1	1	428.222	428.722	4000.0	18000.0	7519.5	trill
233	Spectrogram 1	1	428.862	429.324	4000.0	18000.0	7617.2	trill
234	Spectrogram 1	1	429.454	429.828	4000.0	18000.0	7812.5	trill
238	Spectrogram 1	1	471.570	472.005	4000.0	18000.0	6347.7	trill
239	Spectrogram 1	1	472.145	472.397	4000.0	18000.0	8593.7	trill
240	Spectrogram 1	1	472.542	472.850	4000.0	18000.0	8105.5	trill
241	Spectrogram 1	1	473.000	473.222	4000.0	18000.0	8593.7	trill
242	Spectrogram 1	1	473.400	473.568	4000.0	18000.0	7324.2	trill
1604	Spectrogram 1	1	473.752	473.858	4789.3	13793.1	6835.9	trill
248	Spectrogram 1	1	494.647	495.108	4000.0	18000.0	7421.9	trill
249	Spectrogram 1	1	495.268	495.571	4000.0	18000.0	8007.8	trill
250	Spectrogram 1	1	495.744	496.035	4000.0	18000.0	7714.8	trill
251	Spectrogram 1	1	496.234	496.348	4000.0	18000.0	7714.8	trill
252	Spectrogram 1	1	499.993	500.271	4000.0	18000.0	7324.2	trill
253	Spectrogram 1	1	524.094	524.472	4000.0	18000.0	8105.5	trill
254	Spectrogram 1	1	524.608	524.966	4000.0	18000.0	8007.8	trill
255	Spectrogram 1	1	525.080	525.312	4000.0	18000.0	7812.5	trill
256	Spectrogram 1	1	525.416	525.568	4000.0	18000.0	7421.9	trill
257	Spectrogram 1	1	543.722	544.056	4000.0	18000.0	7812.5	trill
258	Spectrogram 1	1	544.206	544.602	4000.0	18000.0	7714.8	trill
259	Spectrogram 1	1	544.722	545.108	4000.0	18000.0	7714.8	trill
260	Spectrogram 1	1	545.257	545.476	4000.0	18000.0	7812.5	trill
261	Spectrogram 1	1	545.592	545.731	4000.0	18000.0	6933.6	trill
262	Spectrogram 1	1	545.928	545.994	4000.0	18000.0	7128.9	trill
267	Spectrogram 1	1	571.103	571.516	4000.0	18000.0	6054.7	trill
268	Spectrogram 1	1	607.903	608.360	4000.0	18000.0	7128.9	trill
269	Spectrogram 1	1	608.533	608.880	4000.0	18000.0	7812.5	trill
271	Spectrogram 1	1	609.012	609.291	4000.0	18000.0	7324.2	trill
1617	Spectrogram 1	1	609.414	609.636	5651.3	17241.4	7324.2	trill
272	Spectrogram 1	1	609.762	609.920	4000.0	18000.0	7324.2	trill
273	Spectrogram 1	1	610.060	610.188	4000.0	18000.0	7031.2	trill
282	Spectrogram 1	1	623.494	624.028	4000.0	18000.0	8007.8	trill
283	Spectrogram 1	1	624.150	624.506	4000.0	18000.0	6640.6	trill
284	Spectrogram 1	1	624.622	624.760	4000.0	18000.0	6445.3	trill
285	Spectrogram 1	1	624.875	625.030	4000.0	18000.0	6445.3	trill
286	Spectrogram 1	1	625.200	625.274	4000.0	18000.0	6347.7	trill
287	Spectrogram 1	1	655.668	656.124	4000.0	18000.0	8398.4	trill
288	Spectrogram 1	1	656.327	656.811	4000.0	18000.0	7031.2	trill
291	Spectrogram 1	1	656.962	657.424	4000.0	18000.0	7617.2	trill
292	Spectrogram 1	1	657.544	657.917	4000.0	18000.0	7617.2	trill
293	Spectrogram 1	1	658.038	658.288	4000.0	18000.0	7031.2	trill
294	Spectrogram 1	1	658.434	658.486	4000.0	18000.0	6640.6	trill
299	Spectrogram 1	1	668.870	669.140	4000.0	18000.0	7421.9	trill
300	Spectrogram 1	1	669.274	669.742	4000.0	18000.0	8203.1	trill
301	Spectrogram 1	1	669.888	670.254	4000.0	18000.0	8203.1	trill
302	Spectrogram 1	1	670.358	670.744	4000.0	18000.0	8203.1	trill
303	Spectrogram 1	1	670.876	671.138	4000.0	18000.0	7421.9	trill
1624	Spectrogram 1	1	677.950	677.989	3160.9	9674.3	6835.9	trill
305	Spectrogram 1	1	678.896	679.106	4000.0	18000.0	7617.2	trill
306	Spectrogram 1	1	679.268	679.470	4000.0	18000.0	7617.2	trill
1626	Spectrogram 1	1	679.639	679.848	5842.9	17049.8	7617.2	trill
307	Spectrogram 1	1	680.017	680.154	4000.0	18000.0	7617.2	trill
322	Spectrogram 1	1	695.860	696.338	4000.0	18000.0	7519.5	trill
323	Spectrogram 1	1	696.489	696.988	4000.0	18000.0	7421.9	trill
324	Spectrogram 1	1	697.138	697.552	4000.0	18000.0	8398.4	trill
325	Spectrogram 1	1	697.712	697.931	4000.0	18000.0	7324.2	trill
1646	Spectrogram 1	1	697.948	698.011	3927.2	16379.3	7714.8	trill
326	Spectrogram 1	1	698.146	698.319	4000.0	18000.0	6543.0	trill
1647	Spectrogram 1	1	698.336	698.392	4885.1	11398.5	6250.0	trill
333	Spectrogram 1	1	719.806	720.326	4000.0	18000.0	8398.4	trill
334	Spectrogram 1	1	720.484	720.836	4000.0	18000.0	8886.7	trill
335	Spectrogram 1	1	721.000	721.362	4000.0	18000.0	8886.7	trill
336	Spectrogram 1	1	721.514	721.832	4000.0	18000.0	7324.2	trill
343	Spectrogram 1	1	737.110	737.674	4000.0	18000.0	8007.8	trill
344	Spectrogram 1	1	737.872	738.402	4000.0	18000.0	8105.5	trill
345	Spectrogram 1	1	738.628	739.112	4000.0	18000.0	8496.1	trill
346	Spectrogram 1	1	739.220	739.551	4000.0	18000.0	8007.8	trill
348	Spectrogram 1	1	739.682	739.920	4000.0	18000.0	6543.0	trill
349	Spectrogram 1	1	740.024	740.076	4000.0	18000.0	6152.3	trill
354	Spectrogram 1	1	778.806	779.034	4000.0	18000.0	7519.5	trill
1654	Spectrogram 1	1	779.064	779.127	4885.1	16666.7	7812.5	trill
355	Spectrogram 1	1	779.263	779.588	4000.0	18000.0	7714.8	trill
356	Spectrogram 1	1	779.756	780.172	4000.0	18000.0	7714.8	trill
357	Spectrogram 1	1	780.272	780.544	4000.0	18000.0	7324.2	trill
358	Spectrogram 1	1	780.676	780.794	4000.0	18000.0	7324.2	trill
362	Spectrogram 1	1	784.526	784.591	4000.0	18000.0	6250.0	trill
363	Spectrogram 1	1	784.718	785.240	4000.0	18000.0	6543.0	trill
1655	Spectrogram 1	1	785.253	785.333	5555.6	16187.7	7519.5	trill
364	Spectrogram 1	1	785.462	785.794	4000.0	18000.0	7519.5	trill
365	Spectrogram 1	1	785.928	786.218	4000.0	18000.0	7519.5	trill
367	Spectrogram 1	1	786.356	786.540	4000.0	18000.0	7421.9	trill
368	Spectrogram 1	1	786.715	786.762	4000.0	18000.0	6738.3	trill
380	Spectrogram 1	1	810.004	810.378	4000.0	18000.0	7617.2	trill
381	Spectrogram 1	1	810.522	810.863	4000.0	18000.0	8300.8	trill
382	Spectrogram 1	1	811.006	811.296	4000.0	18000.0	7617.2	trill
383	Spectrogram 1	1	811.422	811.605	4000.0	18000.0	7519.5	trill
389	Spectrogram 1	1	838.976	839.518	4000.0	18000.0	7812.5	trill
390	Spectrogram 1	1	839.664	840.068	4000.0	18000.0	7812.5	trill
391	Spectrogram 1	1	840.198	840.474	4000.0	18000.0	7812.5	trill
1667	Spectrogram 1	1	840.616	840.769	4789.3	14942.5	7421.9	trill
393	Spectrogram 1	1	874.294	874.732	4000.0	18000.0	8105.5	trill
394	Spectrogram 1	1	874.860	875.280	4000.0	18000.0	7519.5	trill
395	Spectrogram 1	1	875.398	875.764	4000.0	18000.0	7617.2	trill
396	Spectrogram 1	1	875.918	875.980	4000.0	18000.0	7519.5	trill
399	Spectrogram 1	1	896.322	896.726	4000.0	18000.0	7910.2	trill
400	Spectrogram 1	1	896.828	897.102	4000.0	18000.0	7226.6	trill
401	Spectrogram 1	1	897.186	897.362	4000.0	18000.0	7421.9	trill
403	Spectrogram 1	1	929.668	930.302	4000.0	18000.0	7519.5	trill
404	Spectrogram 1	1	930.414	930.742	4000.0	18000.0	8203.1	trill
405	Spectrogram 1	1	930.864	931.126	4000.0	18000.0	8203.1	trill
406	Spectrogram 1	1	931.244	931.370	4000.0	18000.0	7031.2	trill
407	Spectrogram 1	1	935.198	935.744	4000.0	18000.0	7324.2	trill
408	Spectrogram 1	1	935.886	936.044	4000.0	18000.0	7519.5	trill
409	Spectrogram 1	1	936.174	936.366	4000.0	18000.0	7714.8	trill
410	Spectrogram 1	1	936.484	936.664	4000.0	18000.0	7714.8	trill
411	Spectrogram 1	1	936.822	937.006	4000.0	18000.0	7421.9	trill
412	Spectrogram 1	1	937.170	937.286	4000.0	18000.0	6543.0	trill
415	Spectrogram 1	1	949.422	950.036	4000.0	18000.0	8496.1	trill
416	Spectrogram 1	1	950.140	950.478	4000.0	18000.0	7519.5	trill
417	Spectrogram 1	1	950.620	950.928	4000.0	18000.0	8007.8	trill
418	Spectrogram 1	1	951.077	951.262	4000.0	18000.0	6933.6	trill
419	Spectrogram 1	1	962.260	962.834	4000.0	18000.0	6445.3	trill
420	Spectrogram 1	1	962.984	963.120	4000.0	18000.0	6738.3	trill
421	Spectrogram 1	1	963.296	963.364	4000.0	18000.0	6835.9	trill
431	Spectrogram 1	1	1018.918	1019.466	4000.0	18000.0	8398.4	trill
432	Spectrogram 1	1	1019.568	1020.069	4000.0	18000.0	7617.2	trill
433	Spectrogram 1	1	1020.216	1020.600	4000.0	18000.0	7617.2	trill
434	Spectrogram 1	1	1020.708	1021.030	4000.0	18000.0	6543.0	trill
435	Spectrogram 1	1	1021.134	1021.230	4000.0	18000.0	6445.3	trill
438	Spectrogram 1	1	1042.220	1042.319	4000.0	18000.0	6640.6	trill
1682	Spectrogram 1	1	1042.362	1042.624	5842.9	21647.5	7714.8	trill
1683	Spectrogram 1	1	1042.657	1042.727	6226.1	17433.0	7812.5	trill
439	Spectrogram 1	1	1042.830	1043.118	4000.0	18000.0	7812.5	trill
440	Spectrogram 1	1	1043.220	1043.474	4000.0	18000.0	7714.8	trill
441	Spectrogram 1	1	1043.590	1043.826	4000.0	18000.0	7519.5	trill
442	Spectrogram 1	1	1043.948	1044.132	4000.0	18000.0	7324.2	trill
443	Spectrogram 1	1	1044.274	1044.332	4000.0	18000.0	6543.0	trill
445	Spectrogram 1	1	1053.166	1053.746	4000.0	18000.0	8105.5	trill
446	Spectrogram 1	1	1053.882	1054.264	4000.0	18000.0	7714.8	trill
447	Spectrogram 1	1	1054.418	1054.844	4000.0	18000.0	7714.8	trill
448	Spectrogram 1	1	1055.000	1055.282	4000.0	18000.0	7714.8	trill
449	Spectrogram 1	1	1055.398	1055.570	4000.0	18000.0	6738.3	trill
481	Spectrogram 1	1	1079.188	1079.742	4000.0	18000.0	6933.6	trill
482	Spectrogram 1	1	1079.913	1080.407	4000.0	18000.0	6640.6	trill
483	Spectrogram 1	1	1080.540	1080.982	4000.0	18000.0	6543.0	trill
484	Spectrogram 1	1	1081.106	1081.478	4000.0	18000.0	6347.7	trill
485	Spectrogram 1	1	1081.634	1081.772	4000.0	18000.0	6152.3	trill
491	Spectrogram 1	1	1093.652	1094.320	4000.0	18000.0	8593.7	trill
492	Spectrogram 1	1	1094.497	1095.031	4000.0	18000.0	8593.7	trill
493	Spectrogram 1	1	1095.162	1095.664	4000.0	18000.0	8691.4	trill
494	Spectrogram 1	1	1095.766	1096.100	4000.0	18000.0	6347.7	trill
500	Spectrogram 1	1	1153.490	1154.015	4000.0	18000.0	6640.6	trill
1717	Spectrogram 1	1	1154.141	1154.343	5938.7	16092.0	8398.4	trill
502	Spectrogram 1	1	1154.496	1154.662	4000.0	18000.0	8398.4	trill
503	Spectrogram 1	1	1154.814	1154.949	4000.0	18000.0	8398.4	trill
504	Spectrogram 1	1	1155.098	1155.208	4000.0	18000.0	7324.2	trill
506	Spectrogram 1	1	1197.502	1198.132	4000.0	18000.0	8105.5	trill
507	Spectrogram 1	1	1198.244	1198.682	4000.0	18000.0	8007.8	trill
508	Spectrogram 1	1	1198.794	1199.140	4000.0	18000.0	7714.8	trill
1719	Spectrogram 1	1	1199.255	1199.424	2490.4	10632.2	7226.6	trill
514	Spectrogram 1	1	1239.714	1239.804	4000.0	18000.0	7421.9	trill
515	Spectrogram 1	1	1239.932	1240.246	4000.0	18000.0	7324.2	trill
1721	Spectrogram 1	1	1240.386	1240.581	6130.3	19157.1	7519.5	trill
516	Spectrogram 1	1	1240.710	1240.939	4000.0	18000.0	7324.2	trill
517	Spectrogram 1	1	1241.078	1241.222	4000.0	18000.0	7421.9	trill
518	Spectrogram 1	1	1280.010	1280.600	4000.0	18000.0	7617.2	trill
519	Spectrogram 1	1	1280.700	1280.886	4000.0	18000.0	7714.8	trill
520	Spectrogram 1	1	1281.006	1281.116	4000.0	18000.0	7324.2	trill
522	Spectrogram 1	1	1319.890	1320.426	4000.0	18000.0	8691.4	trill
523	Spectrogram 1	1	1320.562	1320.976	4000.0	18000.0	7421.9	trill
524	Spectrogram 1	1	1321.108	1321.433	4000.0	18000.0	7324.2	trill
526	Spectrogram 1	1	1321.560	1321.804	4000.0	18000.0	7128.9	trill
527	Spectrogram 1	1	1321.942	1322.096	4000.0	18000.0	7031.2	trill
529	Spectrogram 1	1	1339.734	1340.134	4000.0	18000.0	8007.8	trill
530	Spectrogram 1	1	1340.260	1340.682	4000.0	18000.0	8300.8	trill
531	Spectrogram 1	1	1340.806	1341.178	4000.0	18000.0	7617.2	trill
532	Spectrogram 1	1	1341.314	1341.630	4000.0	18000.0	8496.1	trill
533	Spectrogram 1	1	1341.762	1341.998	4000.0	18000.0	7617.2	trill
534	Spectrogram 1	1	1342.108	1342.270	4000.0	18000.0	6933.6	trill
546	Spectrogram 1	1	1394.212	1394.784	4000.0	18000.0	7812.5	trill
547	Spectrogram 1	1	1394.932	1395.310	4000.0	18000.0	8593.7	trill
548	Spectrogram 1	1	1395.460	1395.886	4000.0	18000.0	8593.7	trill
550	Spectrogram 1	1	1396.024	1396.268	4000.0	18000.0	7226.6	trill
551	Spectrogram 1	1	1396.414	1396.572	4000.0	18000.0	7226.6	trill
556	Spectrogram 1	1	1439.666	1440.266	4000.0	18000.0	6640.6	trill
561	Spectrogram 1	1	1443.242	1443.626	4000.0	18000.0	7617.2	trill
562	Spectrogram 1	1	1443.724	1444.050	4000.0	18000.0	7128.9	trill
563	Spectrogram 1	1	1444.160	1444.440	4000.0	18000.0	8300.8	trill
1737	Spectrogram 1	1	1444.546	1444.795	4693.5	17337.2	6835.9	trill
564	Spectrogram 1	1	1444.896	1445.050	4000.0	18000.0	6835.9	trill
565	Spectrogram 1	1	1445.172	1445.244	4000.0	18000.0	6543.0	trill
568	Spectrogram 1	1	1456.789	1457.122	4000.0	18000.0	7617.2	trill
569	Spectrogram 1	1	1457.264	1457.648	4000.0	18000.0	7226.6	trill
570	Spectrogram 1	1	1457.843	1458.201	4000.0	18000.0	7812.5	trill
572	Spectrogram 1	1	1458.386	1458.731	4000.0	18000.0	8593.7	trill
573	Spectrogram 1	1	1458.874	1459.025	4000.0	18000.0	7226.6	trill
574	Spectrogram 1	1	1459.204	1459.290	4000.0	18000.0	6543.0	trill
588	Spectrogram 1	1	1472.452	1472.684	4000.0	18000.0	5468.7	trill
589	Spectrogram 1	1	1473.105	1473.494	4000.0	18000.0	7519.5	trill
590	Spectrogram 1	1	1473.626	1473.959	4000.0	18000.0	7519.5	trill
1744	Spectrogram 1	1	1474.115	1474.320	5459.8	19636.0	7519.5	trill
591	Spectrogram 1	1	1474.482	1474.564	4000.0	18000.0	6835.9	trill
592	Spectrogram 1	1	1476.479	1476.926	4000.0	18000.0	7226.6	trill
600	Spectrogram 1	1	1540.598	1541.126	4000.0	18000.0	7421.9	trill
601	Spectrogram 1	1	1541.286	1541.714	4000.0	18000.0	7519.5	trill
602	Spectrogram 1	1	1541.872	1542.296	4000.0	18000.0	7421.9	trill
604	Spectrogram 1	1	1542.442	1542.766	4000.0	18000.0	7031.2	trill
605	Spectrogram 1	1	1542.880	1543.058	4000.0	18000.0	6835.9	trill
606	Spectrogram 1	1	1543.160	1543.238	4000.0	18000.0	6445.3	trill
608	Spectrogram 1	1	1557.640	1557.722	4000.0	18000.0	7617.2	trill
610	Spectrogram 1	1	1558.714	1559.072	4000.0	18000.0	7812.5	trill
1750	Spectrogram 1	1	1559.158	1559.529	4693.5	22701.1	8300.8	trill
1751	Spectrogram 1	1	1559.652	1559.986	4885.1	21264.4	7617.2	trill
611	Spectrogram 1	1	1560.114	1560.496	4000.0	18000.0	8203.1	trill
616	Spectrogram 1	1	1570.066	1570.554	4000.0	18000.0	7617.2	trill
617	Spectrogram 1	1	1570.666	1571.124	4000.0	18000.0	6347.7	trill
619	Spectrogram 1	1	1571.276	1571.698	4000.0	18000.0	7324.2	trill
620	Spectrogram 1	1	1571.856	1572.228	4000.0	18000.0	6835.9	trill
621	Spectrogram 1	1	1572.334	1572.460	4000.0	18000.0	6347.7	trill
636	Spectrogram 1	1	1584.676	1585.419	4000.0	18000.0	7226.6	trill
637	Spectrogram 1	1	1585.534	1585.846	4000.0	18000.0	7910.2	trill
638	Spectrogram 1	1	1585.962	1586.336	4000.0	18000.0	7421.9	trill
639	Spectrogram 1	1	1586.488	1586.860	4000.0	18000.0	7714.8	trill
641	Spectrogram 1	1	1587.012	1587.082	4000.0	18000.0	6640.6	trill
660	Spectrogram 1	1	1615.152	1615.644	4000.0	18000.0	7031.2	trill
661	Spectrogram 1	1	1615.774	1616.198	4000.0	18000.0	6835.9	trill
662	Spectrogram 1	1	1616.357	1616.692	4000.0	18000.0	6640.6	trill
663	Spectrogram 1	1	1616.824	1617.064	4000.0	18000.0	7031.2	trill
664	Spectrogram 1	1	1617.228	1617.412	4000.0	18000.0	6445.3	trill
667	Spectrogram 1	1	1638.252	1638.836	4000.0	18000.0	7519.5	trill
668	Spectrogram 1	1	1638.974	1639.404	4000.0	18000.0	7519.5	trill
669	Spectrogram 1	1	1639.546	1639.798	4000.0	18000.0	7519.5	trill
670	Spectrogram 1	1	1639.920	1640.160	4000.0	18000.0	7519.5	trill
671	Spectrogram 1	1	1640.320	1640.436	4000.0	18000.0	6445.3	trill
682	Spectrogram 1	1	1721.386	1721.854	4000.0	18000.0	7226.6	trill
683	Spectrogram 1	1	1721.974	1722.310	4000.0	18000.0	7421.9	trill
684	Spectrogram 1	1	1722.424	1722.722	4000.0	18000.0	7421.9	trill
685	Spectrogram 1	1	1722.848	1723.100	4000.0	18000.0	7128.9	trill
686	Spectrogram 1	1	1723.210	1723.364	4000.0	18000.0	7128.9	trill
1771	Spectrogram 1	1	1723.486	1723.552	5172.4	14080.5	6738.3	trill
692	Spectrogram 1	1	1749.200	1749.706	4000.0	18000.0	8007.8	trill
693	Spectrogram 1	1	1749.852	1750.220	4000.0	18000.0	7617.2	trill
694	Spectrogram 1	1	1750.356	1750.708	4000.0	18000.0	7519.5	trill
695	Spectrogram 1	1	1750.838	1751.104	4000.0	18000.0	7324.2	trill
696	Spectrogram 1	1	1751.224	1751.438	4000.0	18000.0	7421.9	trill
698	Spectrogram 1	1	1751.554	1751.630	4000.0	18000.0	6933.6	trill
715	Spectrogram 1	1	1780.416	1781.008	4000.0	18000.0	7714.8	trill
716	Spectrogram 1	1	1781.122	1781.540	4000.0	18000.0	7421.9	trill
717	Spectrogram 1	1	1781.682	1782.110	4000.0	18000.0	7421.9	trill
718	Spectrogram 1	1	1782.268	1782.606	4000.0	18000.0	7128.9	trill
719	Spectrogram 1	1	1782.752	1783.124	4000.0	18000.0	7519.5	trill
720	Spectrogram 1	1	1783.284	1783.491	4000.0	18000.0	6347.7	trill
722	Spectrogram 1	1	1783.616	1783.706	4000.0	18000.0	6152.3	trill
728	Spectrogram 1	1	1810.462	1810.986	4000.0	18000.0	8496.1	trill
729	Spectrogram 1	1	1811.148	1811.554	4000.0	18000.0	8398.4	trill
730	Spectrogram 1	1	1811.742	1812.140	4000.0	18000.0	8398.4	trill
731	Spectrogram 1	1	1812.262	1812.612	4000.0	18000.0	8398.4	trill
732	Spectrogram 1	1	1812.752	1812.993	4000.0	18000.0	7128.9	trill
738	Spectrogram 1	1	1835.538	1835.908	4000.0	18000.0	7421.9	trill
739	Spectrogram 1	1	1836.068	1836.258	4000.0	18000.0	6933.6	trill
740	Spectrogram 1	1	1836.428	1836.508	4000.0	18000.0	7031.2	trill
743	Spectrogram 1	1	1844.542	1844.686	4000.0	18000.0	7714.8	trill
1780	Spectrogram 1	1	1844.749	1844.901	4597.7	19348.7	7324.2	trill
744	Spectrogram 1	1	1845.050	1845.491	4000.0	18000.0	7324.2	trill
745	Spectrogram 1	1	1845.638	1846.094	4000.0	18000.0	7324.2	trill
747	Spectrogram 1	1	1846.270	1846.670	4000.0	18000.0	8007.8	trill
749	Spectrogram 1	1	1846.786	1847.098	4000.0	18000.0	7324.2	trill
750	Spectrogram 1	1	1847.230	1847.374	4000.0	18000.0	6250.0	trill
755	Spectrogram 1	1	1904.906	1905.194	4000.0	18000.0	8691.4	trill
758	Spectrogram 1	1	1912.034	1912.348	4000.0	18000.0	7421.9	trill
759	Spectrogram 1	1	1912.501	1912.869	4000.0	18000.0	7421.9	trill
760	Spectrogram 1	1	1913.016	1913.313	4000.0	18000.0	7421.9	trill
761	Spectrogram 1	1	1913.466	1913.678	4000.0	18000.0	7421.9	trill
762	Spectrogram 1	1	1913.859	1913.998	4000.0	18000.0	7421.9	trill
763	Spectrogram 1	1	1995.266	1995.858	4000.0	18000.0	7226.6	trill
766	Spectrogram 1	1	2016.596	2017.253	4000.0	18000.0	7812.5	trill
767	Spectrogram 1	1	2017.394	2017.740	4000.0	18000.0	7519.5	trill
769	Spectrogram 1	1	2017.922	2018.187	4000.0	18000.0	7421.9	trill
770	Spectrogram 1	1	2018.334	2018.488	4000.0	18000.0	7421.9	trill
774	Spectrogram 1	1	2062.550	2062.614	4000.0	18000.0	6445.3	trill
775	Spectrogram 1	1	2062.692	2062.806	4000.0	18000.0	6445.3	trill
776	Spectrogram 1	1	2062.900	2063.122	4000.0	18000.0	7421.9	trill
777	Spectrogram 1	1	2063.336	2063.672	4000.0	18000.0	7910.2	trill
778	Spectrogram 1	1	2063.861	2064.186	4000.0	18000.0	7519.5	trill
779	Spectrogram 1	1	2064.340	2064.556	4000.0	18000.0	7421.9	trill
780	Spectrogram 1	1	2064.740	2064.868	4000.0	18000.0	7421.9	trill
782	Spectrogram 1	1	2084.160	2084.746	4000.0	18000.0	7617.2	trill
783	Spectrogram 1	1	2084.904	2085.166	4000.0	18000.0	7519.5	trill
785	Spectrogram 1	1	2085.358	2085.630	4000.0	18000.0	7519.5	trill
786	Spectrogram 1	1	2085.800	2085.950	4000.0	18000.0	7421.9	trill
812	Spectrogram 1	1	2178.360	2178.580	4000.0	18000.0	6347.7	trill
814	Spectrogram 1	1	2195.310	2195.807	4000.0	18000.0	6347.7	trill
815	Spectrogram 1	1	2196.048	2196.330	4000.0	18000.0	7031.2	trill
816	Spectrogram 1	1	2196.528	2196.936	4000.0	18000.0	7519.5	trill
1803	Spectrogram 1	1	2197.095	2197.324	5268.2	13984.7	7128.9	trill
817	Spectrogram 1	1	2197.484	2197.600	4000.0	18000.0	7031.2	trill
826	Spectrogram 1	1	2223.252	2223.730	4000.0	18000.0	7031.2	trill
827	Spectrogram 1	1	2224.042	2224.284	4000.0	18000.0	7031.2	trill
828	Spectrogram 1	1	2224.444	2224.709	4000.0	18000.0	7031.2	trill
830	Spectrogram 1	1	2224.903	2225.102	4000.0	18000.0	7128.9	trill
831	Spectrogram 1	1	2225.284	2225.358	4000.0	18000.0	7031.2	trill
850	Spectrogram 1	1	2333.680	2334.224	4000.0	18000.0	8105.5	trill
851	Spectrogram 1	1	2334.360	2334.720	4000.0	18000.0	7910.2	trill
852	Spectrogram 1	1	2334.886	2335.180	4000.0	18000.0	7910.2	trill
853	Spectrogram 1	1	2335.304	2335.578	4000.0	18000.0	7910.2	trill
854	Spectrogram 1	1	2335.734	2335.860	4000.0	18000.0	7031.2	trill
860	Spectrogram 1	1	2345.052	2345.114	4000.0	18000.0	9082.0	trill
861	Spectrogram 1	1	2345.210	2345.658	4000.0	18000.0	7519.5	trill
862	Spectrogram 1	1	2345.786	2346.208	4000.0	18000.0	7519.5	trill
863	Spectrogram 1	1	2346.352	2346.710	4000.0	18000.0	7519.5	trill
864	Spectrogram 1	1	2346.854	2347.078	4000.0	18000.0	7519.5	trill
865	Spectrogram 1	1	2347.242	2347.420	4000.0	18000.0	7128.9	trill
866	Spectrogram 1	1	2347.592	2347.664	4000.0	18000.0	6640.6	trill
867	Spectrogram 1	1	2358.696	2358.774	4000.0	18000.0	7714.8	trill
1823	Spectrogram 1	1	2358.868	2359.371	3501.6	16612.4	7519.5	trill
868	Spectrogram 1	1	2359.502	2359.744	4000.0	18000.0	7421.9	trill
869	Spectrogram 1	1	2359.870	2360.138	4000.0	18000.0	7519.5	trill
870	Spectrogram 1	1	2360.286	2360.538	4000.0	18000.0	7519.5	trill
871	Spectrogram 1	1	2360.672	2360.810	4000.0	18000.0	6640.6	trill
1825	Spectrogram 1	1	2376.957	2377.034	3664.5	9527.7	9082.0	trill
873	Spectrogram 1	1	2377.118	2377.556	4000.0	18000.0	5859.4	trill
874	Spectrogram 1	1	2377.696	2377.824	4000.0	18000.0	7226.6	trill
875	Spectrogram 1	1	2377.948	2378.054	4000.0	18000.0	6933.6	trill
876	Spectrogram 1	1	2378.194	2378.272	4000.0	18000.0	6640.6	trill
882	Spectrogram 1	1	2392.172	2392.662	4000.0	18000.0	8105.5	trill
883	Spectrogram 1	1	2392.809	2393.289	4000.0	18000.0	6543.0	trill
884	Spectrogram 1	1	2393.416	2393.882	4000.0	18000.0	7421.9	trill
885	Spectrogram 1	1	2394.018	2394.404	4000.0	18000.0	7226.6	trill
886	Spectrogram 1	1	2394.532	2394.750	4000.0	18000.0	6543.0	trill
897	Spectrogram 1	1	2413.522	2414.074	4000.0	18000.0	8496.1	trill
899	Spectrogram 1	1	2414.253	2414.764	4000.0	18000.0	8496.1	trill
900	Spectrogram 1	1	2414.882	2415.294	4000.0	18000.0	7128.9	trill
901	Spectrogram 1	1	2415.444	2415.718	4000.0	18000.0	7128.9	trill
904	Spectrogram 1	1	2439.756	2440.072	4000.0	18000.0	7128.9	trill
905	Spectrogram 1	1	2440.277	2440.362	4000.0	18000.0	7421.9	trill
911	Spectrogram 1	1	2447.216	2447.884	4000.0	18000.0	7128.9	trill
912	Spectrogram 1	1	2448.088	2448.474	4000.0	18000.0	7910.2	trill
913	Spectrogram 1	1	2448.608	2448.872	4000.0	18000.0	7421.9	trill
914	Spectrogram 1	1	2449.024	2449.187	4000.0	18000.0	7128.9	trill
917	Spectrogram 1	1	2495.736	2496.014	4000.0	18000.0	4687.5	trill
1853	Spectrogram 1	1	2496.060	2496.339	4316.0	15960.9	7519.5	trill
918	Spectrogram 1	1	2496.498	2496.699	4000.0	18000.0	7519.5	trill
919	Spectrogram 1	1	2496.850	2497.067	4000.0	18000.0	7421.9	trill
920	Spectrogram 1	1	2497.262	2497.330	4000.0	18000.0	7031.2	trill
955	Spectrogram 1	1	2564.184	2564.328	4000.0	18000.0	6250.0	trill
956	Spectrogram 1	1	2564.384	2564.670	4000.0	18000.0	8105.5	trill
957	Spectrogram 1	1	2564.859	2565.234	4000.0	18000.0	7324.2	trill
1854	Spectrogram 1	1	2565.395	2565.637	5374.6	16042.3	7226.6	trill
1855	Spectrogram 1	1	2565.766	2565.939	5211.7	15309.4	7226.6	trill
1856	Spectrogram 1	1	2566.091	2566.177	5130.3	13192.2	7031.2	trill
958	Spectrogram 1	1	2574.958	2575.273	4000.0	18000.0	8203.1	trill
962	Spectrogram 1	1	2620.226	2620.662	4000.0	18000.0	7519.5	trill
963	Spectrogram 1	1	2620.824	2621.086	4000.0	18000.0	7519.5	trill
964	Spectrogram 1	1	2621.262	2621.448	4000.0	18000.0	7128.9	trill
965	Spectrogram 1	1	2621.564	2621.734	4000.0	18000.0	7128.9	trill
966	Spectrogram 1	1	2621.856	2621.986	4000.0	18000.0	7128.9	trill
967	Spectrogram 1	1	2622.160	2622.233	4000.0	18000.0	6835.9	trill
974	Spectrogram 1	1	2681.230	2681.576	4000.0	18000.0	7226.6	trill
975	Spectrogram 1	1	2681.690	2681.902	4000.0	18000.0	7226.6	trill
976	Spectrogram 1	1	2682.041	2682.256	4000.0	18000.0	7226.6	trill
977	Spectrogram 1	1	2682.406	2682.530	4000.0	18000.0	6543.0	trill
978	Spectrogram 1	1	2682.698	2682.770	4000.0	18000.0	7031.2	trill
979	Spectrogram 1	1	2701.282	2701.902	4000.0	18000.0	7910.2	trill
980	Spectrogram 1	1	2702.024	2702.400	4000.0	18000.0	7812.5	trill
981	Spectrogram 1	1	2702.548	2702.838	4000.0	18000.0	7910.2	trill
1859	Spectrogram 1	1	2702.940	2703.212	5293.2	21009.8	7031.2	trill
982	Spectrogram 1	1	2703.344	2703.478	4000.0	18000.0	7031.2	trill
989	Spectrogram 1	1	2759.016	2759.633	4000.0	18000.0	6640.6	trill
1862	Spectrogram 1	1	2759.785	2760.179	5130.3	17833.9	7128.9	trill
990	Spectrogram 1	1	2760.320	2760.577	4000.0	18000.0	7128.9	trill
991	Spectrogram 1	1	2760.719	2760.878	4000.0	18000.0	6933.6	trill
1000	Spectrogram 1	1	2817.880	2818.020	4000.0	18000.0	7031.2	trill
1001	Spectrogram 1	1	2818.090	2818.251	4000.0	18000.0	7910.2	trill
1002	Spectrogram 1	1	2818.500	2818.722	4000.0	18000.0	8105.5	trill
1003	Spectrogram 1	1	2818.920	2819.060	4000.0	18000.0	7519.5	trill
1004	Spectrogram 1	1	2819.246	2819.348	4000.0	18000.0	7324.2	trill
1007	Spectrogram 1	1	2823.048	2823.102	4000.0	18000.0	7324.2	trill
1010	Spectrogram 1	1	2856.828	2857.308	4000.0	18000.0	8007.8	trill
1011	Spectrogram 1	1	2857.452	2857.868	4000.0	18000.0	7519.5	trill
1012	Spectrogram 1	1	2857.984	2858.358	4000.0	18000.0	8398.4	trill
1013	Spectrogram 1	1	2858.478	2858.693	4000.0	18000.0	7031.2	trill
1014	Spectrogram 1	1	2858.834	2858.918	4000.0	18000.0	6835.9	trill
1015	Spectrogram 1	1	2870.966	2871.040	4000.0	18000.0	6640.6	trill
1016	Spectrogram 1	1	2871.158	2871.594	4000.0	18000.0	7617.2	trill
1017	Spectrogram 1	1	2871.768	2872.100	4000.0	18000.0	7617.2	trill
1018	Spectrogram 1	1	2872.222	2872.457	4000.0	18000.0	7714.8	trill
1020	Spectrogram 1	1	2872.650	2872.881	4000.0	18000.0	7519.5	trill
1021	Spectrogram 1	1	2873.056	2873.188	4000.0	18000.0	7031.2	trill
1032	Spectrogram 1	1	2910.724	2911.070	4000.0	18000.0	7324.2	trill
1033	Spectrogram 1	1	2911.276	2911.572	4000.0	18000.0	8105.5	trill
1034	Spectrogram 1	1	2911.728	2911.990	4000.0	18000.0	7324.2	trill
1035	Spectrogram 1	1	2912.144	2912.380	4000.0	18000.0	7324.2	trill
1868	Spectrogram 1	1	2912.513	2912.662	5374.6	10830.6	6835.9	trill
1043	Spectrogram 1	1	3003.185	3003.318	4000.0	18000.0	5957.0	trill
1044	Spectrogram 1	1	3003.424	3003.696	4000.0	18000.0	7519.5	trill
1869	Spectrogram 1	1	3004.004	3004.073	5618.9	10993.5	7324.2	trill
1053	Spectrogram 1	1	3064.976	3065.504	4000.0	18000.0	7519.5	trill
1054	Spectrogram 1	1	3065.646	3065.780	4000.0	18000.0	7519.5	trill
1870	Spectrogram 1	1	3065.946	3066.022	6107.5	11563.5	7128.9	trill
1060	Spectrogram 1	1	3077.538	3077.994	4000.0	18000.0	6543.0	trill
1076	Spectrogram 1	1	3091.840	3092.336	4000.0	18000.0	7421.9	trill
1077	Spectrogram 1	1	3092.464	3092.848	4000.0	18000.0	7128.9	trill
1078	Spectrogram 1	1	3092.950	3093.242	4000.0	18000.0	7519.5	trill
1079	Spectrogram 1	1	3093.356	3093.531	4000.0	18000.0	6738.3	trill
1082	Spectrogram 1	1	3133.058	3133.688	4000.0	18000.0	7812.5	trill
1083	Spectrogram 1	1	3133.802	3134.196	4000.0	18000.0	7812.5	trill
1084	Spectrogram 1	1	3134.314	3134.634	4000.0	18000.0	8105.5	trill
1085	Spectrogram 1	1	3134.746	3134.990	4000.0	18000.0	7031.2	trill
1086	Spectrogram 1	1	3135.100	3135.258	4000.0	18000.0	7031.2	trill
1090	Spectrogram 1	1	3173.978	3174.195	4000.0	18000.0	7714.8	trill
1091	Spectrogram 1	1	3174.512	3174.790	4000.0	18000.0	7519.5	trill
1092	Spectrogram 1	1	3174.957	3175.206	4000.0	18000.0	7519.5	trill
1093	Spectrogram 1	1	3175.395	3175.588	4000.0	18000.0	7226.6	trill
1094	Spectrogram 1	1	3175.780	3175.862	4000.0	18000.0	7031.2	trill
1101	Spectrogram 1	1	3214.324	3214.909	4000.0	18000.0	8300.8	trill
1103	Spectrogram 1	1	3215.078	3215.554	4000.0	18000.0	8886.7	trill
1104	Spectrogram 1	1	3215.698	3216.158	4000.0	18000.0	8593.7	trill
1105	Spectrogram 1	1	3216.317	3216.688	4000.0	18000.0	7421.9	trill
1106	Spectrogram 1	1	3216.806	3217.020	4000.0	18000.0	6445.3	trill
1107	Spectrogram 1	1	3217.140	3217.306	4000.0	18000.0	6054.7	trill
1112	Spectrogram 1	1	3243.776	3244.396	4000.0	18000.0	7812.5	trill
1113	Spectrogram 1	1	3244.528	3244.810	4000.0	18000.0	7617.2	trill
1114	Spectrogram 1	1	3245.000	3245.244	4000.0	18000.0	7324.2	trill
1115	Spectrogram 1	1	3245.400	3245.596	4000.0	18000.0	7324.2	trill
1116	Spectrogram 1	1	3250.122	3250.660	4000.0	18000.0	4296.9	trill
1120	Spectrogram 1	1	3267.844	3268.446	4000.0	18000.0	8496.1	trill
1121	Spectrogram 1	1	3268.632	3269.034	4000.0	18000.0	7812.5	trill
1122	Spectrogram 1	1	3269.172	3269.562	4000.0	18000.0	7031.2	trill
1123	Spectrogram 1	1	3269.703	3270.021	4000.0	18000.0	7031.2	trill
1124	Spectrogram 1	1	3270.170	3270.456	4000.0	18000.0	7031.2	trill
1125	Spectrogram 1	1	3270.612	3270.704	4000.0	18000.0	6152.3	trill
1127	Spectrogram 1	1	3290.770	3290.859	4000.0	18000.0	6835.9	trill
1882	Spectrogram 1	1	3290.928	3290.998	1873.0	10830.6	8496.1	trill
1128	Spectrogram 1	1	3291.152	3291.822	4000.0	18000.0	7714.8	trill
1129	Spectrogram 1	1	3291.968	3292.410	4000.0	18000.0	7324.2	trill
1130	Spectrogram 1	1	3292.532	3292.954	4000.0	18000.0	7617.2	trill
1131	Spectrogram 1	1	3293.070	3293.320	4000.0	18000.0	7128.9	trill
1132	Spectrogram 1	1	3293.444	3293.542	4000.0	18000.0	6445.3	trill
1134	Spectrogram 1	1	3306.006	3306.056	4000.0	18000.0	6835.9	trill
1135	Spectrogram 1	1	3306.176	3306.710	4000.0	18000.0	7519.5	trill
1136	Spectrogram 1	1	3306.894	3307.224	4000.0	18000.0	8105.5	trill
1137	Spectrogram 1	1	3307.386	3307.772	4000.0	18000.0	7519.5	trill
1138	Spectrogram 1	1	3307.914	3308.198	4000.0	18000.0	8105.5	trill
1139	Spectrogram 1	1	3308.360	3308.486	4000.0	18000.0	6347.7	trill
1156	Spectrogram 1	1	3376.000	3376.236	4000.0	18000.0	5761.7	trill
1157	Spectrogram 1	1	3376.316	3376.440	4000.0	18000.0	6738.3	trill
1158	Spectrogram 1	1	3376.622	3376.780	4000.0	18000.0	7031.2	trill
1159	Spectrogram 1	1	3376.940	3377.110	4000.0	18000.0	7519.5	trill
1883	Spectrogram 1	1	3377.283	3377.419	5618.9	12947.9	7031.2	trill
1160	Spectrogram 1	1	3377.578	3377.646	4000.0	18000.0	6640.6	trill
1170	Spectrogram 1	1	3404.598	3405.104	4000.0	18000.0	6347.7	trill
1171	Spectrogram 1	1	3405.278	3405.438	4000.0	18000.0	7617.2	trill
1172	Spectrogram 1	1	3405.604	3405.788	4000.0	18000.0	7714.8	trill
1173	Spectrogram 1	1	3405.956	3406.161	4000.0	18000.0	7421.9	trill
1174	Spectrogram 1	1	3406.318	3406.410	4000.0	18000.0	7031.2	trill
1176	Spectrogram 1	1	3421.020	3421.390	4000.0	18000.0	6250.0	trill
1181	Spectrogram 1	1	3445.264	3445.730	4000.0	18000.0	6738.3	trill
1182	Spectrogram 1	1	3445.864	3446.154	4000.0	18000.0	7714.8	trill
1183	Spectrogram 1	1	3446.294	3446.602	4000.0	18000.0	7324.2	trill
1184	Spectrogram 1	1	3446.718	3446.904	4000.0	18000.0	7226.6	trill
1185	Spectrogram 1	1	3447.024	3447.174	4000.0	18000.0	6835.9	trill
1190	Spectrogram 1	1	3467.770	3467.848	4000.0	18000.0	10253.9	trill
1191	Spectrogram 1	1	3467.914	3468.016	4000.0	18000.0	8984.4	trill
1202	Spectrogram 1	1	3504.886	3505.422	4000.0	18000.0	7812.5	trill
1205	Spectrogram 1	1	3519.750	3520.164	4000.0	18000.0	5859.4	trill
1206	Spectrogram 1	1	3520.296	3520.582	4000.0	18000.0	6738.3	trill
1207	Spectrogram 1	1	3520.745	3521.024	4000.0	18000.0	6640.6	trill
1208	Spectrogram 1	1	3521.178	3521.408	4000.0	18000.0	6738.3	trill
1209	Spectrogram 1	1	3521.560	3521.744	4000.0	18000.0	6640.6	trill
1210	Spectrogram 1	1	3521.864	3522.008	4000.0	18000.0	6738.3	trill
1213	Spectrogram 1	1	3524.108	3524.162	4000.0	18000.0	6250.0	trill
1214	Spectrogram 1	1	3531.126	3531.521	4000.0	18000.0	5371.1	trill
1218	Spectrogram 1	1	3552.250	3552.878	4000.0	18000.0	5957.0	trill
1219	Spectrogram 1	1	3553.052	3553.258	4000.0	18000.0	7519.5	trill
1220	Spectrogram 1	1	3553.433	3553.622	4000.0	18000.0	7031.2	trill
1904	Spectrogram 1	1	3553.814	3553.930	5048.9	12296.4	7031.2	trill
1228	Spectrogram 1	1	3609.316	3609.370	4000.0	18000.0	6250.0	trill
1229	Spectrogram 1	1	3609.486	3609.668	4000.0	18000.0	6250.0	trill
1905	Spectrogram 1	1	3609.731	3609.956	5700.3	16449.5	7031.2	trill
1230	Spectrogram 1	1	3610.206	3610.302	4000.0	18000.0	7031.2	trill
1231	Spectrogram 1	1	3610.472	3610.596	4000.0	18000.0	7031.2	trill
1906	Spectrogram 1	1	3610.784	3610.890	5374.6	10423.5	6738.3	trill
1240	Spectrogram 1	1	3789.180	3789.828	4000.0	18000.0	6640.6	trill
1245	Spectrogram 1	1	3806.612	3806.659	4000.0	18000.0	8496.1	trill
1246	Spectrogram 1	1	3806.740	3807.166	4000.0	18000.0	6933.6	trill
1247	Spectrogram 1	1	3807.340	3807.662	4000.0	18000.0	6445.3	trill
1248	Spectrogram 1	1	3807.780	3807.972	4000.0	18000.0	6445.3	trill
1249	Spectrogram 1	1	3808.120	3808.335	4000.0	18000.0	6250.0	trill
1914	Spectrogram 1	1	3808.461	3808.617	4967.4	17263.8	6250.0	trill
1250	Spectrogram 1	1	3808.802	3808.856	4000.0	18000.0	6152.3	trill
1251	Spectrogram 1	1	3824.386	3824.706	4000.0	18000.0	6054.7	trill
1252	Spectrogram 1	1	3824.848	3824.950	4000.0	18000.0	6933.6	trill
1253	Spectrogram 1	1	3825.152	3825.264	4000.0	18000.0	6933.6	trill
1254	Spectrogram 1	1	3825.426	3825.554	4000.0	18000.0	7031.2	trill
1255	Spectrogram 1	1	3825.726	3825.854	4000.0	18000.0	6933.6	trill
1256	Spectrogram 1	1	3826.006	3826.084	4000.0	18000.0	6543.0	trill
1261	Spectrogram 1	1	3863.404	3863.900	4000.0	18000.0	7714.8	trill
1262	Spectrogram 1	1	3864.010	3864.452	4000.0	18000.0	7519.5	trill
1263	Spectrogram 1	1	3864.560	3864.879	4000.0	18000.0	7226.6	trill
1265	Spectrogram 1	1	3865.000	3865.226	4000.0	18000.0	7226.6	trill
1266	Spectrogram 1	1	3865.346	3865.462	4000.0	18000.0	6543.0	trill
1270	Spectrogram 1	1	3970.362	3970.416	4000.0	18000.0	6835.9	trill
1271	Spectrogram 1	1	3970.492	3970.720	4000.0	18000.0	5273.4	trill
1272	Spectrogram 1	1	3971.182	3971.278	4000.0	18000.0	7226.6	trill
1278	Spectrogram 1	1	3991.590	3991.868	4000.0	18000.0	4980.5	trill
1279	Spectrogram 1	1	3992.008	3992.136	4000.0	18000.0	6543.0	trill
1280	Spectrogram 1	1	3992.446	3992.500	4000.0	18000.0	6543.0	trill
1281	Spectrogram 1	1	3992.702	3992.786	4000.0	18000.0	6543.0	trill
1285	Spectrogram 1	1	4026.704	4026.943	4000.0	18000.0	5957.0	trill
1286	Spectrogram 1	1	4027.807	4027.924	4000.0	18000.0	6835.9	trill
1287	Spectrogram 1	1	4028.096	4028.210	4000.0	18000.0	6640.6	trill
1288	Spectrogram 1	1	4028.402	4028.484	4000.0	18000.0	6543.0	trill
1299	Spectrogram 1	1	4168.300	4168.526	4000.0	18000.0	5371.1	trill
1317	Spectrogram 1	1	4244.812	4245.051	4000.0	18000.0	5371.1	trill
1334	Spectrogram 1	1	4414.092	4414.297	4000.0	18000.0	5957.0	trill
1915	Spectrogram 1	1	4414.367	4414.685	5211.7	17915.3	6933.6	trill
1343	Spectrogram 1	1	4449.022	4449.189	4000.0	18000.0	5468.7	trill
1916	Spectrogram 1	1	4449.262	4449.531	5456.0	14169.4	6543.0	trill
1344	Spectrogram 1	1	4474.886	4475.112	4000.0	18000.0	5371.1	trill
1347	Spectrogram 1	1	4627.454	4627.695	4000.0	18000.0	5957.0	trill
1348	Spectrogram 1	1	4627.748	4627.994	4000.0	18000.0	6543.0	trill
1349	Spectrogram 1	1	4637.520	4637.600	4000.0	18000.0	6933.6	trill
1350	Spectrogram 1	1	4637.796	4637.854	4000.0	18000.0	6835.9	trill
1352	Spectrogram 1	1	4740.184	4740.388	4000.0	18000.0	5371.1	trill
1353	Spectrogram 1	1	4740.536	4740.634	4000.0	18000.0	6933.6	trill
1354	Spectrogram 1	1	4740.930	4740.994	4000.0	18000.0	7421.9	trill
1356	Spectrogram 1	1	4748.658	4749.336	4000.0	18000.0	5468.7	trill
1357	Spectrogram 1	1	4749.456	4749.726	4000.0	18000.0	7421.9	trill
1358	Spectrogram 1	1	4749.870	4750.088	4000.0	18000.0	7519.5	trill
1359	Spectrogram 1	1	4750.262	4750.368	4000.0	18000.0	6933.6	trill
1362	Spectrogram 1	1	4788.122	4788.302	4000.0	18000.0	5371.1	trill
1363	Spectrogram 1	1	4788.450	4788.630	4000.0	18000.0	7519.5	trill
1364	Spectrogram 1	1	4789.066	4789.134	4000.0	18000.0	6933.6	trill
1372	Spectrogram 1	1	4842.984	4843.544	4000.0	18000.0	5371.1	trill
1373	Spectrogram 1	1	4843.675	4843.821	4000.0	18000.0	7519.5	trill
1374	Spectrogram 1	1	4843.958	4844.098	4000.0	18000.0	7421.9	trill
1375	Spectrogram 1	1	4844.262	4844.384	4000.0	18000.0	6933.6	trill
1404	Spectrogram 1	1	4961.544	4961.884	4000.0	18000.0	6152.3	trill
1409	Spectrogram 1	1	4988.184	4988.654	4000.0	18000.0	7128.9	trill
1410	Spectrogram 1	1	4988.802	4988.980	4000.0	18000.0	7128.9	trill
1411	Spectrogram 1	1	4989.118	4989.330	4000.0	18000.0	7324.2	trill
1412	Spectrogram 1	1	4989.460	4989.668	4000.0	18000.0	7128.9	trill
1413	Spectrogram 1	1	4989.840	4989.934	4000.0	18000.0	7128.9	trill
1414	Spectrogram 1	1	5035.888	5035.944	4000.0	18000.0	4003.9	trill
1417	Spectrogram 1	1	5040.546	5040.658	4000.0	18000.0	4394.5	trill
1418	Spectrogram 1	1	5040.746	5040.810	4000.0	18000.0	6445.3	trill
1420	Spectrogram 1	1	5055.834	5055.896	4000.0	18000.0	6152.3	trill
1421	Spectrogram 1	1	5056.012	5056.190	4000.0	18000.0	6152.3	trill
1422	Spectrogram 1	1	5056.608	5056.704	4000.0	18000.0	7128.9	trill
1423	Spectrogram 1	1	5056.864	5056.944	4000.0	18000.0	6835.9	trill
1424	Spectrogram 1	1	5115.700	5115.918	4000.0	18000.0	5273.4	trill
1917	Spectrogram 1	1	5116.021	5116.197	5211.7	14087.9	6835.9	trill
1425	Spectrogram 1	1	5116.368	5116.546	4000.0	18000.0	7031.2	trill
1426	Spectrogram 1	1	5116.710	5116.919	4000.0	18000.0	7031.2	trill
1427	Spectrogram 1	1	5117.088	5117.214	4000.0	18000.0	7031.2	trill
1918	Spectrogram 1	1	5141.202	5141.460	4071.7	13192.2	6347.7	trill
1430	Spectrogram 1	1	5141.524	5141.662	4000.0	18000.0	6933.6	trill
1431	Spectrogram 1	1	5141.870	5142.106	4000.0	18000.0	8203.1	trill
1432	Spectrogram 1	1	5142.272	5142.472	4000.0	18000.0	7421.9	trill
1433	Spectrogram 1	1	5142.640	5142.832	4000.0	18000.0	7128.9	trill
1434	Spectrogram 1	1	5143.024	5143.114	4000.0	18000.0	6933.6	trill
1447	Spectrogram 1	1	5294.938	5295.578	4000.0	18000.0	6347.7	trill
1448	Spectrogram 1	1	5295.728	5295.896	4000.0	18000.0	7128.9	trill
1449	Spectrogram 1	1	5296.024	5296.238	4000.0	18000.0	6933.6	trill
1450	Spectrogram 1	1	5296.372	5296.502	4000.0	18000.0	6933.6	trill
1459	Spectrogram 1	1	5432.464	5432.560	4000.0	18000.0	5078.1	trill
1460	Spectrogram 1	1	5432.702	5432.752	4000.0	18000.0	6250.0	trill
1472	Spectrogram 1	1	5589.350	5589.489	0.0	18000.0	97.7	trill
1473	Spectrogram 1	1	5603.516	5603.636	4000.0	18000.0	4882.8	trill
1919	Spectrogram 1	1	5603.728	5603.954	4478.8	14820.8	6250.0	trill
1475	Spectrogram 1	1	5646.064	5646.470	4000.0	18000.0	5371.1	trill
1476	Spectrogram 1	1	5646.652	5646.720	4000.0	18000.0	6933.6	trill
1478	Spectrogram 1	1	5667.340	5667.576	4000.0	18000.0	4296.9	trill
1480	Spectrogram 1	1	5678.590	5678.926	4000.0	18000.0	5371.1	trill
1481	Spectrogram 1	1	5706.428	5706.474	895.8	18000.0	3906.2	trill
1921	Spectrogram 1	1	5706.521	5706.577	2850.2	12540.7	4199.2	trill
1922	Spectrogram 1	1	5706.689	5706.749	3990.2	13517.9	5273.4	trill
1482	Spectrogram 1	1	5712.232	5712.494	4000.0	18000.0	4003.9	trill
992	Spectrogram 1	1	2770.097	2770.998	4000.0	18000.0	7519.5	trillphee
709	Spectrogram 1	1	1763.270	1763.324	4000.0	18000.0	6835.9	tsik
1073	Spectrogram 1	1	3091.368	3091.458	4000.0	18000.0	8593.7	tsik
1074	Spectrogram 1	1	3091.518	3091.588	4000.0	18000.0	7519.5	tsik
1075	Spectrogram 1	1	3091.646	3091.728	4000.0	18000.0	7812.5	tsik
1192	Spectrogram 1	1	3468.080	3468.157	4000.0	18000.0	8886.7	twitter
1890	Spectrogram 1	1	3468.253	3468.316	4967.4	14902.3	6835.9	twitter
1891	Spectrogram 1	1	3468.405	3468.475	4967.4	17508.1	7714.8	twitter
1193	Spectrogram 1	1	3468.553	3468.622	4000.0	18000.0	7714.8	twitter
1892	Spectrogram 1	1	3468.680	3468.743	4071.7	16042.3	7714.8	twitter
1893	Spectrogram 1	1	3468.803	3468.872	4886.0	16693.8	7714.8	twitter
1194	Spectrogram 1	1	3468.926	3469.007	4000.0	18000.0	6543.0	twitter
1894	Spectrogram 1	1	3469.050	3469.122	4804.6	14332.2	6152.3	twitter
1895	Spectrogram 1	1	3469.175	3469.229	5537.5	12785.0	6933.6	twitter
1242	Spectrogram 1	1	3792.748	3792.832	4000.0	18000.0	8398.4	twitter
1243	Spectrogram 1	1	3792.920	3792.997	4000.0	18000.0	6640.6	twitter
1907	Spectrogram 1	1	3793.064	3793.147	4397.4	19706.8	6640.6	twitter
1908	Spectrogram 1	1	3793.209	3793.292	4234.5	17182.4	6640.6	twitter
1909	Spectrogram 1	1	3793.362	3793.438	3827.4	16123.8	6738.3	twitter
1910	Spectrogram 1	1	3793.501	3793.584	4316.0	16775.2	6543.0	twitter
1911	Spectrogram 1	1	3793.637	3793.713	4397.4	17182.4	6640.6	twitter
1244	Spectrogram 1	1	3793.749	3793.826	4000.0	18000.0	6445.3	twitter
1912	Spectrogram 1	1	3793.862	3793.922	4886.0	14658.0	6738.3	twitter
1913	Spectrogram 1	1	3793.988	3794.021	5781.8	9934.9	7128.9	twitter
