Selection	View	Channel	Begin Time (s)	End Time (s)	Low Freq (Hz)	High Freq (Hz)	Max Freq (Hz)	Call Type	Energy Diff	Energy Par	Energy Diff (wl)	Energy Par (wl)	AHR	Exception
1	Spectrogram 1	1	5.430	6.380	4000.0	18000.0	8691.4	Trillphee	11.281034	30.000000	NaN	NaN	111.188086	0.000000
2	Spectrogram 1	1	20.440	21.420	4000.0	18000.0	8496.1	Phee	9.316766	30.000000	NaN	NaN	45.067984	0.000000
3	Spectrogram 1	1	21.750	22.596	4000.0	18000.0	8203.1	Phee	9.980358	30.000000	NaN	NaN	52.603189	0.000000
16	Spectrogram 1	1	77.260	78.090	4000.0	18000.0	8691.4	Trill	11.887882	30.000000	NaN	NaN	146.363641	0.000000
17	Spectrogram 1	1	88.740	89.570	4000.0	18000.0	8300.8	Phee	9.479326	29.904414	NaN	NaN	44.988846	0.000000
18	Spectrogram 1	1	89.910	90.608	4000.0	18000.0	8300.8	Phee	9.499234	30.000000	NaN	NaN	39.608519	0.000000
19	Spectrogram 1	1	90.990	91.816	4000.0	18000.0	8300.8	Phee	8.736639	30.000000	NaN	NaN	43.694067	0.000000
20	Spectrogram 1	1	121.107	121.397	4000.0	18000.0	7714.8	Trill	7.897354	21.664638	NaN	NaN	67.131495	0.000000
21	Spectrogram 1	1	122.887	122.991	4000.0	18000.0	9472.7	Twitter	6.416883	24.779773	NaN	NaN	33.952134	0.000000
203	Spectrogram 1	1	123.043	123.102	4317.3	14257.0	7324.2	twitter						
204	Spectrogram 1	1	123.164	123.226	4216.9	13855.4	7324.2	twitter						
205	Spectrogram 1	1	123.291	123.350	5220.9	14156.6	7226.6	twitter						
206	Spectrogram 1	1	123.402	123.461	4518.1	13855.4	6933.6	twitter						
207	Spectrogram 1	1	123.513	123.569	4718.9	13253.0	6835.9	twitter						
208	Spectrogram 1	1	123.625	123.680	4417.7	11445.8	6933.6	twitter						
22	Spectrogram 1	1	135.820	136.720	4000.0	18000.0	8105.5	Trillphee	9.012737	28.894453	NaN	NaN	103.339534	0.000000
24	Spectrogram 1	1	164.700	165.709	4000.0	18000.0	8691.4	Trillphee	12.313899	30.000000	NaN	NaN	132.940538	0.000000
25	Spectrogram 1	1	173.260	173.620	4000.0	18000.0	7031.2	Trill	9.822618	24.335709	NaN	NaN	65.187880	0.000000
26	Spectrogram 1	1	178.840	179.652	4000.0	18000.0	7617.2	Trill	8.431514	26.895482	NaN	NaN	77.376654	0.000000
27	Spectrogram 1	1	192.480	193.374	4000.0	18000.0	8691.4	Trillphee	5.676680	22.147465	NaN	NaN	82.367002	0.000000
32	Spectrogram 1	1	256.780	257.458	4000.0	18000.0	8593.7	Trill	5.936900	23.707967	NaN	NaN	68.365544	0.000000
33	Spectrogram 1	1	282.810	283.839	4000.0	18000.0	8203.1	Phee	10.293631	30.000000	NaN	NaN	44.312962	0.000000
34	Spectrogram 1	1	284.240	284.952	4000.0	18000.0	8105.5	Phee	12.867124	30.000000	NaN	NaN	37.636973	0.000000
35	Spectrogram 1	1	285.250	286.024	4000.0	18000.0	8007.8	Phee	10.236718	30.000000	NaN	NaN	41.877680	0.000000
38	Spectrogram 1	1	307.360	307.740	4000.0	18000.0	7226.6	Trill	10.080387	22.207112	NaN	NaN	79.181044	0.000000
51	Spectrogram 1	1	360.010	360.430	4000.0	18000.0	7324.2	Trill	13.504521	30.000000	NaN	NaN	121.365767	0.000000
52	Spectrogram 1	1	360.540	360.914	4000.0	18000.0	7128.9	Trill	14.854344	29.691526	NaN	NaN	98.071388	0.000000
53	Spectrogram 1	1	361.030	361.395	4000.0	18000.0	9570.3	Trill	13.521478	28.876176	NaN	NaN	86.585207	0.000000
210	Spectrogram 1	1	361.510	361.741	5120.5	15963.9	8300.8	trill						
54	Spectrogram 1	1	361.840	361.960	4000.0	18000.0	7226.6	Trill	15.623924	29.665552	NaN	NaN	120.393479	0.000000
62	Spectrogram 1	1	406.428	406.479	4000.0	18000.0	14355.5	Sd-peep	9.446070	28.781929	NaN	NaN	62.824409	0.000000
63	Spectrogram 1	1	406.800	406.832	4000.0	18000.0	6347.7	Trill	7.830170	12.165064	NaN	NaN	69.689478	0.000000
64	Spectrogram 1	1	406.890	406.960	4000.0	18000.0	6933.6	Trill	13.818820	18.666882	NaN	NaN	121.296638	0.000000
65	Spectrogram 1	1	407.012	407.058	1506.0	18000.0	4492.2	Sd-peep	11.578413	15.852442	NaN	NaN	85.216726	0.000000
66	Spectrogram 1	1	408.820	408.863	4000.0	18000.0	9765.6	Sd-peep	7.491765	21.865300	NaN	NaN	47.200166	0.000000
67	Spectrogram 1	1	408.990	409.504	4000.0	18000.0	6835.9	Trill	11.253709	24.010043	NaN	NaN	93.904751	0.000000
68	Spectrogram 1	1	409.609	410.000	4000.0	18000.0	7617.2	Trill	15.904435	30.000000	NaN	NaN	138.982819	0.000000
69	Spectrogram 1	1	410.108	410.458	4000.0	18000.0	7714.8	Trill	8.594810	24.141843	NaN	NaN	93.916629	0.000000
211	Spectrogram 1	1	410.562	410.863	5220.9	18574.3	7617.2	trill						
70	Spectrogram 1	1	410.950	411.090	4000.0	18000.0	6543.0	Trill-twitter	6.558790	18.392749	NaN	NaN	89.385811	0.000000
71	Spectrogram 1	1	411.160	411.210	4000.0	18000.0	7421.9	Trill	8.457275	15.338440	NaN	NaN	80.659766	0.000000
72	Spectrogram 1	1	421.444	421.502	4000.0	18000.0	10058.6	Sd-peep	6.995770	18.842299	NaN	NaN	38.450932	0.000000
73	Spectrogram 1	1	421.610	421.679	4000.0	18000.0	10156.2	Sd-peep	7.836230	22.942155	NaN	NaN	49.502589	0.000000
74	Spectrogram 1	1	421.730	421.806	4000.0	18000.0	10449.2	Sd-peep	8.974575	24.035172	NaN	NaN	53.541689	0.000000
76	Spectrogram 1	1	422.480	422.528	4000.0	18000.0	7128.9	Sd-peep	5.600157	11.661280	NaN	NaN	32.046984	0.000000
77	Spectrogram 1	1	423.165	423.214	4000.0	18000.0	10644.5	Sd-peep	6.558907	20.352504	NaN	NaN	39.506503	0.000000
78	Spectrogram 1	1	423.508	423.590	4000.0	18000.0	10937.5	Sd-peep	9.465158	24.109140	NaN	NaN	71.905399	0.000000
79	Spectrogram 1	1	424.920	424.966	4000.0	18000.0	7128.9	Sd-peep	8.207732	18.257739	NaN	NaN	40.709433	0.000000
80	Spectrogram 1	1	425.152	425.584	4000.0	18000.0	8203.1	Trill	10.768624	29.266337	NaN	NaN	98.060922	0.000000
81	Spectrogram 1	1	425.750	426.325	4000.0	18000.0	8300.8	Trill	12.132241	30.000000	NaN	NaN	107.945980	0.000000
82	Spectrogram 1	1	426.468	426.949	4000.0	18000.0	7324.2	Trill	11.621955	30.000000	NaN	NaN	117.727018	0.000000
83	Spectrogram 1	1	427.060	427.422	4000.0	18000.0	7128.9	Trill	10.908435	29.708803	NaN	NaN	100.864525	0.000000
84	Spectrogram 1	1	427.540	427.765	4000.0	18000.0	6738.3	Trill	15.184740	29.788681	NaN	NaN	154.903560	0.000000
85	Spectrogram 1	1	427.880	427.930	4000.0	18000.0	6347.7	Sd-peep	12.017156	17.331255	NaN	NaN	88.087779	0.000000
92	Spectrogram 1	1	578.620	579.140	4000.0	18000.0	7031.2	Trill	12.514822	29.343756	NaN	NaN	89.243409	0.000000
93	Spectrogram 1	1	582.260	582.710	4000.0	18000.0	4589.8	Trill	12.345626	23.670958	NaN	NaN	79.801314	0.000000
94	Spectrogram 1	1	612.510	613.010	4000.0	18000.0	6543.0	Trill	13.937518	23.127737	NaN	NaN	96.111955	0.000000
95	Spectrogram 1	1	630.270	630.328	4000.0	18000.0	10546.9	Sd-peep	9.146941	25.926169	NaN	NaN	65.891441	0.000000
96	Spectrogram 1	1	630.460	630.880	4000.0	18000.0	6835.9	Trill	13.528592	29.683704	NaN	NaN	122.346253	0.000000
97	Spectrogram 1	1	630.980	631.290	4000.0	18000.0	7910.2	Trill	9.553048	28.745480	NaN	NaN	114.369544	0.000000
98	Spectrogram 1	1	631.389	631.730	4000.0	18000.0	8203.1	Trill	8.001643	24.435238	NaN	NaN	106.452421	0.000000
99	Spectrogram 1	1	631.840	632.170	4000.0	18000.0	8300.8	Trill	10.615894	26.768936	NaN	NaN	129.563269	0.000000
100	Spectrogram 1	1	632.270	632.450	4000.0	18000.0	7031.2	Trill	12.317338	26.751503	NaN	NaN	149.912118	0.000000
101	Spectrogram 1	1	632.550	632.640	4000.0	18000.0	6738.3	Trill-twitter	12.079440	22.685986	NaN	NaN	129.424335	0.000000
102	Spectrogram 1	1	693.910	694.320	4000.0	18000.0	6835.9	Trill	11.763751	26.302062	NaN	NaN	74.554827	0.000000
104	Spectrogram 1	1	776.160	776.344	4000.0	18000.0	7421.9	Trill	5.763497	10.175107	NaN	NaN	58.537090	0.000000
105	Spectrogram 1	1	782.990	783.526	4000.0	18000.0	8007.8	Trill	14.812937	30.000000	NaN	NaN	146.231921	0.000000
106	Spectrogram 1	1	783.650	784.049	4000.0	18000.0	7812.5	Trill	13.454783	30.000000	NaN	NaN	120.368839	0.000000
107	Spectrogram 1	1	784.170	784.568	4000.0	18000.0	7324.2	Trill	16.112976	35.684574	NaN	NaN	155.738249	0.000000
108	Spectrogram 1	1	784.680	784.980	4000.0	18000.0	7324.2	Trill	14.441931	34.072034	NaN	NaN	139.449823	0.000000
109	Spectrogram 1	1	785.070	785.280	4000.0	18000.0	7324.2	Trill	17.761043	34.566486	NaN	NaN	190.457129	0.000000
110	Spectrogram 1	1	785.372	785.469	4000.0	18000.0	6640.6	Trill-twitter	16.784773	26.354489	NaN	NaN	156.537067	0.000000
112	Spectrogram 1	1	825.540	825.890	4000.0	18000.0	7226.6	Trill	10.534006	25.426407	NaN	NaN	80.913132	0.000000
114	Spectrogram 1	1	943.473	943.501	4000.0	18000.0	7910.2	Sd-peep	8.418162	17.409619	NaN	NaN	47.583547	0.000000
115	Spectrogram 1	1	943.650	943.682	754.3	18000.0	2832.0	Egg	9.980486	13.328583	NaN	NaN	34.876081	0.000000
116	Spectrogram 1	1	943.760	944.281	4000.0	18000.0	8300.8	Trill	14.053749	30.000000	NaN	NaN	131.350774	0.000000
117	Spectrogram 1	1	944.380	944.820	4000.0	18000.0	7910.2	Trill	11.500530	30.000000	NaN	NaN	151.102301	0.000000
118	Spectrogram 1	1	944.940	945.288	4000.0	18000.0	7910.2	Trill	12.797516	32.587515	NaN	NaN	135.483403	0.000000
119	Spectrogram 1	1	945.390	945.650	4000.0	18000.0	7031.2	Trill	13.945197	30.000000	NaN	NaN	154.198425	0.000000
120	Spectrogram 1	1	945.750	945.890	4000.0	18000.0	6933.6	Trill-twitter	20.351568	31.598259	NaN	NaN	214.288852	0.000000
121	Spectrogram 1	1	1076.970	1077.012	4000.0	18000.0	8789.1	Sd-peep	6.971751	13.829884	NaN	NaN	32.939811	0.000000
122	Spectrogram 1	1	1077.190	1077.560	4000.0	18000.0	7617.2	Trill	12.064199	22.567446	NaN	NaN	119.095021	0.000000
123	Spectrogram 1	1	1077.660	1078.050	4000.0	18000.0	7324.2	Trill	11.199488	26.028594	NaN	NaN	119.563372	0.000000
124	Spectrogram 1	1	1078.160	1078.480	4000.0	18000.0	7128.9	Trill	11.274542	26.011251	NaN	NaN	135.837954	0.000000
125	Spectrogram 1	1	1078.590	1078.930	4000.0	18000.0	7617.2	Trill	11.717320	24.908132	NaN	NaN	141.968350	0.000000
126	Spectrogram 1	1	1079.030	1079.250	4000.0	18000.0	7324.2	Trill	13.598877	26.380485	NaN	NaN	163.612215	0.000000
127	Spectrogram 1	1	1079.320	1079.440	4000.0	18000.0	6738.3	Trill-twitter	13.387746	21.605819	NaN	NaN	138.860741	0.000000
128	Spectrogram 1	1	1079.500	1079.556	4000.0	18000.0	6543.0	Phee	4.099851	17.964423	NaN	NaN	54.025945	0.000000
129	Spectrogram 1	1	1082.330	1082.363	4000.0	18000.0	6543.0	Sd-peep	6.262872	9.209544	NaN	NaN	52.597682	0.000000
130	Spectrogram 1	1	1086.081	1086.118	4000.0	18000.0	10449.2	Sd-peep	6.876058	14.815885	NaN	NaN	40.935988	0.000000
131	Spectrogram 1	1	1086.260	1086.291	431.0	18000.0	781.2	Egg	7.517043	9.589060	NaN	NaN	35.013011	0.000000
132	Spectrogram 1	1	1113.550	1114.040	4000.0	18000.0	6738.3	Trill	11.573552	26.261958	NaN	NaN	110.288330	0.000000
133	Spectrogram 1	1	1114.130	1114.420	4000.0	18000.0	8105.5	Trill	6.067403	23.002031	NaN	NaN	73.634201	0.000000
134	Spectrogram 1	1	1114.530	1114.879	4000.0	18000.0	7519.5	Trill	8.319096	25.481954	NaN	NaN	85.436234	0.000000
135	Spectrogram 1	1	1114.990	1115.300	4000.0	18000.0	7031.2	Trill	8.033744	26.175465	NaN	NaN	103.783469	0.000000
136	Spectrogram 1	1	1115.417	1115.660	4000.0	18000.0	7128.9	Trill	10.731062	31.931793	NaN	NaN	138.292062	0.000000
137	Spectrogram 1	1	1115.760	1115.870	4000.0	18000.0	6835.9	Phee	15.279131	28.316311	NaN	NaN	180.646317	0.000000
138	Spectrogram 1	1	1120.494	1120.550	4000.0	18000.0	8398.4	Sd-peep	7.324297	17.309169	NaN	NaN	43.974381	0.000000
139	Spectrogram 1	1	1122.200	1122.250	4000.0	18000.0	9570.3	Sd-peep	11.358670	22.228559	NaN	NaN	70.505368	0.000000
140	Spectrogram 1	1	1124.429	1124.484	4000.0	18000.0	10449.2	Sd-peep	12.918011	24.538478	NaN	NaN	102.068459	0.000000
141	Spectrogram 1	1	1124.590	1125.040	4000.0	18000.0	8496.1	Trill	14.335688	30.000000	NaN	NaN	145.231183	0.000000
142	Spectrogram 1	1	1125.170	1125.634	4000.0	18000.0	8984.4	Trill	12.491466	30.000000	NaN	NaN	116.509307	0.000000
143	Spectrogram 1	1	1125.760	1126.186	4000.0	18000.0	8789.1	Trill	11.698837	30.000000	NaN	NaN	117.052741	0.000000
144	Spectrogram 1	1	1126.307	1126.620	4000.0	18000.0	8300.8	Trill	12.920178	29.925121	NaN	NaN	130.660363	0.000000
145	Spectrogram 1	1	1126.730	1126.890	4000.0	18000.0	6835.9	Phee	19.572635	28.375086	NaN	NaN	194.027877	0.000000
150	Spectrogram 1	1	1207.740	1208.070	4000.0	18000.0	8105.5	Trill	13.508397	30.000000	NaN	NaN	157.812950	0.000000
151	Spectrogram 1	1	1208.170	1208.552	4000.0	18000.0	7421.9	Trill	10.880653	28.640487	NaN	NaN	107.482857	0.000000
152	Spectrogram 1	1	1208.660	1209.032	4000.0	18000.0	8007.8	Trill	10.034565	28.349748	NaN	NaN	85.883163	0.000000
153	Spectrogram 1	1	1209.150	1209.433	4000.0	18000.0	6933.6	Trill	10.701242	29.495008	NaN	NaN	91.285024	0.000000
154	Spectrogram 1	1	1209.540	1209.760	4000.0	18000.0	6933.6	Trill	11.563716	29.589354	NaN	NaN	122.797853	0.000000
155	Spectrogram 1	1	1209.850	1210.040	4000.0	18000.0	7128.9	Trill-twitter	13.869909	29.537663	NaN	NaN	155.357258	0.000000
156	Spectrogram 1	1	1210.080	1210.180	4000.0	18000.0	6250.0	Trill-twitter	12.442914	22.171739	NaN	NaN	129.953956	0.000000
157	Spectrogram 1	1	1210.920	1210.958	4000.0	18000.0	7324.2	Sd-peep	10.156153	19.620944	NaN	NaN	38.031400	0.000000
158	Spectrogram 1	1	1211.150	1211.197	4000.0	18000.0	7031.2	Sd-peep	8.860932	18.636471	NaN	NaN	44.238538	0.000000
159	Spectrogram 1	1	1212.310	1212.362	4000.0	18000.0	6640.6	Sd-peep	11.517626	20.544950	NaN	NaN	63.204233	0.000000
160	Spectrogram 1	1	1264.080	1264.136	4000.0	18000.0	10742.2	Sd-peep	11.527558	23.657820	NaN	NaN	84.112792	0.000000
161	Spectrogram 1	1	1264.240	1264.708	4000.0	18000.0	6933.6	Trill	12.112936	26.741861	NaN	NaN	125.101810	0.000000
162	Spectrogram 1	1	1264.800	1265.237	4000.0	18000.0	8105.5	Trill	8.359368	23.531785	NaN	NaN	92.586248	0.000000
163	Spectrogram 1	1	1265.340	1265.670	4000.0	18000.0	7324.2	Trill	11.930273	29.881319	NaN	NaN	108.582581	0.000000
164	Spectrogram 1	1	1265.760	1266.031	4000.0	18000.0	7324.2	Trill	11.079533	28.151974	NaN	NaN	122.280180	0.000000
165	Spectrogram 1	1	1266.140	1266.330	4000.0	18000.0	7421.9	Phee	13.498983	29.483899	NaN	NaN	146.776703	0.000000
166	Spectrogram 1	1	1266.440	1266.530	4000.0	18000.0	6738.3	Trill-twitter	10.655362	20.538253	NaN	NaN	109.969996	0.000000
214	Spectrogram 1	1	1348.185	1348.228	3125.0	12607.8	6250.0	Sd-peep						
168	Spectrogram 1	1	1348.510	1348.976	4000.0	18000.0	6250.0	Trill	10.353322	23.110056	NaN	NaN	89.767941	0.000000
169	Spectrogram 1	1	1349.100	1349.478	4000.0	18000.0	8203.1	Trill	9.568300	30.000000	NaN	NaN	98.281684	0.000000
170	Spectrogram 1	1	1349.600	1349.972	4000.0	18000.0	8105.5	Trill	9.083280	28.404029	NaN	NaN	90.096964	0.000000
171	Spectrogram 1	1	1350.080	1350.305	4000.0	18000.0	7617.2	Trill	7.954220	24.906056	NaN	NaN	103.721503	0.000000
215	Spectrogram 1	1	1350.435	1350.563	5495.7	12715.5	6543.0	Phee						
173	Spectrogram 1	1	1501.480	1501.682	4000.0	18000.0	8496.1	Trill	8.651008	16.573689	NaN	NaN	63.473585	0.000000
174	Spectrogram 1	1	1517.430	1517.700	4000.0	18000.0	7031.2	Trill	8.192933	20.410838	NaN	NaN	63.725169	0.000000
175	Spectrogram 1	1	1521.250	1521.520	4000.0	18000.0	6738.3	Trill	10.501440	22.021519	NaN	NaN	91.710447	0.000000
216	Spectrogram 1	1	1537.896	1538.067	4418.1	10021.6	7324.2	Trill						
176	Spectrogram 1	1	1541.230	1541.730	4000.0	18000.0	7617.2	Trill	5.440240	10.290283	NaN	NaN	56.018722	0.000000
177	Spectrogram 1	1	1542.300	1542.570	4000.0	18000.0	6738.3	Trill	9.193170	17.464545	NaN	NaN	79.444538	0.000000
178	Spectrogram 1	1	1548.580	1549.010	4000.0	18000.0	7910.2	Trill	9.714656	19.625074	NaN	NaN	86.437787	0.000000
179	Spectrogram 1	1	1565.460	1565.790	4000.0	18000.0	6835.9	Trill	9.825418	21.006701	NaN	NaN	77.706865	0.000000
180	Spectrogram 1	1	1580.240	1580.550	4000.0	18000.0	7226.6	Trill	6.610101	17.825630	NaN	NaN	68.178901	0.000000
181	Spectrogram 1	1	1624.820	1625.140	4000.0	18000.0	6835.9	Trill	8.618373	18.908515	NaN	NaN	78.403533	0.000000
183	Spectrogram 1	1	1653.000	1653.362	4000.0	18000.0	7031.2	Trill	7.604691	21.791557	NaN	NaN	58.315422	0.000000
184	Spectrogram 1	1	1660.640	1661.140	4000.0	18000.0	7031.2	Trill	13.443917	30.000000	NaN	NaN	118.881404	0.000000
185	Spectrogram 1	1	1661.220	1661.661	4000.0	18000.0	8203.1	Trill	16.111051	34.410481	NaN	NaN	121.448759	0.000000
186	Spectrogram 1	1	1661.770	1662.160	4000.0	18000.0	7910.2	Trill	14.562413	30.000000	NaN	NaN	104.557055	0.000000
187	Spectrogram 1	1	1662.260	1662.520	4000.0	18000.0	7714.8	Trill	15.082512	30.000000	NaN	NaN	136.587361	0.000000
188	Spectrogram 1	1	1662.600	1662.750	4000.0	18000.0	6640.6	Trill-twitter	18.393467	27.490094	NaN	NaN	160.106428	0.000000
189	Spectrogram 1	1	1662.820	1662.890	4000.0	18000.0	6738.3	Trill	14.120156	17.406335	NaN	NaN	108.811293	0.000000
190	Spectrogram 1	1	1672.020	1672.350	4000.0	18000.0	6933.6	Trill	11.438697	23.083045	NaN	NaN	69.780675	0.000000
191	Spectrogram 1	1	1682.570	1682.928	4000.0	18000.0	6347.7	Trill	10.334027	22.813981	NaN	NaN	92.302369	0.000000
192	Spectrogram 1	1	1738.640	1738.900	4000.0	18000.0	7128.9	Trill	10.566812	21.597592	NaN	NaN	78.636562	0.000000
193	Spectrogram 1	1	1763.810	1764.170	4000.0	18000.0	7128.9	Trill	9.563385	20.570758	NaN	NaN	74.130281	0.000000
194	Spectrogram 1	1	1769.900	1770.280	4000.0	18000.0	7617.2	Trill	10.512725	22.824016	NaN	NaN	81.953683	0.000000
195	Spectrogram 1	1	1792.680	1793.100	4000.0	18000.0	7421.9	Trill	9.218746	20.009931	NaN	NaN	69.597780	0.000000
196	Spectrogram 1	1	1797.930	1798.150	4000.0	18000.0	7031.2	Trill	9.070648	18.852742	NaN	NaN	66.097865	0.000000
197	Spectrogram 1	1	1807.390	1807.844	4000.0	18000.0	8105.5	Trill	8.884582	23.325480	NaN	NaN	69.652810	0.000000
198	Spectrogram 1	1	1807.960	1808.126	4000.0	18000.0	7128.9	Trill	5.771711	19.276580	NaN	NaN	65.391473	0.000000
217	Spectrogram 1	1	1808.228	1808.315	5064.7	11206.9	6738.3	Trill						
199	Spectrogram 1	1	1823.580	1823.640	4000.0	18000.0	8789.1	Phee	4.092223	12.570148	NaN	NaN	64.707231	0.000000
200	Spectrogram 1	1	1852.280	1852.370	4000.0	18000.0	6835.9	Trill	5.200486	9.228725	NaN	NaN	50.194650	0.000000
202	Spectrogram 1	1	1910.880	1911.400	4000.0	18000.0	6835.9	Trill	13.956854	28.717765	NaN	NaN	118.061558	0.000000
