Selection	View	Channel	Begin Time (s)	End Time (s)	Low Freq (Hz)	High Freq (Hz)	Max Freq (Hz)	Call Type	Energy Diff	Energy Par	AHR	Exception
1	Spectrogram 1	4	0.894	1.682	4000.0	18000.0	9179.7	Trill	8.904750	9.874714	66.016680	3.182463
2	Spectrogram 1	4	1.782	2.306	4000.0	18000.0	8789.1	Phee	5.847076	7.103651	70.318064	1.101561
3	Spectrogram 1	5	56.334	56.588	4000.0	18000.0	8984.4	Trill	-5.358257	7.229912	28.114481	3.631408
4	Spectrogram 1	5	57.243	57.488	3472.2	17708.3	8203.1	Trill	0	0	0	0
5	Spectrogram 1	5	64.626	64.874	4000.0	18000.0	9179.7	Trill	-4.037983	5.997386	49.383960	1.830490
6	Spectrogram 1	5	66.693	66.842	4000.0	18000.0	7226.6	Trill	-5.254066	7.079104	49.211454	2.331482
7	Spectrogram 1	4	71.562	71.979	4000.0	18000.0	8984.4	Trill	1.562759	4.198880	52.737022	0.690398
8	Spectrogram 1	4	72.208	72.642	3298.6	17361.1	6640.6	Other	0	0	0	0
9	Spectrogram 1	5	72.726	72.830	4000.0	18000.0	9375.0	Sd-peep	-5.343282	12.158948	127.685864	5.977526
10	Spectrogram 1	5	72.900	73.088	4000.0	18000.0	7812.5	Trill	-3.601768	8.326586	52.928126	1.899554
11	Spectrogram 1	5	73.212	73.310	4000.0	18000.0	9375.0	Sd-peep	-3.430192	11.414480	90.360127	3.811967
12	Spectrogram 1	5	73.356	73.784	4000.0	18000.0	7421.9	Trill	-9.280364	11.589571	41.610416	5.644152
13	Spectrogram 1	4	73.896	74.006	4000.0	18000.0	9179.7	Tse	6.009552	11.426780	63.906318	4.486122
14	Spectrogram 1	5	74.100	74.618	4000.0	18000.0	7421.9	Trill	-6.255988	9.513172	47.853872	3.969211
15	Spectrogram 1	5	74.670	74.792	4000.0	18000.0	9375.0	Tse	-0.552107	5.018462	69.913753	0.314069
16	Spectrogram 1	5	74.832	75.368	4000.0	18000.0	7812.5	Trill	-1.871254	8.818092	58.630740	2.172713
17	Spectrogram 1	5	75.498	75.608	4000.0	18000.0	9375.0	Tse	-5.320202	13.026100	101.411060	5.075043
18	Spectrogram 1	5	75.654	76.388	4000.0	18000.0	9179.7	Trill	-8.160864	11.690429	56.277809	6.885315
19	Spectrogram 1	5	76.446	76.556	4000.0	18000.0	9960.9	Tse	-5.324239	4.541919	89.912855	2.523044
20	Spectrogram 1	4	76.590	76.694	4000.0	18000.0	7421.9	Tse	0.566871	7.283161	54.245896	0.384421
21	Spectrogram 1	5	76.722	77.108	4000.0	18000.0	8398.4	Trill	-1.299881	6.331234	80.851159	1.473442
22	Spectrogram 1	5	77.184	77.348	4000.0	18000.0	9570.3	Tse	-4.538116	9.174988	84.395710	3.078541
23	Spectrogram 1	4	78.942	79.358	4000.0	18000.0	8398.4	Trill	4.283405	4.840589	65.023506	2.981804
24	Spectrogram 1	5	80.736	81.230	4000.0	18000.0	8203.1	Trill	-0.821355	7.268243	64.194256	0.831683
25	Spectrogram 1	4	80.979	81.214	3819.4	17187.5	3906.2	Trill	0	0	0	0
26	Spectrogram 1	5	88.848	89.210	4000.0	18000.0	7226.6	Trill	-6.237259	9.059654	44.403000	1.778958
27	Spectrogram 1	4	89.418	89.738	4000.0	18000.0	8984.4	Trill	4.412523	8.361570	60.182245	1.530917
28	Spectrogram 1	4	92.202	92.438	4000.0	18000.0	9179.7	Trill	1.532671	6.278226	85.182852	1.426764
29	Spectrogram 1	4	94.482	94.910	4000.0	18000.0	8398.4	Trill	0.965926	4.917575	47.410603	0.627136
30	Spectrogram 1	4	95.712	96.014	4000.0	18000.0	9375.0	Trill	4.701636	7.887834	45.447947	1.101128
31	Spectrogram 1	4	98.334	98.582	4000.0	18000.0	8593.7	Trill	2.609014	4.789926	42.747985	0.873286
32	Spectrogram 1	4	99.162	99.608	4000.0	18000.0	7812.5	Trill	9.303077	10.968159	59.419771	5.240139
33	Spectrogram 1	4	99.768	99.980	4000.0	18000.0	7812.5	Trill	10.349785	11.716024	51.586836	3.859195
34	Spectrogram 1	4	100.636	101.130	4000.0	18000.0	5468.7	Trill	6.613221	9.136267	72.530137	4.983487
35	Spectrogram 1	4	102.022	102.378	4000.0	18000.0	8203.1	Trill	5.459370	8.253989	70.234946	4.152361
36	Spectrogram 1	5	102.760	103.158	4000.0	18000.0	8203.1	Trill	-7.428948	9.434726	50.787601	4.023486
37	Spectrogram 1	4	106.252	106.686	4000.0	18000.0	8007.8	Trill	2.371828	5.657438	59.195133	1.618219
38	Spectrogram 1	5	107.164	107.300	4000.0	18000.0	7226.6	Sd-peep	-13.636471	21.693430	37.906620	3.631534
39	Spectrogram 1	4	108.088	108.132	4000.0	18000.0	8593.7	Sd-peep	0.841800	10.701387	34.988577	0.528157
40	Spectrogram 1	5	108.214	108.528	4000.0	18000.0	7226.6	Trill	-3.191695	12.040374	49.937339	2.093653
41	Spectrogram 1	5	108.801	108.851	5208.3	18055.6	8984.4	Sa-peep	0	0	0	0
42	Spectrogram 1	5	108.952	109.221	4000.0	18000.0	8789.1	Trill	-5.559744	16.460154	56.626373	2.794635
43	Spectrogram 1	4	109.228	109.503	3819.4	17534.7	6640.6	Trill	0	0	0	0
44	Spectrogram 1	4	109.638	109.708	4166.7	18055.6	8789.1	Tse	0	0	0	0
45	Spectrogram 1	4	109.882	110.406	4000.0	18000.0	6054.7	Sd-peep	6.196386	13.501398	30.799978	1.318953
46	Spectrogram 1	4	111.928	111.978	4000.0	18000.0	10742.2	Tse	5.322695	8.645520	57.601273	3.219214
47	Spectrogram 1	4	112.042	112.302	4000.0	18000.0	8203.1	Trill	6.923216	11.108015	55.523463	4.147526
48	Spectrogram 1	4	112.528	112.614	4000.0	18000.0	8984.4	Tse	4.470275	9.410869	55.197985	2.579149
49	Spectrogram 1	4	114.034	114.120	4000.0	18000.0	8398.4	Tse	1.412506	10.971860	81.821937	0.457842
50	Spectrogram 1	4	114.494	114.550	3819.4	18229.2	8203.1	Tse	0	0	0	0
51	Spectrogram 1	4	114.622	115.206	4000.0	18000.0	7812.5	Trill	2.308719	10.365156	52.568184	2.751341
52	Spectrogram 1	4	115.462	115.662	4000.0	18000.0	7812.5	Trill	6.054389	9.408729	62.238526	4.125798
53	Spectrogram 1	4	115.834	115.944	4000.0	18000.0	9570.3	Trill	8.314181	10.837402	64.189724	3.294944
54	Spectrogram 1	4	118.267	118.330	4000.0	18000.0	6640.6	Tse	1.984974	6.250432	31.266179	1.042136
55	Spectrogram 1	5	119.146	119.736	4000.0	18000.0	8398.4	Trill	-2.642316	10.352679	38.177510	2.486349
56	Spectrogram 1	5	122.386	122.580	4000.0	18000.0	8984.4	Trill	-1.185240	3.967853	34.640057	0.492950
57	Spectrogram 1	4	140.992	141.066	4000.0	18000.0	9179.7	Peep	2.150002	6.667879	53.694745	0.852640
58	Spectrogram 1	4	147.334	147.396	4000.0	18000.0	10937.5	Twitter	3.684933	8.157481	75.030881	3.270251
59	Spectrogram 1	4	147.442	147.510	4000.0	18000.0	8789.1	Twitter	2.329037	7.820754	36.539235	2.048725
60	Spectrogram 1	4	147.550	147.630	4000.0	18000.0	8398.4	Twitter	0.963811	6.431851	31.840452	0.742159
61	Spectrogram 1	4	147.676	147.738	4000.0	18000.0	8007.8	Twitter	2.031358	8.614655	38.393673	1.966076
62	Spectrogram 1	4	147.796	147.858	4000.0	18000.0	7226.6	Twitter	2.793310	10.570642	40.316630	3.245355
63	Spectrogram 1	4	147.916	147.984	4000.0	18000.0	7421.9	Twitter	1.714799	9.339774	36.691370	1.962660
64	Spectrogram 1	4	148.030	148.104	4000.0	18000.0	7226.6	Twitter	1.437034	9.063701	35.171343	1.637713
65	Spectrogram 1	4	148.150	148.206	4000.0	18000.0	7226.6	Twitter	1.523382	9.786707	36.497909	2.119660
66	Spectrogram 1	4	148.258	148.332	4000.0	18000.0	7226.6	Twitter	1.494638	8.405828	36.893707	1.641531
67	Spectrogram 1	4	148.366	148.428	4000.0	18000.0	7421.9	Twitter	2.658510	9.008308	44.450468	2.760793
68	Spectrogram 1	4	148.450	148.524	4000.0	18000.0	7226.6	Twitter	0.585725	7.340934	60.766827	0.565584
69	Spectrogram 1	4	148.660	148.728	4000.0	18000.0	8398.4	Peep	1.859851	5.223082	56.762030	0.811120
70	Spectrogram 1	4	153.250	153.713	4000.0	18000.0	9765.6	Trill	0.611194	8.016392	65.323768	0.538420
71	Spectrogram 1	5	154.042	154.098	4000.0	18000.0	7031.2	Sd-peep	-1.937640	10.469622	45.792663	1.783841
72	Spectrogram 1	4	154.390	156.720	4000.0	18000.0	7617.2	Phee	0.561565	13.817626	77.737549	0.375304
73	Spectrogram 1	5	165.616	165.936	4000.0	18000.0	7812.5	Trill	-1.193604	7.232894	55.668306	0.872327
74	Spectrogram 1	5	166.396	166.590	4000.0	18000.0	7421.9	Sd-peep	-10.302752	12.003110	30.375931	5.009465
75	Spectrogram 1	5	166.690	167.787	4000.0	18000.0	9179.7	Trillphee	-4.786618	16.863259	71.650813	1.120248
76	Spectrogram 1	5	167.956	168.002	4000.0	18000.0	8593.7	Trill	-8.725523	18.202339	114.126680	7.364357
77	Spectrogram 1	5	168.088	168.135	4000.0	18000.0	8984.4	Trill	-3.882135	10.722617	93.378275	1.657823
78	Spectrogram 1	5	176.706	177.031	3645.8	17881.9	7812.5	Trill	0	0	0	0
79	Spectrogram 1	5	178.000	178.098	4000.0	18000.0	11328.1	Sa-peep	-2.882813	9.756871	67.512292	0.985177
80	Spectrogram 1	5	178.180	178.596	4000.0	18000.0	8789.1	Trill	-7.457088	16.270320	48.856164	1.517345
81	Spectrogram 1	5	178.762	178.854	4000.0	18000.0	9570.3	Tse	-4.402953	13.502082	69.733275	3.247033
82	Spectrogram 1	4	179.050	179.106	4000.0	18000.0	8984.4	Sa-peep	2.019865	10.751124	41.471519	0.586887
83	Spectrogram 1	5	179.176	179.287	4000.0	18000.0	6640.6	Sd-peep	-1.479492	6.321426	34.028442	0.904397
84	Spectrogram 1	4	179.668	179.989	4000.0	18000.0	9570.3	Trill	6.725842	14.452913	74.537212	4.215102
85	Spectrogram 1	5	225.878	226.144	4000.0	18000.0	9765.6	Trill	-2.266592	7.693422	46.079730	1.135030
86	Spectrogram 1	2	226.730	226.804	4000.0	18000.0	8398.4	Trill	9.917989	10.784415	65.583958	2.536804
87	Spectrogram 1	2	226.856	226.930	4000.0	18000.0	8203.1	Trill	10.522692	10.161640	66.946126	2.661702
88	Spectrogram 1	2	226.964	227.002	4000.0	18000.0	8007.8	Trill	5.904881	5.822316	48.692738	1.501128
89	Spectrogram 1	2	259.394	259.630	4000.0	18000.0	8203.1	Trill	5.336364	7.122937	39.170390	1.208246
90	Spectrogram 1	2	261.506	261.610	4000.0	18000.0	9375.0	Trill	10.314297	13.261592	66.748621	2.625291
91	Spectrogram 1	2	261.638	261.784	4000.0	18000.0	9179.7	Trill	8.658002	10.543067	56.936142	2.137938
92	Spectrogram 1	2	267.314	267.412	4000.0	18000.0	8984.4	Trill	9.872116	9.936917	38.804058	1.801834
93	Spectrogram 1	2	282.128	282.370	4000.0	18000.0	8789.1	Trill	6.856034	7.090688	37.850990	1.402830
94	Spectrogram 1	2	331.560	331.904	4000.0	18000.0	8789.1	Trill	10.663454	11.732267	78.664700	2.948935
95	Spectrogram 1	2	335.184	335.264	4000.0	18000.0	8398.4	Trill	9.648955	12.582576	74.714389	2.694683
96	Spectrogram 1	2	335.328	335.402	4000.0	18000.0	8593.7	Trill	8.025900	9.785227	56.639036	2.030454
97	Spectrogram 1	5	339.828	340.142	4000.0	18000.0	9179.7	Phee	-0.497291	3.805597	95.333359	0.259328
98	Spectrogram 1	5	340.224	340.778	4000.0	18000.0	9179.7	Phee	-2.186207	7.309191	104.857905	1.746896
99	Spectrogram 1	4	340.882	341.246	4000.0	18000.0	4101.6	Phee	5.897806	6.026212	45.262362	1.089714
100	Spectrogram 1	4	471.568	472.284	4000.0	18000.0	9375.0	Trill	3.920104	8.867728	84.675264	1.880978
101	Spectrogram 1	4	636.468	636.512	4000.0	18000.0	7226.6	Trill	1.093075	2.829065	40.950792	0.355360
102	Spectrogram 1	4	637.224	637.262	4000.0	18000.0	5468.7	Trill	0.724701	4.431122	42.888570	0.845427
103	Spectrogram 1	5	743.536	743.616	4000.0	18000.0	4882.8	Trillphee	-0.525151	1.693413	30.599978	0.236738
104	Spectrogram 1	2	824.618	825.154	4000.0	18000.0	8789.1	Trill	7.621711	8.548812	52.710760	1.876247
105	Spectrogram 1	2	835.490	835.672	4000.0	18000.0	9179.7	Trill	9.349862	9.312587	66.122856	2.458782
106	Spectrogram 1	2	835.700	835.780	4000.0	18000.0	9179.7	Trill	6.813293	6.123070	43.751241	1.542076
107	Spectrogram 1	2	868.790	868.894	4000.0	18000.0	8984.4	Trill	8.508646	7.520639	50.234667	1.952482
108	Spectrogram 1	2	876.344	876.424	4000.0	18000.0	8789.1	Trill	9.044438	10.481162	60.519274	2.282205
109	Spectrogram 1	2	876.590	876.634	4000.0	18000.0	8789.1	Trill	6.257559	5.616291	43.332256	1.446283
110	Spectrogram 1	2	948.990	949.058	4000.0	18000.0	8593.7	T-peep	10.305980	10.011569	69.813305	2.695188
111	Spectrogram 1	2	949.146	949.220	4000.0	18000.0	8789.1	T-peep	7.657057	7.602655	51.228327	1.847784
112	Spectrogram 1	2	949.260	949.298	4000.0	18000.0	9179.7	T-peep	5.145433	4.611256	32.788142	1.038856
113	Spectrogram 1	4	964.764	964.808	4000.0	18000.0	10742.2	Tse	1.382523	3.427089	65.924986	0.691737
114	Spectrogram 1	4	964.872	964.916	4000.0	18000.0	8203.1	Twitter	1.230913	3.357699	46.297682	0.783043
115	Spectrogram 1	4	964.992	965.054	4000.0	18000.0	7617.2	Twitter	5.626094	9.331028	44.746191	3.700739
116	Spectrogram 1	4	965.118	965.186	4000.0	18000.0	7617.2	Twitter	4.303954	8.389905	39.631278	2.127167
117	Spectrogram 1	4	965.238	965.306	4000.0	18000.0	7617.2	Twitter	4.089339	8.622614	41.144770	2.528843
118	Spectrogram 1	4	965.352	965.420	4000.0	18000.0	7617.2	Twitter	3.025738	7.286771	43.455698	1.871048
119	Spectrogram 1	4	965.460	965.510	4000.0	18000.0	7421.9	Twitter	5.507131	9.384869	53.790102	3.634219
120	Spectrogram 1	2	970.182	970.280	4000.0	18000.0	6835.9	Peep	5.180031	6.299165	50.341935	1.398656
121	Spectrogram 1	2	979.566	979.682	4000.0	18000.0	7421.9	Peep	4.151216	9.288092	63.771800	1.379149
122	Spectrogram 1	2	981.636	981.728	4000.0	18000.0	7031.2	Peep	5.937684	14.351317	82.928174	2.083108
123	Spectrogram 1	4	986.645	986.990	4000.0	18000.0	6054.7	Trill	5.870594	11.133775	41.016333	2.344457
124	Spectrogram 1	4	987.072	987.170	4000.0	18000.0	7421.9	Trill	6.282353	8.750019	51.635282	2.472074
125	Spectrogram 1	5	987.696	987.758	4000.0	18000.0	7812.5	Sd-peep	-0.713320	7.829671	60.639653	0.675500
126	Spectrogram 1	4	989.046	989.816	4000.0	18000.0	8984.4	Trill	1.038146	8.575753	76.841850	0.926868
127	Spectrogram 1	5	989.904	990.491	4000.0	18000.0	9179.7	Trill	-1.716953	7.401354	80.793894	0.570919
128	Spectrogram 1	5	996.978	997.034	4000.0	18000.0	8593.7	Trill	-4.612608	6.187575	57.008158	0.924407
129	Spectrogram 1	5	997.095	997.493	3645.8	17534.7	8984.4	Phee	0	0	0	0
130	Spectrogram 1	5	997.638	997.791	3819.4	17361.1	8398.4	Peep	0	0	0	0
131	Spectrogram 1	2	1000.522	1000.632	4000.0	18000.0	8203.1	Trill	11.813087	14.450659	86.318280	3.300643
132	Spectrogram 1	2	1000.696	1000.776	4000.0	18000.0	8203.1	Trill	8.851064	9.684775	57.059699	2.170746
133	Spectrogram 1	2	1000.840	1000.920	4000.0	18000.0	8203.1	Trill	7.941413	7.910547	56.377311	2.010802
134	Spectrogram 1	4	1024.408	1025.148	4000.0	18000.0	8789.1	Trill	4.712265	3.277950	61.401868	1.350046
135	Spectrogram 1	2	1026.976	1027.062	4000.0	18000.0	7031.2	peep	5.895875	6.590841	45.753910	1.439389
136	Spectrogram 1	5	1204.434	1204.556	4000.0	18000.0	10156.2	Sa-peep	-0.535077	5.489986	84.296953	0.282828
137	Spectrogram 1	5	1206.408	1206.531	3472.2	16319.4	8398.4	Peep	0	0	0	0
138	Spectrogram 1	5	1208.550	1208.678	4000.0	18000.0	8203.1	Peep	-2.605554	10.362653	53.689999	0.701545
139	Spectrogram 1	4	1789.323	1789.475	4000.0	18000.0	6640.6	Trill	8.628726	10.253263	47.744277	6.344131
140	Spectrogram 1	5	1801.422	1801.514	4000.0	18000.0	7617.2	Trill	-5.651102	8.659114	42.609799	2.134749
141	Spectrogram 1	5	1801.584	1801.640	4000.0	18000.0	7812.5	Trill	-4.439825	6.146064	35.998711	0.899422
142	Spectrogram 1	4	1808.568	1808.966	4000.0	18000.0	4296.9	Trill	1.284813	3.487228	44.968010	0.388583
143	Spectrogram 1	2	1814.274	1814.648	4000.0	18000.0	8593.7	Trill	6.273150	10.068277	31.854759	1.169046
144	Spectrogram 1	4	1816.512	1816.586	4000.0	18000.0	7421.9	Trill	1.652110	5.249648	41.302052	0.880014
145	Spectrogram 1	5	1828.186	1828.425	3819.4	17881.9	7226.6	Trill	0	0	0	0
146	Spectrogram 1	5	1830.084	1830.188	4000.0	18000.0	7226.6	Trill	-1.434041	4.527110	43.803836	0.678251
147	Spectrogram 1	2	1837.632	1837.908	4000.0	18000.0	8593.7	Trill	7.113841	9.506293	43.390834	1.578352
148	Spectrogram 1	5	1855.186	1855.250	4000.0	18000.0	7226.6	Trill	-4.959087	6.237482	41.876943	1.397250
149	Spectrogram 1	5	1857.006	1857.122	4000.0	18000.0	6640.6	Trill	-3.799205	6.600463	47.559880	1.310137
150	Spectrogram 1	2	1875.426	1875.530	4000.0	18000.0	8984.4	Trill	6.098634	7.447975	43.975157	1.435051
151	Spectrogram 1	4	1960.216	1960.272	4000.0	18000.0	11328.1	Twitter	0.602665	6.389934	54.613832	0.566617
152	Spectrogram 1	4	1960.312	1960.368	4000.0	18000.0	8203.1	Twitter	0.604281	10.326482	38.837612	0.827676
153	Spectrogram 1	4	1960.426	1960.488	4000.0	18000.0	7617.2	Twitter	1.505364	9.368161	32.619207	1.346059
154	Spectrogram 1	4	1960.546	1960.608	4000.0	18000.0	7617.2	Twitter	1.687090	9.998018	35.802439	1.593170
155	Spectrogram 1	4	1960.666	1960.728	4000.0	18000.0	7226.6	Twitter	1.593772	10.089889	35.210562	1.655070
156	Spectrogram 1	4	1960.780	1960.848	4000.0	18000.0	7421.9	Twitter	1.785613	9.853440	33.415374	1.513351
157	Spectrogram 1	4	1960.888	1960.962	4000.0	18000.0	7421.9	Twitter	0.775126	7.178413	36.429264	0.616648
158	Spectrogram 1	5	1960.996	1961.052	4000.0	18000.0	7226.6	Twitter	-0.884996	9.802082	48.069861	0.902425
159	Spectrogram 1	4	1961.086	1961.148	4000.0	18000.0	8593.7	Twitter	3.600318	5.873014	48.953176	0.631699
160	Spectrogram 1	4	1961.188	1961.232	4000.0	18000.0	8007.8	Peep	1.502972	4.446789	48.031524	0.307941
161	Spectrogram 1	2	2087.102	2087.176	4000.0	18000.0	8789.1	Trill	7.166929	7.889710	46.094008	1.651356
162	Spectrogram 1	2	2118.829	2118.915	3645.8	17187.5	8984.4	Trill	0	0	0	0
163	Spectrogram 1	2	2224.648	2224.836	4000.0	18000.0	8984.4	Trill	8.197777	10.603229	63.536175	2.209631
164	Spectrogram 1	5	2245.300	2245.386	4000.0	18000.0	7226.6	Trill	-2.763649	3.275653	82.576556	1.354750
165	Spectrogram 1	5	2270.032	2270.124	4000.0	18000.0	7226.6	Trill	-4.441965	6.209074	55.408860	1.989915
166	Spectrogram 1	5	2270.191	2270.250	3993.1	17881.9	6640.6	Trill	0	0	0	0
167	Spectrogram 1	2	2316.602	2316.688	4000.0	18000.0	8593.7	Trill	6.301156	12.064575	69.404075	1.957614
168	Spectrogram 1	4	2324.606	2324.704	4000.0	18000.0	7812.5	Trill	0.530577	3.982908	61.641499	0.362452
169	Spectrogram 1	4	2324.738	2324.824	4000.0	18000.0	4687.5	Trill	0.771697	4.622998	57.978159	0.466528
170	Spectrogram 1	2	2345.492	2345.602	4000.0	18000.0	9179.7	Trill	13.952393	16.003633	81.712742	3.516514
171	Spectrogram 1	2	2345.636	2345.740	4000.0	18000.0	8593.7	Trill	10.857583	11.441842	70.231249	2.790318
172	Spectrogram 1	2	2345.774	2345.854	4000.0	18000.0	8789.1	Trill	7.353868	6.573655	53.533450	1.850981
173	Spectrogram 1	5	2367.278	2367.659	4000.0	18000.0	7617.2	Trill	-10.111093	8.280468	59.348812	3.682364
174	Spectrogram 1	5	2434.296	2434.488	4000.0	18000.0	7226.6	Trill	-0.995880	3.806773	71.310232	0.782639
175	Spectrogram 1	5	2468.120	2468.396	4000.0	18000.0	7812.5	Trill	-5.618643	0.537918	55.670724	0.278068
176	Spectrogram 1	5	2483.580	2483.846	4000.0	18000.0	7031.2	Trill	-3.171782	5.917361	70.336113	2.336162
177	Spectrogram 1	4	2529.694	2529.930	4000.0	18000.0	8398.4	Trill	0.941449	3.185435	69.671731	0.377124
178	Spectrogram 1	4	2530.024	2530.482	4000.0	18000.0	8984.4	Phee	2.622137	5.637846	104.818062	1.520199
179	Spectrogram 1	4	2530.594	2531.076	4000.0	18000.0	8398.4	Phee	1.173013	5.329195	126.810615	1.070511
180	Spectrogram 1	5	2886.268	2886.619	4000.0	18000.0	6835.9	Trill	-8.490574	15.269506	48.614551	3.423781
181	Spectrogram 1	5	2901.020	2901.250	4000.0	18000.0	7226.6	Trill	-2.181194	9.039282	58.002469	1.585209
182	Spectrogram 1	4	2908.322	2908.486	4000.0	18000.0	7226.6	Trill	2.556370	4.629470	58.125941	0.683211
183	Spectrogram 1	4	2908.520	2908.648	4000.0	18000.0	8007.8	Trill	1.847225	3.428664	52.211573	0.504858
184	Spectrogram 1	4	2909.318	2909.614	4000.0	18000.0	8007.8	Trill	1.462936	3.423643	68.263882	0.622111
185	Spectrogram 1	4	2909.762	2909.812	4000.0	18000.0	7812.5	Peep	1.664903	3.470193	69.340098	0.704343
186	Spectrogram 1	5	2926.334	2926.504	4000.0	18000.0	7226.6	Trill	-1.155033	3.729338	64.281349	0.533011
187	Spectrogram 1	2	2943.062	2943.166	4000.0	18000.0	8007.8	Trill	8.139958	12.633476	60.824853	2.141736
188	Spectrogram 1	5	2983.274	2983.706	4000.0	18000.0	6835.9	Trill	-1.746360	4.838727	70.413261	0.781904
189	Spectrogram 1	2	2988.638	2988.712	4000.0	18000.0	7812.5	Trill	5.687124	12.437331	44.317147	1.374155
190	Spectrogram 1	4	2988.806	2988.862	4000.0	18000.0	8203.1	Twitter	0.523763	3.511704	52.878796	0.323117
191	Spectrogram 1	4	2988.908	2988.970	4000.0	18000.0	8007.8	Twitter	1.223072	5.003512	52.940470	0.812158
192	Spectrogram 1	5	2989.112	2989.156	4000.0	18000.0	7617.2	Twitter	-3.658901	7.651821	46.693775	0.813081
193	Spectrogram 1	4	3009.564	3010.736	4000.0	18000.0	7617.2	Phee	3.442125	15.620089	84.581206	1.039026
194	Spectrogram 1	5	3015.360	3015.800	4000.0	18000.0	7031.2	Twitter	-4.844970	11.305985	61.301298	2.408765
195	Spectrogram 1	2	3018.024	3018.601	4000.0	18000.0	8398.4	Trill 	10.137480	13.158711	46.828993	2.078608
196	Spectrogram 1	5	3091.482	3091.544	4000.0	18000.0	8007.8	Sd-peep	-4.908227	9.611722	55.911505	2.748958
197	Spectrogram 1	5	3092.034	3092.090	4000.0	18000.0	7226.6	Sd-peep	-3.185111	4.933862	48.399952	1.388601
198	Spectrogram 1	2	3136.498	3136.578	4000.0	18000.0	8593.7	Trill	9.601072	13.889396	80.162540	2.797540
199	Spectrogram 1	4	3169.551	3170.082	4000.0	18000.0	8984.4	Phee	2.913364	6.261345	118.620177	2.201783
200	Spectrogram 1	5	3170.212	3170.718	4000.0	18000.0	7031.2	Phee	-1.000756	3.583532	87.465411	0.511807
201	Spectrogram 1	2	3180.094	3180.252	4000.0	18000.0	8789.1	Trill	6.617948	9.145896	45.785835	1.558681
202	Spectrogram 1	4	3405.616	3405.660	4000.0	18000.0	12109.4	Twitter	3.698175	6.961653	54.762699	2.285337
203	Spectrogram 1	4	3405.712	3405.762	4000.0	18000.0	8203.1	Twitter	0.582736	9.149487	48.113676	0.611501
204	Spectrogram 1	4	3405.832	3405.888	4000.0	18000.0	6835.9	Twitter	1.797124	8.677992	39.992458	1.278488
205	Spectrogram 1	4	3405.952	3406.020	4000.0	18000.0	6640.6	Twitter	1.548894	8.843265	34.674018	0.869885
206	Spectrogram 1	4	3406.066	3406.134	4000.0	18000.0	7226.6	Twitter	1.817721	10.431649	37.088677	1.131069
207	Spectrogram 1	4	3406.180	3406.248	4000.0	18000.0	7226.6	Twitter	0.771144	9.935861	33.872240	0.570799
208	Spectrogram 1	4	3406.294	3406.362	4000.0	18000.0	6835.9	Twitter	0.892963	11.558589	32.696768	0.818481
209	Spectrogram 1	4	3406.408	3406.470	4000.0	18000.0	6835.9	Twitter	0.232459	11.390304	33.769622	0.272162
210	Spectrogram 1	5	3406.522	3406.566	4000.0	18000.0	7226.6	Twitter	-0.717029	13.672664	39.633227	1.243391
211	Spectrogram 1	5	3406.630	3406.704	4000.0	18000.0	7226.6	Twitter	-0.506970	10.392341	33.215714	0.394267
212	Spectrogram 1	5	3406.738	3406.818	4000.0	18000.0	7226.6	Twitter	-0.252811	10.278605	34.784228	0.207646
213	Spectrogram 1	5	3406.846	3406.914	4000.0	18000.0	7226.6	Twitter	-0.501960	11.519378	37.151788	0.548555
214	Spectrogram 1	5	3406.954	3407.028	4000.0	18000.0	7421.9	Twitter	-0.523466	10.385298	38.468064	0.463841
215	Spectrogram 1	4	3407.062	3407.136	4000.0	18000.0	7226.6	Twitter	0.601118	10.581305	38.221081	0.452046
216	Spectrogram 1	4	3407.164	3407.232	4000.0	18000.0	7031.2	Twitter	0.900320	10.211591	41.445850	0.606094
217	Spectrogram 1	4	3407.260	3407.334	4000.0	18000.0	7226.6	Twitter	0.589411	9.313414	58.043709	0.424212
218	Spectrogram 1	4	3409.426	3409.482	4000.0	18000.0	7617.2	Twitter	5.231815	12.878071	38.626427	2.371520
219	Spectrogram 1	4	3409.660	3409.722	4000.0	18000.0	7421.9	Twitter	3.789996	13.618871	32.609204	2.847030
220	Spectrogram 1	4	3409.786	3409.824	4000.0	18000.0	7226.6	Twitter	2.315604	14.757048	37.311277	2.581351
221	Spectrogram 1	4	3409.882	3409.956	4000.0	18000.0	6835.9	Twitter	2.797101	11.280376	45.482218	1.304289
222	Spectrogram 1	4	3410.032	3410.094	4000.0	18000.0	6835.9	Twitter	4.073386	14.176232	32.243199	2.220212
223	Spectrogram 1	4	3410.128	3410.214	4000.0	18000.0	6835.9	Twitter	3.570059	11.836007	37.486880	1.862506
224	Spectrogram 1	4	3410.266	3410.328	4000.0	18000.0	6835.9	Twitter	4.009653	13.184140	36.765605	2.824981
225	Spectrogram 1	4	3410.386	3410.454	4000.0	18000.0	6835.9	Twitter	4.097064	13.165983	37.209424	2.890799
226	Spectrogram 1	4	3410.500	3410.562	4000.0	18000.0	6835.9	Twitter	3.752546	12.986020	39.339080	3.288375
227	Spectrogram 1	4	3410.614	3410.682	4000.0	18000.0	6835.9	Twitter	1.805936	11.668388	36.292004	1.498278
228	Spectrogram 1	4	3410.836	3410.904	4000.0	18000.0	6835.9	Twitter	0.394491	10.752806	41.424312	0.453783
229	Spectrogram 1	5	3410.950	3411.018	4000.0	18000.0	7031.2	Twitter	-0.911812	10.930346	45.937608	0.744757
230	Spectrogram 1	4	3411.046	3411.120	4000.0	18000.0	6835.9	Twitter	0.796008	9.405577	60.574560	0.441692
231	Spectrogram 1	4	3412.906	3412.962	4000.0	18000.0	7617.2	Twitter	4.611903	10.567978	39.684356	2.539897
232	Spectrogram 1	4	3413.026	3413.082	4000.0	18000.0	7421.9	Twitter	3.666197	10.191010	36.764862	2.118186
233	Spectrogram 1	4	3413.152	3413.202	4000.0	18000.0	6835.9	Twitter	6.452380	12.712560	37.986788	3.918892
234	Spectrogram 1	4	3413.272	3413.346	4000.0	18000.0	6835.9	Twitter	4.797879	11.102659	32.704598	1.710523
235	Spectrogram 1	4	3413.392	3413.448	4000.0	18000.0	6835.9	Twitter	5.553076	13.340693	33.346684	3.000957
236	Spectrogram 1	4	3413.506	3413.562	4000.0	18000.0	6835.9	Twitter	5.585043	13.263523	29.874322	3.221171
237	Spectrogram 1	4	3413.614	3413.682	4000.0	18000.0	6835.9	Twitter	5.706559	12.791957	29.122522	1.513223
238	Spectrogram 1	4	3413.722	3413.784	4000.0	18000.0	6835.9	Twitter	5.348085	12.565947	31.540194	2.550979
239	Spectrogram 1	4	3413.836	3413.886	4000.0	18000.0	6835.9	Twitter	6.173241	13.706999	34.994154	3.735286
240	Spectrogram 1	4	3413.938	3413.994	4000.0	18000.0	6835.9	Twitter	5.259737	12.669850	34.650717	2.040680
241	Spectrogram 1	4	3414.040	3414.096	4000.0	18000.0	7031.2	Twitter	5.468222	13.365589	50.965709	1.999293
242	Spectrogram 1	4	3416.668	3416.861	4000.0	18000.0	6640.6	Trill	4.644882	10.842533	61.676593	2.626185
243	Spectrogram 1	4	3416.986	3417.420	4000.0	18000.0	8789.1	Trill	2.985126	7.625092	69.530962	0.671459
244	Spectrogram 1	5	3437.709	3438.048	4000.0	18000.0	7421.9	Trill	-4.429254	8.750500	42.092721	1.427904
245	Spectrogram 1	5	3438.976	3439.038	4000.0	18000.0	7812.5	Sd-peep	-3.468480	7.110086	50.553478	1.552607
246	Spectrogram 1	5	3439.504	3440.130	4000.0	18000.0	8398.4	Trill	-4.729793	8.445757	61.893773	1.687623
247	Spectrogram 1	5	3440.209	3440.818	3993.1	18229.2	8007.8	Phee	0	0	0	0
248	Spectrogram 1	5	3440.948	3441.491	3993.1	17708.3	8984.4	Phee	0	0	0	0
249	Spectrogram 1	5	3441.643	3441.832	3993.1	17534.7	8007.8	Peep	0	0	0	0
250	Spectrogram 1	5	3451.438	3451.560	4000.0	18000.0	7421.9	Trill	-1.879088	4.645368	52.673123	0.837129
251	Spectrogram 1	4	3451.738	3451.788	4000.0	18000.0	7226.6	Twitter	3.874585	8.012289	38.498353	1.369776
252	Spectrogram 1	4	3451.864	3451.920	4000.0	18000.0	7226.6	Twitter	1.006350	7.127960	43.551261	0.770796
253	Spectrogram 1	4	3451.990	3452.046	4000.0	18000.0	7031.2	Twitter	2.539001	8.883646	39.422058	1.656789
254	Spectrogram 1	4	3452.110	3452.166	4000.0	18000.0	7031.2	Twitter	2.018362	9.536672	38.917954	1.527573
255	Spectrogram 1	4	3452.224	3452.286	4000.0	18000.0	7031.2	Twitter	1.439883	8.080368	39.334700	1.070331
256	Spectrogram 1	4	3452.338	3452.394	4000.0	18000.0	7031.2	Twitter	1.373129	8.457589	33.585261	0.865742
257	Spectrogram 1	4	3452.452	3452.508	4000.0	18000.0	7031.2	Twitter	1.841116	8.454118	44.299445	1.087257
258	Spectrogram 1	4	3452.560	3452.616	4000.0	18000.0	7031.2	Twitter	0.806051	7.145155	48.355365	0.344934
259	Spectrogram 1	5	3455.762	3456.116	3472.2	18229.2	7226.6	Trill	0	0	0	0
260	Spectrogram 1	5	3456.694	3456.744	4000.0	18000.0	7812.5	Trill	-3.046615	4.768836	66.392903	0.533297
261	Spectrogram 1	5	3458.872	3458.988	4000.0	18000.0	7421.9	Trill	-4.278384	6.453041	51.638587	1.423266
262	Spectrogram 1	5	3459.046	3459.108	4000.0	18000.0	8007.8	Peep	-2.258272	6.597497	47.646037	0.935493
263	Spectrogram 1	5	3459.178	3459.234	4000.0	18000.0	7421.9	Twitter	-2.726465	10.050650	40.135877	0.909055
264	Spectrogram 1	5	3459.298	3459.354	4000.0	18000.0	7421.9	Twitter	-2.975943	10.643912	35.666408	1.051072
265	Spectrogram 1	5	3459.418	3459.474	4000.0	18000.0	7226.6	Twitter	-3.160410	11.417175	35.105858	1.332672
266	Spectrogram 1	5	3459.544	3459.600	4000.0	18000.0	7226.6	Twitter	-2.537657	11.027193	33.288786	1.214608
267	Spectrogram 1	5	3459.658	3459.714	4000.0	18000.0	7031.2	Twitter	-3.352590	11.774029	33.653310	1.875969
268	Spectrogram 1	5	3459.772	3459.834	4000.0	18000.0	7031.2	Twitter	-2.415935	10.329525	31.901391	1.106533
269	Spectrogram 1	5	3459.886	3459.948	4000.0	18000.0	7031.2	Twitter	-3.558619	11.350367	35.099950	1.833641
270	Spectrogram 1	5	3459.994	3460.050	4000.0	18000.0	7031.2	Twitter	-4.188779	12.030510	38.506589	2.170005
271	Spectrogram 1	5	3460.108	3460.158	4000.0	18000.0	7031.2	Twitter	-5.277903	13.201089	42.773126	2.138676
272	Spectrogram 1	5	3462.370	3462.546	4000.0	18000.0	6835.9	Trill	-1.526882	5.628118	60.867298	0.480015
273	Spectrogram 1	5	3462.592	3462.660	4000.0	18000.0	7812.5	Twitter	-1.675644	7.252500	54.178307	0.552516
274	Spectrogram 1	4	3462.850	3462.930	4000.0	18000.0	7226.6	Twitter	1.749092	10.082409	38.577622	0.641083
275	Spectrogram 1	4	3462.970	3463.050	4000.0	18000.0	7226.6	Twitter	0.987597	10.393584	37.971624	0.341251
276	Spectrogram 1	4	3463.204	3463.284	4000.0	18000.0	7031.2	Twitter	1.219021	10.597307	36.790012	0.525093
277	Spectrogram 1	5	3463.318	3463.392	4000.0	18000.0	7031.2	Twitter	-0.329209	10.292465	35.615837	0.210909
278	Spectrogram 1	4	3463.438	3463.518	4000.0	18000.0	7226.6	Twitter	1.474066	10.890490	37.766858	0.566886
279	Spectrogram 1	4	3463.552	3463.632	4000.0	18000.0	7226.6	Twitter	1.181327	10.142553	37.237001	0.461494
280	Spectrogram 1	5	3473.091	3473.364	4000.0	18000.0	7031.2	Trill	-2.168321	4.825852	44.200910	0.380303
281	Spectrogram 1	2	3473.674	3473.736	4000.0	18000.0	8203.1	T-peep	6.300312	9.835908	42.142159	1.426013
282	Spectrogram 1	2	3473.812	3473.874	4000.0	18000.0	8203.1	Trill	7.980623	10.221390	52.981975	1.939408
283	Spectrogram 1	5	3488.314	3488.796	4000.0	18000.0	7226.6	Trill	-5.997933	14.422058	65.683830	2.829177
284	Spectrogram 1	4	3507.722	3507.802	4000.0	18000.0	9960.9	Sa-peep	2.098970	4.985091	81.339378	1.282843
285	Spectrogram 1	4	3507.968	3508.030	4000.0	18000.0	7226.6	Twitter	4.677116	10.801830	60.242180	4.114304
286	Spectrogram 1	4	3508.088	3508.144	4000.0	18000.0	7812.5	Twitter	4.522501	10.607817	51.106867	3.102947
287	Spectrogram 1	4	3508.196	3508.258	4000.0	18000.0	7421.9	Twitter	4.261850	10.642533	50.460503	3.880678
288	Spectrogram 1	4	3508.304	3508.366	4000.0	18000.0	7226.6	Twitter	4.299838	10.918245	54.405024	4.053850
289	Spectrogram 1	4	3508.406	3508.474	4000.0	18000.0	7031.2	Twitter	3.713361	10.454345	54.872387	3.629304
290	Spectrogram 1	4	3508.508	3508.588	4000.0	18000.0	7226.6	Twitter	4.549021	10.619422	55.471808	3.586873
291	Spectrogram 1	4	3508.610	3508.684	4000.0	18000.0	7226.6	Twitter	3.523331	9.370905	79.628012	2.568656
292	Spectrogram 1	4	3508.712	3508.774	4000.0	18000.0	8398.4	Twitter	2.856468	6.321074	73.256665	1.390849
293	Spectrogram 1	4	3508.820	3508.858	4000.0	18000.0	8007.8	Twitter	1.391033	4.209154	54.490043	0.522427
294	Spectrogram 1	4	3516.804	3517.156	4000.0	18000.0	6640.6	Trill	6.060866	10.268740	62.215147	2.434549
295	Spectrogram 1	4	3517.256	3517.348	4000.0	18000.0	7617.2	Trill	1.579229	4.887321	49.535889	0.540070
296	Spectrogram 1	4	3517.550	3517.810	4000.0	18000.0	8789.1	Trill	4.558404	9.159455	82.414686	3.033270
297	Spectrogram 1	4	3517.934	3518.518	4000.0	18000.0	8593.7	Phee	3.268767	7.698779	92.884679	2.183457
298	Spectrogram 1	2	3521.948	3522.052	4000.0	18000.0	8593.7	Trill	7.305442	9.183133	50.899522	1.784313
299	Spectrogram 1	2	3528.146	3528.238	4000.0	18000.0	7617.2	Trill	11.146983	16.248731	66.935999	2.754095
300	Spectrogram 1	2	3528.284	3528.586	4000.0	18000.0	8398.4	Trill	8.046796	10.644997	53.973168	1.972893
301	Spectrogram 1	5	3531.152	3531.694	4000.0	18000.0	7421.9	Phee	-3.152307	8.949601	106.006005	2.991464
302	Spectrogram 1	5	3531.758	3531.952	4000.0	18000.0	9765.6	Trill	-5.120216	8.649314	77.515914	2.231700
303	Spectrogram 1	5	3532.502	3532.693	4000.0	18000.0	7812.5	Trill	-12.406700	13.399403	31.842151	2.680284
304	Spectrogram 1	5	3533.726	3533.884	4000.0	18000.0	8593.7	Peep	-4.595465	11.806926	83.738084	1.585747
305	Spectrogram 1	5	3536.909	3536.955	3645.8	16493.1	8007.8	Twitter	0	0	0	0
306	Spectrogram 1	5	3537.031	3537.068	2777.8	17534.7	7421.9	Twitter	0	0	0	0
307	Spectrogram 1	5	3537.151	3537.177	2951.4	17013.9	7226.6	Twitter	0	0	0	0
308	Spectrogram 1	5	3537.257	3537.306	2951.4	15104.2	7226.6	Twitter	0	0	0	0
309	Spectrogram 1	5	3537.366	3537.412	4166.7	17187.5	7226.6	Twitter	0	0	0	0
310	Spectrogram 1	5	3537.482	3537.525	3125.0	17881.9	7226.6	Twitter	0	0	0	0
311	Spectrogram 1	5	3537.578	3537.628	4340.3	16840.3	7226.6	Twitter	0	0	0	0
312	Spectrogram 1	5	3537.687	3537.724	4166.7	15972.2	7226.6	Twitter	0	0	0	0
313	Spectrogram 1	5	3537.782	3537.856	4000.0	18000.0	7226.6	Twitter	-0.881699	6.320894	53.910618	0.234486
314	Spectrogram 1	5	3548.300	3548.710	4000.0	18000.0	7031.2	Trill	-0.645671	4.178418	53.847238	0.311963
315	Spectrogram 1	5	3552.080	3552.136	4000.0	18000.0	7617.2	Twitter	-0.300683	6.677531	47.764406	0.314771
316	Spectrogram 1	5	3552.194	3552.244	4000.0	18000.0	7617.2	Twitter	-2.647760	8.905197	48.794437	2.570937
317	Spectrogram 1	5	3552.290	3552.352	4000.0	18000.0	7617.2	Twitter	-2.581069	8.284785	41.251826	2.049189
318	Spectrogram 1	5	3552.404	3552.460	4000.0	18000.0	7617.2	Twitter	-3.108713	9.283774	40.402636	2.743501
319	Spectrogram 1	5	3552.512	3552.568	4000.0	18000.0	7421.9	Twitter	-3.789928	9.937223	40.642992	3.013025
320	Spectrogram 1	5	3552.602	3552.670	4000.0	18000.0	7421.9	Twitter	-1.883981	5.892135	48.091226	0.769758
321	Spectrogram 1	5	3632.160	3632.624	4000.0	18000.0	6640.6	Trill	-0.454739	5.929312	66.397826	0.373935
322	Spectrogram 1	4	3683.622	3683.690	4000.0	18000.0	10351.6	Peep	3.351262	4.162566	46.019194	1.570258
323	Spectrogram 1	5	3683.718	3685.087	4000.0	18000.0	9570.3	Phee	-2.548059	10.485274	91.872121	2.764623
324	Spectrogram 1	4	3685.158	3685.832	4000.0	18000.0	9179.7	Phee	2.594661	9.420515	107.117773	3.160739
325	Spectrogram 1	4	3685.908	3686.012	4000.0	18000.0	8789.1	Sa-peep	3.574001	7.010271	61.339284	2.309290
326	Spectrogram 1	4	3686.064	3686.276	4000.0	18000.0	9765.6	Phee	1.143685	10.546642	102.189820	1.658798
327	Spectrogram 1	4	3686.376	3686.828	4000.0	18000.0	9375.0	Peep	0.653748	12.995972	98.007631	0.956613
328	Spectrogram 1	4	3686.904	3687.092	4000.0	18000.0	10546.9	Peep	9.464465	14.086021	96.855687	8.203351
329	Spectrogram 1	4	3687.192	3688.700	4000.0	18000.0	8984.4	Phee	5.489464	16.618605	109.505727	4.354117
330	Spectrogram 1	4	3689.436	3689.756	4000.0	18000.0	8593.7	Trill	1.762190	10.491051	89.877463	1.777247
331	Spectrogram 1	4	3689.831	3690.044	4000.0	18000.0	8398.4	Trill	1.522862	3.116643	28.679273	0.363483
332	Spectrogram 1	5	3690.172	3690.262	3298.6	18923.6	8984.4	Sd-peep	0	0	0	0
333	Spectrogram 1	4	3690.828	3690.944	4000.0	18000.0	8984.4	Sd-peep	6.220966	11.204718	86.414430	4.706323
334	Spectrogram 1	4	3691.026	3691.352	4000.0	18000.0	7226.6	Trill	3.474739	5.996979	58.466014	0.762242
335	Spectrogram 1	4	3691.740	3691.982	4000.0	18000.0	7812.5	Trill	4.041637	6.759623	54.458715	2.791174
336	Spectrogram 1	4	3692.202	3692.270	4000.0	18000.0	8203.1	Peep	0.681297	3.722446	58.519278	0.333541
337	Spectrogram 1	4	3692.676	3692.744	4000.0	18000.0	8593.7	Sa-peep	4.025457	6.339205	54.260989	1.936651
338	Spectrogram 1	4	3692.820	3692.924	4000.0	18000.0	7617.2	Trill	2.458750	4.750048	71.859543	1.316275
339	Spectrogram 1	4	3692.952	3693.098	4000.0	18000.0	7421.9	Trill	2.370437	1.157950	88.031373	0.565552
340	Spectrogram 1	4	3693.522	3693.632	4000.0	18000.0	8203.1	Trill	1.738381	5.487356	71.028708	1.105633
341	Spectrogram 1	4	3695.196	3695.600	4000.0	18000.0	7031.2	Trill	4.340049	6.574160	72.343732	2.441437
342	Spectrogram 1	4	3720.604	3720.798	4000.0	18000.0	9570.3	Trill	1.735450	4.147167	73.649054	1.031654
343	Spectrogram 1	4	3721.012	3721.284	4000.0	18000.0	7226.6	Trill	3.725861	6.073760	78.068905	2.037265
344	Spectrogram 1	4	3721.996	3722.346	4000.0	18000.0	8789.1	Phee	1.355160	5.425465	88.375113	0.757588
345	Spectrogram 1	4	3722.464	3722.967	4000.0	18000.0	8789.1	Phee	4.083440	7.356683	84.543103	2.228537
346	Spectrogram 1	2	3744.214	3744.324	4000.0	18000.0	8398.4	Trill	9.680276	14.409350	76.847696	2.744410
347	Spectrogram 1	4	3745.438	3745.956	4000.0	18000.0	9179.7	Phee	2.143590	6.407138	103.854671	1.413252
348	Spectrogram 1	4	3746.092	3746.868	4000.0	18000.0	9570.3	Phee	4.005790	9.724644	133.400963	3.996799
349	Spectrogram 1	4	3747.064	3747.492	4000.0	18000.0	8984.4	Phee	4.739242	9.935014	127.278200	4.295430
350	Spectrogram 1	4	3812.612	3813.334	4000.0	18000.0	8789.1	Phee	9.492263	16.448484	126.290482	6.328173
351	Spectrogram 1	4	3813.457	3814.330	4000.0	18000.0	8789.1	Phee	6.261965	13.853664	117.338681	3.644906
352	Spectrogram 1	4	3814.400	3814.858	4000.0	18000.0	8398.4	Phee	0.705954	3.848791	71.658244	0.245144
353	Spectrogram 1	4	3815.006	3815.086	4000.0	18000.0	7617.2	Peep	1.164550	3.637954	99.889521	0.749813
354	Spectrogram 1	4	3848.174	3848.260	4000.0	18000.0	7617.2	Sd-peep	2.533077	5.930121	43.904953	0.639964
355	Spectrogram 1	4	3848.312	3848.374	4000.0	18000.0	7031.2	Sd-peep	6.770700	11.704644	62.220931	4.156499
356	Spectrogram 1	4	3883.817	3884.116	4000.0	18000.0	6054.7	Trill	0.853953	3.703345	45.131104	0.564406
357	Spectrogram 1	5	3936.102	3936.512	4000.0	18000.0	8593.7	Phee	-2.621167	5.981331	86.143153	1.148033
358	Spectrogram 1	4	3936.652	3937.442	4000.0	18000.0	8984.4	Phee	1.216684	5.185729	81.409556	0.595905
359	Spectrogram 1	5	3937.584	3938.006	4000.0	18000.0	8593.7	Phee	-0.679870	4.372439	69.618707	0.214230
360	Spectrogram 1	4	3972.978	3973.436	4000.0	18000.0	9179.7	Phee	4.900063	12.991955	148.587921	5.121422
361	Spectrogram 1	4	3973.596	3974.252	4000.0	18000.0	9179.7	Phee	5.492358	16.950771	192.401585	7.168601
362	Spectrogram 1	4	3974.334	3974.438	4000.0	18000.0	8398.4	Peep	5.254100	13.279511	95.677578	3.330492
363	Spectrogram 1	4	3974.568	3974.840	4000.0	18000.0	8203.1	Peep	4.291583	8.789918	107.824888	2.481125
364	Spectrogram 1	4	3974.916	3975.014	4000.0	18000.0	8398.4	Phee	0.698696	6.836516	134.603774	0.775732
365	Spectrogram 1	5	3975.330	3975.434	4000.0	18000.0	7812.5	Peep	-0.492926	5.057240	76.277056	0.324397
366	Spectrogram 1	5	4026.204	4026.366	3645.8	17708.3	7617.2	Trill	0	0	0	0
367	Spectrogram 1	4	4026.868	4026.924	4000.0	18000.0	7031.2	Trill	1.152052	7.844286	45.885688	0.374362
368	Spectrogram 1	4	4026.994	4027.038	4000.0	18000.0	7031.2	Trill	0.608775	9.558997	47.080475	0.484610
369	Spectrogram 1	4	4027.102	4027.146	4000.0	18000.0	7421.9	Tse	0.694297	9.816024	48.801844	0.277630
