Selection	View	Channel	Begin Time (s)	End Time (s)	Low Freq (Hz)	High Freq (Hz)	Max Freq (Hz)	Call Type
1	Spectrogram 1	4	15.601	16.146	3240.7	8564.8	6445.3	Trill
2	Spectrogram 1	4	27.661	27.864	1785.7	13169.6	6835.9	Sd-peep string
3	Spectrogram 1	4	28.125	28.168	2008.9	10937.5	6054.7	Sd-peep
4	Spectrogram 1	4	36.320	37.045	446.4	12053.6	6054.7	Sd-peep string
5	Spectrogram 1	4	37.709	37.760	669.6	12053.6	5664.1	Sd-peep
6	Spectrogram 1	4	39.971	41.195	0.0	13169.6	195.3	Sd-peep string
7	Spectrogram 1	4	46.069	47.163	892.9	13839.3	6445.3	Twitter
8	Spectrogram 1	2	62.115	62.655	4464.3	11830.4	7421.9	Trill
9	Spectrogram 1	4	76.900	77.768	2455.4	19866.1	8203.1	Twitter
10	Spectrogram 1	2	143.889	144.471	3794.6	11383.9	8007.8	Trill
11	Spectrogram 1	4	168.762	169.547	892.9	14732.1	6640.6	Sa-peep string
12	Spectrogram 1	3	181.105	181.244	3348.2	9375.0	7421.9	Peep
13	Spectrogram 1	3	181.304	182.407	3125.0	13392.9	8007.8	Phee
14	Spectrogram 1	1	220.556	220.750	4687.5	11830.4	8203.1	T-peep
15	Spectrogram 1	2	228.120	228.351	5133.9	11383.9	8398.4	T-peep
16	Spectrogram 1	4	232.268	232.577	5133.9	12946.4	10156.2	Trill
17	Spectrogram 1	4	233.726	234.234	2678.6	10491.1	7031.2	Trill
18	Spectrogram 1	4	234.797	235.194	1339.3	13839.3	10156.2	Trill
19	Spectrogram 1	4	237.611	237.971	2901.8	14955.4	9960.9	Trill
20	Spectrogram 1	4	239.695	240.277	3571.4	11383.9	7617.2	Trill
21	Spectrogram 1	4	244.784	245.629	2008.9	14732.1	7226.6	Twitter
22	Spectrogram 1	3	257.780	258.261	3794.6	10491.1	7812.5	Peep string
23	Spectrogram 1	3	258.288	259.340	4000.0	18000.0	8203.1	Phee
24	Spectrogram 1	4	266.155	266.469	2008.9	12946.4	9765.6	Trill
25	Spectrogram 1	1	267.636	268.098	4241.1	13169.6	8398.4	Trillphee
26	Spectrogram 1	4	278.918	279.333	2702.7	13738.7	9765.6	Trill
27	Spectrogram 1	3	282.877	283.255	4955.0	12162.2	8203.1	Trill
28	Spectrogram 1	4	287.682	287.955	2252.3	13063.1	9960.9	Trill
29	Spectrogram 1	1	290.754	290.860	5855.9	11711.7	8398.4	T-peep
30	Spectrogram 1	3	292.172	292.527	4729.7	11711.7	7421.9	Trill
31	Spectrogram 1	4	294.512	294.914	3153.2	13513.5	9375.0	Trill
32	Spectrogram 1	3	300.284	302.071	2702.7	12162.2	8007.8	Phee
33	Spectrogram 1	4	304.460	304.834	1576.6	13288.3	7812.5	Trill
34	Spectrogram 1	4	312.592	313.008	3603.6	13964.0	10351.6	Trill
35	Spectrogram 1	4	321.078	322.556	225.2	16666.7	6250.0	Twitter
36	Spectrogram 1	4	326.148	327.316	2477.5	11261.3	4492.2	Trill
37	Spectrogram 1	4	327.578	328.650	3378.4	9684.7	6835.9	Phee
38	Spectrogram 1	4	331.417	331.731	3153.2	13288.3	10156.2	Trill
39	Spectrogram 1	2	341.219	341.463	4504.5	10135.1	7031.2	T-peep
40	Spectrogram 1	2	343.320	343.770	4000.0	18000.0	8007.8	Trillphee
41	Spectrogram 1	3	350.371	351.826	4279.3	11936.9	8203.1	Phee
42	Spectrogram 1	3	351.946	352.117	4054.1	10135.1	7031.2	Peep string
43	Spectrogram 1	4	353.431	354.189	2252.3	15315.3	6054.7	Twitter
44	Spectrogram 1	4	354.766	355.025	2027.0	12837.8	9960.9	Trill
45	Spectrogram 1	4	356.736	357.046	2252.3	13738.7	9375.0	Trill
46	Spectrogram 1	4	359.905	360.773	2927.9	14189.2	7617.2	Sa-peep string
47	Spectrogram 1	3	379.363	380.817	4128.4	11926.6	8203.1	Phee
48	Spectrogram 1	1	397.289	397.978	5275.2	11238.5	8007.8	Phee
49	Spectrogram 1	1	398.019	399.298	3440.4	12614.7	8593.7	Phee
50	Spectrogram 1	3	403.631	405.474	2981.7	12614.7	8398.4	Phee
51	Spectrogram 1	2	409.730	410.041	4000.0	18000.0	8398.4	Trill
52	Spectrogram 1	3	411.120	412.528	4000.0	18000.0	8203.1	Phee
53	Spectrogram 1	3	414.082	415.710	4000.0	18000.0	8007.8	Phee
54	Spectrogram 1	4	417.979	418.335	1605.5	13302.8	9765.6	Trill
55	Spectrogram 1	3	421.664	422.846	4357.8	11467.9	8203.1	Phee
56	Spectrogram 1	3	425.027	425.087	4587.2	9403.7	6250.0	Peep
57	Spectrogram 1	3	425.748	425.808	4000.0	18000.0	6445.3	Peep
58	Spectrogram 1	3	426.256	427.712	4000.0	18000.0	8398.4	Phee
59	Spectrogram 1	4	428.296	429.751	2522.9	13302.8	6445.3	Twitter
60	Spectrogram 1	4	429.839	431.136	4000.0	18000.0	6835.9	Phee
61	Spectrogram 1	4	431.326	431.746	3211.0	8945.0	5664.1	Phee
62	Spectrogram 1	1	435.687	436.019	5733.9	12156.0	8398.4	Trill
63	Spectrogram 1	4	439.738	440.399	2064.2	12156.0	9179.7	Trill
64	Spectrogram 1	4	440.611	441.165	4816.5	9403.7	6835.9	T-peep string
65	Spectrogram 1	4	441.521	441.826	2522.9	12614.7	9960.9	Trill
66	Spectrogram 1	4	445.872	446.759	1834.9	16972.5	11914.1	Twitter
67	Spectrogram 1	4	452.295	453.228	1834.9	13532.1	6250.0	Twitter
68	Spectrogram 1	4	457.858	458.574	2981.7	13073.4	4492.2	Trill
69	Spectrogram 1	1	462.764	462.944	4000.0	18000.0	8984.4	T-peep
70	Spectrogram 1	2	465.652	465.957	4816.5	12614.7	7812.5	Trill
71	Spectrogram 1	2	469.725	470.039	3440.4	11697.2	7617.2	Trill
72	Spectrogram 1	3	476.959	477.273	2752.3	11238.5	7226.6	Trill
73	Spectrogram 1	3	491.552	493.194	4000.0	18000.0	8593.7	Phee
74	Spectrogram 1	4	494.493	495.245	3211.0	14449.5	6640.6	Twitter
75	Spectrogram 1	2	497.552	497.958	4000.0	18000.0	8007.8	Trill
76	Spectrogram 1	4	518.104	518.428	2981.7	15367.0	5468.7	Trill
77	Spectrogram 1	4	523.721	523.924	2752.3	13761.5	9960.9	T-peep
78	Spectrogram 1	3	527.530	527.830	1146.8	14220.2	6835.9	Trill
79	Spectrogram 1	1	551.731	551.985	5733.9	11467.9	8398.4	Trill
80	Spectrogram 1	4	564.785	566.522	1834.9	15825.7	6445.3	Twitter
81	Spectrogram 1	4	567.324	567.601	1146.8	11467.9	8398.4	Trill
82	Spectrogram 1	4	570.776	571.177	2293.6	11467.9	9765.6	Trill
83	Spectrogram 1	4	573.578	574.128	2293.6	12844.0	9375.0	Trill
84	Spectrogram 1	4	582.572	582.942	1605.5	13073.4	9375.0	Trill
85	Spectrogram 1	4	585.825	586.065	3440.4	14449.5	9960.9	Trill
86	Spectrogram 1	2	588.688	588.938	4000.0	18000.0	7617.2	Trill
87	Spectrogram 1	4	594.310	594.647	2064.2	13532.1	10156.2	Trill
88	Spectrogram 1	2	601.550	601.896	4000.0	18000.0	8398.4	Trill
89	Spectrogram 1	3	613.534	613.636	5275.2	10091.7	7421.9	Peep
90	Spectrogram 1	3	613.654	614.947	3669.7	12385.3	8007.8	Phee
91	Spectrogram 1	1	616.141	616.261	5733.9	12156.0	8593.7	T-peep
92	Spectrogram 1	2	621.544	621.798	4357.8	11009.2	7421.9	Trill
93	Spectrogram 1	4	629.998	630.349	2293.6	13532.1	9765.6	Trill
94	Spectrogram 1	2	634.662	634.866	4000.0	18000.0	8007.8	Trill
95	Spectrogram 1	2	639.475	639.834	4000.0	18000.0	7617.2	Trill
96	Spectrogram 1	4	675.510	675.875	2981.7	13761.5	9960.9	Trill
97	Spectrogram 1	2	682.310	683.695	2752.3	15596.3	8007.8	Twitter
98	Spectrogram 1	3	690.677	691.725	3211.0	16284.4	7617.2	Twitter
99	Spectrogram 1	1	741.085	741.224	6192.7	11926.6	8398.4	T-peep
100	Spectrogram 1	4	752.356	753.303	2064.2	15367.0	6054.7	Twitter
101	Spectrogram 1	4	753.372	754.799	2981.7	15596.3	6835.9	Phee
102	Spectrogram 1	4	754.937	755.575	3440.4	9862.4	6445.3	Phee
103	Spectrogram 1	2	762.160	762.592	4000.0	18000.0	7617.2	Trill
104	Spectrogram 1	1	765.826	766.006	5275.2	11238.5	8007.8	T-peep
105	Spectrogram 1	1	766.108	766.242	5275.2	11009.2	8593.7	T-peep
106	Spectrogram 1	1	766.427	766.939	4587.2	12156.0	8593.7	Peep string
107	Spectrogram 1	4	781.086	781.243	2522.9	14449.5	5859.4	T-peep
108	Spectrogram 1	3	781.677	782.069	4128.4	11238.5	7617.2	Trill
109	Spectrogram 1	3	784.897	785.184	3211.0	11926.6	7812.5	Peep string
110	Spectrogram 1	3	785.216	786.301	2752.3	13532.1	8007.8	Phee
111	Spectrogram 1	1	806.923	807.034	5733.9	11467.9	8593.7	T-peep
112	Spectrogram 1	1	807.228	807.297	6422.0	10550.5	8593.7	Peep
113	Spectrogram 1	2	808.890	809.206	4000.0	18000.0	7812.5	Trill
114	Spectrogram 1	4	814.879	815.137	1146.8	12156.0	5078.1	T-peep
115	Spectrogram 1	2	816.864	818.519	4000.0	18000.0	8007.8	Phee
116	Spectrogram 1	4	819.891	820.556	2752.3	9633.0	6250.0	Trill
117	Spectrogram 1	4	820.801	821.531	3669.7	10321.1	7226.6	Phee
118	Spectrogram 1	4	821.794	822.505	3440.4	9403.7	6835.9	Phee
119	Spectrogram 1	4	826.751	828.150	229.4	15596.3	6054.7	Twitter
120	Spectrogram 1	4	834.781	835.090	2752.3	13761.5	5859.4	Trill
121	Spectrogram 1	3	842.326	842.686	3899.1	10779.8	7421.9	Phee
122	Spectrogram 1	3	842.801	843.688	2981.7	12614.7	7812.5	Phee
123	Spectrogram 1	3	859.643	860.072	3669.7	10321.1	7617.2	Trill
124	Spectrogram 1	2	861.472	861.822	4000.0	18000.0	6835.9	Trill
125	Spectrogram 1	4	861.659	861.802	6422.0	12844.0	10156.2	T-peep
126	Spectrogram 1	4	863.306	863.837	4128.4	11238.5	7421.9	Trill
127	Spectrogram 1	4	881.755	883.178	688.1	15596.3	6054.7	Twitter
128	Spectrogram 1	4	884.069	884.374	1605.5	12844.0	8984.4	Trill
129	Spectrogram 1	4	886.760	886.973	2522.9	11926.6	9179.7	Trill
130	Spectrogram 1	4	888.042	888.942	1834.9	17201.8	8203.1	Twitter
131	Spectrogram 1	1	898.936	899.499	5045.9	11009.2	7421.9	Trill
132	Spectrogram 1	1	900.409	901.804	3669.7	16743.1	7812.5	Twitter
133	Spectrogram 1	4	903.823	904.308	2293.6	13532.1	9765.6	Trill
134	Spectrogram 1	4	905.584	906.637	0.0	17201.8	195.3	Twitter
135	Spectrogram 1	2	909.612	909.695	4816.5	11697.2	6640.6	T-peep
136	Spectrogram 1	4	914.056	915.363	229.4	16055.0	5859.4	Twitter
137	Spectrogram 1	2	917.514	919.103	0.0	20642.2	195.3	Twitter
138	Spectrogram 1	4	924.286	924.486	4000.0	18000.0	5078.1	T-peep
139	Spectrogram 1	4	931.801	932.254	3440.4	15596.3	10156.2	Trill
140	Spectrogram 1	4	957.963	959.219	458.7	17889.9	6054.7	Twitter
141	Spectrogram 1	4	979.422	980.221	917.4	16284.4	11328.1	Twitter
142	Spectrogram 1	4	1000.838	1001.895	2522.9	16055.0	9375.0	Twitter
143	Spectrogram 1	4	1016.944	1018.154	1834.9	14908.3	6250.0	Twitter
144	Spectrogram 1	4	1026.298	1027.028	3211.0	13302.8	7226.6	Trill
145	Spectrogram 1	1	1026.540	1028.332	4128.4	10779.8	8398.4	Phee
146	Spectrogram 1	4	1034.185	1034.600	2293.6	18348.6	10351.6	Trill
147	Spectrogram 1	2	1036.030	1036.568	4000.0	18000.0	8789.1	Trillphee
148	Spectrogram 1	2	1040.304	1041.284	4000.0	18000.0	8007.8	Phee
149	Spectrogram 1	4	1078.572	1078.965	1834.9	15596.3	11132.8	Trill
150	Spectrogram 1	4	1093.992	1094.523	2522.9	13990.8	10156.2	Trill
151	Spectrogram 1	4	1097.797	1097.991	1605.5	13761.5	9375.0	T-peep
152	Spectrogram 1	2	1120.374	1120.826	4000.0	18000.0	9375.0	Trill
153	Spectrogram 1	2	1122.760	1123.887	2293.6	16055.0	8593.7	Twitter
154	Spectrogram 1	2	1131.859	1132.367	2981.7	13302.8	8007.8	Trillphee
155	Spectrogram 1	2	1135.888	1137.255	1146.8	17660.6	8398.4	Twitter
156	Spectrogram 1	4	1139.629	1140.206	1146.8	18578.0	10156.2	Trill
157	Spectrogram 1	4	1149.491	1149.606	2522.9	22706.4	17187.5	Sa-peep
158	Spectrogram 1	4	1149.643	1149.962	3440.4	10550.5	6445.3	Twitter
159	Spectrogram 1	4	1150.590	1150.692	8715.6	21559.6	16210.9	Sa-peep
160	Spectrogram 1	2	1160.075	1160.260	3899.1	13532.1	9765.6	Trill
161	Spectrogram 1	2	1160.361	1161.280	2064.2	16055.0	8398.4	Twitter
162	Spectrogram 1	2	1179.063	1180.577	917.4	16743.1	8984.4	Twitter
163	Spectrogram 1	4	1184.019	1184.481	917.4	13532.1	10351.6	Trill
164	Spectrogram 1	4	1192.075	1192.888	229.4	15596.3	8203.1	Sd-peep string
165	Spectrogram 1	2	1195.664	1197.008	2064.2	16513.8	7812.5	Twitter
166	Spectrogram 1	1	1197.760	1198.309	4128.4	11009.2	7226.6	Trill
167	Spectrogram 1	4	1199.007	1199.067	5275.2	16972.5	10546.9	Sa-peep
168	Spectrogram 1	4	1208.640	1209.208	1834.9	13532.1	9960.9	Trill
169	Spectrogram 1	4	1214.894	1215.111	1415.1	13207.5	9765.6	Trill
170	Spectrogram 1	1	1216.621	1216.723	5660.4	10613.2	7421.9	Peep
171	Spectrogram 1	1	1216.802	1217.328	4009.4	12264.2	8593.7	Phee
172	Spectrogram 1	1	1217.342	1218.529	4952.8	13207.5	8398.4	Phee
173	Spectrogram 1	2	1238.038	1238.588	4717.0	12500.0	8007.8	Trillphee
174	Spectrogram 1	4	1239.983	1240.167	0.0	14150.9	195.3	T-peep
175	Spectrogram 1	2	1255.209	1256.572	2830.2	16037.7	8007.8	Twitter
176	Spectrogram 1	4	1258.169	1258.570	1415.1	13679.2	9765.6	Trill
177	Spectrogram 1	1	1262.254	1263.603	943.4	17217.0	7617.2	Twitter
178	Spectrogram 1	4	1264.848	1265.883	235.8	14622.6	6640.6	Twitter
179	Spectrogram 1	4	1265.892	1267.592	471.7	15094.3	7226.6	Phee
180	Spectrogram 1	4	1273.691	1275.150	1179.2	17217.0	9570.3	Twitter
181	Spectrogram 1	4	1299.621	1299.902	2358.5	12028.3	8984.4	Trill
182	Spectrogram 1	4	1300.835	1301.671	1650.9	16981.1	10937.5	Twitter
183	Spectrogram 1	4	1315.873	1316.704	1886.8	13915.1	7031.2	Trill
184	Spectrogram 1	4	1316.904	1318.077	943.4	14858.5	6835.9	Phee
185	Spectrogram 1	2	1328.454	1328.865	4952.8	13443.4	6835.9	Trillphee
186	Spectrogram 1	4	1331.827	1332.035	1886.8	13679.2	10742.2	Trill
187	Spectrogram 1	1	1341.274	1342.525	3537.7	15330.2	7812.5	Twitter
188	Spectrogram 1	4	1345.396	1345.585	943.4	12971.7	9179.7	T-peep
189	Spectrogram 1	2	1350.994	1351.136	4000.0	18000.0	7812.5	T-peep
190	Spectrogram 1	2	1362.702	1363.113	4481.1	12500.0	8984.4	Trillphee
191	Spectrogram 1	2	1363.210	1364.369	3066.0	14858.5	8203.1	Twitter
192	Spectrogram 1	2	1380.326	1380.733	4481.1	11792.5	8398.4	Trill
193	Spectrogram 1	4	1395.836	1397.014	2594.3	15094.3	6640.6	Twitter
194	Spectrogram 1	4	1414.668	1415.134	943.4	12264.2	976.6	Trill
195	Spectrogram 1	4	1435.061	1436.340	1179.2	14150.9	6054.7	Twitter
196	Spectrogram 1	4	1446.263	1446.761	2594.3	13443.4	6054.7	Trill
197	Spectrogram 1	2	1456.714	1457.033	4481.1	10849.1	7226.6	Trill
198	Spectrogram 1	4	1461.965	1462.986	2830.2	16273.6	8007.8	Twitter
199	Spectrogram 1	2	1464.342	1464.545	2358.5	12735.8	7812.5	Trill
200	Spectrogram 1	2	1479.233	1479.663	3066.0	12028.3	7812.5	Trill
201	Spectrogram 1	4	1482.515	1482.741	1179.2	12971.7	4882.8	Trill
202	Spectrogram 1	4	1501.525	1501.668	3537.7	14386.8	6640.6	Trill
203	Spectrogram 1	4	1501.746	1502.587	707.5	16981.1	6835.9	Twitter
204	Spectrogram 1	2	1504.314	1504.434	5424.5	10849.1	8203.1	Peep
205	Spectrogram 1	2	1504.457	1506.097	4481.1	11556.6	8398.4	Phee
206	Spectrogram 1	4	1514.258	1515.399	3066.0	17688.7	6640.6	Twitter
207	Spectrogram 1	2	1519.338	1519.953	4481.1	12264.2	9179.7	Trillphee
208	Spectrogram 1	2	1529.794	1531.294	4000.0	18000.0	9375.0	Phee
209	Spectrogram 1	2	1531.753	1532.758	4000.0	18000.0	9179.7	Phee
210	Spectrogram 1	4	1535.925	1536.378	3537.7	13679.2	9179.7	Trill
211	Spectrogram 1	4	1536.877	1537.241	1179.2	13679.2	5664.1	Trill
212	Spectrogram 1	4	1542.897	1543.461	2830.2	14386.8	9765.6	Trill
213	Spectrogram 1	4	1566.359	1566.650	2122.6	14858.5	6250.0	Trill
214	Spectrogram 1	4	1581.016	1581.437	2122.6	12735.8	10351.6	Trill
215	Spectrogram 1	1	1583.852	1584.378	4481.1	11792.5	7617.2	Phee
216	Spectrogram 1	1	1584.411	1584.582	5896.2	11792.5	8593.7	Peep
217	Spectrogram 1	1	1584.609	1586.198	3773.6	12971.7	8593.7	Phee
218	Spectrogram 1	4	1587.234	1587.479	2594.3	12971.7	9179.7	Trill
219	Spectrogram 1	4	1591.204	1591.398	1886.8	11556.6	9179.7	Trill
220	Spectrogram 1	2	1603.876	1604.128	4000.0	18000.0	8398.4	Trill
221	Spectrogram 1	2	1637.694	1638.048	4000.0	18000.0	8203.1	Trill
222	Spectrogram 1	4	1643.650	1644.058	4000.0	18000.0	5859.4	Trill
223	Spectrogram 1	3	1645.606	1646.151	2830.2	12735.8	7617.2	Peep string
224	Spectrogram 1	3	1646.165	1646.807	4717.0	12028.3	8398.4	Phee
225	Spectrogram 1	4	1651.509	1652.271	2830.2	19575.5	9960.9	Twitter
226	Spectrogram 1	2	1666.350	1666.821	4000.0	18000.0	7617.2	Trill
227	Spectrogram 1	2	1670.259	1671.589	707.5	17217.0	8593.7	Twitter
228	Spectrogram 1	4	1705.621	1705.898	2830.2	13679.2	9765.6	Trill
229	Spectrogram 1	2	1719.182	1719.560	4952.8	12028.3	8007.8	Trill
230	Spectrogram 1	3	1731.378	1731.444	4000.0	18000.0	7031.2	Peep
231	Spectrogram 1	3	1731.647	1732.894	3301.9	12500.0	7617.2	Phee
232	Spectrogram 1	3	1768.492	1768.623	4000.0	18000.0	7226.6	Peep
233	Spectrogram 1	3	1768.664	1770.274	4000.0	18000.0	8398.4	Phee
234	Spectrogram 1	4	1771.270	1771.731	1886.8	12028.3	4687.5	Trill
235	Spectrogram 1	3	1780.584	1782.084	4000.0	18000.0	8398.4	Phee
236	Spectrogram 1	3	1783.132	1783.187	4717.0	10377.4	6640.6	Peep
237	Spectrogram 1	3	1783.586	1785.278	4000.0	18000.0	8007.8	Phee
238	Spectrogram 1	2	1788.942	1789.247	4481.1	10141.5	7812.5	Trill
239	Spectrogram 1	3	1789.148	1790.300	4000.0	18000.0	8203.1	Phee
240	Spectrogram 1	3	1792.602	1793.828	4000.0	18000.0	8203.1	Phee
241	Spectrogram 1	4	1795.315	1795.601	2122.6	13679.2	9765.6	Trill
242	Spectrogram 1	3	1801.314	1802.264	4000.0	18000.0	8398.4	Phee
243	Spectrogram 1	2	1806.225	1806.631	6839.6	11320.8	7617.2	Trill
244	Spectrogram 1	3	1806.480	1807.412	4000.0	18000.0	8007.8	Phee
245	Spectrogram 1	2	1808.464	1808.801	3537.7	8726.4	6054.7	Trill
246	Spectrogram 1	4	1814.098	1814.916	4952.8	10613.2	7421.9	Trillphee
247	Spectrogram 1	4	1815.512	1815.558	0.0	16273.6	195.3	Sd-peep
248	Spectrogram 1	4	1838.826	1838.919	1886.8	13679.2	11132.8	T-peep
249	Spectrogram 1	4	1848.147	1848.383	3301.9	13915.1	9960.9	Trill
250	Spectrogram 1	1	1850.660	1852.508	4717.0	11320.8	8593.7	Phee
251	Spectrogram 1	3	1867.219	1868.942	2594.3	12500.0	8593.7	Phee
252	Spectrogram 1	3	1868.974	1869.030	4245.3	11084.9	8398.4	Peep
253	Spectrogram 1	2	1963.639	1963.870	2122.6	9198.1	5859.4	Trill
254	Spectrogram 1	4	1964.517	1964.706	2358.5	14858.5	9960.9	Trill
255	Spectrogram 1	1	2020.324	2022.592	4000.0	18000.0	8593.7	Phee
256	Spectrogram 1	4	2049.794	2050.219	3773.6	8962.3	4882.8	Trill
257	Spectrogram 1	2	2058.201	2058.547	5896.2	13443.4	7812.5	Trill
258	Spectrogram 1	4	2072.908	2073.273	2358.5	13679.2	10156.2	Trill
259	Spectrogram 1	4	2077.390	2078.314	1179.2	16037.7	7031.2	Twitter
260	Spectrogram 1	4	2117.069	2117.429	1650.9	12971.7	9960.9	Trill
261	Spectrogram 1	1	2118.847	2119.156	4245.3	10613.2	7812.5	Phee
262	Spectrogram 1	1	2119.188	2119.789	4009.4	12264.2	8593.7	Phee
263	Spectrogram 1	1	2119.821	2120.814	4717.0	12500.0	8593.7	Phee
264	Spectrogram 1	4	2178.427	2178.737	235.8	13679.2	390.6	Trill
265	Spectrogram 1	4	2179.744	2180.215	4009.4	10141.5	7812.5	Trill
266	Spectrogram 1	4	2181.948	2183.278	2122.6	17452.8	7031.2	Twitter
267	Spectrogram 1	4	2187.996	2188.319	2102.8	13785.0	9960.9	Trill
268	Spectrogram 1	3	2188.854	2190.314	4000.0	18000.0	8203.1	Peep string
269	Spectrogram 1	4	2195.701	2196.107	2102.8	14953.3	9765.6	Trill
270	Spectrogram 1	3	2197.138	2199.101	3271.0	12383.2	8593.7	Phee
271	Spectrogram 1	2	2204.244	2204.730	4000.0	18000.0	7421.9	Trill
272	Spectrogram 1	3	2222.994	2224.454	4000.0	18000.0	8593.7	Phee
273	Spectrogram 1	3	2225.046	2226.240	4000.0	18000.0	8398.4	Phee
274	Spectrogram 1	1	2247.465	2248.804	4439.3	12383.2	8398.4	Phee
275	Spectrogram 1	3	2254.726	2256.724	4000.0	18000.0	8398.4	Phee
276	Spectrogram 1	4	2274.004	2274.314	2570.1	12850.5	10351.6	Trill
277	Spectrogram 1	4	2279.180	2280.293	2102.8	17056.1	9960.9	Twitter
278	Spectrogram 1	4	2285.260	2285.957	2336.4	13084.1	6250.0	Twitter
279	Spectrogram 1	4	2288.542	2288.759	2336.4	15186.9	9765.6	Trill
280	Spectrogram 1	4	2310.415	2311.427	2803.7	15887.9	7812.5	Twitter
281	Spectrogram 1	2	2312.701	2313.684	1869.2	15420.6	8398.4	Twitter
282	Spectrogram 1	4	2316.560	2316.703	2570.1	13084.1	10351.6	T-peep
283	Spectrogram 1	4	2321.036	2321.170	1635.5	13084.1	9570.3	T-peep
284	Spectrogram 1	4	2325.003	2325.848	3504.7	15186.9	7617.2	Twitter
285	Spectrogram 1	3	2327.770	2329.183	3738.3	15654.2	7421.9	Twitter
286	Spectrogram 1	3	2336.868	2338.807	4000.0	18000.0	8007.8	Phee
287	Spectrogram 1	3	2347.860	2349.535	4000.0	18000.0	8398.4	Phee
288	Spectrogram 1	3	2358.016	2359.990	4000.0	18000.0	8398.4	Phee
289	Spectrogram 1	3	2360.068	2360.184	4000.0	18000.0	6835.9	P-peep
290	Spectrogram 1	4	2360.782	2360.939	1168.2	14719.6	7031.2	Trill
291	Spectrogram 1	4	2360.971	2361.549	1401.9	15420.6	7031.2	Twitter
292	Spectrogram 1	4	2362.108	2362.288	700.9	15186.9	4492.2	Trill
293	Spectrogram 1	4	2362.398	2362.620	1869.2	15186.9	4882.8	Phee
294	Spectrogram 1	1	2368.291	2368.804	3504.7	12383.2	8398.4	Trill
295	Spectrogram 1	4	2373.210	2373.649	2336.4	13785.0	10156.2	Trill
296	Spectrogram 1	4	2377.610	2377.980	1635.5	13551.4	10742.2	Trill
297	Spectrogram 1	4	2387.958	2388.392	1869.2	14486.0	9570.3	Trill
298	Spectrogram 1	4	2399.394	2399.814	3271.0	13785.0	9960.9	Trill
299	Spectrogram 1	1	2417.025	2417.602	3271.0	11915.9	7421.9	Phee string
300	Spectrogram 1	1	2417.644	2418.646	4205.6	13317.8	8398.4	Phee
301	Spectrogram 1	3	2423.105	2423.345	3972.0	12616.8	8007.8	Peep string
302	Spectrogram 1	3	2423.359	2424.537	4000.0	18000.0	8203.1	Phee
303	Spectrogram 1	4	2449.519	2449.584	3037.4	11448.6	7226.6	Sd-peep
304	Spectrogram 1	3	2466.185	2466.254	3738.3	10981.3	7617.2	Peep
305	Spectrogram 1	3	2466.397	2466.965	3738.3	13785.0	8398.4	Peep string
306	Spectrogram 1	3	2466.984	2467.741	3504.7	13551.4	8398.4	Phee
307	Spectrogram 1	2	2488.194	2488.526	4000.0	18000.0	7617.2	Trill
308	Spectrogram 1	4	2493.312	2493.769	2336.4	14018.7	6250.0	Trill
309	Spectrogram 1	3	2503.157	2504.454	3738.3	14486.0	7617.2	Twitter
310	Spectrogram 1	2	2505.172	2505.434	4000.0	18000.0	8007.8	Trill
311	Spectrogram 1	4	2511.245	2511.776	2570.1	16121.5	11523.4	Trill
312	Spectrogram 1	3	2525.597	2525.801	4439.3	10280.4	7226.6	T-peep
313	Spectrogram 1	1	2541.839	2543.899	5841.1	12383.2	8789.1	Peep string
314	Spectrogram 1	3	2546.913	2548.714	4000.0	18000.0	7812.5	Phee
315	Spectrogram 1	3	2552.651	2554.550	4000.0	18000.0	8203.1	Phee
316	Spectrogram 1	2	2554.891	2556.221	3738.3	10747.7	7617.2	Phee
317	Spectrogram 1	4	2556.789	2557.971	3037.4	17523.4	7226.6	Twitter
318	Spectrogram 1	4	2562.867	2563.338	2336.4	13084.1	9765.6	Trill
319	Spectrogram 1	4	2565.535	2566.759	0.0	19392.5	195.3	Twitter
320	Spectrogram 1	2	2567.992	2568.260	4000.0	18000.0	8007.8	Trill
321	Spectrogram 1	4	2573.820	2574.102	2570.1	13785.0	9960.9	Trill
322	Spectrogram 1	2	2586.148	2586.498	5140.2	11682.2	7617.2	Trill
323	Spectrogram 1	3	2588.656	2588.968	4000.0	18000.0	7421.9	Trill
324	Spectrogram 1	3	2591.260	2592.877	4000.0	18000.0	7812.5	Phee
325	Spectrogram 1	1	2612.008	2613.014	4000.0	18000.0	8593.7	Phee
326	Spectrogram 1	3	2613.070	2614.990	4000.0	18000.0	8203.1	Phee
327	Spectrogram 1	1	2613.088	2613.694	4000.0	18000.0	8593.7	Phee
328	Spectrogram 1	2	2627.489	2628.593	3738.3	13785.0	8593.7	Trillphee
329	Spectrogram 1	4	2645.265	2645.690	2803.7	14719.6	5859.4	Trill
330	Spectrogram 1	4	2647.630	2648.586	1869.2	18925.2	6835.9	Twitter
331	Spectrogram 1	3	2655.459	2656.771	4672.9	11915.9	8007.8	Phee
332	Spectrogram 1	4	2681.280	2682.425	2803.7	15654.2	6054.7	Twitter
333	Spectrogram 1	4	2685.111	2685.864	1869.2	15420.6	4492.2	Trill
334	Spectrogram 1	3	2698.504	2699.989	4000.0	18000.0	8398.4	Phee
335	Spectrogram 1	3	2700.045	2700.109	3271.0	10046.7	7421.9	Peep
336	Spectrogram 1	3	2701.169	2701.229	4906.5	9579.4	6640.6	Trill
337	Spectrogram 1	3	2703.880	2705.190	4000.0	18000.0	8203.1	Phee
338	Spectrogram 1	3	2716.104	2717.268	4000.0	18000.0	8398.4	Phee
339	Spectrogram 1	3	2719.664	2719.734	4000.0	18000.0	6445.3	P-peep
340	Spectrogram 1	3	2720.646	2721.986	4000.0	18000.0	8203.1	Phee
341	Spectrogram 1	1	2725.962	2726.256	4000.0	18000.0	8593.7	Trill
342	Spectrogram 1	2	2744.498	2744.752	4000.0	18000.0	8203.1	Trill
343	Spectrogram 1	4	2786.716	2787.256	1401.9	13551.4	6445.3	Trill
344	Spectrogram 1	4	2787.399	2787.842	2803.7	11682.2	7031.2	Trill
345	Spectrogram 1	4	2788.055	2788.281	2102.8	9813.1	5664.1	Peep
346	Spectrogram 1	2	2791.226	2791.334	4000.0	18000.0	8593.7	T-peep
347	Spectrogram 1	2	2791.388	2791.798	4000.0	18000.0	8398.4	Phee
348	Spectrogram 1	4	2817.918	2818.403	2102.8	15186.9	5664.1	Trill
349	Spectrogram 1	4	2830.843	2831.822	3037.4	15654.2	8007.8	Twitter
350	Spectrogram 1	4	2832.305	2833.787	2803.7	16355.1	6054.7	Twitter
351	Spectrogram 1	1	2873.120	2873.318	4439.3	13084.1	8007.8	T-peep
352	Spectrogram 1	4	2887.589	2888.716	2570.1	18457.9	8593.7	Twitter
353	Spectrogram 1	4	2909.673	2910.089	1869.2	13551.4	4882.8	Trill
354	Spectrogram 1	4	2916.748	2916.905	2803.7	13084.1	6835.9	Trill
355	Spectrogram 1	4	2917.108	2917.422	2803.7	15186.9	7421.9	Twitter
356	Spectrogram 1	1	2921.333	2921.406	5841.1	11915.9	8984.4	T-peep
357	Spectrogram 1	1	2927.370	2927.650	4000.0	18000.0	7812.5	Peep
358	Spectrogram 1	2	2927.733	2928.915	4672.9	12616.8	8398.4	Phee
359	Spectrogram 1	4	2934.679	2935.312	3037.4	12850.5	6054.7	Twitter
360	Spectrogram 1	4	2960.551	2961.285	2570.1	13317.8	4882.8	Trill
361	Spectrogram 1	4	2961.483	2962.088	2570.1	10280.4	6250.0	Phee
362	Spectrogram 1	1	2964.919	2965.164	5140.2	11915.9	8789.1	Trill
363	Spectrogram 1	1	2986.876	2987.933	2570.1	17757.0	7421.9	Twitter
364	Spectrogram 1	3	3004.609	3004.729	5140.2	10514.0	8203.1	T-peep
365	Spectrogram 1	3	3004.784	3005.435	3738.3	12616.8	8203.1	Trillphee
366	Spectrogram 1	3	3009.965	3010.386	2803.7	15420.6	7031.2	Trill
367	Spectrogram 1	2	3014.049	3014.322	5373.8	12149.5	8398.4	Trillphee
368	Spectrogram 1	2	3014.474	3014.738	4205.6	11682.2	8593.7	Peep
369	Spectrogram 1	1	3014.816	3015.042	6775.7	11915.9	8789.1	Peep string
370	Spectrogram 1	2	3019.477	3019.749	5841.1	11682.2	8007.8	Trill
371	Spectrogram 1	3	3021.834	3022.322	4000.0	18000.0	7617.2	Trill
372	Spectrogram 1	1	3024.467	3024.892	6308.4	11215.0	8398.4	Peep string
373	Spectrogram 1	1	3024.980	3025.645	5607.5	11915.9	8789.1	Phee
374	Spectrogram 1	3	3027.460	3028.449	2336.4	12149.5	7812.5	Phee
375	Spectrogram 1	3	3028.463	3029.141	3271.0	12616.8	8398.4	Phee
376	Spectrogram 1	3	3036.050	3038.151	2570.1	12850.5	8203.1	Phee
377	Spectrogram 1	4	3048.207	3049.426	2336.4	14018.7	6054.7	Twitter
378	Spectrogram 1	4	3060.833	3061.942	233.6	14953.3	6054.7	Twitter
379	Spectrogram 1	1	3064.558	3064.775	5607.5	11682.2	8398.4	T-peep
380	Spectrogram 1	3	3065.879	3065.962	2570.1	8177.6	4882.8	T-peep
381	Spectrogram 1	2	3068.377	3068.594	4672.9	10514.0	7031.2	Trill
382	Spectrogram 1	1	3082.333	3083.031	5373.8	11448.6	8789.1	Peep string
383	Spectrogram 1	4	3092.617	3093.125	3037.4	13317.8	5273.4	Trill
384	Spectrogram 1	4	3093.361	3093.758	4439.3	10046.7	7031.2	Trill
385	Spectrogram 1	1	3106.888	3107.137	6074.8	11915.9	8984.4	Trill
386	Spectrogram 1	2	3111.264	3111.643	5607.5	11915.9	8007.8	Trill
387	Spectrogram 1	1	3117.149	3117.440	6074.8	12149.5	8593.7	T-peep
388	Spectrogram 1	1	3125.776	3126.728	6308.4	11448.6	8593.7	Peep string
389	Spectrogram 1	4	3132.416	3132.942	3504.7	10280.4	7617.2	Trill
390	Spectrogram 1	4	3132.416	3132.942	3504.7	10280.4	7617.2	Trill
391	Spectrogram 1	3	3133.358	3133.921	5373.8	11915.9	8593.7	Trill
392	Spectrogram 1	1	3143.272	3143.796	4000.0	18000.0	7421.9	Trill
393	Spectrogram 1	1	3146.172	3146.236	7009.3	11682.2	8593.7	T-peep
394	Spectrogram 1	4	3146.838	3147.217	1168.2	14486.0	5273.4	Trill
395	Spectrogram 1	1	3148.302	3148.432	4000.0	18000.0	8398.4	T-peep
396	Spectrogram 1	4	3154.364	3155.652	1401.9	16355.1	6054.7	Twitter
397	Spectrogram 1	1	3172.503	3172.637	5841.1	12616.8	8593.7	T-peep
398	Spectrogram 1	3	3172.951	3173.080	3738.3	12383.2	6250.0	Sd-peep
399	Spectrogram 1	4	3174.862	3174.954	2570.1	7943.9	4296.9	T-peep
400	Spectrogram 1	2	3183.901	3183.998	6542.1	12383.2	8789.1	T-peep
401	Spectrogram 1	3	3186.015	3186.075	3037.4	13785.0	10156.2	Tse
402	Spectrogram 1	3	3186.638	3186.735	2336.4	14486.0	11718.7	Sd-peep
403	Spectrogram 1	3	3188.949	3189.263	3972.0	12383.2	8593.7	Trill
404	Spectrogram 1	3	3190.191	3190.265	6542.1	11215.0	8789.1	T-peep
405	Spectrogram 1	3	3191.591	3191.665	3271.0	11215.0	8203.1	Tse
406	Spectrogram 1	3	3205.215	3205.362	4000.0	18000.0	8984.4	T-peep
407	Spectrogram 1	3	3206.710	3207.107	6295.0	10971.2	8984.4	Trill
408	Spectrogram 1	3	3207.942	3208.234	6834.5	10791.4	8203.1	Trill
409	Spectrogram 1	4	3209.102	3209.373	1798.6	11690.6	7617.2	Tse
410	Spectrogram 1	4	3211.076	3211.142	6474.8	12949.6	9375.0	Sa-peep
411	Spectrogram 1	2	3212.328	3212.656	4000.0	18000.0	8007.8	Trill
412	Spectrogram 1	4	3212.794	3213.205	2877.7	12050.4	4687.5	Trill
413	Spectrogram 1	4	3213.508	3213.568	7554.0	12230.2	9375.0	Sa-peep
414	Spectrogram 1	3	3213.674	3214.084	6115.1	10251.8	8203.1	Trill
415	Spectrogram 1	4	3214.781	3214.861	7014.4	11510.8	9375.0	Sa-peep
416	Spectrogram 1	4	3215.198	3215.264	5215.8	10251.8	8984.4	Sd-peep
417	Spectrogram 1	1	3217.108	3217.531	4000.0	18000.0	8789.1	Trillphee
418	Spectrogram 1	4	3218.074	3218.141	7374.1	12230.2	9375.0	Sa-peep
419	Spectrogram 1	4	3219.836	3219.909	7014.4	12410.1	9375.0	Sa-peep
420	Spectrogram 1	4	3220.287	3220.778	5935.3	11690.6	8593.7	Trill
421	Spectrogram 1	3	3221.990	3222.262	5215.8	10431.7	8398.4	Trill
422	Spectrogram 1	3	3230.711	3230.831	6115.1	11151.1	8984.4	T-peep
423	Spectrogram 1	3	3233.549	3233.681	5755.4	10431.7	8984.4	T-peep
424	Spectrogram 1	3	3234.454	3234.871	7014.4	11151.1	8984.4	Trill
425	Spectrogram 1	3	3236.541	3236.892	7194.2	10791.4	8203.1	Trill
426	Spectrogram 1	3	3242.110	3242.282	4000.0	18000.0	8593.7	T-peep
427	Spectrogram 1	2	3242.444	3242.853	4000.0	18000.0	7812.5	Trill
428	Spectrogram 1	3	3243.874	3243.973	4000.0	18000.0	8398.4	Peep
429	Spectrogram 1	3	3244.019	3244.198	5215.8	10971.2	8203.1	T-peep
430	Spectrogram 1	2	3244.708	3244.808	4496.4	9712.2	6835.9	T-peep
431	Spectrogram 1	3	3246.029	3246.394	6295.0	11510.8	8984.4	Trill
432	Spectrogram 1	3	3247.348	3247.600	5215.8	10791.4	8398.4	Trill
433	Spectrogram 1	3	3248.762	3248.931	4000.0	18000.0	8789.1	T-peep
434	Spectrogram 1	3	3251.043	3251.355	5036.0	11870.5	8398.4	T-peep
435	Spectrogram 1	3	3252.468	3252.719	4136.7	11330.9	8789.1	Trill
436	Spectrogram 1	3	3253.568	3253.886	5935.3	10611.5	8203.1	Trill
437	Spectrogram 1	3	3255.032	3255.171	5575.5	10971.2	9179.7	T-peep
438	Spectrogram 1	3	3256.580	3256.830	4000.0	18000.0	8984.4	Trill string
439	Spectrogram 1	4	3260.885	3262.614	1618.7	16906.5	6054.7	Twitter
440	Spectrogram 1	3	3267.524	3267.732	4000.0	18000.0	8789.1	T-peep
441	Spectrogram 1	2	3293.470	3293.692	4000.0	18000.0	7812.5	Trill
442	Spectrogram 1	3	3299.259	3299.723	4000.0	18000.0	8593.7	Trillphee
443	Spectrogram 1	3	3300.734	3300.946	7374.1	10071.9	8398.4	Trill
444	Spectrogram 1	4	3302.384	3302.954	6115.1	10611.5	8203.1	Trill
445	Spectrogram 1	4	3302.384	3302.954	6115.1	10611.5	8203.1	Trill
446	Spectrogram 1	3	3303.518	3303.704	5575.5	11330.9	9179.7	Trill
447	Spectrogram 1	2	3303.604	3303.676	4000.0	18000.0	7617.2	T-peep
448	Spectrogram 1	4	3304.111	3304.363	6834.5	10971.2	8593.7	Trill
449	Spectrogram 1	3	3304.879	3304.959	7913.7	11330.9	9179.7	T-peep
450	Spectrogram 1	2	3305.826	3306.155	4000.0	18000.0	6835.9	Trill
451	Spectrogram 1	4	3305.936	3306.380	6295.0	10791.4	8593.7	Trill
452	Spectrogram 1	4	3306.751	3307.083	6834.5	11151.1	8789.1	Trill
453	Spectrogram 1	2	3308.236	3308.333	4000.0	18000.0	6640.6	T-peep
454	Spectrogram 1	1	3308.697	3308.903	6115.1	12050.4	8593.7	Trill
455	Spectrogram 1	3	3308.730	3309.021	5755.4	12050.4	9179.7	T-peep string
456	Spectrogram 1	3	3309.631	3310.022	2697.8	10611.5	8203.1	Trillphee
457	Spectrogram 1	3	3310.386	3310.697	6474.8	10251.8	8203.1	Trill
458	Spectrogram 1	4	3311.083	3311.155	8093.5	11510.8	10156.2	Sa-peep
459	Spectrogram 1	3	3312.162	3312.454	5395.7	10791.4	8203.1	Trill
460	Spectrogram 1	4	3320.418	3320.889	2158.3	11690.6	9375.0	Trill
461	Spectrogram 1	1	3321.299	3321.717	4496.4	8633.1	6835.9	Trill
462	Spectrogram 1	3	3325.146	3325.312	6295.0	11151.1	8789.1	T-peep
463	Spectrogram 1	3	3325.862	3326.107	6834.5	11151.1	8984.4	Trill
464	Spectrogram 1	3	3326.167	3326.498	6474.8	11330.9	8984.4	Trill
465	Spectrogram 1	1	3335.477	3335.643	7014.4	11151.1	8984.4	T-peep
466	Spectrogram 1	3	3353.967	3354.139	6654.7	11151.1	8984.4	Peep string
467	Spectrogram 1	3	3355.981	3356.100	6834.5	12230.2	9179.7	T-peep
468	Spectrogram 1	1	3357.203	3357.349	6295.0	11870.5	8593.7	T-peep
469	Spectrogram 1	3	3360.452	3360.684	4000.0	18000.0	9179.7	Trill
470	Spectrogram 1	3	3362.400	3362.479	5215.8	11870.5	9375.0	Tse
471	Spectrogram 1	3	3362.654	3363.168	4000.0	18000.0	8007.8	Trill
472	Spectrogram 1	3	3368.710	3368.902	5575.5	11330.9	8398.4	Peep
473	Spectrogram 1	3	3369.618	3369.830	5395.7	10791.4	8593.7	Trill
474	Spectrogram 1	3	3371.787	3371.992	6474.8	10971.2	8593.7	T-peep
475	Spectrogram 1	3	3374.318	3374.530	5036.0	10791.4	8203.1	Peep
476	Spectrogram 1	3	3374.603	3375.325	5935.3	12230.2	8203.1	Phee
477	Spectrogram 1	3	3375.880	3376.170	4000.0	18000.0	8593.7	Trill
478	Spectrogram 1	2	3376.133	3376.425	3956.8	10251.8	7812.5	Trill
479	Spectrogram 1	3	3376.464	3376.756	5575.5	11151.1	8593.7	Trill
480	Spectrogram 1	3	3377.128	3377.196	4000.0	18000.0	9960.9	T-peep
481	Spectrogram 1	3	3377.316	3377.677	4000.0	18000.0	8593.7	Trill
482	Spectrogram 1	3	3378.077	3378.495	5575.5	12410.1	9765.6	Sd-peep string
483	Spectrogram 1	3	3378.690	3379.131	4000.0	18000.0	8203.1	Trill
484	Spectrogram 1	3	3379.528	3379.674	4000.0	18000.0	8984.4	T-peep
485	Spectrogram 1	4	3379.661	3381.867	2518.0	15467.6	6640.6	Twitter
486	Spectrogram 1	4	3382.165	3383.782	1259.0	14208.6	6054.7	Twitter
487	Spectrogram 1	3	3383.990	3384.182	6654.7	10611.5	8789.1	Trill
488	Spectrogram 1	3	3384.533	3384.871	5215.8	11690.6	8789.1	Trill
489	Spectrogram 1	4	3384.712	3384.918	2877.7	10791.4	8789.1	Trill
490	Spectrogram 1	3	3385.864	3386.004	4000.0	18000.0	8593.7	T-peep
491	Spectrogram 1	3	3386.590	3387.177	4000.0	18000.0	8593.7	Trillphee
492	Spectrogram 1	3	3388.220	3388.494	4000.0	18000.0	8593.7	T-peep string
493	Spectrogram 1	3	3389.092	3389.183	4000.0	18000.0	7812.5	Tse
494	Spectrogram 1	3	3390.254	3390.346	4000.0	18000.0	8789.1	P-peep
495	Spectrogram 1	3	3390.772	3391.814	4000.0	18000.0	8203.1	Trillphee
496	Spectrogram 1	1	3394.107	3394.425	7194.2	10611.5	8398.4	Trill
497	Spectrogram 1	1	3394.544	3394.843	5935.3	11330.9	8593.7	Peep string
498	Spectrogram 1	1	3397.537	3397.736	6295.0	11151.1	8593.7	T-peep
499	Spectrogram 1	1	3399.452	3399.730	6115.1	10611.5	8203.1	Trillphee
500	Spectrogram 1	1	3399.830	3400.393	6295.0	11151.1	8593.7	Trill
501	Spectrogram 1	3	3401.576	3402.668	4000.0	18000.0	8984.4	Trillphee
502	Spectrogram 1	2	3405.440	3405.724	4000.0	18000.0	8007.8	Trill
503	Spectrogram 1	3	3406.480	3406.593	6474.8	10251.8	8593.7	T-peep
504	Spectrogram 1	4	3410.169	3411.110	2877.7	15107.9	6640.6	Twitter
505	Spectrogram 1	3	3411.366	3411.507	4000.0	18000.0	8789.1	T-peep
506	Spectrogram 1	3	3411.828	3412.108	4000.0	18000.0	8398.4	Trill
507	Spectrogram 1	3	3412.932	3413.058	4000.0	18000.0	8593.7	T-peep
508	Spectrogram 1	3	3413.548	3413.828	4000.0	18000.0	8789.1	Trill
509	Spectrogram 1	3	3414.758	3415.059	4000.0	18000.0	8593.7	Trill
510	Spectrogram 1	3	3415.566	3415.916	4000.0	18000.0	8789.1	Trill
511	Spectrogram 1	2	3416.018	3416.362	4000.0	18000.0	8007.8	Trill
512	Spectrogram 1	3	3417.033	3417.258	5215.8	10611.5	8593.7	Trill
513	Spectrogram 1	3	3422.126	3422.512	4000.0	18000.0	8789.1	Trill
514	Spectrogram 1	3	3422.822	3423.074	4000.0	18000.0	8398.4	Trill
515	Spectrogram 1	2	3422.962	3423.220	6115.1	10611.5	7812.5	Trill
516	Spectrogram 1	3	3424.096	3424.208	4000.0	18000.0	9179.7	Tse
517	Spectrogram 1	3	3424.364	3424.835	6115.1	11330.9	8789.1	Trill
518	Spectrogram 1	3	3425.126	3425.252	2518.0	11151.1	6640.6	Sd-peep
519	Spectrogram 1	3	3425.782	3425.921	7374.1	11151.1	8984.4	T-peep
520	Spectrogram 1	3	3426.471	3426.551	7554.0	11690.6	9179.7	Sa-peep
521	Spectrogram 1	1	3427.786	3428.296	3417.3	11690.6	8398.4	Phee
522	Spectrogram 1	1	3428.369	3428.488	6654.7	11151.1	8593.7	Peep
523	Spectrogram 1	1	3428.575	3429.038	6654.7	11151.1	7226.6	Phee
524	Spectrogram 1	4	3430.721	3431.635	1978.4	16906.5	6054.7	Twitter
525	Spectrogram 1	3	3432.212	3432.437	5935.3	10971.2	9375.0	Trill
526	Spectrogram 1	3	3432.828	3433.120	6295.0	11690.6	8593.7	Trill
527	Spectrogram 1	1	3436.207	3437.300	6115.1	11510.8	8593.7	Phee
528	Spectrogram 1	4	3443.406	3443.717	3956.8	9892.1	6054.7	Trill
529	Spectrogram 1	4	3444.267	3445.261	1259.0	15827.3	6250.0	Twitter
530	Spectrogram 1	2	3455.464	3455.556	5575.5	12769.8	8984.4	T-peep
531	Spectrogram 1	4	3456.100	3456.318	2877.7	12589.9	10156.2	Trill
532	Spectrogram 1	2	3456.669	3456.941	6474.8	11151.1	8593.7	Trill
533	Spectrogram 1	3	3462.431	3462.729	6474.8	10791.4	8789.1	Trill
534	Spectrogram 1	3	3463.273	3463.505	7554.0	10611.5	8398.4	Trill
535	Spectrogram 1	3	3464.492	3464.843	4856.1	10251.8	8398.4	Trill
536	Spectrogram 1	1	3464.604	3464.830	6295.0	10611.5	8398.4	Trill
537	Spectrogram 1	1	3464.962	3465.035	7014.4	9712.2	8398.4	Peep
538	Spectrogram 1	3	3465.610	3465.894	4000.0	18000.0	8593.7	Trill
539	Spectrogram 1	3	3466.193	3466.451	7374.1	10251.8	8203.1	Trill
540	Spectrogram 1	3	3467.206	3467.471	4856.1	11690.6	8398.4	Trill
541	Spectrogram 1	3	3469.028	3469.247	5215.8	10971.2	8789.1	Trill
542	Spectrogram 1	3	3469.499	3469.711	3057.6	9892.1	7617.2	Other
543	Spectrogram 1	3	3471.114	3471.432	5935.3	11330.9	8398.4	Trill
544	Spectrogram 1	3	3472.419	3472.730	2158.3	11151.1	8007.8	Other
545	Spectrogram 1	3	3477.790	3478.009	4676.3	11510.8	8593.7	T-peep
546	Spectrogram 1	3	3479.122	3479.228	5036.0	10431.7	8007.8	Peep
547	Spectrogram 1	3	3479.254	3480.387	4676.3	11151.1	8203.1	Phee
548	Spectrogram 1	4	3492.209	3493.058	2158.3	12949.6	6250.0	Twitter
549	Spectrogram 1	4	3495.671	3495.910	2518.0	10971.2	9960.9	Trill
550	Spectrogram 1	2	3513.603	3513.902	5575.5	11151.1	8007.8	Trill
551	Spectrogram 1	1	3514.604	3514.822	6474.8	11151.1	8398.4	Trillphee
552	Spectrogram 1	1	3514.856	3515.525	5935.3	11870.5	8789.1	Peep string
553	Spectrogram 1	1	3528.359	3528.511	5215.8	11870.5	8789.1	T-peep
554	Spectrogram 1	1	3529.982	3530.088	6654.7	11330.9	8789.1	T-peep
555	Spectrogram 1	1	3533.451	3533.564	7014.4	10791.4	8789.1	T-peep
556	Spectrogram 1	1	3535.077	3535.189	7014.4	10611.5	8398.4	T-peep
557	Spectrogram 1	1	3538.820	3538.946	6834.5	10971.2	8398.4	T-peep
558	Spectrogram 1	2	3541.844	3543.049	5755.4	12410.1	8984.4	Trillphee
559	Spectrogram 1	3	3546.408	3546.859	5215.8	9712.2	8007.8	Peep string
560	Spectrogram 1	3	3546.892	3548.144	6295.0	12050.4	8203.1	Phee
561	Spectrogram 1	4	3551.221	3551.724	1618.7	12949.6	5273.4	Trill
562	Spectrogram 1	1	3552.811	3553.096	5395.7	11870.5	8593.7	Trillphee
563	Spectrogram 1	2	3553.195	3553.275	5935.3	10791.4	8398.4	Peep
564	Spectrogram 1	1	3554.354	3554.454	6474.8	11510.8	8789.1	T-peep
565	Spectrogram 1	1	3555.295	3555.415	7374.1	10431.7	8398.4	T-peep
566	Spectrogram 1	4	3559.382	3559.707	3956.8	8812.9	6250.0	Trill
567	Spectrogram 1	1	3560.005	3560.157	7733.8	10971.2	8789.1	T-peep
568	Spectrogram 1	1	3566.106	3566.808	3956.8	10611.5	8398.4	Peep string
569	Spectrogram 1	1	3566.861	3568.107	5215.8	11330.9	8593.7	Phee
570	Spectrogram 1	2	3575.825	3575.958	6115.1	9892.1	7617.2	T-peep
571	Spectrogram 1	1	3578.945	3579.084	6474.8	10971.2	8398.4	T-peep
572	Spectrogram 1	3	3585.439	3585.750	5395.7	11690.6	8593.7	Trillphee
573	Spectrogram 1	2	3595.450	3595.687	4000.0	18000.0	6835.9	Trill
574	Spectrogram 1	1	3611.439	3612.022	4676.3	11510.8	8593.7	Trillphee
575	Spectrogram 1	1	3612.167	3612.280	6295.0	11330.9	8789.1	Peep
576	Spectrogram 1	3	3614.261	3615.315	4316.5	11510.8	8203.1	Trillphee
577	Spectrogram 1	2	3619.479	3619.638	5395.7	10971.2	8593.7	T-peep
578	Spectrogram 1	4	3623.785	3624.911	2338.1	17985.6	6054.7	Twitter
579	Spectrogram 1	4	3624.971	3626.654	4676.3	15107.9	7226.6	Phee
580	Spectrogram 1	4	3626.819	3627.840	3777.0	9712.2	6445.3	Phee
581	Spectrogram 1	4	3628.180	3628.491	1618.7	12050.4	9765.6	Trill
582	Spectrogram 1	3	3638.636	3639.914	4316.5	15827.3	7812.5	Twitter
583	Spectrogram 1	1	3643.028	3643.339	5935.3	11151.1	8398.4	Trillphee
584	Spectrogram 1	2	3643.492	3643.591	5755.4	10611.5	8593.7	Peep
585	Spectrogram 1	4	3661.942	3662.552	3777.0	8992.8	6835.9	Trill
586	Spectrogram 1	4	3662.711	3663.439	3777.0	8992.8	6835.9	Phee
587	Spectrogram 1	4	3663.598	3664.321	3956.8	8633.1	6445.3	Phee
588	Spectrogram 1	4	3667.534	3667.627	2877.7	11690.6	4101.6	T-peep
589	Spectrogram 1	4	3673.942	3674.267	2338.1	10071.9	7812.5	
590	Spectrogram 1	4	3674.419	3674.631	3057.6	8812.9	6640.6	Tse string
591	Spectrogram 1	4	3675.049	3675.857	1798.6	17805.8	6250.0	Sd-peep string
592	Spectrogram 1	3	3677.346	3677.962	4316.5	12589.9	8789.1	Trill
593	Spectrogram 1	2	3678.652	3679.062	4000.0	18000.0	7617.2	Trill
594	Spectrogram 1	4	3679.565	3680.049	3597.1	9712.2	7031.2	Sd-peep string
595	Spectrogram 1	4	3680.294	3680.679	4316.5	7913.7	6445.3	Trill
596	Spectrogram 1	4	3680.725	3681.023	3417.3	9712.2	7031.2	Trill
597	Spectrogram 1	4	3681.209	3682.050	3057.6	10971.2	7031.2	Phee
598	Spectrogram 1	4	3682.216	3683.024	3417.3	9352.5	6250.0	Phee
599	Spectrogram 1	4	3694.119	3695.908	1079.1	15287.8	6250.0	Twitter
600	Spectrogram 1	4	3698.736	3699.173	719.4	12949.6	4492.2	Trill
601	Spectrogram 1	4	3700.704	3701.234	2338.1	13848.9	10156.2	Trill
602	Spectrogram 1	2	3702.488	3702.930	4000.0	18000.0	7617.2	Trill
603	Spectrogram 1	2	3707.362	3708.732	4000.0	18000.0	8789.1	Phee
604	Spectrogram 1	2	3709.174	3710.414	4000.0	18000.0	8789.1	Phee
605	Spectrogram 1	4	3710.939	3712.621	1798.6	18705.0	5859.4	Twitter
606	Spectrogram 1	4	3712.674	3714.284	3057.6	13669.1	6640.6	Phee
607	Spectrogram 1	4	3714.430	3715.040	2518.0	9532.4	5664.1	Phee
608	Spectrogram 1	4	3717.604	3718.048	2697.8	12769.8	10156.2	Trill
609	Spectrogram 1	3	3726.371	3726.867	3417.3	11870.5	7812.5	Trill
610	Spectrogram 1	1	3728.160	3730.122	4000.0	18000.0	8593.7	Phee
611	Spectrogram 1	4	3736.327	3736.691	2518.0	12410.1	9960.9	Trill
612	Spectrogram 1	4	3777.537	3778.306	3597.1	9352.5	7031.2	Phee
613	Spectrogram 1	4	3778.478	3779.339	3597.1	9892.1	6640.6	Phee
614	Spectrogram 1	4	3779.512	3780.433	3597.1	10071.9	6640.6	Phee
615	Spectrogram 1	4	3781.049	3781.334	3597.1	13489.2	5273.4	Trill
616	Spectrogram 1	4	3783.416	3783.701	1978.4	12589.9	9570.3	Trill
617	Spectrogram 1	4	3789.069	3789.632	1438.8	17086.3	6445.3	Sd-peep string
618	Spectrogram 1	4	3790.301	3790.381	2158.3	15107.9	6445.3	Sd-peep
619	Spectrogram 1	4	3798.545	3799.664	3237.4	16187.1	6640.6	Twitter
620	Spectrogram 1	4	3810.835	3811.975	3125.0	13888.9	6250.0	Twitter
621	Spectrogram 1	4	3812.041	3813.512	2256.9	14583.3	7421.9	Phee
622	Spectrogram 1	4	3813.677	3814.797	3298.6	10069.4	6445.3	Phee
623	Spectrogram 1	4	3822.420	3823.514	1215.3	16319.4	6250.0	Twitter
624	Spectrogram 1	3	3828.140	3830.333	4687.5	10937.5	8398.4	Phee
625	Spectrogram 1	4	3831.201	3831.287	2951.4	11284.7	4687.5	T-peep
626	Spectrogram 1	4	3831.406	3831.830	3993.1	8854.2	6250.0	Trill
627	Spectrogram 1	4	3831.883	3832.128	5034.7	9201.4	6835.9	Trill
628	Spectrogram 1	4	3832.513	3833.513	3645.8	12673.6	6640.6	Phee
629	Spectrogram 1	4	3840.601	3840.839	3472.2	12326.4	10351.6	Trill
630	Spectrogram 1	4	3844.479	3844.744	2256.9	11284.7	9570.3	Trill
631	Spectrogram 1	4	3869.456	3869.548	1736.1	8159.7	5078.1	T-peep
632	Spectrogram 1	1	3876.616	3877.570	4861.1	13020.8	8398.4	Trillphee
633	Spectrogram 1	4	3885.521	3885.786	3819.4	11284.7	8007.8	Sd-peep string
634	Spectrogram 1	4	3886.283	3886.925	3993.1	9027.8	6640.6	Trill
635	Spectrogram 1	4	3887.091	3887.892	4166.7	9375.0	6250.0	Phee
636	Spectrogram 1	4	3888.038	3888.813	3298.6	8680.6	6835.9	Phee
637	Spectrogram 1	3	3894.942	3896.294	3819.4	16493.1	7812.5	Twitter
638	Spectrogram 1	4	3896.797	3898.593	1388.9	15277.8	6250.0	Twitter
639	Spectrogram 1	4	3899.764	3899.976	3298.6	11631.9	9570.3	T-peep
640	Spectrogram 1	4	3912.922	3913.044	4000.0	18000.0	4492.2	Trill
641	Spectrogram 1	1	3915.279	3915.405	6423.6	11631.9	8398.4	T-peep
642	Spectrogram 1	3	3915.849	3916.015	5208.3	10937.5	8007.8	T-peep
643	Spectrogram 1	3	3916.982	3917.724	5208.3	12152.8	8203.1	Trillphee
644	Spectrogram 1	3	3918.155	3918.294	5555.6	11458.3	8984.4	T-peep
645	Spectrogram 1	3	3918.486	3918.618	6076.4	10763.9	8398.4	T-peep
646	Spectrogram 1	3	3920.909	3921.147	4166.7	10937.5	9179.7	Trill
647	Spectrogram 1	3	3929.354	3929.718	5381.9	11284.7	8593.7	Trill
648	Spectrogram 1	3	3931.454	3932.620	3993.1	16319.4	7617.2	Twitter
649	Spectrogram 1	4	3934.562	3934.800	3125.0	11979.2	9179.7	Trill
650	Spectrogram 1	3	3937.428	3938.044	5381.9	11111.1	8398.4	T-peep string
651	Spectrogram 1	4	3940.515	3940.562	5381.9	20833.3	9570.3	T-peep
652	Spectrogram 1	4	3941.214	3941.464	4000.0	18000.0	4687.5	Trill
653	Spectrogram 1	2	3944.828	3945.106	4000.0	18000.0	7617.2	Trill
654	Spectrogram 1	4	3950.526	3950.714	4000.0	18000.0	4296.9	Trill
655	Spectrogram 1	4	3954.686	3954.826	3125.0	12847.2	9765.6	T-peep
656	Spectrogram 1	4	3961.883	3962.102	6423.6	10416.7	8203.1	Trill
657	Spectrogram 1	3	3970.917	3971.592	6076.4	10590.3	8007.8	Peep string
658	Spectrogram 1	3	3972.384	3972.577	5208.3	11284.7	8203.1	Trill
659	Spectrogram 1	3	3972.895	3972.987	3645.8	11979.2	8398.4	Tse
660	Spectrogram 1	3	3973.213	3973.332	3993.1	10590.3	8398.4	Sd-peep
661	Spectrogram 1	4	3976.853	3977.124	3993.1	8506.9	8007.8	T-peep string
662	Spectrogram 1	4	3980.212	3981.656	1909.7	14409.7	6640.6	Twitter
663	Spectrogram 1	3	3982.398	3982.504	6770.8	11805.6	8593.7	T-peep
664	Spectrogram 1	2	3982.948	3983.213	2083.3	12500.0	6445.3	Trill
665	Spectrogram 1	3	3983.704	3983.935	6250.0	11284.7	8593.7	Trill
666	Spectrogram 1	1	3986.243	3986.574	5902.8	11631.9	8203.1	Trillphee
667	Spectrogram 1	3	3988.497	3989.385	5381.9	12326.4	6054.7	Trill
668	Spectrogram 1	1	3990.551	3990.730	5034.7	9548.6	7421.9	Peep
669	Spectrogram 1	1	3990.829	3992.439	4861.1	12673.6	8203.1	Phee
670	Spectrogram 1	4	3995.603	3996.543	2430.6	13715.3	6054.7	Twitter
671	Spectrogram 1	3	3999.505	3999.803	6597.2	12152.8	8789.1	Trill
672	Spectrogram 1	4	4000.480	4000.738	5729.2	10590.3	9960.9	Trill
673	Spectrogram 1	3	4001.301	4001.500	2083.3	11284.7	7226.6	Tse
674	Spectrogram 1	4	4008.294	4008.572	6076.4	10763.9	8203.1	T-peep string
675	Spectrogram 1	4	4008.943	4009.003	4687.5	11805.6	8398.4	Sd-peep
676	Spectrogram 1	4	4010.010	4010.242	1562.5	11979.2	4296.9	Trill
677	Spectrogram 1	2	4010.063	4010.421	3819.4	11631.9	7617.2	Trill
678	Spectrogram 1	3	4012.743	4012.875	6423.6	12326.4	9179.7	Tse
679	Spectrogram 1	3	4013.714	4014.157	5902.8	10763.9	8007.8	Trill
680	Spectrogram 1	4	4015.727	4016.118	4687.5	11458.3	8007.8	Trill
681	Spectrogram 1	4	4016.321	4016.421	5902.8	11458.3	8398.4	Sa-peep
682	Spectrogram 1	4	4017.163	4017.414	868.1	12673.6	9375.0	Trill
683	Spectrogram 1	3	4017.404	4017.490	7638.9	14062.5	9179.7	Sa-peep
684	Spectrogram 1	4	4018.570	4019.159	3125.0	12500.0	8398.4	Trill
685	Spectrogram 1	4	4019.378	4019.471	7291.7	12326.4	8398.4	Sa-peep
686	Spectrogram 1	3	4021.507	4021.573	6770.8	14062.5	8789.1	Sa-peep
687	Spectrogram 1	4	4022.567	4022.878	5208.3	10763.9	8398.4	Trill
688	Spectrogram 1	4	4023.136	4023.236	6944.4	11631.9	8398.4	Sa-peep
689	Spectrogram 1	4	4025.952	4026.032	1736.1	14236.1	10156.2	Tse
690	Spectrogram 1	3	4026.164	4026.370	6770.8	9201.4	8203.1	T-peep
691	Spectrogram 1	3	4027.046	4027.145	6770.8	13715.3	9375.0	Sa-peep
692	Spectrogram 1	3	4028.005	4028.091	4166.7	13020.8	8984.4	Tse
693	Spectrogram 1	2	4029.478	4029.818	4000.0	18000.0	8007.8	Trill
694	Spectrogram 1	3	4030.369	4030.475	3645.8	14583.3	9179.7	Tse
695	Spectrogram 1	3	4031.781	4032.980	5208.3	11458.3	8984.4	Trillphee
696	Spectrogram 1	3	4038.122	4038.215	1562.5	14583.3	8007.8	Tse
697	Spectrogram 1	4	4039.017	4039.123	1215.3	9895.8	7617.2	Sd-peep
698	Spectrogram 1	4	4039.772	4040.050	1736.1	13368.1	4687.5	Trill
699	Spectrogram 1	3	4040.335	4040.441	4340.3	13194.4	9179.7	Tse
700	Spectrogram 1	3	4042.490	4042.583	6597.2	11458.3	9179.7	Sa-peep
