Selection	View	Channel	Begin Time (s)	End Time (s)	Low Freq (Hz)	High Freq (Hz)	Max Freq (Hz)	Call Type
1	Spectrogram 1	2	7.157000	7.270000	4000.000000	18000.000000	8000.000000	Trill
2	Spectrogram 1	2	16.620000	16.944000	4000.000000	18000.000000	8000.000000	Trill
3	Spectrogram 1	2	20.026000	20.258000	4000.000000	18000.000000	8000.000000	Trill
4	Spectrogram 1	2	24.746000	26.014000	4000.000000	18000.000000	8000.000000	Phee
5	Spectrogram 1	2	59.195000	59.418000	4000.000000	18000.000000	8000.000000	Trill
6	Spectrogram 1	2	60.621000	61.780000	4000.000000	18000.000000	8000.000000	Phee
7	Spectrogram 1	2	64.227000	64.563000	4000.000000	18000.000000	8000.000000	Trill
8	Spectrogram 1	2	67.309000	67.388000	4000.000000	18000.000000	8000.000000	Twitter
9	Spectrogram 1	2	67.460000	67.526000	4000.000000	18000.000000	8000.000000	Twitter
10	Spectrogram 1	2	67.610000	67.680000	4000.000000	18000.000000	8000.000000	Twitter
11	Spectrogram 1	2	67.746000	67.812000	4000.000000	18000.000000	8000.000000	Twitter
12	Spectrogram 1	2	67.880000	67.935000	4000.000000	18000.000000	8000.000000	Twitter
13	Spectrogram 1	2	68.012000	68.073000	4000.000000	18000.000000	8000.000000	Twitter
14	Spectrogram 1	2	68.142000	68.198000	4000.000000	18000.000000	8000.000000	Twitter
15	Spectrogram 1	2	68.274000	68.338000	4000.000000	18000.000000	8000.000000	Twitter
16	Spectrogram 1	2	68.412000	68.468000	4000.000000	18000.000000	8000.000000	Twitter
17	Spectrogram 1	2	74.527000	74.866000	4000.000000	18000.000000	8000.000000	Trill
18	Spectrogram 1	2	108.489000	108.854000	4000.000000	18000.000000	8000.000000	Trill
19	Spectrogram 1	2	109.715000	110.060000	4000.000000	18000.000000	8000.000000	Trill
20	Spectrogram 1	2	115.670000	115.745000	4000.000000	18000.000000	8000.000000	T-peep
21	Spectrogram 1	2	118.692000	118.932000	4000.000000	18000.000000	8000.000000	Trill
22	Spectrogram 1	2	132.857000	133.020000	4000.000000	18000.000000	8000.000000	Trill
23	Spectrogram 1	2	177.175000	178.278000	4000.000000	18000.000000	8000.000000	Trillphee
24	Spectrogram 1	2	191.588000	191.830000	4000.000000	18000.000000	8000.000000	Trill
25	Spectrogram 1	2	192.828000	192.884000	4000.000000	18000.000000	8000.000000	Twitter
26	Spectrogram 1	2	192.966000	193.024000	4000.000000	18000.000000	8000.000000	Twitter
27	Spectrogram 1	2	193.096000	193.161000	4000.000000	18000.000000	8000.000000	Twitter
28	Spectrogram 1	2	193.228000	193.282000	4000.000000	18000.000000	8000.000000	Twitter
29	Spectrogram 1	2	193.356000	193.410000	4000.000000	18000.000000	8000.000000	Twitter
30	Spectrogram 1	2	193.478000	193.538000	4000.000000	18000.000000	8000.000000	Twitter
31	Spectrogram 1	2	193.604000	193.666000	4000.000000	18000.000000	8000.000000	Twitter
32	Spectrogram 1	2	193.744000	193.790000	4000.000000	18000.000000	8000.000000	Twitter
33	Spectrogram 1	2	202.743000	203.079000	4000.000000	18000.000000	8000.000000	Trill
34	Spectrogram 1	2	228.763000	228.952000	4000.000000	18000.000000	8000.000000	Trill
35	Spectrogram 1	2	229.298000	229.839000	4000.000000	18000.000000	8000.000000	Phee
36	Spectrogram 1	2	234.565000	234.836000	4000.000000	18000.000000	8000.000000	Trill
37	Spectrogram 1	2	236.469000	236.734000	4000.000000	18000.000000	8000.000000	Trill
38	Spectrogram 1	2	236.970000	237.011000	4000.000000	18000.000000	8000.000000	Twitter
39	Spectrogram 1	2	237.096000	237.141000	4000.000000	18000.000000	8000.000000	Twitter
40	Spectrogram 1	2	237.214000	237.265000	4000.000000	18000.000000	8000.000000	Twitter
41	Spectrogram 1	2	237.338000	237.393000	4000.000000	18000.000000	8000.000000	Twitter
42	Spectrogram 1	2	237.468000	237.521000	4000.000000	18000.000000	8000.000000	Twitter
43	Spectrogram 1	2	246.709000	246.944000	4000.000000	18000.000000	8000.000000	Trill
44	Spectrogram 1	2	248.773000	249.040000	4000.000000	18000.000000	8000.000000	Trill
45	Spectrogram 1	2	252.148000	252.344000	4000.000000	18000.000000	8000.000000	Trill
46	Spectrogram 1	2	253.873000	254.272000	4000.000000	18000.000000	8000.000000	Trillphee
47	Spectrogram 1	2	263.069000	263.236000	4000.000000	18000.000000	8000.000000	Trill
48	Spectrogram 1	2	276.482000	276.769000	4000.000000	18000.000000	8000.000000	Trill
49	Spectrogram 1	2	319.201000	319.380000	4000.000000	18000.000000	8000.000000	Trill
50	Spectrogram 1	2	324.793000	325.918000	4000.000000	18000.000000	8000.000000	Trillphee
51	Spectrogram 1	2	335.265000	335.535000	4000.000000	18000.000000	8000.000000	Trill
52	Spectrogram 1	2	342.427000	342.571000	4000.000000	18000.000000	8000.000000	Trill
53	Spectrogram 1	2	363.980000	365.276000	4000.000000	18000.000000	8000.000000	Trillphee
54	Spectrogram 1	2	377.833000	378.060000	4000.000000	18000.000000	8000.000000	Trill
55	Spectrogram 1	2	379.088000	379.267600	4000.000000	18000.000000	8000.000000	Trill
56	Spectrogram 1	2	392.919000	393.126000	4000.000000	18000.000000	8000.000000	Trill
57	Spectrogram 1	2	394.935000	395.158000	4000.000000	18000.000000	8000.000000	Trill
58	Spectrogram 1	2	399.094000	399.240000	4000.000000	18000.000000	8000.000000	Trill
59	Spectrogram 1	2	401.368000	401.602000	4000.000000	18000.000000	8000.000000	Trill
60	Spectrogram 1	2	401.645000	402.471000	4000.000000	18000.000000	8000.000000	Phee
61	Spectrogram 1	2	407.927000	408.137000	4000.000000	18000.000000	8000.000000	Trill
62	Spectrogram 1	2	409.363000	409.415000	4000.000000	18000.000000	8000.000000	Twitter
63	Spectrogram 1	2	409.521000	409.582000	4000.000000	18000.000000	8000.000000	Twitter
64	Spectrogram 1	2	409.680000	409.731000	4000.000000	18000.000000	8000.000000	Twitter
65	Spectrogram 1	2	409.809000	409.860000	4000.000000	18000.000000	8000.000000	Twitter
66	Spectrogram 1	2	414.287000	414.481000	4000.000000	18000.000000	8000.000000	Trill
67	Spectrogram 1	2	415.454000	416.266000	4000.000000	18000.000000	8000.000000	Trillphee
68	Spectrogram 1	2	416.341000	416.404000	4000.000000	18000.000000	8000.000000	P-peep
69	Spectrogram 1	2	423.651000	423.818000	4000.000000	18000.000000	8000.000000	Trill
70	Spectrogram 1	2	427.678000	429.298000	4000.000000	18000.000000	8000.000000	Trillphee
71	Spectrogram 1	2	433.677000	433.861000	4000.000000	18000.000000	8000.000000	Trill
72	Spectrogram 1	2	435.417000	435.532000	4000.000000	18000.000000	8000.000000	Trill
73	Spectrogram 1	2	435.572000	435.638200	4000.000000	18000.000000	8000.000000	Phee
74	Spectrogram 1	2	438.875000	439.096000	4000.000000	18000.000000	8000.000000	Trill
75	Spectrogram 1	2	441.097000	441.268000	4000.000000	18000.000000	8000.000000	Trill
76	Spectrogram 1	2	442.770000	442.820000	4000.000000	18000.000000	8000.000000	Twitter
77	Spectrogram 1	2	442.916000	442.973000	4000.000000	18000.000000	8000.000000	Twitter
78	Spectrogram 1	2	443.044000	443.098000	4000.000000	18000.000000	8000.000000	Twitter
79	Spectrogram 1	2	443.178000	443.234000	4000.000000	18000.000000	8000.000000	Twitter
80	Spectrogram 1	2	443.298000	443.356000	4000.000000	18000.000000	8000.000000	Twitter
81	Spectrogram 1	2	443.420000	443.475000	4000.000000	18000.000000	8000.000000	Twitter
82	Spectrogram 1	2	443.548000	443.590000	4000.000000	18000.000000	8000.000000	Twitter
83	Spectrogram 1	2	469.036000	469.276000	4000.000000	18000.000000	8000.000000	Trill
84	Spectrogram 1	2	472.697000	472.831000	4000.000000	18000.000000	8000.000000	Trill
85	Spectrogram 1	2	517.212000	517.429000	4000.000000	18000.000000	8000.000000	Trill
86	Spectrogram 1	2	565.227000	566.152000	4000.000000	18000.000000	8000.000000	Trillphee
87	Spectrogram 1	2	570.518000	570.709000	4000.000000	18000.000000	8000.000000	Trill
88	Spectrogram 1	2	572.490000	572.552000	4000.000000	18000.000000	8000.000000	Twitter
89	Spectrogram 1	2	572.638000	572.710000	4000.000000	18000.000000	8000.000000	Twitter
90	Spectrogram 1	2	572.784000	572.854000	4000.000000	18000.000000	8000.000000	Twitter
91	Spectrogram 1	2	572.920000	572.986000	4000.000000	18000.000000	8000.000000	Twitter
92	Spectrogram 1	2	573.052000	573.108000	4000.000000	18000.000000	8000.000000	Twitter
93	Spectrogram 1	2	573.172000	573.228000	4000.000000	18000.000000	8000.000000	Twitter
94	Spectrogram 1	2	573.300000	573.363000	4000.000000	18000.000000	8000.000000	Twitter
95	Spectrogram 1	2	573.438000	573.494000	4000.000000	18000.000000	8000.000000	Other
96	Spectrogram 1	2	587.268000	587.399000	4000.000000	18000.000000	8000.000000	Trill
97	Spectrogram 1	2	593.287000	593.476000	4000.000000	18000.000000	8000.000000	Trill
98	Spectrogram 1	2	596.114000	596.397000	4000.000000	18000.000000	8000.000000	Trill
99	Spectrogram 1	2	600.736000	601.043000	4000.000000	18000.000000	8000.000000	Trill
100	Spectrogram 1	2	617.592000	619.026000	4000.000000	18000.000000	8000.000000	Trillphee
101	Spectrogram 1	2	654.960000	655.246000	4000.000000	18000.000000	8000.000000	Trill
102	Spectrogram 1	2	657.218000	658.239000	4000.000000	18000.000000	8000.000000	Trillphee
103	Spectrogram 1	2	672.097000	672.326000	4000.000000	18000.000000	8000.000000	Trill
104	Spectrogram 1	2	673.017000	674.234800	4000.000000	18000.000000	8000.000000	Trillphee
105	Spectrogram 1	2	677.962000	678.025000	4000.000000	18000.000000	8000.000000	Twitter
106	Spectrogram 1	2	678.100000	678.161000	4000.000000	18000.000000	8000.000000	Twitter
107	Spectrogram 1	2	678.234000	678.293000	4000.000000	18000.000000	8000.000000	Twitter
108	Spectrogram 1	2	678.360000	678.423000	4000.000000	18000.000000	8000.000000	Twitter
109	Spectrogram 1	2	678.492000	678.553000	4000.000000	18000.000000	8000.000000	Twitter
110	Spectrogram 1	2	678.624000	678.681000	4000.000000	18000.000000	8000.000000	Twitter
111	Spectrogram 1	2	678.746000	678.807000	4000.000000	18000.000000	8000.000000	Twitter
112	Spectrogram 1	2	678.882000	678.937000	4000.000000	18000.000000	8000.000000	Twitter
113	Spectrogram 1	2	690.359000	690.637000	4000.000000	18000.000000	8000.000000	Twitter
114	Spectrogram 1	2	694.748000	694.841000	4000.000000	18000.000000	8000.000000	Trill
115	Spectrogram 1	2	698.546000	699.639400	4000.000000	18000.000000	8000.000000	Trillphee
116	Spectrogram 1	2	716.695000	716.972000	4000.000000	18000.000000	8000.000000	Trill
117	Spectrogram 1	2	718.441000	718.509000	4000.000000	18000.000000	8000.000000	Other
118	Spectrogram 1	2	718.596000	718.667000	4000.000000	18000.000000	8000.000000	Twitter
119	Spectrogram 1	2	718.738000	718.797000	4000.000000	18000.000000	8000.000000	Twitter
120	Spectrogram 1	2	718.872000	718.936000	4000.000000	18000.000000	8000.000000	Twitter
121	Spectrogram 1	2	719.000000	719.060000	4000.000000	18000.000000	8000.000000	Twitter
122	Spectrogram 1	2	719.126000	719.186000	4000.000000	18000.000000	8000.000000	Twitter
123	Spectrogram 1	2	723.019000	723.274000	4000.000000	18000.000000	8000.000000	Trill
124	Spectrogram 1	2	724.652000	724.794000	4000.000000	18000.000000	8000.000000	Trill
125	Spectrogram 1	2	728.476000	728.726000	4000.000000	18000.000000	8000.000000	Trill
126	Spectrogram 1	2	730.536000	730.807000	4000.000000	18000.000000	8000.000000	Trill
127	Spectrogram 1	2	730.848000	731.028000	4000.000000	18000.000000	8000.000000	Phee
128	Spectrogram 1	2	731.065000	731.125000	4000.000000	18000.000000	8000.000000	Phee
129	Spectrogram 1	2	744.762000	745.015000	4000.000000	18000.000000	8000.000000	Trill
130	Spectrogram 1	2	746.115000	746.179000	4000.000000	18000.000000	8000.000000	Other
131	Spectrogram 1	2	746.289000	747.021000	4000.000000	18000.000000	8000.000000	Phee
132	Spectrogram 1	2	749.460000	749.727000	4000.000000	18000.000000	8000.000000	Trill
133	Spectrogram 1	2	754.191000	754.512000	4000.000000	18000.000000	8000.000000	Trill
134	Spectrogram 1	2	762.909000	764.356000	4000.000000	18000.000000	8000.000000	Trillphee
135	Spectrogram 1	2	773.861000	773.987000	4000.000000	18000.000000	8000.000000	Trill
136	Spectrogram 1	2	792.022000	792.300000	4000.000000	18000.000000	8000.000000	Trill
137	Spectrogram 1	2	808.423000	809.699000	4000.000000	18000.000000	8000.000000	Trillphee
138	Spectrogram 1	2	818.234000	818.424000	4000.000000	18000.000000	8000.000000	Trill
139	Spectrogram 1	2	822.852000	823.012000	4000.000000	18000.000000	8000.000000	Trill
140	Spectrogram 1	2	823.066000	823.824000	4000.000000	18000.000000	8000.000000	Phee
141	Spectrogram 1	2	827.342000	828.502000	4000.000000	18000.000000	8000.000000	Trillphee
142	Spectrogram 1	2	831.569000	831.866000	4000.000000	18000.000000	8000.000000	Trill
143	Spectrogram 1	2	847.653000	847.854000	4000.000000	18000.000000	8000.000000	Trill
144	Spectrogram 1	2	849.435000	850.674000	4000.000000	18000.000000	8000.000000	Phee
145	Spectrogram 1	2	875.062000	875.452000	4000.000000	18000.000000	8000.000000	Trill
146	Spectrogram 1	2	875.690000	876.178000	4000.000000	18000.000000	8000.000000	Phee
147	Spectrogram 1	2	888.334000	889.483000	4000.000000	18000.000000	8000.000000	Trillphee
148	Spectrogram 1	2	893.476000	893.826000	4000.000000	18000.000000	8000.000000	Trill
149	Spectrogram 1	2	893.943000	893.994000	4000.000000	18000.000000	8000.000000	Twitter
150	Spectrogram 1	2	894.088000	894.138000	4000.000000	18000.000000	8000.000000	Twitter
151	Spectrogram 1	2	894.224000	894.275000	4000.000000	18000.000000	8000.000000	Twitter
152	Spectrogram 1	2	894.366000	894.413000	4000.000000	18000.000000	8000.000000	Twitter
153	Spectrogram 1	2	894.496000	894.555000	4000.000000	18000.000000	8000.000000	Twitter
154	Spectrogram 1	2	894.626000	894.682000	4000.000000	18000.000000	8000.000000	Twitter
155	Spectrogram 1	2	894.756000	894.819000	4000.000000	18000.000000	8000.000000	Twitter
156	Spectrogram 1	2	894.876000	894.943000	4000.000000	18000.000000	8000.000000	Twitter
157	Spectrogram 1	2	907.445000	907.666000	4000.000000	18000.000000	8000.000000	Trill
158	Spectrogram 1	2	908.582000	908.814000	4000.000000	18000.000000	8000.000000	Trill
159	Spectrogram 1	2	912.042000	912.234000	4000.000000	18000.000000	8000.000000	Trill
160	Spectrogram 1	2	912.327000	913.123000	4000.000000	18000.000000	8000.000000	Phee
161	Spectrogram 1	2	927.122000	928.604000	4000.000000	18000.000000	8000.000000	Phee
162	Spectrogram 1	2	943.032000	943.086000	4000.000000	18000.000000	8000.000000	Other
163	Spectrogram 1	2	943.174000	943.240000	4000.000000	18000.000000	8000.000000	Twitter
164	Spectrogram 1	2	943.313000	943.372000	4000.000000	18000.000000	8000.000000	Twitter
165	Spectrogram 1	2	943.445000	943.506000	4000.000000	18000.000000	8000.000000	Twitter
166	Spectrogram 1	2	943.578000	943.639000	4000.000000	18000.000000	8000.000000	Twitter
167	Spectrogram 1	2	943.710000	943.768000	4000.000000	18000.000000	8000.000000	Twitter
168	Spectrogram 1	2	952.425000	952.768000	4000.000000	18000.000000	8000.000000	Trill
169	Spectrogram 1	2	983.079000	983.935000	4000.000000	18000.000000	8000.000000	Trillphee
170	Spectrogram 1	2	992.780000	993.304000	4000.000000	18000.000000	8000.000000	
171	Spectrogram 1	2	994.690000	994.841000	4000.000000	18000.000000	8000.000000	Trill
172	Spectrogram 1	2	999.967000	1000.992900	4000.000000	18000.000000	8000.000000	Trillphee
173	Spectrogram 1	2	1002.982000	1003.076000	4000.000000	18000.000000	8000.000000	Twitter
174	Spectrogram 1	2	1003.156000	1003.230000	4000.000000	18000.000000	8000.000000	Twitter
175	Spectrogram 1	2	1003.316000	1003.370000	4000.000000	18000.000000	8000.000000	Twitter
176	Spectrogram 1	2	1015.665000	1016.086000	4000.000000	18000.000000	8000.000000	Trill
177	Spectrogram 1	2	1024.276000	1024.553000	4000.000000	18000.000000	8000.000000	Trill
178	Spectrogram 1	2	1026.987000	1027.297000	4000.000000	18000.000000	8000.000000	Phee
179	Spectrogram 1	2	1031.876000	1032.190000	4000.000000	18000.000000	8000.000000	Trill
180	Spectrogram 1	2	1033.600000	1033.806600	4000.000000	18000.000000	8000.000000	Phee
181	Spectrogram 1	2	1039.384000	1039.508000	4000.000000	18000.000000	8000.000000	Trill
182	Spectrogram 1	2	1040.568000	1041.828000	4000.000000	18000.000000	8000.000000	Trillphee
183	Spectrogram 1	2	1047.786000	1048.055000	4000.000000	18000.000000	8000.000000	Trill
184	Spectrogram 1	2	1052.240000	1052.560000	4000.000000	18000.000000	8000.000000	Trill
185	Spectrogram 1	2	1054.804000	1054.886000	4000.000000	18000.000000	8000.000000	Other
186	Spectrogram 1	2	1055.092000	1055.148000	4000.000000	18000.000000	8000.000000	Twitter
187	Spectrogram 1	2	1055.206000	1055.266000	4000.000000	18000.000000	8000.000000	Twitter
188	Spectrogram 1	2	1055.326000	1055.378000	4000.000000	18000.000000	8000.000000	Twitter
189	Spectrogram 1	2	1055.450000	1055.508000	4000.000000	18000.000000	8000.000000	Twitter
190	Spectrogram 1	2	1055.570000	1055.632000	4000.000000	18000.000000	8000.000000	Twitter
191	Spectrogram 1	2	1063.258000	1064.668000	4000.000000	18000.000000	8000.000000	Trillphee
192	Spectrogram 1	2	1077.361000	1077.593000	4000.000000	18000.000000	8000.000000	Trill
193	Spectrogram 1	2	1078.852000	1080.158000	4000.000000	18000.000000	8000.000000	Trillphee
194	Spectrogram 1	2	1092.434000	1093.880000	4000.000000	18000.000000	8000.000000	Phee
195	Spectrogram 1	2	1097.908000	1097.979000	4000.000000	18000.000000	8000.000000	Twitter
196	Spectrogram 1	2	1098.060000	1098.127000	4000.000000	18000.000000	8000.000000	Twitter
197	Spectrogram 1	2	1098.206000	1098.271000	4000.000000	18000.000000	8000.000000	Twitter
198	Spectrogram 1	2	1098.344000	1098.411000	4000.000000	18000.000000	8000.000000	Twitter
199	Spectrogram 1	2	1098.482000	1098.553000	4000.000000	18000.000000	8000.000000	Twitter
200	Spectrogram 1	2	1098.624000	1098.689000	4000.000000	18000.000000	8000.000000	Twitter
201	Spectrogram 1	2	1098.758000	1098.823000	4000.000000	18000.000000	8000.000000	Twitter
202	Spectrogram 1	2	1098.906000	1098.971000	4000.000000	18000.000000	8000.000000	Twitter
203	Spectrogram 1	2	1099.056000	1099.112000	4000.000000	18000.000000	8000.000000	Other
204	Spectrogram 1	2	1106.816000	1107.232000	4000.000000	18000.000000	8000.000000	Trill
205	Spectrogram 1	2	1109.316000	1109.801000	4000.000000	18000.000000	8000.000000	Trill
206	Spectrogram 1	2	1127.598000	1128.065000	4000.000000	18000.000000	8000.000000	Trill
207	Spectrogram 1	2	1128.251000	1128.993000	4000.000000	18000.000000	8000.000000	Phee
208	Spectrogram 1	2	1138.471000	1138.714000	4000.000000	18000.000000	8000.000000	Trill
209	Spectrogram 1	2	1142.640000	1142.890000	4000.000000	18000.000000	8000.000000	Trill
210	Spectrogram 1	2	1143.179000	1143.787000	4000.000000	18000.000000	8000.000000	Phee
211	Spectrogram 1	2	1151.308000	1151.484000	4000.000000	18000.000000	8000.000000	Trill
212	Spectrogram 1	2	1154.899000	1155.005000	4000.000000	18000.000000	8000.000000	Trill
213	Spectrogram 1	2	1155.049000	1155.278000	4000.000000	18000.000000	8000.000000	Phee
214	Spectrogram 1	2	1160.696000	1160.836000	4000.000000	18000.000000	8000.000000	Phee
215	Spectrogram 1	2	1160.910000	1161.191800	4000.000000	18000.000000	8000.000000	Phee
216	Spectrogram 1	2	1204.828000	1204.990000	4000.000000	18000.000000	8000.000000	Trill
217	Spectrogram 1	2	1206.911000	1207.117000	4000.000000	18000.000000	8000.000000	Trill
218	Spectrogram 1	2	1207.166000	1207.801000	4000.000000	18000.000000	8000.000000	Phee
219	Spectrogram 1	2	1214.521000	1214.727000	4000.000000	18000.000000	8000.000000	Trill
220	Spectrogram 1	2	1217.784000	1218.912000	4000.000000	18000.000000	8000.000000	Trillphee
221	Spectrogram 1	2	1223.377000	1223.693000	4000.000000	18000.000000	8000.000000	Trill
222	Spectrogram 1	2	1225.758000	1226.960000	4000.000000	18000.000000	8000.000000	Trillphee
223	Spectrogram 1	2	1243.929000	1244.073000	4000.000000	18000.000000	8000.000000	Trill
224	Spectrogram 1	2	1244.162000	1244.970000	4000.000000	18000.000000	8000.000000	Phee
225	Spectrogram 1	2	1258.644000	1258.806000	4000.000000	18000.000000	8000.000000	Trill
226	Spectrogram 1	2	1258.873000	1259.711000	4000.000000	18000.000000	8000.000000	Phee
227	Spectrogram 1	2	1265.026000	1265.718300	4000.000000	18000.000000	8000.000000	Trillphee
228	Spectrogram 1	2	1273.748000	1274.030000	4000.000000	18000.000000	8000.000000	Trill
229	Spectrogram 1	2	1292.662000	1292.949000	4000.000000	18000.000000	8000.000000	Trill
230	Spectrogram 1	2	1294.354000	1295.514000	4000.000000	18000.000000	8000.000000	Trillphee
231	Spectrogram 1	2	1298.966000	1300.020000	4000.000000	18000.000000	8000.000000	Trillphee
232	Spectrogram 1	2	1302.125000	1303.440000	4000.000000	18000.000000	8000.000000	Trillphee
233	Spectrogram 1	2	1309.771000	1311.122000	4000.000000	18000.000000	8000.000000	Trillphee
234	Spectrogram 1	2	1319.826000	1320.987400	4000.000000	18000.000000	8000.000000	Trillphee
235	Spectrogram 1	2	1335.444000	1335.768000	4000.000000	18000.000000	8000.000000	Trill
236	Spectrogram 1	2	1359.896000	1360.404000	4000.000000	18000.000000	8000.000000	Trillphee
237	Spectrogram 1	2	1365.032000	1365.330000	4000.000000	18000.000000	8000.000000	Trill
238	Spectrogram 1	2	1372.646000	1372.869000	4000.000000	18000.000000	8000.000000	Trill
239	Spectrogram 1	2	1374.084000	1375.112000	4000.000000	18000.000000	8000.000000	Trillphee
240	Spectrogram 1	2	1392.525000	1393.710000	4000.000000	18000.000000	8000.000000	Trillphee
241	Spectrogram 1	2	1396.602000	1396.905000	4000.000000	18000.000000	8000.000000	Trill
242	Spectrogram 1	2	1400.792000	1401.764000	4000.000000	18000.000000	8000.000000	Trillphee
243	Spectrogram 1	2	1405.715000	1406.036000	4000.000000	18000.000000	8000.000000	Trill
244	Spectrogram 1	2	1417.757000	1417.944000	4000.000000	18000.000000	8000.000000	Trill
245	Spectrogram 1	2	1423.223000	1424.390000	4000.000000	18000.000000	8000.000000	Trillphee
246	Spectrogram 1	2	1429.575000	1429.679000	4000.000000	18000.000000	8000.000000	Trill
247	Spectrogram 1	2	1444.486000	1445.540000	4000.000000	18000.000000	8000.000000	Trillphee
248	Spectrogram 1	2	1461.200000	1461.468000	4000.000000	18000.000000	8000.000000	Trill
249	Spectrogram 1	2	1467.263000	1467.456000	4000.000000	18000.000000	8000.000000	Trill
250	Spectrogram 1	2	1469.004000	1470.254000	4000.000000	18000.000000	8000.000000	Trillphee
251	Spectrogram 1	2	1473.694000	1473.944000	4000.000000	18000.000000	8000.000000	Trill
252	Spectrogram 1	2	1475.240000	1475.316000	4000.000000	18000.000000	8000.000000	Twitter
253	Spectrogram 1	2	1475.404000	1475.496000	4000.000000	18000.000000	8000.000000	Twitter
254	Spectrogram 1	2	1475.564000	1475.642000	4000.000000	18000.000000	8000.000000	Twitter
255	Spectrogram 1	2	1475.710000	1475.780000	4000.000000	18000.000000	8000.000000	Twitter
256	Spectrogram 1	2	1475.842000	1475.912000	4000.000000	18000.000000	8000.000000	Twitter
257	Spectrogram 1	2	1475.970000	1476.042000	4000.000000	18000.000000	8000.000000	Twitter
258	Spectrogram 1	2	1476.094000	1476.168000	4000.000000	18000.000000	8000.000000	Twitter
259	Spectrogram 1	2	1476.246000	1476.296000	4000.000000	18000.000000	8000.000000	Other
260	Spectrogram 1	2	1478.962000	1479.332000	4000.000000	18000.000000	8000.000000	Trill
261	Spectrogram 1	2	1485.159000	1485.392000	4000.000000	18000.000000	8000.000000	Trill
262	Spectrogram 1	2	1485.508000	1486.387500	4000.000000	18000.000000	8000.000000	Phee
263	Spectrogram 1	2	1509.147000	1509.429000	4000.000000	18000.000000	8000.000000	Trill
264	Spectrogram 1	2	1513.631000	1514.984000	4000.000000	18000.000000	8000.000000	Trillphee
265	Spectrogram 1	2	1520.742000	1520.944000	4000.000000	18000.000000	8000.000000	Trill
266	Spectrogram 1	2	1522.828000	1523.800000	4000.000000	18000.000000	8000.000000	Trillphee
267	Spectrogram 1	2	1528.781000	1528.850000	4000.000000	18000.000000	8000.000000	Trill
268	Spectrogram 1	2	1532.312000	1532.493000	4000.000000	18000.000000	8000.000000	Trill
269	Spectrogram 1	2	1533.514000	1533.740000	4000.000000	18000.000000	8000.000000	Trill
270	Spectrogram 1	2	1536.871000	1536.952000	4000.000000	18000.000000	8000.000000	Twitter
271	Spectrogram 1	2	1537.050000	1537.103000	4000.000000	18000.000000	8000.000000	Twitter
272	Spectrogram 1	2	1537.172000	1537.238000	4000.000000	18000.000000	8000.000000	Twitter
273	Spectrogram 1	2	1537.424000	1537.476000	4000.000000	18000.000000	8000.000000	Twitter
274	Spectrogram 1	2	1556.654000	1556.836000	4000.000000	18000.000000	8000.000000	Trill
275	Spectrogram 1	2	1564.262000	1564.544000	4000.000000	18000.000000	8000.000000	Trill
276	Spectrogram 1	2	1565.710000	1565.797000	4000.000000	18000.000000	8000.000000	Twitter
277	Spectrogram 1	2	1565.882000	1565.942000	4000.000000	18000.000000	8000.000000	Twitter
278	Spectrogram 1	2	1566.010000	1566.067000	4000.000000	18000.000000	8000.000000	Twitter
279	Spectrogram 1	2	1566.130000	1566.189000	4000.000000	18000.000000	8000.000000	Twitter
280	Spectrogram 1	2	1566.246000	1566.305000	4000.000000	18000.000000	8000.000000	Twitter
281	Spectrogram 1	2	1566.482000	1566.542000	4000.000000	18000.000000	8000.000000	Twitter
282	Spectrogram 1	2	1569.162000	1570.388000	4000.000000	18000.000000	8000.000000	Trillphee
283	Spectrogram 1	2	1574.216000	1575.428000	4000.000000	18000.000000	8000.000000	Trillphee
284	Spectrogram 1	2	1583.057000	1583.227000	4000.000000	18000.000000	8000.000000	Trill
285	Spectrogram 1	2	1587.038000	1588.420000	4000.000000	18000.000000	8000.000000	Trillphee
286	Spectrogram 1	2	1610.355000	1610.488000	4000.000000	18000.000000	8000.000000	Trill
287	Spectrogram 1	2	1610.588000	1610.767200	4000.000000	18000.000000	8000.000000	Phee
288	Spectrogram 1	2	1618.299000	1618.477000	4000.000000	18000.000000	8000.000000	Trill
289	Spectrogram 1	2	1620.368000	1621.704000	4000.000000	18000.000000	8000.000000	Trillphee
290	Spectrogram 1	2	1624.478000	1624.760000	4000.000000	18000.000000	8000.000000	Trill
291	Spectrogram 1	2	1625.925000	1626.043000	4000.000000	18000.000000	8000.000000	Twitter
292	Spectrogram 1	2	1626.124000	1626.185000	4000.000000	18000.000000	8000.000000	Twitter
293	Spectrogram 1	2	1626.388000	1626.433000	4000.000000	18000.000000	8000.000000	Twitter
294	Spectrogram 1	2	1626.502000	1626.553000	4000.000000	18000.000000	8000.000000	Twitter
295	Spectrogram 1	2	1628.226000	1628.310000	4000.000000	18000.000000	8000.000000	Twitter
296	Spectrogram 1	2	1628.426000	1628.504000	4000.000000	18000.000000	8000.000000	Twitter
297	Spectrogram 1	2	1628.588000	1628.652000	4000.000000	18000.000000	8000.000000	Twitter
298	Spectrogram 1	2	1628.720000	1628.788000	4000.000000	18000.000000	8000.000000	Twitter
299	Spectrogram 1	2	1628.860000	1628.924000	4000.000000	18000.000000	8000.000000	Twitter
300	Spectrogram 1	2	1638.698000	1639.866000	4000.000000	18000.000000	8000.000000	Trillphee
301	Spectrogram 1	2	1644.422000	1644.667000	4000.000000	18000.000000	8000.000000	Trill
302	Spectrogram 1	2	1646.326000	1646.606900	4000.000000	18000.000000	8000.000000	Trillphee
303	Spectrogram 1	2	1651.866000	1652.109000	4000.000000	18000.000000	8000.000000	Trill
304	Spectrogram 1	2	1687.062000	1687.306000	4000.000000	18000.000000	8000.000000	Trill
305	Spectrogram 1	2	1691.091000	1691.204000	4000.000000	18000.000000	8000.000000	Trill
306	Spectrogram 1	2	1692.512000	1692.660000	4000.000000	18000.000000	8000.000000	Trill
307	Spectrogram 1	2	1692.716000	1693.380000	4000.000000	18000.000000	8000.000000	Phee
308	Spectrogram 1	2	1693.448000	1693.504000	4000.000000	18000.000000	8000.000000	Phee
309	Spectrogram 1	2	1707.000000	1707.088000	4000.000000	18000.000000	8000.000000	Trill
310	Spectrogram 1	2	1708.878000	1709.049300	4000.000000	18000.000000	8000.000000	Trill
311	Spectrogram 1	2	1714.472000	1715.754000	4000.000000	18000.000000	8000.000000	Trillphee
312	Spectrogram 1	2	1723.346000	1723.422000	4000.000000	18000.000000	8000.000000	Trill
313	Spectrogram 1	2	1724.264000	1725.460000	4000.000000	18000.000000	8000.000000	Trillphee
314	Spectrogram 1	2	1737.558000	1737.793000	4000.000000	18000.000000	8000.000000	Trill
315	Spectrogram 1	2	1742.360000	1743.752000	4000.000000	18000.000000	8000.000000	Phee
316	Spectrogram 1	2	1749.975000	1750.356000	4000.000000	18000.000000	8000.000000	Trill
317	Spectrogram 1	2	1751.008000	1751.130000	4000.000000	18000.000000	8000.000000	Other
318	Spectrogram 1	2	1751.212000	1752.560000	4000.000000	18000.000000	8000.000000	Phee
319	Spectrogram 1	2	1754.892000	1755.204000	4000.000000	18000.000000	8000.000000	Trill
320	Spectrogram 1	2	1782.677000	1782.798000	4000.000000	18000.000000	8000.000000	Trill
321	Spectrogram 1	2	1788.763000	1788.832000	4000.000000	18000.000000	8000.000000	Trill
322	Spectrogram 1	2	1800.084000	1800.350000	4000.000000	18000.000000	8000.000000	Trill
323	Spectrogram 1	2	1837.520000	1837.822000	4000.000000	18000.000000	8000.000000	Trill
324	Spectrogram 1	2	1843.738000	1843.798000	4000.000000	18000.000000	8000.000000	Twitter
325	Spectrogram 1	2	1843.886000	1843.966000	4000.000000	18000.000000	8000.000000	Twitter
326	Spectrogram 1	2	1844.030000	1844.110000	4000.000000	18000.000000	8000.000000	Twitter
327	Spectrogram 1	2	1844.180000	1844.250000	4000.000000	18000.000000	8000.000000	Twitter
328	Spectrogram 1	2	1844.314000	1844.382000	4000.000000	18000.000000	8000.000000	Twitter
329	Spectrogram 1	2	1844.572000	1844.644000	4000.000000	18000.000000	8000.000000	Twitter
330	Spectrogram 1	2	1844.702000	1844.782000	4000.000000	18000.000000	8000.000000	Twitter
331	Spectrogram 1	2	1844.840000	1844.908000	4000.000000	18000.000000	8000.000000	Other
332	Spectrogram 1	2	1884.860000	1885.126000	4000.000000	18000.000000	8000.000000	Trill
333	Spectrogram 1	2	1889.390000	1889.680000	4000.000000	18000.000000	8000.000000	Trill
334	Spectrogram 1	2	1889.818000	1890.204000	4000.000000	18000.000000	8000.000000	Phee
335	Spectrogram 1	2	1974.169000	1974.446000	4000.000000	18000.000000	8000.000000	Trill
336	Spectrogram 1	2	2007.442000	2008.748000	4000.000000	18000.000000	8000.000000	Trillphee
337	Spectrogram 1	2	2016.542000	2016.766000	4000.000000	18000.000000	8000.000000	Trill
338	Spectrogram 1	2	2017.788000	2018.276000	4000.000000	18000.000000	8000.000000	Trill
339	Spectrogram 1	2	2033.597000	2033.939000	4000.000000	18000.000000	8000.000000	Trill
340	Spectrogram 1	2	2036.582000	2037.715000	4000.000000	18000.000000	8000.000000	Phee
341	Spectrogram 1	2	2040.455000	2040.833000	4000.000000	18000.000000	8000.000000	Trill
342	Spectrogram 1	2	2041.356000	2041.410000	4000.000000	18000.000000	8000.000000	Twitter
343	Spectrogram 1	2	2041.488000	2041.560000	4000.000000	18000.000000	8000.000000	Twitter
344	Spectrogram 1	2	2041.628000	2041.698000	4000.000000	18000.000000	8000.000000	Twitter
345	Spectrogram 1	2	2041.760000	2041.828000	4000.000000	18000.000000	8000.000000	Twitter
346	Spectrogram 1	2	2041.898000	2041.960000	4000.000000	18000.000000	8000.000000	Twitter
347	Spectrogram 1	2	2042.022000	2042.088000	4000.000000	18000.000000	8000.000000	Twitter
348	Spectrogram 1	2	2042.148000	2042.208000	4000.000000	18000.000000	8000.000000	Twitter
349	Spectrogram 1	2	2042.262000	2042.330000	4000.000000	18000.000000	8000.000000	Twitter
350	Spectrogram 1	2	2042.386000	2042.452000	4000.000000	18000.000000	8000.000000	Twitter
351	Spectrogram 1	2	2042.510000	2042.566000	4000.000000	18000.000000	8000.000000	
352	Spectrogram 1	2	2046.730000	2046.954000	4000.000000	18000.000000	8000.000000	Trill
353	Spectrogram 1	2	2047.939000	2048.042000	4000.000000	18000.000000	8000.000000	Trill
354	Spectrogram 1	2	2048.703000	2048.760000	4000.000000	18000.000000	8000.000000	Twitter
355	Spectrogram 1	2	2048.848000	2048.918000	4000.000000	18000.000000	8000.000000	Twitter
356	Spectrogram 1	2	2048.992000	2049.058000	4000.000000	18000.000000	8000.000000	Twitter
357	Spectrogram 1	2	2049.128000	2049.190000	4000.000000	18000.000000	8000.000000	Twitter
358	Spectrogram 1	2	2049.252000	2049.316000	4000.000000	18000.000000	8000.000000	Twitter
359	Spectrogram 1	2	2049.372000	2049.442000	4000.000000	18000.000000	8000.000000	Twitter
360	Spectrogram 1	2	2049.492000	2049.562000	4000.000000	18000.000000	8000.000000	Twitter
361	Spectrogram 1	2	2057.752000	2058.180000	4000.000000	18000.000000	8000.000000	Trill
362	Spectrogram 1	2	2058.868000	2058.963000	4000.000000	18000.000000	8000.000000	Other
363	Spectrogram 1	2	2059.044000	2059.106000	4000.000000	18000.000000	8000.000000	Twitter
364	Spectrogram 1	2	2059.186000	2059.255000	4000.000000	18000.000000	8000.000000	Twitter
365	Spectrogram 1	2	2059.322000	2059.382000	4000.000000	18000.000000	8000.000000	Twitter
366	Spectrogram 1	2	2059.452000	2059.524000	4000.000000	18000.000000	8000.000000	Twitter
367	Spectrogram 1	2	2059.574000	2059.646000	4000.000000	18000.000000	8000.000000	Twitter
368	Spectrogram 1	2	2059.708000	2059.776000	4000.000000	18000.000000	8000.000000	Twitter
369	Spectrogram 1	2	2081.898000	2082.327000	4000.000000	18000.000000	8000.000000	Trill
370	Spectrogram 1	2	2082.438000	2083.370000	4000.000000	18000.000000	8000.000000	Phee
371	Spectrogram 1	2	2092.116000	2092.320000	4000.000000	18000.000000	8000.000000	Trill
372	Spectrogram 1	2	2093.482000	2093.706000	4000.000000	18000.000000	8000.000000	Trill
373	Spectrogram 1	2	2095.644000	2095.918000	4000.000000	18000.000000	8000.000000	Trill
374	Spectrogram 1	2	2097.573000	2098.662000	4000.000000	18000.000000	8000.000000	Trillphee
375	Spectrogram 1	2	2118.812000	2119.079000	4000.000000	18000.000000	8000.000000	Trill
376	Spectrogram 1	2	2121.517000	2121.691000	4000.000000	18000.000000	8000.000000	Trill
377	Spectrogram 1	2	2123.174000	2124.180000	4000.000000	18000.000000	8000.000000	Trillphee
378	Spectrogram 1	2	2129.183000	2129.326000	4000.000000	18000.000000	8000.000000	Trill
379	Spectrogram 1	2	2133.859000	2134.126000	4000.000000	18000.000000	8000.000000	Trill
380	Spectrogram 1	2	2135.432000	2136.488000	4000.000000	18000.000000	8000.000000	Trillphee
381	Spectrogram 1	2	2149.591000	2149.853600	4000.000000	18000.000000	8000.000000	Trill
382	Spectrogram 1	2	2151.009000	2151.267000	4000.000000	18000.000000	8000.000000	Trill
383	Spectrogram 1	2	2156.096000	2156.400000	4000.000000	18000.000000	8000.000000	Trill
384	Spectrogram 1	2	2157.060000	2158.002000	4000.000000	18000.000000	8000.000000	Trillphee
385	Spectrogram 1	2	2203.645000	2203.860000	4000.000000	18000.000000	8000.000000	Trill
386	Spectrogram 1	2	2206.434000	2206.696000	4000.000000	18000.000000	8000.000000	Trill
387	Spectrogram 1	2	2220.186000	2220.485000	4000.000000	18000.000000	8000.000000	Trill
388	Spectrogram 1	2	2229.336000	2229.594000	4000.000000	18000.000000	8000.000000	Trill
389	Spectrogram 1	2	2236.692000	2236.826000	4000.000000	18000.000000	8000.000000	Trill
390	Spectrogram 1	2	2236.951000	2237.950000	4000.000000	18000.000000	8000.000000	Phee
391	Spectrogram 1	2	2246.466000	2246.874000	4000.000000	18000.000000	8000.000000	Trill
392	Spectrogram 1	2	2248.728000	2250.154000	4000.000000	18000.000000	8000.000000	Phee
393	Spectrogram 1	2	2273.181000	2273.344000	4000.000000	18000.000000	8000.000000	Trill
394	Spectrogram 1	2	2275.102000	2276.442000	4000.000000	18000.000000	8000.000000	Phee
395	Spectrogram 1	2	2308.965000	2309.311000	4000.000000	18000.000000	8000.000000	Trill
396	Spectrogram 1	2	2311.117000	2311.320000	4000.000000	18000.000000	8000.000000	Trill
397	Spectrogram 1	2	2312.992000	2313.292000	4000.000000	18000.000000	8000.000000	Trill
398	Spectrogram 1	2	2325.912000	2326.122000	4000.000000	18000.000000	8000.000000	Trill
399	Spectrogram 1	2	2330.814000	2330.996000	4000.000000	18000.000000	8000.000000	Trill
400	Spectrogram 1	2	2355.806000	2356.028000	4000.000000	18000.000000	8000.000000	Trill
401	Spectrogram 1	2	2363.796000	2364.112000	4000.000000	18000.000000	8000.000000	Trill
402	Spectrogram 1	2	2364.736000	2365.890000	4000.000000	18000.000000	8000.000000	Trillphee
403	Spectrogram 1	2	2368.766000	2369.018000	4000.000000	18000.000000	8000.000000	Trill
404	Spectrogram 1	2	2381.672000	2382.624000	4000.000000	18000.000000	8000.000000	Trillphee
405	Spectrogram 1	2	2387.793000	2387.982000	4000.000000	18000.000000	8000.000000	Trill
406	Spectrogram 1	2	2390.141000	2390.354000	4000.000000	18000.000000	8000.000000	Trill
407	Spectrogram 1	2	2392.373000	2392.626000	4000.000000	18000.000000	8000.000000	Trill
408	Spectrogram 1	2	2396.306000	2397.167000	4000.000000	18000.000000	8000.000000	Phee
409	Spectrogram 1	2	2401.121000	2401.296000	4000.000000	18000.000000	8000.000000	Trill
410	Spectrogram 1	2	2402.434000	2403.644000	4000.000000	18000.000000	8000.000000	Phee
411	Spectrogram 1	2	2407.305000	2407.716000	4000.000000	18000.000000	8000.000000	Trill
412	Spectrogram 1	2	2410.386000	2410.438000	4000.000000	18000.000000	8000.000000	Other
413	Spectrogram 1	2	2410.524000	2410.604000	4000.000000	18000.000000	8000.000000	Twitter
414	Spectrogram 1	2	2410.670000	2410.734000	4000.000000	18000.000000	8000.000000	Twitter
415	Spectrogram 1	2	2410.802000	2410.860000	4000.000000	18000.000000	8000.000000	Twitter
416	Spectrogram 1	2	2410.926000	2410.990000	4000.000000	18000.000000	8000.000000	Twitter
417	Spectrogram 1	2	2411.052000	2411.110000	4000.000000	18000.000000	8000.000000	Twitter
418	Spectrogram 1	2	2411.174000	2411.226000	4000.000000	18000.000000	8000.000000	Twitter
419	Spectrogram 1	2	2411.298000	2411.352000	4000.000000	18000.000000	8000.000000	Twitter
420	Spectrogram 1	2	2419.832000	2420.120000	4000.000000	18000.000000	8000.000000	Trill
421	Spectrogram 1	2	2452.592000	2452.800000	4000.000000	18000.000000	8000.000000	Trill
422	Spectrogram 1	2	2457.041000	2457.230000	4000.000000	18000.000000	8000.000000	Trill
423	Spectrogram 1	2	2474.459000	2474.828000	4000.000000	18000.000000	8000.000000	Trill
424	Spectrogram 1	2	2477.320000	2477.394000	4000.000000	18000.000000	8000.000000	Trill
425	Spectrogram 1	2	2478.510000	2479.353000	4000.000000	18000.000000	8000.000000	Phee
426	Spectrogram 1	2	2479.500000	2479.560000	4000.000000	18000.000000	8000.000000	P-peep
427	Spectrogram 1	2	2486.200000	2486.400000	4000.000000	18000.000000	8000.000000	Trill
428	Spectrogram 1	2	2491.602000	2491.868000	4000.000000	18000.000000	8000.000000	Trill
429	Spectrogram 1	2	2494.980000	2496.412000	4000.000000	18000.000000	8000.000000	Trillphee
430	Spectrogram 1	2	2505.452000	2505.722000	4000.000000	18000.000000	8000.000000	Trill
431	Spectrogram 1	2	2514.368000	2515.768000	4000.000000	18000.000000	8000.000000	Trillphee
432	Spectrogram 1	2	2523.508000	2523.714000	4000.000000	18000.000000	8000.000000	Trill
433	Spectrogram 1	2	2525.792000	2525.850000	4000.000000	18000.000000	8000.000000	Twitter
434	Spectrogram 1	2	2525.926000	2525.982000	4000.000000	18000.000000	8000.000000	Twitter
435	Spectrogram 1	2	2526.050000	2526.114000	4000.000000	18000.000000	8000.000000	Twitter
436	Spectrogram 1	2	2526.184000	2526.244000	4000.000000	18000.000000	8000.000000	Twitter
437	Spectrogram 1	2	2526.308000	2526.360000	4000.000000	18000.000000	8000.000000	Twitter
438	Spectrogram 1	2	2526.430000	2526.488000	4000.000000	18000.000000	8000.000000	Twitter
439	Spectrogram 1	2	2526.558000	2526.610000	4000.000000	18000.000000	8000.000000	Twitter
440	Spectrogram 1	2	2526.696000	2526.741000	4000.000000	18000.000000	8000.000000	Other
441	Spectrogram 1	2	2531.974000	2532.276000	4000.000000	18000.000000	8000.000000	Trill
442	Spectrogram 1	2	2535.086000	2535.384000	4000.000000	18000.000000	8000.000000	Trill
443	Spectrogram 1	2	2536.422000	2536.500000	4000.000000	18000.000000	8000.000000	Twitter
444	Spectrogram 1	2	2536.586000	2536.674000	4000.000000	18000.000000	8000.000000	Twitter
445	Spectrogram 1	2	2536.742000	2536.820000	4000.000000	18000.000000	8000.000000	Twitter
446	Spectrogram 1	2	2536.874000	2536.952000	4000.000000	18000.000000	8000.000000	Twitter
447	Spectrogram 1	2	2537.012000	2537.078000	4000.000000	18000.000000	8000.000000	Twitter
448	Spectrogram 1	2	2537.140000	2537.212000	4000.000000	18000.000000	8000.000000	Twitter
449	Spectrogram 1	2	2537.268000	2537.327000	4000.000000	18000.000000	8000.000000	Twitter
450	Spectrogram 1	2	2537.522000	2537.577000	4000.000000	18000.000000	8000.000000	Twitter
451	Spectrogram 1	2	2543.762000	2543.816000	4000.000000	18000.000000	8000.000000	Other
452	Spectrogram 1	2	2559.430000	2559.590000	4000.000000	18000.000000	8000.000000	Trill
453	Spectrogram 1	2	2564.940000	2565.174000	4000.000000	18000.000000	8000.000000	Trill
454	Spectrogram 1	2	2589.656000	2589.886000	4000.000000	18000.000000	8000.000000	Trill
455	Spectrogram 1	2	2609.760000	2609.972000	4000.000000	18000.000000	8000.000000	Trill
456	Spectrogram 1	2	2616.675000	2616.890600	4000.000000	18000.000000	8000.000000	Trill
457	Spectrogram 1	2	2619.094000	2619.446000	4000.000000	18000.000000	8000.000000	Trill
458	Spectrogram 1	2	2621.188000	2621.452000	4000.000000	18000.000000	8000.000000	Trill
459	Spectrogram 1	2	2621.574000	2621.970000	4000.000000	18000.000000	8000.000000	Phee
460	Spectrogram 1	2	2627.736000	2627.790000	4000.000000	18000.000000	8000.000000	Twitter
461	Spectrogram 1	2	2629.838000	2630.143000	4000.000000	18000.000000	8000.000000	Trill
462	Spectrogram 1	2	2633.954000	2634.120000	4000.000000	18000.000000	8000.000000	Trill
463	Spectrogram 1	2	2635.516000	2636.820000	4000.000000	18000.000000	8000.000000	Trillphee
464	Spectrogram 1	2	2641.690000	2641.898000	4000.000000	18000.000000	8000.000000	Trill
465	Spectrogram 1	2	2642.974000	2644.210000	4000.000000	18000.000000	8000.000000	Phee
466	Spectrogram 1	2	2649.590000	2649.873000	4000.000000	18000.000000	8000.000000	Trill
467	Spectrogram 1	2	2652.878000	2652.975000	4000.000000	18000.000000	8000.000000	Trill
468	Spectrogram 1	2	2653.732000	2653.796000	4000.000000	18000.000000	8000.000000	Twitter
469	Spectrogram 1	2	2653.880000	2653.946000	4000.000000	18000.000000	8000.000000	Twitter
470	Spectrogram 1	2	2654.018000	2654.076000	4000.000000	18000.000000	8000.000000	Twitter
471	Spectrogram 1	2	2654.154000	2654.210000	4000.000000	18000.000000	8000.000000	Twitter
472	Spectrogram 1	2	2654.280000	2654.337000	4000.000000	18000.000000	8000.000000	Twitter
473	Spectrogram 1	2	2654.548000	2654.594000	4000.000000	18000.000000	8000.000000	Twitter
474	Spectrogram 1	2	2675.870000	2676.083000	4000.000000	18000.000000	8000.000000	Trill
475	Spectrogram 1	2	2703.724000	2704.059000	4000.000000	18000.000000	8000.000000	Trill
476	Spectrogram 1	2	2709.754000	2710.135000	4000.000000	18000.000000	8000.000000	Trill
477	Spectrogram 1	2	2711.186000	2712.386000	4000.000000	18000.000000	8000.000000	Trillphee
478	Spectrogram 1	2	2723.816000	2724.044000	4000.000000	18000.000000	8000.000000	Trill
479	Spectrogram 1	2	2736.428020	2736.690020	4000.000000	18000.000000	8000.000000	Trill
480	Spectrogram 1	2	2741.760000	2741.962000	4000.000000	18000.000000	8000.000000	Trill
481	Spectrogram 1	2	2761.730000	2762.050000	4000.000000	18000.000000	8000.000000	Trill
482	Spectrogram 1	2	2765.718000	2766.066000	4000.000000	18000.000000	8000.000000	Trill
483	Spectrogram 1	2	2770.749000	2770.894100	4000.000000	18000.000000	8000.000000	Trill
484	Spectrogram 1	2	2775.266000	2775.334000	4000.000000	18000.000000	8000.000000	Trill
485	Spectrogram 1	2	2777.278000	2777.625000	4000.000000	18000.000000	8000.000000	Trill
486	Spectrogram 1	2	2777.797000	2778.112000	4000.000000	18000.000000	8000.000000	Phee
487	Spectrogram 1	2	2778.402000	2778.530000	4000.000000	18000.000000	8000.000000	Phee
488	Spectrogram 1	2	2782.170000	2783.480000	4000.000000	18000.000000	8000.000000	Trillphee
489	Spectrogram 1	2	2797.164000	2798.882000	4000.000000	18000.000000	8000.000000	Trillphee
490	Spectrogram 1	2	2807.390000	2807.614000	4000.000000	18000.000000	8000.000000	Trill
491	Spectrogram 1	2	2809.955000	2811.266000	4000.000000	18000.000000	8000.000000	Trillphee
492	Spectrogram 1	2	2815.112000	2815.278000	4000.000000	18000.000000	8000.000000	Trill
493	Spectrogram 1	2	2821.143000	2821.364000	4000.000000	18000.000000	8000.000000	Trill
494	Spectrogram 1	2	2856.886000	2857.248000	4000.000000	18000.000000	8000.000000	Trill
495	Spectrogram 1	2	2863.565000	2863.746000	4000.000000	18000.000000	8000.000000	Trill
496	Spectrogram 1	2	2867.598000	2867.908000	4000.000000	18000.000000	8000.000000	Trill
497	Spectrogram 1	2	2890.634000	2890.870000	4000.000000	18000.000000	8000.000000	Trill
498	Spectrogram 1	2	2893.531000	2893.806000	4000.000000	18000.000000	8000.000000	Trill
499	Spectrogram 1	2	2898.757000	2898.952000	4000.000000	18000.000000	8000.000000	Trill
500	Spectrogram 1	2	2903.522000	2903.794000	4000.000000	18000.000000	8000.000000	Trill
501	Spectrogram 1	2	2911.363000	2911.730000	4000.000000	18000.000000	8000.000000	Trill
502	Spectrogram 1	2	2911.979000	2912.412000	4000.000000	18000.000000	8000.000000	Phee
503	Spectrogram 1	2	2915.578000	2915.842000	4000.000000	18000.000000	8000.000000	Trill
504	Spectrogram 1	2	2915.940000	2916.433700	4000.000000	18000.000000	8000.000000	Phee
505	Spectrogram 1	2	2916.598000	2916.672000	4000.000000	18000.000000	8000.000000	Phee
506	Spectrogram 1	2	2919.794000	2920.970000	4000.000000	18000.000000	8000.000000	Phee
507	Spectrogram 1	2	2923.270000	2923.604000	4000.000000	18000.000000	8000.000000	Trill
508	Spectrogram 1	2	2927.520000	2927.852000	4000.000000	18000.000000	8000.000000	Trill
509	Spectrogram 1	2	2928.864000	2928.937000	4000.000000	18000.000000	8000.000000	
510	Spectrogram 1	2	2929.028000	2929.086000	4000.000000	18000.000000	8000.000000	
511	Spectrogram 1	2	2929.168000	2929.223000	4000.000000	18000.000000	8000.000000	
512	Spectrogram 1	2	2929.298000	2929.350000	4000.000000	18000.000000	8000.000000	
513	Spectrogram 1	2	2929.424000	2929.478000	4000.000000	18000.000000	8000.000000	
514	Spectrogram 1	2	2929.550000	2929.609000	4000.000000	18000.000000	8000.000000	
515	Spectrogram 1	2	2929.676000	2929.727000	4000.000000	18000.000000	8000.000000	
516	Spectrogram 1	2	2949.830000	2950.025000	4000.000000	18000.000000	8000.000000	Trill
517	Spectrogram 1	2	2950.115000	2950.894000	4000.000000	18000.000000	8000.000000	Phee
518	Spectrogram 1	2	2968.863000	2969.229000	4000.000000	18000.000000	8000.000000	Trill
519	Spectrogram 1	2	2970.144000	2970.383000	4000.000000	18000.000000	8000.000000	Trill
520	Spectrogram 1	2	2970.440000	2971.462000	4000.000000	18000.000000	8000.000000	Phee
521	Spectrogram 1	2	2991.426000	2991.662000	4000.000000	18000.000000	8000.000000	Trill
522	Spectrogram 1	2	3016.128000	3016.390000	4000.000000	18000.000000	8000.000000	Trill
523	Spectrogram 1	2	3017.944000	3018.259000	4000.000000	18000.000000	8000.000000	Trill
524	Spectrogram 1	2	3019.602000	3020.726000	4000.000000	18000.000000	8000.000000	Trillphee
525	Spectrogram 1	2	3043.130000	3043.442000	4000.000000	18000.000000	8000.000000	Trill
526	Spectrogram 1	2	3045.664000	3045.958000	4000.000000	18000.000000	8000.000000	Trill
527	Spectrogram 1	2	3055.005000	3055.192000	4000.000000	18000.000000	8000.000000	Trill
528	Spectrogram 1	2	3064.116000	3064.428000	4000.000000	18000.000000	8000.000000	Trill
529	Spectrogram 1	2	3066.500000	3067.268000	4000.000000	18000.000000	8000.000000	Phee
530	Spectrogram 1	2	3069.348000	3069.582000	4000.000000	18000.000000	8000.000000	Trill
531	Spectrogram 1	2	3070.286000	3070.342000	4000.000000	18000.000000	8000.000000	Other
532	Spectrogram 1	2	3070.452000	3070.518000	4000.000000	18000.000000	8000.000000	Twitter
533	Spectrogram 1	2	3070.586000	3070.656000	4000.000000	18000.000000	8000.000000	Twitter
534	Spectrogram 1	2	3070.726000	3070.786000	4000.000000	18000.000000	8000.000000	Twitter
535	Spectrogram 1	2	3070.850000	3070.906000	4000.000000	18000.000000	8000.000000	Twitter
536	Spectrogram 1	2	3070.976000	3071.036000	4000.000000	18000.000000	8000.000000	Twitter
537	Spectrogram 1	2	3071.100000	3071.158000	4000.000000	18000.000000	8000.000000	Twitter
538	Spectrogram 1	2	3071.214000	3071.280000	4000.000000	18000.000000	8000.000000	Twitter
539	Spectrogram 1	2	3071.338000	3071.396000	4000.000000	18000.000000	8000.000000	Twitter
540	Spectrogram 1	2	3075.516000	3075.849000	4000.000000	18000.000000	8000.000000	Trill
541	Spectrogram 1	2	3082.642000	3082.986000	4000.000000	18000.000000	8000.000000	Trill
542	Spectrogram 1	2	3084.544000	3084.724000	4000.000000	18000.000000	8000.000000	Other
543	Spectrogram 1	2	3084.896000	3085.892000	4000.000000	18000.000000	8000.000000	Phee
544	Spectrogram 1	2	3116.286000	3116.550000	4000.000000	18000.000000	8000.000000	Trill
545	Spectrogram 1	2	3119.186000	3119.274000	4000.000000	18000.000000	8000.000000	Trill
546	Spectrogram 1	2	3122.614000	3123.034000	4000.000000	18000.000000	8000.000000	Trill
547	Spectrogram 1	2	3125.580000	3125.690000	4000.000000	18000.000000	8000.000000	Trill
548	Spectrogram 1	2	3125.750000	3126.656000	4000.000000	18000.000000	8000.000000	Phee
549	Spectrogram 1	2	3144.993000	3145.338000	4000.000000	18000.000000	8000.000000	Trill
550	Spectrogram 1	2	3152.522000	3152.710000	4000.000000	18000.000000	8000.000000	Trill
551	Spectrogram 1	2	192.697700	192.731700	4000.000000	18000.000000	8000.000000	Twitter
552	Spectrogram 1	2	236.847100	236.882600	4000.000000	18000.000000	8000.000000	Twitter
553	Spectrogram 1	2	379.296700	380.213300	4000.000000	18000.000000	8000.000000	Phee
554	Spectrogram 1	2	409.953900	409.992900	4000.000000	18000.000000	8000.000000	Twitter
555	Spectrogram 1	2	410.079200	410.114500	4000.000000	18000.000000	8000.000000	Twitter
556	Spectrogram 1	2	435.677700	436.109200	4000.000000	18000.000000	8000.000000	Phee
557	Spectrogram 1	2	436.162200	436.251400	4000.000000	18000.000000	8000.000000	Phee
558	Spectrogram 1	2	443.662500	443.704900	4000.000000	18000.000000	8000.000000	Other
559	Spectrogram 1	2	677.820000	677.873300	4000.000000	18000.000000	8000.000000	Twitter
560	Spectrogram 1	2	731.176600	731.233300	4000.000000	18000.000000	8000.000000	Phee
561	Spectrogram 1	2	731.340200	731.396200	4000.000000	18000.000000	8000.000000	Phee
562	Spectrogram 1	2	895.015800	895.061400	4000.000000	18000.000000	8000.000000	Other
563	Spectrogram 1	2	943.872800	943.908300	4000.000000	18000.000000	8000.000000	Other
564	Spectrogram 1	2	992.554300	992.757500	4000.000000	18000.000000	8000.000000	Phee
565	Spectrogram 1	2	992.450300	992.509100	4000.000000	18000.000000	8000.000000	Phee
566	Spectrogram 1	2	992.345300	992.420500	4000.000000	18000.000000	8000.000000	Trill
567	Spectrogram 1	2	1003.456300	1003.512900	4000.000000	18000.000000	8000.000000	Twitter
568	Spectrogram 1	2	1003.592400	1003.639100	4000.000000	18000.000000	8000.000000	Twitter
569	Spectrogram 1	2	1026.833100	1026.912600	4000.000000	18000.000000	8000.000000	T-peep
570	Spectrogram 1	2	1027.311400	1028.015300	4000.000000	18000.000000	8000.000000	Phee
571	Spectrogram 1	2	1054.957100	1055.020800	4000.000000	18000.000000	8000.000000	Twitter
572	Spectrogram 1	2	1055.714500	1055.746500	4000.000000	18000.000000	8000.000000	Other
573	Spectrogram 1	2	1097.760900	1097.796500	4000.000000	18000.000000	8000.000000	Other
574	Spectrogram 1	2	1155.490100	1155.641400	4000.000000	18000.000000	8000.000000	Phee
575	Spectrogram 1	2	1155.694200	1155.906600	4000.000000	18000.000000	8000.000000	Phee
576	Spectrogram 1	2	1160.386300	1160.476700	4000.000000	18000.000000	8000.000000	Trill
577	Spectrogram 1	2	1160.485100	1160.560200	4000.000000	18000.000000	8000.000000	Trill
578	Spectrogram 1	2	1161.215200	1161.437700	4000.000000	18000.000000	8000.000000	Phee
579	Spectrogram 1	2	1265.757400	1265.835200	4000.000000	18000.000000	8000.000000	Phee
580	Spectrogram 1	2	1265.864000	1265.924500	4000.000000	18000.000000	8000.000000	Phee
581	Spectrogram 1	2	1265.951000	1266.007700	4000.000000	18000.000000	8000.000000	Phee
582	Spectrogram 1	2	1266.068900	1266.122600	4000.000000	18000.000000	8000.000000	Phee
583	Spectrogram 1	2	1321.065900	1321.133400	4000.000000	18000.000000	8000.000000	Phee
584	Spectrogram 1	2	1360.437400	1360.524000	4000.000000	18000.000000	8000.000000	P-peep
585	Spectrogram 1	2	1360.567300	1360.628600	4000.000000	18000.000000	8000.000000	P-peep
586	Spectrogram 1	2	1360.676000	1360.743400	4000.000000	18000.000000	8000.000000	Phee
587	Spectrogram 1	2	1360.784300	1360.844700	4000.000000	18000.000000	8000.000000	Phee
588	Spectrogram 1	2	1360.942000	1361.013100	4000.000000	18000.000000	8000.000000	Phee
589	Spectrogram 1	2	1533.794200	1534.309000	4000.000000	18000.000000	8000.000000	Phee
590	Spectrogram 1	2	1537.308000	1537.354100	4000.000000	18000.000000	8000.000000	Twitter
591	Spectrogram 1	2	1537.538500	1537.598600	4000.000000	18000.000000	8000.000000	
592	Spectrogram 1	2	1537.664300	1537.706800	4000.000000	18000.000000	8000.000000	Twitter
593	Spectrogram 1	2	1537.791500	1537.826800	4000.000000	18000.000000	8000.000000	Twitter
594	Spectrogram 1	2	1566.362200	1566.420500	4000.000000	18000.000000	8000.000000	Twitter
595	Spectrogram 1	2	1566.624400	1566.667900	4000.000000	18000.000000	8000.000000	Twitter
596	Spectrogram 1	2	1626.623400	1626.669500	4000.000000	18000.000000	8000.000000	Twitter
597	Spectrogram 1	2	1628.997600	1629.044600	4000.000000	18000.000000	8000.000000	Other
598	Spectrogram 1	2	1707.122500	1707.186800	4000.000000	18000.000000	8000.000000	Trill
599	Spectrogram 1	2	1709.083900	1709.897800	4000.000000	18000.000000	8000.000000	Phee
600	Spectrogram 1	2	2036.433300	2036.493300	4000.000000	18000.000000	8000.000000	Other
601	Spectrogram 1	2	2049.628400	2049.677400	4000.000000	18000.000000	8000.000000	Other
602	Spectrogram 1	2	2059.859200	2059.884100	4000.000000	18000.000000	8000.000000	Other
603	Spectrogram 1	2	2149.871200	2149.923300	4000.000000	18000.000000	8000.000000	Trill
604	Spectrogram 1	2	2396.099900	2396.218400	4000.000000	18000.000000	8000.000000	Other
605	Spectrogram 1	2	2411.438300	2411.473700	4000.000000	18000.000000	8000.000000	Other
606	Spectrogram 1	2	2491.966000	2492.010700	4000.000000	18000.000000	8000.000000	Other`
607	Spectrogram 1	2	2537.394300	2537.456600	4000.000000	18000.000000	8000.000000	
608	Spectrogram 1	2	2627.178800	2627.242600	4000.000000	18000.000000	8000.000000	Twitter
609	Spectrogram 1	2	2627.603700	2627.660300	4000.000000	18000.000000	8000.000000	Twitter
610	Spectrogram 1	2	2627.476100	2627.532800	4000.000000	18000.000000	8000.000000	Twitter
611	Spectrogram 1	2	2627.336500	2627.397200	4000.000000	18000.000000	8000.000000	Twitter
612	Spectrogram 1	2	2627.848000	2627.897500	4000.000000	18000.000000	8000.000000	Twitter
613	Spectrogram 1	2	2627.964700	2628.028400	4000.000000	18000.000000	8000.000000	Twitter
614	Spectrogram 1	2	2628.077800	2628.139300	4000.000000	18000.000000	8000.000000	Twitter
615	Spectrogram 1	2	2628.345800	2628.388400	4000.000000	18000.000000	8000.000000	Twitter
616	Spectrogram 1	2	2654.409400	2654.466900	4000.000000	18000.000000	8000.000000	Twitter
617	Spectrogram 1	2	254.299200	254.963800	4000.000000	18000.000000	8000.000000	Phee
618	Spectrogram 1	2	823.853700	823.917900	4000.000000	18000.000000	8000.000000	Phee
619	Spectrogram 1	2	1033.831900	1034.515200	4000.000000	18000.000000	8000.000000	Phee
620	Spectrogram 1	2	1034.540400	1034.594200	4000.000000	18000.000000	8000.000000	Phee
621	Spectrogram 1	2	1155.315600	1155.453400	4000.000000	18000.000000	8000.000000	Phee
622	Spectrogram 1	2	1486.433600	1486.497500	4000.000000	18000.000000	8000.000000	Phee
623	Spectrogram 1	2	1486.540100	1486.582700	4000.000000	18000.000000	8000.000000	Phee
624	Spectrogram 1	2	1610.811700	1611.337900	4000.000000	18000.000000	8000.000000	Phee
625	Spectrogram 1	2	1646.634700	1647.408600	4000.000000	18000.000000	8000.000000	Phee
626	Spectrogram 1	2	2479.375600	2479.443300	4000.000000	18000.000000	8000.000000	Phee
627	Spectrogram 1	2	2616.904300	2616.930100	4000.000000	18000.000000	8000.000000	Other
628	Spectrogram 1	2	2770.931200	2770.988800	4000.000000	18000.000000	8000.000000	Trill
629	Spectrogram 1	2	2778.129300	2778.223900	4000.000000	18000.000000	8000.000000	Phee
630	Spectrogram 1	2	2778.266000	2778.316100	4000.000000	18000.000000	8000.000000	Phee
631	Spectrogram 1	2	2863.763300	2863.792600	4000.000000	18000.000000	8000.000000	Other
632	Spectrogram 1	2	2916.447600	2916.500800	4000.000000	18000.000000	8000.000000	Phee
633	Spectrogram 1	2	2928.703600	2928.728500	4000.000000	18000.000000	8000.000000	Other
634	Spectrogram 1	2	3018.305400	3018.371000	4000.000000	18000.000000	8000.000000	Trill
635	Spectrogram 1	2	3066.217700	3066.359300	4000.000000	18000.000000	8000.000000	Other
