Selection	View	Channel	Begin Time (s)	End Time (s)	Low Freq (Hz)	High Freq (Hz)	Max Freq (Hz)	Call Type	Energy Diff	Energy Par	Energy Diff (wl)	Energy Par (wl)	AHR	Exception
3	Spectrogram 1	1	43.210	44.150	4000.0	18000.0	8789.1	Trill	10.704993	26.325382	NaN	NaN	107.929030	0.000000
4	Spectrogram 1	1	73.090	73.420	4000.0	18000.0	7373.0	Trill	14.824287	25.534933	NaN	NaN	71.413920	0.000000
5	Spectrogram 1	1	77.830	78.190	4000.0	18000.0	6494.1	Trill	14.753275	25.080351	NaN	NaN	135.198620	0.000000
11	Spectrogram 1	1	94.640	95.330	4000.0	18000.0	7373.0	Trill	10.287359	21.168546	NaN	NaN	82.422133	0.000000
12	Spectrogram 1	1	105.908	106.161	4000.0	18000.0	6494.1	Trill	12.527464	19.324981	NaN	NaN	83.871061	0.000000
13	Spectrogram 1	1	110.610	110.880	4000.0	18000.0	6494.1	Trill	10.257590	17.879289	NaN	NaN	68.315138	0.000000
15	Spectrogram 1	1	181.840	182.170	4000.0	18000.0	6884.8	Trill	4.061305	13.856351	NaN	NaN	43.451893	0.000000
20	Spectrogram 1	1	205.284	206.516	4000.0	18000.0	8691.4	Trillphee	7.882503	29.496308	NaN	NaN	107.289906	0.000000
21	Spectrogram 1	1	215.940	217.475	4000.0	18000.0	8642.6	Phee	8.600949	30.000000	NaN	NaN	99.213077	0.000000
22	Spectrogram 1	1	225.320	225.850	4000.0	18000.0	7470.7	Trill	10.236530	21.742128	NaN	NaN	92.378080	0.000000
23	Spectrogram 1	1	234.510	235.320	4000.0	18000.0	8789.1	Trill	5.186109	15.971416	NaN	NaN	66.239996	0.000000
24	Spectrogram 1	1	241.133	241.180	4000.0	18000.0	7128.9	Trill	5.294907	11.442955	NaN	NaN	51.655619	0.000000
28	Spectrogram 1	1	323.830	324.189	4000.0	18000.0	6543.0	Trill	4.972319	11.875677	NaN	NaN	42.446054	0.000000
33	Spectrogram 1	1	365.980	366.960	4000.0	18000.0	8740.2	Trill	5.215004	15.596134	NaN	NaN	33.854404	0.000000
34	Spectrogram 1	1	368.150	368.911	4000.0	18000.0	7959.0	Trill	9.745258	22.208887	NaN	NaN	103.516695	0.000000
35	Spectrogram 1	1	375.440	376.284	4000.0	18000.0	8837.9	Trill	18.384764	27.269223	NaN	NaN	130.721285	0.000000
37	Spectrogram 1	1	385.760	386.064	4000.0	18000.0	6591.8	Trill	9.540007	20.289987	NaN	NaN	79.000453	0.000000
38	Spectrogram 1	1	394.340	395.170	4000.0	18000.0	8544.9	Trillphee	4.099896	17.460708	NaN	NaN	65.339955	0.000000
39	Spectrogram 1	1	401.880	402.176	4000.0	18000.0	7959.0	Trill	18.698968	26.240257	NaN	NaN	154.342552	0.000000
52	Spectrogram 1	1	539.700	539.934	4000.0	18000.0	6298.8	Trill	8.073431	17.815937	NaN	NaN	32.323024	0.000000
54	Spectrogram 1	1	560.630	560.920	4000.0	18000.0	7226.6	Trill	6.410102	18.984086	NaN	NaN	49.719056	0.000000
57	Spectrogram 1	1	579.506	580.354	4000.0	18000.0	8740.2	Trillphee	5.338306	19.433773	NaN	NaN	63.473948	0.000000
60	Spectrogram 1	1	584.380	585.067	4000.0	18000.0	8105.5	Trill	5.323476	13.789089	NaN	NaN	37.946886	0.000000
61	Spectrogram 1	1	593.550	593.760	4000.0	18000.0	6835.9	Trill	4.428752	12.665988	NaN	NaN	40.406337	0.000000
64	Spectrogram 1	1	628.160	629.637	4000.0	18000.0	8544.9	Phee	15.395633	30.000000	NaN	NaN	79.672123	0.000000
71	Spectrogram 1	1	690.710	691.750	4000.0	18000.0	8349.6	Trillphee	17.143524	30.000000	NaN	NaN	120.485437	0.000000
74	Spectrogram 1	1	703.570	703.850	4000.0	18000.0	6494.1	Trill	15.497017	23.154626	NaN	NaN	75.962082	0.000000
76	Spectrogram 1	1	715.040	716.552	4000.0	18000.0	8593.7	Phee	4.581050	29.117362	NaN	NaN	73.802967	0.000000
86	Spectrogram 1	1	898.180	898.530	4000.0	18000.0	7568.4	Trill	5.184647	15.466981	NaN	NaN	36.480442	0.000000
88	Spectrogram 1	1	941.400	941.683	4000.0	18000.0	7226.6	Trill	6.304570	17.414844	NaN	NaN	43.315103	0.000000
90	Spectrogram 1	1	965.910	966.090	4000.0	18000.0	7812.5	Trill	4.977462	11.916990	NaN	NaN	43.704939	0.000000
98	Spectrogram 1	1	1008.420	1008.760	4000.0	18000.0	6543.0	Trill	15.002568	25.376456	NaN	NaN	103.103424	0.000000
107	Spectrogram 1	1	1113.960	1114.167	4000.0	18000.0	8154.3	Trill	5.205474	11.478135	NaN	NaN	42.447468	0.000000
111	Spectrogram 1	1	1118.460	1118.896	4000.0	18000.0	6591.8	Trill	7.586409	15.578045	NaN	NaN	54.232509	0.000000
112	Spectrogram 1	1	1124.160	1125.482	4000.0	18000.0	8252.0	Phee	11.008838	32.428258	NaN	NaN	116.918409	0.000000
113	Spectrogram 1	1	1144.110	1145.307	4000.0	18000.0	8496.1	Phee	5.605773	19.940528	NaN	NaN	77.155744	0.000000
115	Spectrogram 1	1	1151.520	1152.609	4000.0	18000.0	8252.0	Trill	4.848555	24.656376	NaN	NaN	61.122515	0.000000
118	Spectrogram 1	1	1189.550	1190.284	4000.0	18000.0	8642.6	Trillphee	5.418915	18.157332	NaN	NaN	69.335828	0.000000
122	Spectrogram 1	1	1199.666	1201.105	4000.0	18000.0	8496.1	Phee	10.678996	29.202787	NaN	NaN	103.500212	0.000000
124	Spectrogram 1	1	1211.180	1212.344	4000.0	18000.0	8544.9	Phee	10.911862	30.000000	NaN	NaN	67.470507	0.000000
125	Spectrogram 1	1	1212.630	1213.478	4000.0	18000.0	8544.9	Phee	10.713214	30.000000	NaN	NaN	53.587041	0.000000
127	Spectrogram 1	1	1262.200	1263.053	4000.0	18000.0	8789.1	Trill	6.100099	21.981326	NaN	NaN	92.832960	0.000000
129	Spectrogram 1	1	1282.920	1283.650	4000.0	18000.0	8642.6	Trill	6.564924	20.132895	NaN	NaN	83.661527	0.000000
131	Spectrogram 1	1	1289.960	1290.232	4000.0	18000.0	6933.6	Trill	13.161314	21.062833	NaN	NaN	114.724646	0.000000
135	Spectrogram 1	1	1298.615	1299.519	4000.0	18000.0	8642.6	Trill	4.904184	19.717434	NaN	NaN	79.261879	0.000000
138	Spectrogram 1	1	1305.766	1306.225	4000.0	18000.0	7666.0	Trill	9.390851	19.308274	NaN	NaN	57.887512	0.000000
139	Spectrogram 1	1	1322.190	1323.080	4000.0	18000.0	8837.9	Trill	8.095073	24.019288	NaN	NaN	89.067778	0.000000
141	Spectrogram 1	1	1341.150	1341.450	4000.0	18000.0	8252.0	Trill	7.652677	16.222831	NaN	NaN	39.991738	0.000000
142	Spectrogram 1	1	1345.330	1346.729	4000.0	18000.0	8496.1	Phee	17.712031	30.000000	NaN	NaN	98.594366	0.000000
143	Spectrogram 1	1	1364.680	1365.530	4000.0	18000.0	8935.5	Trill	9.375860	26.890020	NaN	NaN	118.747653	0.000000
145	Spectrogram 1	1	1384.280	1385.161	4000.0	18000.0	8691.4	Trill	5.212066	15.045275	NaN	NaN	44.017270	0.000000
146	Spectrogram 1	1	1401.170	1401.434	4000.0	18000.0	7275.4	Trill	8.489441	15.052957	NaN	NaN	34.059927	0.000000
153	Spectrogram 1	1	1408.240	1408.730	4000.0	18000.0	8398.4	Trill	6.389529	15.153751	NaN	NaN	52.098362	0.000000
154	Spectrogram 1	1	1421.947	1422.580	4000.0	18000.0	8740.2	Trill	5.900224	20.532867	NaN	NaN	80.206061	0.000000
156	Spectrogram 1	1	1432.780	1433.150	4000.0	18000.0	6738.3	Trill	7.706872	16.405345	NaN	NaN	52.503537	0.000000
157	Spectrogram 1	1	1438.350	1439.150	4000.0	18000.0	8691.4	Trill	10.934228	25.691096	NaN	NaN	123.692649	0.000000
159	Spectrogram 1	1	1463.480	1463.860	4000.0	18000.0	7470.7	Trill	10.643322	17.184291	NaN	NaN	80.727351	0.000000
160	Spectrogram 1	1	1483.550	1483.904	4000.0	18000.0	6494.1	Trill	4.068150	12.672647	NaN	NaN	54.815525	0.000000
162	Spectrogram 1	1	1502.178	1502.770	4000.0	18000.0	8154.3	Trill	4.556638	15.134017	NaN	NaN	71.953466	0.000000
163	Spectrogram 1	1	1504.410	1505.712	4000.0	18000.0	8154.3	Phee	4.289271	18.462184	NaN	NaN	74.425149	0.000000
164	Spectrogram 1	1	1529.000	1529.660	4000.0	18000.0	8789.1	Trill	14.263308	26.489424	NaN	NaN	154.576336	0.000000
166	Spectrogram 1	1	1532.510	1533.987	4000.0	18000.0	8642.6	Phee	15.319291	30.000000	NaN	NaN	78.120231	0.000000
167	Spectrogram 1	1	1534.340	1535.239	4000.0	18000.0	8496.1	Phee	18.079399	30.000000	NaN	NaN	60.402098	0.000000
168	Spectrogram 1	1	1568.020	1568.220	4000.0	18000.0	7763.7	Trill	11.326595	17.354420	NaN	NaN	80.981172	0.000000
169	Spectrogram 1	1	1570.144	1570.450	4000.0	18000.0	6445.3	Trill	4.982405	14.249837	NaN	NaN	46.305430	0.000000
170	Spectrogram 1	1	1577.730	1578.070	4000.0	18000.0	7763.7	Trill	9.551143	16.940891	NaN	NaN	79.083494	0.000000
171	Spectrogram 1	1	1587.650	1587.790	4000.0	18000.0	6445.3	Trill	9.567140	15.336703	NaN	NaN	64.680347	0.000000
172	Spectrogram 1	1	1594.410	1594.674	4000.0	18000.0	8105.5	Trill	9.074128	17.501032	NaN	NaN	68.613117	0.000000
174	Spectrogram 1	1	1604.240	1604.830	4000.0	18000.0	7763.7	Trill	8.081656	19.912891	NaN	NaN	83.851859	0.000000
175	Spectrogram 1	1	1611.030	1611.560	4000.0	18000.0	7714.8	Trill	13.054163	26.371387	NaN	NaN	138.388061	0.000000
177	Spectrogram 1	1	1616.240	1616.410	4000.0	18000.0	8105.5	Trill	14.327598	18.011972	NaN	NaN	87.836433	0.000000
178	Spectrogram 1	1	1620.200	1620.990	4000.0	18000.0	7959.0	Phee	10.892556	30.000000	NaN	NaN	142.201271	0.000000
179	Spectrogram 1	1	1634.790	1636.003	4000.0	18000.0	8642.6	Phee	10.505153	26.558028	NaN	NaN	55.273513	0.000000
180	Spectrogram 1	1	1636.380	1637.202	4000.0	18000.0	8544.9	Phee	9.936916	25.620788	NaN	NaN	44.667450	0.000000
184	Spectrogram 1	1	1654.410	1654.750	4000.0	18000.0	6347.7	Trill	17.323614	25.348942	NaN	NaN	145.195737	0.000000
185	Spectrogram 1	1	1673.580	1674.379	4000.0	18000.0	8789.1	Trill	4.732110	16.591111	NaN	NaN	58.989207	0.000000
186	Spectrogram 1	1	1685.080	1685.400	4000.0	18000.0	7177.7	Trill	19.711958	28.438161	NaN	NaN	200.903941	0.000000
187	Spectrogram 1	1	1691.760	1692.260	4000.0	18000.0	6494.1	Trill	19.024369	30.000000	NaN	NaN	176.659065	0.000000
189	Spectrogram 1	1	1716.270	1716.530	4000.0	18000.0	7959.0	Trill	4.649112	11.606265	NaN	NaN	51.235291	0.000000
190	Spectrogram 1	1	1723.730	1723.900	4000.0	18000.0	7080.1	Trill	4.524954	9.207815	NaN	NaN	48.540341	0.000000
191	Spectrogram 1	1	1734.980	1735.859	4000.0	18000.0	8496.1	Trillphee	4.928912	14.871003	NaN	NaN	60.486564	0.000000
194	Spectrogram 1	1	1767.880	1768.210	4000.0	18000.0	7324.2	Trill	8.845789	16.369853	NaN	NaN	73.199707	0.000000
195	Spectrogram 1	1	1796.362	1797.220	4000.0	18000.0	8447.3	Trill	15.313734	26.605901	NaN	NaN	186.339525	0.000000
198	Spectrogram 1	1	1808.410	1808.930	4000.0	18000.0	7080.1	Trill	9.381664	17.341962	NaN	NaN	72.276602	0.000000
199	Spectrogram 1	1	1816.268	1816.820	4000.0	18000.0	7226.6	Trill	10.204635	18.315052	NaN	NaN	88.256505	0.000000
200	Spectrogram 1	1	1833.845	1834.524	4000.0	18000.0	8691.4	Trill	5.054836	18.188694	NaN	NaN	72.910014	0.000000
203	Spectrogram 1	1	1840.889	1841.650	4000.0	18000.0	7128.9	Trill	6.231485	14.757903	NaN	NaN	48.947876	0.000000
204	Spectrogram 1	1	1847.880	1848.090	4000.0	18000.0	8593.7	Trill	10.611091	16.990519	NaN	NaN	78.992128	0.000000
205	Spectrogram 1	1	1850.140	1851.070	4000.0	18000.0	6787.1	Trill	15.419911	28.652281	NaN	NaN	165.993133	0.000000
206	Spectrogram 1	1	1852.970	1853.300	4000.0	18000.0	6884.8	Trill	14.365965	23.737779	NaN	NaN	119.253568	0.000000
207	Spectrogram 1	1	1857.230	1857.550	4000.0	18000.0	6640.6	Trill	16.926472	24.671887	NaN	NaN	93.866386	0.000000
208	Spectrogram 1	1	1872.210	1872.440	4000.0	18000.0	7812.5	Trill	13.243896	20.553001	NaN	NaN	100.181820	0.000000
209	Spectrogram 1	1	1875.770	1876.040	4000.0	18000.0	7763.7	Trill	11.504737	19.441904	NaN	NaN	86.376485	0.000000
213	Spectrogram 1	1	1882.810	1883.070	4000.0	18000.0	6494.1	Trill	13.647057	20.510677	NaN	NaN	90.302595	0.000000
214	Spectrogram 1	1	1894.090	1895.650	4000.0	18000.0	8398.4	Phee	14.461686	30.000000	NaN	NaN	95.877113	0.000000
215	Spectrogram 1	1	1908.290	1908.350	4000.0	18000.0	8496.1	Trill	4.599592	12.640377	NaN	NaN	46.187238	0.000000
216	Spectrogram 1	1	1912.440	1912.750	4000.0	18000.0	6884.8	Trill	9.025488	16.276492	NaN	NaN	62.466638	0.000000
217	Spectrogram 1	1	1946.700	1947.001	4000.0	18000.0	7373.0	Trill	6.576666	12.287398	NaN	NaN	49.777056	0.000000
220	Spectrogram 1	1	2010.206	2010.927	4000.0	18000.0	7617.2	Trillphee	6.531424	15.439114	NaN	NaN	91.750896	0.000000
222	Spectrogram 1	1	2021.911	2022.375	4000.0	18000.0	8105.5	Trill	9.868320	18.666785	NaN	NaN	93.021288	0.000000
223	Spectrogram 1	1	2029.760	2030.020	4000.0	18000.0	6396.5	Trill	19.639562	26.833179	NaN	NaN	182.461643	0.000000
224	Spectrogram 1	1	2032.977	2033.165	4000.0	18000.0	7275.4	Trill	12.466704	21.473064	NaN	NaN	74.587377	0.000000
227	Spectrogram 1	1	2130.402	2130.646	4000.0	18000.0	7470.7	Trill	6.009627	13.886409	NaN	NaN	54.745761	0.000000
228	Spectrogram 1	1	2152.210	2152.530	4000.0	18000.0	7128.9	Trill	6.441419	14.260990	NaN	NaN	61.051649	0.000000
230	Spectrogram 1	1	2161.230	2161.880	4000.0	18000.0	7812.5	Trill	10.897618	20.286280	NaN	NaN	95.675835	0.000000
232	Spectrogram 1	1	2172.470	2172.660	4000.0	18000.0	6884.8	Trill	4.092897	13.125086	NaN	NaN	44.312795	0.000000
233	Spectrogram 1	1	2183.660	2183.980	4000.0	18000.0	6884.8	Trill	9.051659	16.376374	NaN	NaN	67.995369	0.000000
234	Spectrogram 1	1	2262.380	2262.570	4000.0	18000.0	7421.9	Trill	9.093287	17.080423	NaN	NaN	63.614062	0.000000
235	Spectrogram 1	1	2265.520	2265.880	4000.0	18000.0	6982.4	Trill	8.416352	16.836594	NaN	NaN	76.738775	0.000000
236	Spectrogram 1	1	2268.740	2268.950	4000.0	18000.0	6396.5	Trill	16.085811	26.191334	NaN	NaN	125.425343	0.000000
237	Spectrogram 1	1	2274.630	2274.971	4000.0	18000.0	6982.4	Trill	4.331413	11.962730	NaN	NaN	54.853231	0.000000
238	Spectrogram 1	1	2285.418	2285.650	4000.0	18000.0	6738.3	Trill	12.345254	20.910494	NaN	NaN	111.655588	0.000000
239	Spectrogram 1	1	2293.470	2293.940	4000.0	18000.0	7080.1	Trill	16.605525	27.052797	NaN	NaN	160.361110	0.000000
240	Spectrogram 1	1	2303.780	2303.949	4000.0	18000.0	7373.0	Trill	6.461168	12.058819	NaN	NaN	47.852564	0.000000
241	Spectrogram 1	1	2310.680	2311.280	4000.0	18000.0	8544.9	Trill	4.708954	10.596556	NaN	NaN	50.171656	0.000000
242	Spectrogram 1	1	2321.330	2321.885	4000.0	18000.0	8252.0	Trill	4.170300	11.160201	NaN	NaN	50.668623	0.000000
245	Spectrogram 1	1	2337.360	2337.860	4000.0	18000.0	8154.3	Trill	12.309925	21.300499	NaN	NaN	91.391142	0.000000
246	Spectrogram 1	1	2346.400	2347.130	4000.0	18000.0	8496.1	Trill	10.298618	21.288821	NaN	NaN	103.206284	0.000000
247	Spectrogram 1	1	2354.310	2355.211	4000.0	18000.0	7470.7	Trill	6.985780	15.574302	NaN	NaN	77.645973	0.000000
248	Spectrogram 1	1	2361.767	2362.605	4000.0	18000.0	8398.4	Trillphee	9.170119	19.032165	NaN	NaN	121.021856	0.000000
249	Spectrogram 1	1	2372.550	2372.760	4000.0	18000.0	6884.8	Trill	7.090352	14.996556	NaN	NaN	57.544351	0.000000
250	Spectrogram 1	1	2376.820	2377.031	4000.0	18000.0	7519.5	Trill	5.396909	14.831963	NaN	NaN	50.350538	0.000000
252	Spectrogram 1	1	2395.040	2395.330	4000.0	18000.0	7519.5	Trill	7.033998	14.271297	NaN	NaN	58.094309	0.000000
253	Spectrogram 1	1	2406.990	2408.170	4000.0	18000.0	8252.0	Trill	11.099365	26.835496	NaN	NaN	106.095616	0.000000
254	Spectrogram 1	1	2414.800	2415.000	4000.0	18000.0	6982.4	Trill	5.126144	10.138571	NaN	NaN	51.485469	0.000000
255	Spectrogram 1	1	2420.939	2422.293	4000.0	18000.0	8642.6	Phee	5.106591	20.098377	NaN	NaN	72.037830	0.000000
260	Spectrogram 1	1	2443.200	2443.530	4000.0	18000.0	6494.1	Trill	8.042918	15.730770	NaN	NaN	51.491380	0.000000
262	Spectrogram 1	1	2454.955	2455.264	4000.0	18000.0	8349.6	Trill	4.770367	10.672098	NaN	NaN	42.483736	0.000000
265	Spectrogram 1	1	2489.260	2490.520	4000.0	18000.0	8252.0	Trillphee	18.576391	36.247323	NaN	NaN	190.545296	0.000000
270	Spectrogram 1	1	2512.595	2514.007	4000.0	18000.0	8593.7	Phee	8.244718	30.000000	NaN	NaN	99.551933	0.000000
610	Spectrogram 1	1	2527.781	2527.950	6179.8	17228.5	7470.7	Trill						
275	Spectrogram 1	1	2540.610	2540.990	4000.0	18000.0	6738.3	Trill	15.916335	25.922522	NaN	NaN	137.720224	0.000000
276	Spectrogram 1	1	2554.110	2554.430	4000.0	18000.0	6591.8	Trill	16.793379	26.250511	NaN	NaN	100.652274	0.000000
277	Spectrogram 1	1	2558.350	2558.450	4000.0	18000.0	7617.2	Trill	6.873258	13.671154	NaN	NaN	41.462868	0.000000
278	Spectrogram 1	1	2564.970	2565.130	4000.0	18000.0	6640.6	Trill	4.225746	11.805842	NaN	NaN	47.821712	0.000000
282	Spectrogram 1	1	2578.520	2579.775	4000.0	18000.0	8691.4	Phee	18.954491	30.000000	NaN	NaN	53.812419	0.000000
283	Spectrogram 1	1	2580.195	2581.008	4000.0	18000.0	8496.1	Phee	20.485464	30.000000	NaN	NaN	38.118487	0.000000
285	Spectrogram 1	1	2590.320	2591.170	4000.0	18000.0	8642.6	Phee	12.319875	30.000000	NaN	NaN	42.408554	0.000000
611	Spectrogram 1	1	2591.240	2591.451	4868.9	10486.9	4882.8	Phee						
286	Spectrogram 1	1	2591.580	2591.661	4000.0	18000.0	4834.0	Phee	18.092777	24.473800	NaN	NaN	82.440471	0.000000
287	Spectrogram 1	1	2591.982	2592.744	4000.0	18000.0	8349.6	Phee	12.977598	30.000000	NaN	NaN	30.640188	0.000000
612	Spectrogram 1	1	2592.753	2592.880	4962.5	11891.4	5029.3	Phee						
613	Spectrogram 1	1	2593.184	2593.896	7116.1	9831.5	8349.6	Phee						
288	Spectrogram 1	1	2594.310	2595.067	4000.0	18000.0	8300.8	Phee	13.847217	30.000000	NaN	NaN	28.143162	0.000000
290	Spectrogram 1	1	2627.990	2628.310	4000.0	18000.0	6543.0	Trill	15.321006	25.346172	NaN	NaN	117.032385	0.000000
293	Spectrogram 1	1	2646.560	2647.908	4000.0	18000.0	8252.0	Phee	5.371213	30.000000	NaN	NaN	94.033884	0.000000
294	Spectrogram 1	1	2648.760	2649.912	4000.0	18000.0	8252.0	Phee	4.543533	26.930313	NaN	NaN	85.343794	0.000000
295	Spectrogram 1	1	2670.570	2670.794	4000.0	18000.0	6689.5	Trill	12.769314	20.708961	NaN	NaN	97.266393	0.000000
296	Spectrogram 1	1	2673.690	2673.940	4000.0	18000.0	6494.1	Trill	7.276982	14.580674	NaN	NaN	57.160617	0.000000
298	Spectrogram 1	1	2709.750	2709.940	4000.0	18000.0	8252.0	Trill	11.996105	17.481309	NaN	NaN	64.729576	0.000000
299	Spectrogram 1	1	2716.540	2716.810	4000.0	18000.0	8593.7	Trill	7.651660	18.883587	NaN	NaN	57.469690	0.000000
301	Spectrogram 1	1	2723.890	2724.590	4000.0	18000.0	8593.7	Trill	8.912264	22.427426	NaN	NaN	101.875861	0.000000
302	Spectrogram 1	1	2731.320	2731.550	4000.0	18000.0	7324.2	Trill	8.195886	15.745427	NaN	NaN	63.802127	0.000000
305	Spectrogram 1	1	2737.704	2738.700	4000.0	18000.0	8593.7	Trillphee	5.957420	14.689278	NaN	NaN	80.808173	0.000000
306	Spectrogram 1	1	2764.410	2764.630	4000.0	18000.0	7177.7	Trill	9.803278	16.509397	NaN	NaN	67.616698	0.000000
307	Spectrogram 1	1	2772.720	2772.990	4000.0	18000.0	6787.1	Trill	13.341346	20.248975	NaN	NaN	121.499458	0.000000
308	Spectrogram 1	1	2788.150	2788.440	4000.0	18000.0	7031.2	Trill	12.375696	20.475672	NaN	NaN	92.817028	0.000000
309	Spectrogram 1	1	2792.540	2792.770	4000.0	18000.0	7128.9	Trill	8.735479	17.480879	NaN	NaN	50.597881	0.000000
312	Spectrogram 1	1	2806.600	2806.920	4000.0	18000.0	6982.4	Trill	10.187473	17.183098	NaN	NaN	65.767154	0.000000
313	Spectrogram 1	1	2811.040	2811.400	4000.0	18000.0	7373.0	Trill	8.603077	15.163010	NaN	NaN	65.231009	0.000000
314	Spectrogram 1	1	2822.790	2823.430	4000.0	18000.0	6933.6	Trill	16.418902	28.021071	NaN	NaN	174.177676	0.000000
315	Spectrogram 1	1	2831.840	2832.114	4000.0	18000.0	6640.6	Trill	4.004741	12.202594	NaN	NaN	50.191582	0.000000
317	Spectrogram 1	1	2858.910	2859.070	4000.0	18000.0	7861.3	Trill	11.651662	18.840972	NaN	NaN	82.052984	0.000000
319	Spectrogram 1	1	2880.300	2880.570	4000.0	18000.0	6787.1	Trill	4.211647	10.892739	NaN	NaN	46.535449	0.000000
322	Spectrogram 1	1	2896.730	2896.906	4000.0	18000.0	7275.4	Trill	8.719634	14.646246	NaN	NaN	31.255772	0.000000
323	Spectrogram 1	1	2898.490	2899.280	4000.0	18000.0	8105.5	Trill	5.410179	14.501862	NaN	NaN	55.167573	0.000000
331	Spectrogram 1	1	2926.440	2927.668	4000.0	18000.0	8203.1	Trillphee	5.862737	16.246092	NaN	NaN	71.110132	0.000000
333	Spectrogram 1	1	2940.130	2940.800	4000.0	18000.0	7324.2	Trill	6.856617	17.083489	NaN	NaN	44.351178	0.000000
340	Spectrogram 1	1	2959.510	2960.340	4000.0	18000.0	7080.1	Trill	16.565915	26.611699	NaN	NaN	156.140093	0.000000
345	Spectrogram 1	1	2990.640	2991.750	4000.0	18000.0	8447.3	Trillphee	12.524249	30.000000	NaN	NaN	156.935900	0.000000
347	Spectrogram 1	1	2999.260	2999.440	4000.0	18000.0	6640.6	Trill	13.945828	21.036222	NaN	NaN	91.864299	0.000000
353	Spectrogram 1	1	3041.476	3042.375	4000.0	18000.0	8398.4	Trill	6.104479	19.953666	NaN	NaN	97.528650	0.000000
358	Spectrogram 1	1	3063.780	3065.290	4000.0	18000.0	8593.7	Phee	12.213641	30.000000	NaN	NaN	143.262613	0.000000
359	Spectrogram 1	1	3072.260	3072.500	4000.0	18000.0	7177.7	Trill	10.295534	18.886918	NaN	NaN	76.253194	0.000000
361	Spectrogram 1	1	3086.440	3087.170	4000.0	18000.0	7080.1	Trill	15.377029	25.338816	NaN	NaN	164.338311	0.000000
362	Spectrogram 1	1	3089.460	3090.942	4000.0	18000.0	8544.9	Trillphee	17.230605	36.567221	NaN	NaN	157.025905	0.000000
363	Spectrogram 1	1	3097.920	3098.180	4000.0	18000.0	6884.8	Trill	5.531180	11.144012	NaN	NaN	50.164560	0.000000
364	Spectrogram 1	1	3103.450	3104.352	4000.0	18000.0	7470.7	Trill	5.267841	15.115839	NaN	NaN	72.024747	0.000000
366	Spectrogram 1	1	3111.580	3111.920	4000.0	18000.0	8203.1	Trill	9.626417	17.742327	NaN	NaN	45.437861	0.000000
367	Spectrogram 1	1	3125.600	3125.956	4000.0	18000.0	7763.7	Trill	4.329141	10.648537	NaN	NaN	42.558924	0.000000
369	Spectrogram 1	1	3131.645	3132.540	4000.0	18000.0	8203.1	Trillphee	5.981448	19.124337	NaN	NaN	88.703940	0.000000
372	Spectrogram 1	1	3148.970	3149.140	4000.0	18000.0	6933.6	Trill	4.716107	13.389125	NaN	NaN	32.509372	0.000000
374	Spectrogram 1	1	3164.650	3164.951	4000.0	18000.0	6738.3	Trill	11.308683	19.127432	NaN	NaN	83.225369	0.000000
378	Spectrogram 1	1	3187.600	3188.350	4000.0	18000.0	8544.9	Trill	7.033211	21.487252	NaN	NaN	92.266396	0.000000
379	Spectrogram 1	1	3195.760	3196.520	4000.0	18000.0	8642.6	Trill	6.433772	16.544240	NaN	NaN	67.134728	0.000000
380	Spectrogram 1	1	3199.560	3199.810	4000.0	18000.0	7177.7	Trill	13.422818	20.895552	NaN	NaN	121.147515	0.000000
382	Spectrogram 1	1	3206.330	3206.670	4000.0	18000.0	7324.2	Trill	16.300106	25.937081	NaN	NaN	149.065643	0.000000
383	Spectrogram 1	1	3211.520	3212.300	4000.0	18000.0	8593.7	Trill	7.697572	21.335421	NaN	NaN	92.704560	0.000000
386	Spectrogram 1	1	3223.920	3225.200	4000.0	18000.0	8691.4	Trillphee	9.603478	32.874152	NaN	NaN	133.644606	0.000000
387	Spectrogram 1	1	3233.260	3233.610	4000.0	18000.0	8593.7	Trill	4.407586	11.783292	NaN	NaN	49.344912	0.000000
388	Spectrogram 1	1	3266.090	3266.950	4000.0	18000.0	8105.5	Trill	17.150571	30.000000	NaN	NaN	203.308876	0.000000
389	Spectrogram 1	1	3268.380	3268.670	4000.0	18000.0	6445.3	Trill	16.816293	24.202330	NaN	NaN	138.660462	0.000000
390	Spectrogram 1	1	3274.640	3274.870	4000.0	18000.0	6884.8	Trill	7.022069	13.884486	NaN	NaN	57.480004	0.000000
391	Spectrogram 1	1	3287.620	3287.883	4000.0	18000.0	7275.4	Trill	5.645180	13.345722	NaN	NaN	49.121639	0.000000
393	Spectrogram 1	1	3300.220	3300.540	4000.0	18000.0	7080.1	Trill	7.645290	16.256548	NaN	NaN	59.878435	0.000000
394	Spectrogram 1	1	3302.270	3302.660	4000.0	18000.0	6494.1	Trill	9.030663	20.614103	NaN	NaN	73.053932	0.000000
395	Spectrogram 1	1	3306.510	3306.770	4000.0	18000.0	7959.0	Trill	11.776893	17.811540	NaN	NaN	67.618576	0.000000
396	Spectrogram 1	1	3323.920	3324.480	4000.0	18000.0	7617.2	Trill	13.937730	26.498488	NaN	NaN	119.611350	0.000000
397	Spectrogram 1	1	3324.580	3324.900	4000.0	18000.0	9082.0	Trill	9.055139	20.122633	NaN	NaN	92.408880	0.000000
398	Spectrogram 1	1	3325.040	3325.180	4000.0	18000.0	8154.3	Trill	11.893558	21.638651	NaN	NaN	120.508951	0.000000
399	Spectrogram 1	1	3360.760	3361.351	4000.0	18000.0	6982.4	Trill	14.452842	20.271152	NaN	NaN	107.941544	0.000000
402	Spectrogram 1	1	3369.420	3369.860	4000.0	18000.0	8105.5	Trill	8.324320	21.920793	NaN	NaN	42.525325	0.000000
615	Spectrogram 1	1	3369.972	3370.108	7584.3	19007.5	8154.3	Trill						
616	Spectrogram 1	1	3370.225	3370.370	7490.6	19194.8	8203.1	Trill						
403	Spectrogram 1	1	3370.490	3370.550	4000.0	18000.0	6738.3	Twitter	8.721376	18.966867	NaN	NaN	69.268902	0.000000
406	Spectrogram 1	1	3395.120	3395.990	4000.0	18000.0	6884.8	Trill	8.802816	20.740053	NaN	NaN	87.451734	0.000000
407	Spectrogram 1	1	3408.460	3408.860	4000.0	18000.0	6835.9	Trill	9.474783	18.482383	NaN	NaN	63.525839	0.000000
409	Spectrogram 1	1	3434.650	3435.211	4000.0	18000.0	7519.5	Trill	6.437397	10.946597	NaN	NaN	44.051181	0.000000
410	Spectrogram 1	1	3441.040	3441.270	4000.0	18000.0	7177.7	Trill	4.172237	11.066461	NaN	NaN	45.602404	0.000000
411	Spectrogram 1	1	3445.180	3446.190	4000.0	18000.0	8252.0	Trillphee	13.977334	30.000000	NaN	NaN	193.440127	0.000000
414	Spectrogram 1	1	3464.410	3465.051	4000.0	18000.0	7812.5	Trill	8.782140	17.370424	NaN	NaN	71.752796	0.000000
417	Spectrogram 1	1	3469.340	3469.640	4000.0	18000.0	7080.1	Trill	9.220160	16.869064	NaN	NaN	76.488292	0.000000
418	Spectrogram 1	1	3496.440	3496.620	4000.0	18000.0	6494.1	Trill	8.587021	18.679214	NaN	NaN	35.538012	0.000000
423	Spectrogram 1	1	3514.390	3515.260	4000.0	18000.0	7568.4	Trill	6.063153	16.932996	NaN	NaN	74.984839	0.000000
425	Spectrogram 1	1	3523.010	3524.336	4000.0	18000.0	8593.7	Phee	4.977690	25.654364	NaN	NaN	76.360542	0.000000
426	Spectrogram 1	1	3548.870	3549.248	4000.0	18000.0	7470.7	Trill	5.171841	13.363016	NaN	NaN	41.267731	0.000000
429	Spectrogram 1	1	3564.550	3564.830	4000.0	18000.0	7226.6	Trill	6.860739	14.399960	NaN	NaN	50.833666	0.000000
430	Spectrogram 1	1	3568.750	3568.950	4000.0	18000.0	7763.7	Trill	9.477994	16.377088	NaN	NaN	46.705152	0.000000
432	Spectrogram 1	1	3570.691	3571.500	4000.0	18000.0	7275.4	Trill	13.266323	26.181620	NaN	NaN	137.640581	0.000000
433	Spectrogram 1	1	3579.220	3579.742	4000.0	18000.0	8691.4	Trill	5.583584	15.413372	NaN	NaN	41.397329	0.000000
434	Spectrogram 1	1	3582.530	3583.049	4000.0	18000.0	8300.8	Trill	5.178481	11.085069	NaN	NaN	46.539162	0.000000
436	Spectrogram 1	1	3590.580	3591.120	4000.0	18000.0	6298.8	Trill	14.271136	24.817837	NaN	NaN	123.901689	0.000000
437	Spectrogram 1	1	3607.940	3608.370	4000.0	18000.0	6445.3	Trill	12.679410	22.553145	NaN	NaN	107.726674	0.000000
438	Spectrogram 1	1	3614.460	3614.680	4000.0	18000.0	7031.2	Trill	11.211336	19.837152	NaN	NaN	93.802843	0.000000
439	Spectrogram 1	1	3624.080	3624.420	4000.0	18000.0	8007.8	Trill	12.243073	21.485158	NaN	NaN	106.728927	0.000000
441	Spectrogram 1	1	3636.510	3637.020	4000.0	18000.0	8349.6	Trill	9.799507	18.883026	NaN	NaN	87.986398	0.000000
442	Spectrogram 1	1	3643.890	3644.379	4000.0	18000.0	8349.6	Trill	6.056127	15.324276	NaN	NaN	51.575313	0.000000
444	Spectrogram 1	1	3655.710	3656.070	4000.0	18000.0	6591.8	Trill	14.572442	22.899696	NaN	NaN	121.109890	0.000000
445	Spectrogram 1	1	3659.720	3660.439	4000.0	18000.0	6738.3	Trill	13.004528	23.401561	NaN	NaN	92.479974	0.000000
447	Spectrogram 1	1	3672.007	3672.288	4000.0	18000.0	7226.6	Trill	5.762602	12.203829	NaN	NaN	51.816356	0.000000
450	Spectrogram 1	1	3687.390	3688.143	4000.0	18000.0	7226.6	Trill	6.024676	14.297302	NaN	NaN	59.575746	0.000000
451	Spectrogram 1	1	3690.570	3691.502	4000.0	18000.0	9082.0	Trill	7.317613	16.571517	NaN	NaN	63.041850	0.000000
456	Spectrogram 1	1	3708.695	3709.650	4000.0	18000.0	7714.8	Phee	7.132504	22.556348	NaN	NaN	111.166337	0.000000
457	Spectrogram 1	1	3713.100	3713.314	4000.0	18000.0	6494.1	Trill	10.501904	20.263507	NaN	NaN	69.770322	0.000000
458	Spectrogram 1	1	3716.950	3717.260	4000.0	18000.0	7128.9	Trill	7.950739	20.552880	NaN	NaN	70.799737	0.000000
459	Spectrogram 1	1	3728.000	3728.220	4000.0	18000.0	7324.2	Trill	6.860419	12.251363	NaN	NaN	49.605965	0.000000
461	Spectrogram 1	1	3734.700	3735.010	4000.0	18000.0	6543.0	Trill	4.449935	14.243135	NaN	NaN	42.629743	0.000000
462	Spectrogram 1	1	3748.400	3749.140	4000.0	18000.0	8007.8	Trillphee	5.157693	17.163184	NaN	NaN	53.522343	0.000000
463	Spectrogram 1	1	3752.970	3753.610	4000.0	18000.0	6543.0	Trill	9.812605	20.936268	NaN	NaN	84.695889	0.000000
464	Spectrogram 1	1	3761.380	3761.560	4000.0	18000.0	7226.6	Trill	6.221146	11.725472	NaN	NaN	44.625120	0.000000
467	Spectrogram 1	1	3769.750	3770.160	4000.0	18000.0	7763.7	Trill	4.875555	14.193157	NaN	NaN	50.212537	0.000000
469	Spectrogram 1	1	3777.820	3778.560	4000.0	18000.0	7568.4	Trill	16.350512	28.490649	NaN	NaN	167.830219	0.000000
470	Spectrogram 1	1	3780.800	3781.120	4000.0	18000.0	6787.1	Trill	15.551675	22.655816	NaN	NaN	107.873150	0.000000
471	Spectrogram 1	1	3792.390	3792.700	4000.0	18000.0	10644.5	Trill	11.275450	22.034473	NaN	NaN	68.397719	0.000000
473	Spectrogram 1	1	3828.810	3828.860	4000.0	18000.0	9521.5	Sd-peep	7.925089	21.389642	NaN	NaN	51.224125	0.000000
474	Spectrogram 1	1	3828.980	3829.490	4000.0	18000.0	9912.1	Trill	13.893363	30.000000	NaN	NaN	147.175669	0.000000
475	Spectrogram 1	1	3829.600	3829.960	4000.0	18000.0	9423.8	Trill	12.396914	30.000000	NaN	NaN	156.901022	0.000000
476	Spectrogram 1	1	3830.090	3830.420	4000.0	18000.0	9472.7	Trill	10.974337	30.000000	NaN	NaN	143.187848	0.000000
477	Spectrogram 1	1	3830.520	3830.760	4000.0	18000.0	8007.8	Trill	14.098170	29.050705	NaN	NaN	164.986155	0.000000
478	Spectrogram 1	1	3830.870	3830.970	4000.0	18000.0	6884.8	Trill	15.437631	22.096791	NaN	NaN	171.932992	0.000000
479	Spectrogram 1	1	3837.740	3837.780	4000.0	18000.0	9082.0	Sd-peep	9.556596	21.424234	NaN	NaN	44.345940	0.000000
481	Spectrogram 1	1	3838.210	3838.410	4000.0	18000.0	6787.1	Trill	13.678466	20.712459	NaN	NaN	71.848805	0.000000
482	Spectrogram 1	1	3838.450	3838.610	4000.0	18000.0	8496.1	Trill	10.646078	18.142742	NaN	NaN	73.816709	0.000000
486	Spectrogram 1	1	3862.960	3863.290	4000.0	18000.0	6250.0	Trill	12.089504	22.376139	NaN	NaN	89.688491	0.000000
490	Spectrogram 1	1	3894.500	3895.150	4000.0	18000.0	6787.1	Trill	15.183125	28.884857	NaN	NaN	144.053665	0.000000
491	Spectrogram 1	1	3895.270	3895.640	4000.0	18000.0	8007.8	Trill	14.309079	30.000000	NaN	NaN	150.165089	0.000000
492	Spectrogram 1	1	3895.770	3896.080	4000.0	18000.0	8007.8	Trill	12.709924	26.927919	NaN	NaN	138.006441	0.000000
493	Spectrogram 1	1	3896.190	3896.400	4000.0	18000.0	7714.8	Trill	14.431454	25.151377	NaN	NaN	128.204598	0.000000
496	Spectrogram 1	1	3916.252	3916.680	4000.0	18000.0	8300.8	Trill	5.686307	15.013814	NaN	NaN	41.263048	0.000000
497	Spectrogram 1	1	3916.780	3917.030	4000.0	18000.0	8398.4	Trill	7.096241	23.987843	NaN	NaN	82.241160	0.000000
498	Spectrogram 1	1	3917.130	3917.480	4000.0	18000.0	8837.9	Trill	10.768364	25.593071	NaN	NaN	104.881904	0.000000
499	Spectrogram 1	1	3917.570	3917.860	4000.0	18000.0	7861.3	Trill	7.424958	22.729758	NaN	NaN	97.004458	0.000000
500	Spectrogram 1	1	3918.010	3918.040	4000.0	18000.0	7568.4	Trill	8.178683	15.217624	NaN	NaN	55.950245	0.000000
501	Spectrogram 1	1	3931.040	3931.098	4000.0	18000.0	12597.7	Sd-peep	4.142241	25.334931	NaN	NaN	37.820167	0.000000
503	Spectrogram 1	1	3931.340	3931.600	4000.0	18000.0	7763.7	Trill	11.215410	19.852788	NaN	NaN	111.499134	0.000000
504	Spectrogram 1	1	3931.700	3931.980	4000.0	18000.0	8496.1	Trill	13.119431	25.315726	NaN	NaN	144.800508	0.000000
505	Spectrogram 1	1	3932.100	3932.400	4000.0	18000.0	7568.4	Trill	13.253767	30.000000	NaN	NaN	145.625267	0.000000
506	Spectrogram 1	1	3932.510	3932.820	4000.0	18000.0	7519.5	Trill	12.809891	28.540116	NaN	NaN	141.561735	0.000000
507	Spectrogram 1	1	3932.920	3933.140	4000.0	18000.0	7421.9	Trill	15.090543	26.542496	NaN	NaN	180.337259	0.000000
508	Spectrogram 1	1	3933.260	3933.410	4000.0	18000.0	7226.6	Twitter	15.772981	25.047281	NaN	NaN	188.151818	0.000000
512	Spectrogram 1	1	3968.000	3968.540	4000.0	18000.0	12597.7	Trill	9.073001	18.856494	NaN	NaN	69.700311	0.000000
515	Spectrogram 1	1	4010.750	4010.800	4000.0	18000.0	9912.1	Sd-peep	8.166317	16.918206	NaN	NaN	36.223871	0.000000
516	Spectrogram 1	1	4010.930	4011.340	4000.0	18000.0	6689.5	Trill	10.614198	22.697245	NaN	NaN	98.434217	0.000000
517	Spectrogram 1	1	4011.460	4011.750	4000.0	18000.0	8056.6	Twitter	6.771102	23.684580	NaN	NaN	59.414226	0.000000
618	Spectrogram 1	1	4011.867	4012.012	7209.7	9644.2	7812.5	Trill						
619	Spectrogram 1	1	4012.157	4012.288	6928.8	9082.4	7470.7	Trill						
518	Spectrogram 1	1	4012.420	4012.485	4000.0	18000.0	6835.9	Twitter	5.782120	16.908008	NaN	NaN	64.162605	0.000000
625	Spectrogram 1	2	4013.572	4014.903	5243.4	13857.7	7080.1	Twitter						
519	Spectrogram 1	1	4015.290	4015.497	4000.0	18000.0	6152.3	Trill-Twitter	10.447300	23.696307	NaN	NaN	72.371193	0.000000
520	Spectrogram 1	1	4015.560	4015.620	4000.0	18000.0	8105.5	Twitter	7.499375	21.037208	NaN	NaN	48.291475	0.000000
521	Spectrogram 1	1	4015.710	4015.765	4000.0	18000.0	8154.3	Twitter	6.778467	20.004285	NaN	NaN	39.467787	0.000000
620	Spectrogram 1	1	4015.849	4015.910	5898.9	12546.8	8203.1	Twitter						
621	Spectrogram 1	1	4015.976	4016.051	5524.3	12453.2	8056.6	Twitter						
622	Spectrogram 1	1	4016.097	4016.154	5618.0	12453.2	8056.6	Twitter						
623	Spectrogram 1	1	4016.215	4016.275	5898.9	12265.9	6494.1	Twitter						
624	Spectrogram 1	1	4016.322	4016.374	6741.6	11610.5	7031.2	Twitter						
533	Spectrogram 1	1	4034.820	4035.200	4000.0	18000.0	11425.8	Trill	13.588997	22.371879	NaN	NaN	86.384388	0.000000
536	Spectrogram 1	1	4063.550	4064.060	4000.0	18000.0	7666.0	Trill	13.357258	24.347534	NaN	NaN	96.100113	0.000000
537	Spectrogram 1	1	4064.150	4064.280	4000.0	18000.0	8105.5	Trill	10.639122	21.128989	NaN	NaN	94.357615	0.000000
538	Spectrogram 1	1	4064.380	4064.500	4000.0	18000.0	7275.4	Trill	10.198729	17.668044	NaN	NaN	93.718852	0.000000
539	Spectrogram 1	1	4064.620	4064.720	4000.0	18000.0	7177.7	Trill	9.127529	19.174644	NaN	NaN	99.199777	0.000000
540	Spectrogram 1	1	4075.320	4075.380	4000.0	18000.0	11132.8	Sd-peep	10.318400	24.679554	NaN	NaN	75.994628	0.000000
541	Spectrogram 1	1	4075.550	4075.920	4000.0	18000.0	7568.4	Trill	14.600897	24.441613	NaN	NaN	139.493848	0.000000
542	Spectrogram 1	1	4076.020	4076.370	4000.0	18000.0	7763.7	Trill	11.650964	26.370556	NaN	NaN	138.790979	0.000000
543	Spectrogram 1	1	4076.490	4076.820	4000.0	18000.0	7910.2	Trill	12.240038	27.512543	NaN	NaN	152.628569	0.000000
544	Spectrogram 1	1	4076.940	4077.200	4000.0	18000.0	7861.3	Trill	12.207957	27.312501	NaN	NaN	161.659108	0.000000
545	Spectrogram 1	1	4077.310	4077.500	4000.0	18000.0	7275.4	Trill	12.746654	23.877912	NaN	NaN	155.520378	0.000000
546	Spectrogram 1	1	4099.340	4099.400	4000.0	18000.0	6738.3	Sd-peep	9.054299	23.012627	NaN	NaN	58.164324	0.000000
547	Spectrogram 1	1	4099.700	4100.050	4000.0	18000.0	6835.9	Trill	10.972733	21.843505	NaN	NaN	107.307005	0.000000
548	Spectrogram 1	1	4100.190	4100.540	4000.0	18000.0	7861.3	Trill	7.117343	26.057740	NaN	NaN	107.245537	0.000000
549	Spectrogram 1	1	4100.660	4100.990	4000.0	18000.0	7861.3	Trill	10.620427	26.236203	NaN	NaN	81.838215	0.000000
550	Spectrogram 1	1	4101.100	4101.420	4000.0	18000.0	7666.0	Trill	11.560250	30.000000	NaN	NaN	136.674947	0.000000
551	Spectrogram 1	1	4101.520	4101.750	4000.0	18000.0	7519.5	Trill	10.561097	24.005695	NaN	NaN	102.740133	0.000000
552	Spectrogram 1	1	4101.830	4101.970	4000.0	18000.0	7226.6	Phee	17.316208	25.661143	NaN	NaN	185.578965	0.000000
553	Spectrogram 1	1	4105.960	4106.010	4000.0	18000.0	6884.8	Sd-peep	9.030404	18.684271	NaN	NaN	50.692496	0.000000
560	Spectrogram 1	1	4180.690	4180.760	4000.0	18000.0	10644.5	Sd-peep	9.014594	19.524845	NaN	NaN	37.304761	0.000000
561	Spectrogram 1	1	4180.880	4181.390	4000.0	18000.0	7910.2	Trill	8.410375	25.216138	NaN	NaN	89.538029	0.000000
562	Spectrogram 1	1	4181.500	4182.040	4000.0	18000.0	7714.8	Trill	9.330299	26.064831	NaN	NaN	103.460831	0.000000
563	Spectrogram 1	1	4182.150	4182.680	4000.0	18000.0	7324.2	Trill	7.530066	25.415664	NaN	NaN	98.830532	0.000000
564	Spectrogram 1	1	4182.770	4183.110	4000.0	18000.0	7324.2	Trill	10.263113	29.365163	NaN	NaN	121.670319	0.000000
565	Spectrogram 1	1	4183.220	4183.480	4000.0	18000.0	7128.9	Trill	11.740637	27.177058	NaN	NaN	131.409457	0.000000
566	Spectrogram 1	1	4185.420	4185.480	4000.0	18000.0	7080.1	Sd-peep	10.591456	22.873566	NaN	NaN	62.318363	0.000000
567	Spectrogram 1	1	4186.390	4186.460	4000.0	18000.0	9228.5	Sd-peep	9.258192	20.539425	NaN	NaN	46.852543	0.000000
568	Spectrogram 1	1	4186.630	4186.690	4000.0	18000.0	10107.4	Sd-peep	8.429737	20.410633	NaN	NaN	65.667107	0.000000
626	Spectrogram 1	1	4187.062	4187.123	5430.7	12734.1	9863.3	Sd-peep						
569	Spectrogram 1	1	4187.400	4187.490	4000.0	18000.0	7128.9	Sd-peep	8.110336	20.830853	NaN	NaN	52.187977	0.000000
570	Spectrogram 1	1	4187.750	4187.810	4000.0	18000.0	7080.1	Sd-peep	7.840999	16.665548	NaN	NaN	55.297018	0.000000
571	Spectrogram 1	1	4188.020	4188.080	4000.0	18000.0	7128.9	Sd-peep	7.803424	18.062284	NaN	NaN	58.917576	0.000000
573	Spectrogram 1	1	4216.740	4216.910	4000.0	18000.0	4638.7	Trill	11.807130	19.166199	NaN	NaN	68.748987	0.000000
574	Spectrogram 1	1	4219.400	4219.460	4000.0	18000.0	11035.2	Sd-peep	8.329044	21.218843	NaN	NaN	69.055987	0.000000
575	Spectrogram 1	1	4219.640	4220.050	4000.0	18000.0	6445.3	Trill	9.448171	20.072771	NaN	NaN	102.150882	0.000000
576	Spectrogram 1	1	4220.130	4220.410	4000.0	18000.0	7812.5	Trill	10.995068	22.598317	NaN	NaN	121.310689	0.000000
577	Spectrogram 1	1	4220.500	4220.800	4000.0	18000.0	7666.0	Trill	9.668022	25.854637	NaN	NaN	133.272680	0.000000
578	Spectrogram 1	1	4220.910	4221.160	4000.0	18000.0	7470.7	Trill	10.275947	24.795121	NaN	NaN	137.262913	0.000000
579	Spectrogram 1	1	4221.260	4221.420	4000.0	18000.0	7324.2	Trill	12.168929	24.763393	NaN	NaN	171.109113	0.000000
580	Spectrogram 1	1	4221.550	4221.620	4000.0	18000.0	6933.6	Twitter	10.153142	18.420212	NaN	NaN	129.044402	0.000000
582	Spectrogram 1	1	4237.480	4237.530	4000.0	18000.0	11230.5	Sd-peep	10.964664	20.441748	NaN	NaN	53.481898	0.000000
583	Spectrogram 1	1	4237.800	4238.230	4000.0	18000.0	8300.8	Trill	10.248000	22.556626	NaN	NaN	89.971983	0.000000
584	Spectrogram 1	1	4238.360	4238.790	4000.0	18000.0	7910.2	Trill	6.453239	21.892271	NaN	NaN	103.869100	0.000000
585	Spectrogram 1	1	4238.950	4239.380	4000.0	18000.0	7421.9	Trill	8.208918	25.849754	NaN	NaN	101.918778	0.000000
586	Spectrogram 1	1	4239.500	4239.770	4000.0	18000.0	7421.9	Trill	10.660778	26.024729	NaN	NaN	130.338619	0.000000
587	Spectrogram 1	1	4239.880	4240.040	4000.0	18000.0	7031.2	Phee	12.112765	22.663146	NaN	NaN	121.156725	0.000000
588	Spectrogram 1	1	4240.180	4240.220	4000.0	18000.0	6738.3	Trill	6.558774	10.697470	NaN	NaN	61.283004	0.000000
590	Spectrogram 1	1	4245.160	4245.240	4000.0	18000.0	6835.9	Sd-peep	8.379248	22.330173	NaN	NaN	66.259993	0.000000
591	Spectrogram 1	1	4246.510	4246.590	4000.0	18000.0	7568.4	Sd-peep	9.775496	21.790823	NaN	NaN	61.133704	0.000000
592	Spectrogram 1	1	4246.630	4246.700	4000.0	18000.0	7666.0	Sd-peep	9.786342	21.215011	NaN	NaN	64.615404	0.000000
593	Spectrogram 1	1	4246.770	4246.840	4000.0	18000.0	6591.8	Sd-peep	9.360588	19.761442	NaN	NaN	68.594892	0.000000
627	Spectrogram 1	1	4246.952	4246.985	5711.6	8801.5	7568.4	Sd-peep						
594	Spectrogram 1	1	4247.150	4247.580	4000.0	18000.0	7617.2	Trill	11.086772	26.683202	NaN	NaN	104.633660	0.000000
595	Spectrogram 1	1	4247.740	4248.170	4000.0	18000.0	8105.5	Trill	8.926651	28.282779	NaN	NaN	97.258436	0.000000
596	Spectrogram 1	1	4248.325	4248.587	4000.0	18000.0	7666.0	Trill	9.102737	26.224416	NaN	NaN	71.885518	0.000000
629	Spectrogram 1	1	4248.695	4248.948	6086.1	12359.6	8056.6	Trill						
597	Spectrogram 1	1	4249.060	4249.250	4000.0	18000.0	6884.8	Trill	11.448971	26.954938	NaN	NaN	123.201495	0.000000
598	Spectrogram 1	1	4249.350	4249.420	4000.0	18000.0	6347.7	Trill	8.645430	17.414698	NaN	NaN	105.369157	0.000000
600	Spectrogram 1	1	4268.050	4268.100	4000.0	18000.0	10156.2	Sd-peep	11.185785	21.782244	NaN	NaN	86.914994	0.000000
601	Spectrogram 1	1	4268.360	4268.790	4000.0	18000.0	8154.3	Trill	12.391772	23.412162	NaN	NaN	122.315124	0.000000
602	Spectrogram 1	1	4268.910	4269.360	4000.0	18000.0	7763.7	Trill	5.552174	22.524449	NaN	NaN	89.542634	0.000000
603	Spectrogram 1	1	4269.500	4269.890	4000.0	18000.0	7714.8	Trill	8.049442	25.986695	NaN	NaN	105.489864	0.000000
604	Spectrogram 1	1	4270.020	4270.400	4000.0	18000.0	7714.8	Trill	8.708621	25.021800	NaN	NaN	112.123319	0.000000
606	Spectrogram 1	1	4270.516	4270.780	4000.0	18000.0	7714.8	Trill	9.083877	21.554462	NaN	NaN	111.069697	0.000000
631	Spectrogram 1	1	4270.910	4270.962	5576.2	13382.9	6591.8	Trill						
