Selection	View	Channel	Begin Time (s)	End Time (s)	Low Freq (Hz)	High Freq (Hz)	Max Freq (Hz)	Call Type	Energy Diff	Energy Par	Energy Diff (wl)	Energy Par (wl)	AHR	Exception
2	Spectrogram 1	1	36.060	37.340	4000.0	18000.0	8593.7	Other	11.063075	33.857337	NaN	NaN	103.737591	0.000000
8	Spectrogram 1	1	303.278	304.103	4000.0	18000.0	8886.7	Phee	6.464616	26.091141	NaN	NaN	36.294531	0.000000
9	Spectrogram 1	1	304.750	305.510	4000.0	18000.0	8886.7	Phee	6.775022	27.805351	NaN	NaN	31.099838	0.000000
163	Spectrogram 1	1	305.608	305.631	3703.7	10763.9	4980.5	Phee						
10	Spectrogram 1	1	305.920	306.623	4000.0	18000.0	8789.1	Phee	6.628097	28.205010	NaN	NaN	31.838131	0.000000
164	Spectrogram 1	1	306.669	306.756	4050.9	10879.6	8886.7	Phee						
11	Spectrogram 1	1	307.050	307.719	4000.0	18000.0	8691.4	Phee	5.960232	26.288739	NaN	NaN	32.008627	0.000000
165	Spectrogram 1	1	307.800	307.858	3819.4	10416.7	4882.8	Phee						
12	Spectrogram 1	1	341.470	342.150	4000.0	18000.0	7812.5	Trill	14.995812	30.000000	NaN	NaN	197.332439	0.000000
166	Spectrogram 1	2	523.147	524.306	4166.7	12500.0	6933.6	Twitter						
18	Spectrogram 1	1	525.526	525.586	3413.0	18000.0	10546.9	Twitter	6.854034	26.416854	NaN	NaN	32.069959	0.000000
167	Spectrogram 1	1	525.688	525.745	5716.7	13139.9	8789.1	Twitter						
168	Spectrogram 1	1	525.827	525.899	5204.8	13651.9	8496.1	Twitter						
169	Spectrogram 1	1	525.968	526.031	4948.8	14334.5	8300.8	Twitter						
170	Spectrogram 1	1	526.106	526.165	4351.5	15017.1	8203.1	Twitter						
171	Spectrogram 1	1	526.230	526.296	4863.5	14505.1	8105.5	Twitter						
172	Spectrogram 1	1	526.356	526.417	5034.1	14419.8	7714.8	Twitter						
173	Spectrogram 1	1	526.477	526.528	5204.8	13822.5	6543.0	Twitter						
174	Spectrogram 1	1	526.583	526.634	5631.4	13054.6	6445.3	Twitter						
175	Spectrogram 1	2	841.720	842.384	6314.0	10068.3	8203.1	Phee						
26	Spectrogram 1	1	842.660	842.722	4000.0	18000.0	10644.5	Twitter	7.030301	25.352192	NaN	NaN	30.378086	0.000000
176	Spectrogram 1	1	842.831	842.886	5119.5	12884.0	6933.6	Twitter						
177	Spectrogram 1	1	842.978	843.033	5119.5	12628.0	6835.9	Twitter						
178	Spectrogram 1	1	843.106	843.166	5034.1	13993.2	6738.3	Twitter						
179	Spectrogram 1	1	843.238	843.291	5119.5	14078.5	6738.3	Twitter						
180	Spectrogram 1	1	843.373	843.429	5204.8	12884.0	6738.3	Twitter						
181	Spectrogram 1	1	843.505	843.560	5290.1	13395.9	7714.8	Twitter						
182	Spectrogram 1	1	843.619	843.679	5290.1	13481.2	7617.2	Twitter						
183	Spectrogram 1	1	843.747	843.805	5460.8	13054.6	7617.2	Twitter						
184	Spectrogram 1	1	843.876	843.924	5716.7	12884.0	7617.2	Twitter						
185	Spectrogram 1	1	843.987	844.028	5972.7	10665.5	6543.0	Twitter						
32	Spectrogram 1	1	1001.150	1002.570	4000.0	18000.0	7128.9	Phee	4.963169	30.000000	NaN	NaN	128.640575	0.000000
187	Spectrogram 1	1	1002.960	1004.385	5972.7	15614.3	7128.9	Phee						
35	Spectrogram 1	1	1092.270	1093.161	4000.0	18000.0	8691.4	Phee	16.914973	30.000000	NaN	NaN	39.533386	0.000000
188	Spectrogram 1	1	1093.195	1093.420	4351.5	10665.5	4882.8	Phee						
36	Spectrogram 1	1	1093.720	1094.477	4000.0	18000.0	8691.4	Phee	16.150098	30.000000	NaN	NaN	29.583342	0.000000
189	Spectrogram 1	1	1094.533	1094.619	4522.2	11006.8	4882.8	Phee						
37	Spectrogram 1	1	1094.860	1095.613	4000.0	18000.0	8300.8	Phee	18.081128	30.000000	NaN	NaN	29.817897	0.000000
191	Spectrogram 1	2	1647.341	1648.325	7252.6	8617.7	8398.4	Phee						
55	Spectrogram 1	1	1648.950	1649.034	4000.0	18000.0	9570.3	Twitter	6.556988	26.775245	NaN	NaN	33.553957	0.000000
192	Spectrogram 1	1	1649.130	1649.183	5546.1	13481.2	7031.2	Twitter						
193	Spectrogram 1	1	1649.262	1649.325	5290.1	12542.7	6933.6	Twitter						
194	Spectrogram 1	1	1649.395	1649.461	4863.5	13139.9	6835.9	Twitter						
195	Spectrogram 1	1	1649.517	1649.594	4607.5	13993.2	6738.3	Twitter						
196	Spectrogram 1	1	1649.653	1649.729	5119.5	13054.6	6835.9	Twitter						
197	Spectrogram 1	1	1649.786	1649.859	5290.1	13651.9	7714.8	Twitter						
198	Spectrogram 1	1	1649.912	1649.985	4863.5	14078.5	6738.3	Twitter						
199	Spectrogram 1	1	1650.044	1650.110	5119.5	13907.8	7519.5	Twitter						
200	Spectrogram 1	1	1650.160	1650.216	5375.4	15187.7	6640.6	Twitter						
201	Spectrogram 1	1	1650.266	1650.312	6058.0	8703.1	6445.3	Twitter						
59	Spectrogram 1	1	1798.290	1798.760	4000.0	18000.0	6835.9	Trill	12.769220	29.827788	NaN	NaN	87.967920	0.000000
61	Spectrogram 1	1	1854.418	1856.520	4000.0	18000.0	7617.2	Phee	5.070354	25.860670	NaN	NaN	104.612336	0.000000
62	Spectrogram 1	1	1856.910	1857.671	4000.0	18000.0	8007.8	Phee	4.043271	17.475281	NaN	NaN	78.418870	0.000000
229	Spectrogram 1	2	1869.823	1871.029	6362.0	10125.4	7421.9	Phee						
64	Spectrogram 1	1	1873.120	1873.233	4000.0	18000.0	8984.4	Twitter	7.695257	25.890015	NaN	NaN	48.286602	0.000000
203	Spectrogram 1	1	1873.280	1873.337	5645.2	13709.7	8203.1	Twitter						
204	Spectrogram 1	1	1873.411	1873.486	5914.0	13978.5	6738.3	Twitter						
205	Spectrogram 1	1	1873.543	1873.613	5734.8	11917.6	6738.3	Twitter						
206	Spectrogram 1	1	1873.679	1873.749	5555.6	12096.8	6640.6	Twitter						
207	Spectrogram 1	1	1873.810	1873.880	5286.7	12007.2	6738.3	Twitter						
208	Spectrogram 1	1	1873.941	1874.011	5376.3	11290.3	6640.6	Twitter						
209	Spectrogram 1	1	1874.067	1874.124	5286.7	11648.7	6640.6	Twitter						
210	Spectrogram 1	1	1874.185	1874.250	5645.2	11469.5	6640.6	Twitter						
211	Spectrogram 1	1	1874.302	1874.381	6003.6	10304.7	6445.3	Twitter						
67	Spectrogram 1	1	1951.390	1951.770	4000.0	18000.0	6835.9	Trill	4.613969	16.377343	NaN	NaN	53.588941	0.000000
68	Spectrogram 1	1	1957.218	1958.628	4000.0	18000.0	8886.7	Phee	5.435020	23.983869	NaN	NaN	73.822751	0.000000
77	Spectrogram 1	1	2137.310	2138.046	4000.0	18000.0	8105.5	Trill	10.621118	30.000000	NaN	NaN	70.067393	0.000000
213	Spectrogram 1	1	2138.182	2138.655	7168.5	11111.1	7910.2	Trill						
78	Spectrogram 1	1	2138.800	2139.110	4000.0	18000.0	7910.2	Trill	12.021433	30.000000	NaN	NaN	111.223130	0.000000
82	Spectrogram 1	1	2257.370	2257.690	4000.0	18000.0	8496.1	Trill	4.240625	11.966079	NaN	NaN	46.168925	0.000000
86	Spectrogram 1	1	2410.990	2412.051	4000.0	18000.0	9668.0	Trill	4.619225	17.955573	NaN	NaN	34.782304	0.000000
98	Spectrogram 1	1	2620.464	2621.284	4000.0	18000.0	8593.7	Trillphee	12.431210	31.989939	NaN	NaN	59.284595	0.000000
215	Spectrogram 1	1	2621.312	2621.458	4211.5	5197.1	4785.2	Phee						
216	Spectrogram 1	1	2621.467	2621.547	12455.2	14157.7	14062.5	Phee						
217	Spectrogram 1	1	2621.631	2621.814	4121.9	10215.1	4687.5	Phee						
218	Spectrogram 1	1	2621.823	2621.907	5734.8	13799.3	7324.2	Phee						
219	Spectrogram 1	1	2621.955	2622.011	4032.3	10304.7	4785.2	Phee						
220	Spectrogram 1	1	2622.323	2623.031	7258.1	8871.0	8300.8	Phee						
221	Spectrogram 1	1	2623.055	2623.134	4659.5	10394.3	4785.2	Phee						
99	Spectrogram 1	1	2623.460	2624.160	4000.0	18000.0	8300.8	Phee	12.730012	30.000000	NaN	NaN	35.606382	0.000000
222	Spectrogram 1	1	2624.187	2624.333	4569.9	6182.8	4980.5	Phee						
111	Spectrogram 1	1	2711.417	2711.824	4000.0	18000.0	7421.9	Trill	4.106290	17.140082	NaN	NaN	65.411252	0.000000
223	Spectrogram 1	1	2784.423	2785.456	5824.4	16308.2	8593.7	Trillphee						
115	Spectrogram 1	1	2786.010	2786.791	4000.0	18000.0	8789.1	Phee	7.234797	26.451248	NaN	NaN	29.957615	0.000000
116	Spectrogram 1	1	2787.200	2787.904	4000.0	18000.0	8886.7	Phee	7.364949	26.147434	NaN	NaN	32.035688	0.000000
118	Spectrogram 1	1	2849.610	2850.373	4000.0	18000.0	8496.1	Phee	5.753511	26.481516	NaN	NaN	32.353075	0.000000
224	Spectrogram 1	1	2850.698	2850.764	5734.8	14068.1	6933.6							
225	Spectrogram 1	1	2850.853	2850.913	4121.9	10215.1	4882.8							
119	Spectrogram 1	1	2851.210	2851.910	4000.0	18000.0	8691.4	Phee	6.880468	28.217668	NaN	NaN	55.788505	0.000000
226	Spectrogram 1	1	2851.943	2852.284	4121.9	10573.5	4882.8							
120	Spectrogram 1	1	2852.610	2853.295	4000.0	18000.0	8593.7	Phee	6.925556	26.881209	NaN	NaN	36.850572	0.000000
227	Spectrogram 1	1	2853.321	2853.464	4390.7	10931.9	4785.2							
121	Spectrogram 1	1	2853.770	2854.487	4000.0	18000.0	8203.1	Phee	5.504645	27.121102	NaN	NaN	35.582032	0.000000
228	Spectrogram 1	1	2854.570	2854.613	3673.8	10752.7	5371.1							
146	Spectrogram 1	1	3065.780	3066.596	4000.0	18000.0	8886.7	Phee	9.659767	30.000000	NaN	NaN	42.393364	0.000000
147	Spectrogram 1	1	3067.160	3067.878	4000.0	18000.0	8300.8	Phee	10.393635	28.177347	NaN	NaN	42.001679	0.000000
148	Spectrogram 1	1	3068.240	3068.958	4000.0	18000.0	8789.1	Phee	9.890076	28.886005	NaN	NaN	45.086549	0.000000
149	Spectrogram 1	1	3069.370	3070.103	4000.0	18000.0	8496.1	Phee	10.195781	29.654097	NaN	NaN	50.299288	0.000000
