Selection	View	Channel	Begin Time (s)	End Time (s)	Low Freq (Hz)	High Freq (Hz)	Max Freq (Hz)	Call Type
1	Spectrogram 1	1	15.558	15.822	4000.0	18000.0	8007.8	Trill
2	Spectrogram 1	1	24.912	25.167	4000.0	18000.0	7031.2	Trill
3	Spectrogram 1	1	29.715	30.845	4000.0	18000.0	7812.5	Trillphee
4	Spectrogram 1	1	32.962	33.181	4000.0	18000.0	5273.4	Trill
5	Spectrogram 1	1	36.933	37.103	4000.0	18000.0	5859.4	Trill
6	Spectrogram 1	1	40.877	41.312	4000.0	18000.0	6445.3	Trill
7	Spectrogram 1	1	51.578	51.826	4000.0	18000.0	7226.6	Trill
8	Spectrogram 1	1	56.492	57.521	4000.0	18000.0	7617.2	Trillphee
9	Spectrogram 1	1	73.838	74.795	4000.0	18000.0	7421.9	Trillphee
10	Spectrogram 1	1	82.593	82.877	4000.0	18000.0	6640.6	Trill
11	Spectrogram 1	1	92.001	92.265	4000.0	18000.0	6835.9	Trill
12	Spectrogram 1	1	98.998	99.247	4000.0	18000.0	7226.6	Trill
13	Spectrogram 1	1	110.290	111.244	4000.0	18000.0	7812.5	Trillphee
14	Spectrogram 1	1	136.631	136.876	4000.0	18000.0	8398.4	Trill
15	Spectrogram 1	1	137.941	138.979	4000.0	18000.0	7812.5	Trillphee
16	Spectrogram 1	1	142.188	142.564	4000.0	18000.0	6835.9	Trill
17	Spectrogram 1	1	142.727	143.374	4000.0	18000.0	7617.2	Phee
18	Spectrogram 1	1	165.530	165.845	4000.0	18000.0	7421.9	Trill
19	Spectrogram 1	1	168.886	168.944	1795.6	18646.4	8398.4	Twitter
20	Spectrogram 1	1	169.044	169.751	4000.0	18000.0	7421.9	Phee
21	Spectrogram 1	1	173.052	173.280	4000.0	18000.0	7812.5	Trill
22	Spectrogram 1	1	179.314	179.551	4000.0	18000.0	6835.9	Trill
23	Spectrogram 1	1	183.857	184.252	4000.0	18000.0	7421.9	Trill
24	Spectrogram 1	1	191.370	192.346	4000.0	18000.0	8203.1	Trillphee
25	Spectrogram 1	1	204.133	204.309	4000.0	18000.0	7031.2	Trill
26	Spectrogram 1	1	204.360	204.414	2624.3	10911.6	7226.6	Trill
27	Spectrogram 1	1	205.751	206.757	1105.0	12430.9	7617.2	Phee
28	Spectrogram 1	1	216.459	216.727	4000.0	18000.0	6640.6	Trill
29	Spectrogram 1	1	220.293	220.534	4000.0	18000.0	6835.9	Trill
30	Spectrogram 1	1	229.192	229.417	4000.0	18000.0	8398.4	Trill
31	Spectrogram 1	1	231.611	231.879	4000.0	18000.0	7617.2	Trill
32	Spectrogram 1	1	232.058	232.578	4000.0	18000.0	7812.5	Phee
33	Spectrogram 1	1	250.145	250.511	4000.0	18000.0	5859.4	Trill
34	Spectrogram 1	1	263.687	263.987	276.2	20027.6	8398.4	Trill
35	Spectrogram 1	1	265.000	265.914	4000.0	18000.0	8593.7	Trillphee
36	Spectrogram 1	1	269.760	270.132	4000.0	18000.0	7031.2	Trill
37	Spectrogram 1	1	272.528	273.635	4000.0	18000.0	7812.5	Trillphee
38	Spectrogram 1	1	276.840	277.032	4000.0	18000.0	7031.2	Trill
39	Spectrogram 1	1	282.991	283.219	4000.0	18000.0	6835.9	Trill
40	Spectrogram 1	1	283.265	283.422	0.0	9806.6	195.3	Trill
41	Spectrogram 1	1	284.127	284.182	3729.3	14226.5	9570.3	Twitter
42	Spectrogram 1	1	284.268	284.313	3911.6	17911.6	7421.9	Twitter
43	Spectrogram 1	1	284.398	284.450	552.5	12430.9	7226.6	Twitter
44	Spectrogram 1	1	284.516	284.578	0.0	11464.1	6835.9	Twitter
45	Spectrogram 1	1	284.640	284.702	0.0	11464.1	6835.9	Twitter
46	Spectrogram 1	1	284.760	284.813	0.0	12154.7	6835.9	Twitter
47	Spectrogram 1	1	284.881	284.930	690.6	11740.3	6835.9	Twitter
48	Spectrogram 1	1	284.996	285.051	0.0	11602.2	7031.2	Twitter
49	Spectrogram 1	1	288.462	288.753	4000.0	18000.0	6835.9	Trill
50	Spectrogram 1	1	293.485	294.501	4000.0	18000.0	7421.9	Trillphee
51	Spectrogram 1	1	294.540	294.605	4000.0	18000.0	7617.2	Phee
52	Spectrogram 1	1	294.667	294.726	3314.9	10911.6	7812.5	Phee
53	Spectrogram 1	1	302.991	303.099	4000.0	18000.0	7421.9	Phee
54	Spectrogram 1	1	303.161	303.794	4000.0	18000.0	7421.9	Phee
55	Spectrogram 1	1	311.035	311.273	4000.0	18000.0	6640.6	Trill
56	Spectrogram 1	1	317.913	318.050	0.0	21270.7	9179.7	Twitter
57	Spectrogram 1	1	318.141	318.203	0.0	19060.8	8203.1	Twitter
58	Spectrogram 1	1	318.288	318.347	0.0	17817.7	7812.5	Twitter
59	Spectrogram 1	1	318.422	318.484	0.0	18093.9	7812.5	Twitter
60	Spectrogram 1	1	318.554	318.615	4000.0	18000.0	7812.5	Twitter
61	Spectrogram 1	1	318.694	318.759	4000.0	18000.0	6640.6	Twitter
62	Spectrogram 1	1	318.830	318.899	4000.0	18000.0	6640.6	Twitter
63	Spectrogram 1	1	385.340	385.696	4000.0	18000.0	7421.9	Trill
64	Spectrogram 1	1	385.771	386.568	1933.7	12845.3	7812.5	Phee
65	Spectrogram 1	1	386.607	386.656	4834.3	10221.0	8007.8	Phee
66	Spectrogram 1	1	415.263	415.635	4000.0	18000.0	7031.2	Trill
67	Spectrogram 1	1	456.569	456.837	4000.0	18000.0	7226.6	Trill
68	Spectrogram 1	1	458.590	459.641	4000.0	18000.0	8007.8	Trillphee
69	Spectrogram 1	1	719.656	719.937	4000.0	18000.0	5273.4	Trill
70	Spectrogram 1	1	730.256	730.550	4000.0	18000.0	6835.9	Trill
71	Spectrogram 1	1	731.997	732.196	4000.0	18000.0	7031.2	Trill
72	Spectrogram 1	1	739.100	739.384	4000.0	18000.0	6835.9	Trill
73	Spectrogram 1	1	744.202	744.466	4000.0	18000.0	6250.0	Trill
74	Spectrogram 1	1	749.906	750.180	4000.0	18000.0	6835.9	Trill
75	Spectrogram 1	1	832.012	832.244	4000.0	18000.0	6835.9	Trill
76	Spectrogram 1	1	923.370	923.684	4000.0	18000.0	7617.2	Trill
77	Spectrogram 1	1	931.904	932.224	4000.0	18000.0	7812.5	Trill
78	Spectrogram 1	1	932.316	933.142	1243.1	12154.7	7617.2	Phee
79	Spectrogram 1	1	943.051	943.293	4000.0	18000.0	7031.2	Trill
80	Spectrogram 1	1	945.244	945.453	4000.0	18000.0	7421.9	Trill
81	Spectrogram 1	1	962.255	963.682	4000.0	18000.0	7812.5	Trillphee
82	Spectrogram 1	1	990.996	991.342	4000.0	18000.0	6640.6	Trill
83	Spectrogram 1	1	996.722	997.407	4000.0	18000.0	8007.8	Phee
84	Spectrogram 1	1	1009.652	1010.126	4000.0	18000.0	7617.2	Trillphee
85	Spectrogram 1	1	1010.149	1010.230	3729.3	10082.9	7617.2	Phee
86	Spectrogram 1	1	1010.240	1010.312	3867.4	9944.8	7617.2	Phee
87	Spectrogram 1	1	1010.358	1010.593	2486.2	11187.8	7812.5	Phee
88	Spectrogram 1	1	1022.976	1023.157	4000.0	18000.0	7031.2	Trill
89	Spectrogram 1	1	1025.968	1026.268	4000.0	18000.0	7226.6	Trill
90	Spectrogram 1	1	1035.704	1036.065	4000.0	18000.0	7421.9	Trill
91	Spectrogram 1	1	1038.097	1038.351	4000.0	18000.0	7617.2	Phee
92	Spectrogram 1	1	1038.394	1038.893	3176.8	10911.6	7617.2	Phee
93	Spectrogram 1	1	1045.792	1047.134	4000.0	18000.0	7812.5	Trillphee
94	Spectrogram 1	1	1062.359	1062.666	4000.0	18000.0	7421.9	Trill
95	Spectrogram 1	1	1065.368	1066.674	4000.0	18000.0	7812.5	Trillphee
96	Spectrogram 1	1	1071.492	1071.741	4000.0	18000.0	7226.6	Trill
97	Spectrogram 1	1	1072.018	1072.711	4000.0	18000.0	7812.5	Phee
98	Spectrogram 1	1	1072.779	1072.835	4419.9	10773.5	7812.5	Phee
99	Spectrogram 1	1	1089.120	1089.271	4049.7	18049.7	7226.6	Trill
100	Spectrogram 1	1	1101.818	1102.040	4000.0	18000.0	7617.2	Trill
101	Spectrogram 1	1	1106.961	1107.337	4000.0	18000.0	7617.2	Trill
102	Spectrogram 1	1	1111.897	1112.227	4000.0	18000.0	8203.1	Trill
103	Spectrogram 1	1	1116.408	1116.621	4000.0	18000.0	7421.9	Trill
104	Spectrogram 1	1	1124.530	1124.834	4000.0	18000.0	7031.2	Trill
105	Spectrogram 1	1	1146.214	1146.469	4000.0	18000.0	8007.8	Trill
106	Spectrogram 1	1	1149.550	1149.906	4000.0	18000.0	6835.9	Trill
107	Spectrogram 1	1	1153.947	1155.145	4000.0	18000.0	8007.8	Trillphee
108	Spectrogram 1	1	1163.758	1164.941	4000.0	18000.0	7812.5	Trillphee
109	Spectrogram 1	1	1179.012	1179.316	4000.0	18000.0	7031.2	Trill
110	Spectrogram 1	1	1183.835	1184.089	4000.0	18000.0	7421.9	Trill
111	Spectrogram 1	1	1185.445	1186.490	4000.0	18000.0	7617.2	Phee
112	Spectrogram 1	1	1193.047	1193.360	4000.0	18000.0	7812.5	Trill
113	Spectrogram 1	1	1203.089	1204.170	414.4	13535.9	7812.5	Trillphee
114	Spectrogram 1	1	1215.876	1216.079	4000.0	18000.0	7031.2	Trill
115	Spectrogram 1	1	1222.560	1223.001	4000.0	18000.0	7617.2	Trillphee
116	Spectrogram 1	1	1223.086	1223.648	966.9	14364.6	7617.2	Phee
117	Spectrogram 1	1	1225.948	1226.284	4000.0	18000.0	7031.2	Trill
118	Spectrogram 1	1	1231.528	1231.959	4000.0	18000.0	6640.6	Trill
119	Spectrogram 1	1	1241.903	1242.226	4000.0	18000.0	7031.2	Trill
120	Spectrogram 1	1	1249.643	1250.074	4000.0	18000.0	11328.1	Trill
121	Spectrogram 1	1	1275.832	1276.100	4000.0	18000.0	7421.9	Trill
122	Spectrogram 1	1	1277.184	1277.612	4000.0	18000.0	7421.9	Trill
123	Spectrogram 1	1	1287.214	1287.511	4000.0	18000.0	7031.2	Trill
124	Spectrogram 1	1	1287.639	1288.354	1519.3	11602.2	7617.2	Phee
125	Spectrogram 1	1	1292.321	1292.592	4000.0	18000.0	7226.6	Trill
126	Spectrogram 1	1	1293.346	1293.643	4000.0	18000.0	8007.8	Trill
127	Spectrogram 1	1	1297.913	1298.141	4000.0	18000.0	7226.6	Trill
128	Spectrogram 1	1	1338.283	1338.319	1795.6	13950.3	8007.8	Trill
129	Spectrogram 1	1	1338.378	1338.518	4000.0	18000.0	7421.9	Trill
130	Spectrogram 1	1	1352.753	1352.903	4000.0	18000.0	8007.8	Trill
131	Spectrogram 1	1	1352.952	1353.259	2624.3	10497.2	7617.2	Phee
132	Spectrogram 1	1	1353.295	1353.608	3314.9	10773.5	7617.2	Phee
133	Spectrogram 1	1	1356.046	1356.335	4000.0	18000.0	7421.9	Trill
134	Spectrogram 1	1	1359.826	1360.922	4000.0	18000.0	7812.5	Trillphee
135	Spectrogram 1	1	1369.988	1370.236	4000.0	18000.0	7812.5	Trill
136	Spectrogram 1	1	1370.285	1370.347	1381.2	10359.1	6835.9	Trill
137	Spectrogram 1	1	1380.696	1380.898	3911.6	17911.6	7617.2	Trill
138	Spectrogram 1	1	1382.181	1382.599	4000.0	18000.0	7226.6	Trill
139	Spectrogram 1	1	1384.422	1384.869	4000.0	18000.0	7421.9	Trill
140	Spectrogram 1	1	1389.657	1389.928	4000.0	18000.0	7421.9	Trill
141	Spectrogram 1	1	1405.648	1405.789	4000.0	18000.0	7421.9	Trill
142	Spectrogram 1	1	1405.812	1405.933	4000.0	18000.0	6640.6	Trill
143	Spectrogram 1	1	1413.877	1414.109	4000.0	18000.0	7812.5	Trill
144	Spectrogram 1	1	1424.332	1425.100	4000.0	18000.0	7617.2	Trillphee
145	Spectrogram 1	1	1441.876	1442.282	4000.0	18000.0	6640.6	Trill
146	Spectrogram 1	1	1448.524	1448.883	4000.0	18000.0	10546.9	Trill
147	Spectrogram 1	1	1452.342	1452.554	4000.0	18000.0	7812.5	Trill
148	Spectrogram 1	1	1452.608	1453.217	4000.0	18000.0	7617.2	Phee
149	Spectrogram 1	1	1453.230	1453.410	3453.0	10497.2	7812.5	Phee
150	Spectrogram 1	1	1465.319	1465.577	966.9	11326.0	7031.2	Trill
151	Spectrogram 1	1	1465.730	1466.086	4000.0	18000.0	7617.2	Phee
152	Spectrogram 1	1	1466.148	1466.230	4419.9	10497.2	7617.2	Phee
153	Spectrogram 1	1	1466.282	1466.337	2900.6	10497.2	7812.5	Phee
154	Spectrogram 1	1	1469.542	1469.884	4000.0	18000.0	6640.6	Trill
155	Spectrogram 1	1	1474.644	1474.814	4000.0	18000.0	7226.6	Trill
156	Spectrogram 1	1	1486.678	1487.834	4000.0	18000.0	7812.5	Trillphee
157	Spectrogram 1	1	1538.120	1538.311	4000.0	18000.0	8007.8	Trill
158	Spectrogram 1	1	1539.973	1540.244	4000.0	18000.0	6640.6	Trill
159	Spectrogram 1	1	1543.783	1544.057	4000.0	18000.0	6640.6	Trill
160	Spectrogram 1	1	1545.648	1545.729	1933.7	12845.3	8593.7	Twitter
161	Spectrogram 1	1	1545.832	1545.902	3911.6	17911.6	7421.9	Twitter
162	Spectrogram 1	1	1545.987	1546.043	2209.9	12569.1	7812.5	Twitter
163	Spectrogram 1	1	1546.111	1546.167	0.0	13397.8	7812.5	Twitter
164	Spectrogram 1	1	1546.242	1546.291	276.2	12430.9	7226.6	Twitter
165	Spectrogram 1	1	1546.359	1546.421	0.0	11740.3	7031.2	Twitter
166	Spectrogram 1	1	1546.506	1546.546	966.9	11049.7	7226.6	Twitter
167	Spectrogram 1	1	1571.692	1572.065	4000.0	18000.0	6835.9	Trill
168	Spectrogram 1	1	1577.912	1578.356	4000.0	18000.0	6835.9	Trill
169	Spectrogram 1	1	1606.359	1606.571	4000.0	18000.0	8398.4	Trill
170	Spectrogram 1	1	1624.310	1624.496	4000.0	18000.0	7812.5	Trill
171	Spectrogram 1	1	1710.015	1710.371	4000.0	18000.0	6835.9	Trill
172	Spectrogram 1	1	1729.242	1729.444	4000.0	18000.0	6054.7	Trill
173	Spectrogram 1	1	1730.130	1731.103	4000.0	18000.0	7812.5	Trillphee
174	Spectrogram 1	1	1734.221	1734.607	4000.0	18000.0	10742.2	Trill
175	Spectrogram 1	1	1735.819	1735.878	3038.7	13674.0	9570.3	Twitter
176	Spectrogram 1	1	1735.963	1736.022	0.0	16574.6	7226.6	Twitter
177	Spectrogram 1	1	1736.100	1736.156	0.0	16022.1	7226.6	Twitter
178	Spectrogram 1	1	1736.231	1736.283	0.0	16850.8	7226.6	Twitter
179	Spectrogram 1	1	1736.355	1736.404	0.0	16298.3	7031.2	Twitter
180	Spectrogram 1	1	1736.476	1736.528	0.0	16850.8	7226.6	Twitter
181	Spectrogram 1	1	1736.596	1736.649	0.0	16850.8	7031.2	Twitter
182	Spectrogram 1	1	1736.717	1736.779	0.0	16160.2	6835.9	Twitter
183	Spectrogram 1	1	1736.841	1736.897	1105.0	11602.2	6835.9	Twitter
184	Spectrogram 1	1	1736.985	1737.011	3453.0	8977.9	6640.6	Twitter
185	Spectrogram 1	1	1739.149	1739.586	4000.0	18000.0	5273.4	Trill
186	Spectrogram 1	1	1750.470	1750.682	4000.0	18000.0	6640.6	Trill
187	Spectrogram 1	1	1788.262	1788.481	4000.0	18000.0	7226.6	Trill
188	Spectrogram 1	1	1790.478	1791.000	4000.0	18000.0	7617.2	Trillphee
189	Spectrogram 1	1	1791.052	1791.236	4000.0	18000.0	7617.2	Phee
190	Spectrogram 1	1	1791.272	1791.422	4000.0	18000.0	7812.5	Phee
191	Spectrogram 1	1	1805.249	1805.350	3314.9	12569.1	8007.8	Trill
192	Spectrogram 1	1	1805.912	1806.284	4000.0	18000.0	7226.6	Trill
193	Spectrogram 1	1	1820.025	1820.214	4000.0	18000.0	8398.4	Trill
194	Spectrogram 1	1	1822.794	1822.939	4000.0	18000.0	7421.9	Trill
195	Spectrogram 1	1	1829.297	1829.620	4000.0	18000.0	7226.6	Trill
196	Spectrogram 1	1	1834.315	1834.615	4000.0	18000.0	7421.9	Trill
197	Spectrogram 1	1	1836.563	1837.533	4000.0	18000.0	7812.5	Trillphee
198	Spectrogram 1	1	1845.302	1845.645	4000.0	18000.0	7031.2	Trill
199	Spectrogram 1	1	1853.458	1853.742	4000.0	18000.0	7226.6	Trill
200	Spectrogram 1	1	1865.750	1866.057	4000.0	18000.0	7617.2	Trill
201	Spectrogram 1	1	1886.814	1887.209	4000.0	18000.0	7031.2	Trill
202	Spectrogram 1	1	1932.371	1932.642	4000.0	18000.0	7226.6	Trill
203	Spectrogram 1	1	1940.073	1940.380	4000.0	18000.0	7421.9	Trill
204	Spectrogram 1	1	1945.874	1946.050	4000.0	18000.0	7226.6	Trill
205	Spectrogram 1	1	1951.854	1952.151	0.0	12983.4	7812.5	Trill
206	Spectrogram 1	1	1953.100	1953.180	4000.0	18000.0	8984.4	Twitter
207	Spectrogram 1	1	1953.265	1953.311	0.0	18370.2	8007.8	Twitter
208	Spectrogram 1	1	1953.389	1953.435	0.0	18232.0	7617.2	Twitter
209	Spectrogram 1	1	1953.520	1953.565	414.4	18370.2	7421.9	Twitter
210	Spectrogram 1	1	1953.640	1953.689	0.0	17265.2	6835.9	Twitter
211	Spectrogram 1	1	1953.768	1953.817	0.0	17265.2	7421.9	Twitter
212	Spectrogram 1	1	1953.898	1953.938	0.0	16022.1	7421.9	Twitter
213	Spectrogram 1	1	1954.019	1954.078	276.2	11049.7	6835.9	Twitter
214	Spectrogram 1	1	1956.533	1956.899	4000.0	18000.0	6835.9	Twitter
215	Spectrogram 1	1	1965.548	1966.632	4000.0	18000.0	7812.5	Trillphee
216	Spectrogram 1	1	1969.629	1969.965	4000.0	18000.0	6835.9	Trill
217	Spectrogram 1	1	1972.706	1973.026	4000.0	18000.0	6835.9	Trill
218	Spectrogram 1	1	1979.842	1980.093	4000.0	18000.0	7226.6	Trill
219	Spectrogram 1	1	2001.614	2001.851	4000.0	18000.0	7226.6	Trill
220	Spectrogram 1	1	2009.104	2009.349	4000.0	18000.0	7421.9	Trill
221	Spectrogram 1	1	2034.028	2034.322	4834.3	10773.5	7617.2	Phee
222	Spectrogram 1	1	2034.384	2034.825	3867.4	9944.8	7617.2	Phee
223	Spectrogram 1	1	2038.688	2038.943	4000.0	18000.0	7031.2	Trill
224	Spectrogram 1	1	2040.526	2041.642	4000.0	18000.0	7617.2	Trillphee
225	Spectrogram 1	1	2041.714	2041.796	3038.7	11049.7	7812.5	Phee
226	Spectrogram 1	1	2049.586	2049.971	4000.0	18000.0	6445.3	Trill
227	Spectrogram 1	1	2053.162	2053.609	4000.0	18000.0	6445.3	Trill
228	Spectrogram 1	1	2053.815	2054.086	2762.4	11602.2	7812.5	Phee
229	Spectrogram 1	1	2054.102	2054.504	2348.1	11049.7	7812.5	Phee
230	Spectrogram 1	1	2088.270	2088.570	4000.0	18000.0	7421.9	Trill
231	Spectrogram 1	1	2090.909	2091.246	4000.0	18000.0	7226.6	Trill
232	Spectrogram 1	1	2114.422	2114.742	4000.0	18000.0	7812.5	Trill
233	Spectrogram 1	1	2191.881	2192.129	4000.0	18000.0	7421.9	Trill
234	Spectrogram 1	1	2263.056	2264.061	4000.0	18000.0	7812.5	Trillphee
235	Spectrogram 1	1	2270.704	2270.926	4000.0	18000.0	6640.6	Trill
236	Spectrogram 1	1	2273.616	2274.115	4000.0	18000.0	7812.5	Phee
237	Spectrogram 1	1	2281.660	2281.937	4000.0	18000.0	11523.4	Trill
238	Spectrogram 1	1	2284.904	2285.211	4000.0	18000.0	6250.0	Trill
239	Spectrogram 1	1	2306.900	2307.265	4000.0	18000.0	6835.9	Trill
240	Spectrogram 1	1	2309.107	2310.207	4000.0	18000.0	7421.9	Trillphee
241	Spectrogram 1	1	2321.778	2322.128	4000.0	18000.0	7617.2	Trill
242	Spectrogram 1	1	2324.434	2325.697	4000.0	18000.0	7812.5	Trillphee
243	Spectrogram 1	1	2331.057	2331.342	4000.0	18000.0	6445.3	Trill
244	Spectrogram 1	1	2332.889	2332.935	1933.7	14640.9	9570.3	Twitter
245	Spectrogram 1	1	2333.032	2333.098	4000.0	18000.0	8007.8	Twitter
246	Spectrogram 1	1	2333.180	2333.239	0.0	16989.0	7226.6	Twitter
247	Spectrogram 1	1	2333.307	2333.363	0.0	17541.4	7226.6	Twitter
248	Spectrogram 1	1	2333.434	2333.487	0.0	16989.0	7226.6	Twitter
249	Spectrogram 1	1	2333.555	2333.614	4000.0	18000.0	7226.6	Twitter
250	Spectrogram 1	1	2333.679	2333.735	0.0	16574.6	7226.6	Twitter
251	Spectrogram 1	1	2333.813	2333.856	1105.0	11326.0	7031.2	Twitter
252	Spectrogram 1	1	2342.060	2342.385	4000.0	18000.0	7226.6	Trill
253	Spectrogram 1	1	2370.869	2371.799	4000.0	18000.0	7617.2	Trill
254	Spectrogram 1	1	2383.513	2383.738	4000.0	18000.0	7226.6	Trill
255	Spectrogram 1	1	2384.332	2384.652	4000.0	18000.0	7031.2	Trill
256	Spectrogram 1	1	2394.704	2394.981	4000.0	18000.0	7421.9	Trill
257	Spectrogram 1	1	2397.628	2398.126	4000.0	18000.0	7226.6	Trill
258	Spectrogram 1	1	2433.278	2434.192	4000.0	18000.0	7617.2	Trillphee
259	Spectrogram 1	1	2453.709	2454.023	4000.0	18000.0	7617.2	Trill
260	Spectrogram 1	1	2466.537	2466.795	4000.0	18000.0	7226.6	Trill
261	Spectrogram 1	1	2476.415	2476.706	4000.0	18000.0	7617.2	Trill
262	Spectrogram 1	1	2478.334	2479.252	4000.0	18000.0	8007.8	Trillphee
263	Spectrogram 1	1	2499.976	2500.290	4000.0	18000.0	6835.9	Trill
264	Spectrogram 1	1	2515.862	2516.316	2348.1	11326.0	7812.5	Trillphee
265	Spectrogram 1	1	2516.326	2516.571	2900.6	11326.0	7617.2	Phee
266	Spectrogram 1	1	2516.600	2516.910	1933.7	11740.3	7812.5	Phee
267	Spectrogram 1	1	2530.089	2530.271	966.9	12154.7	7421.9	Trill
268	Spectrogram 1	1	2530.330	2530.598	4000.0	18000.0	7617.2	Phee
269	Spectrogram 1	1	2566.158	2566.490	4000.0	18000.0	6835.9	Trill
270	Spectrogram 1	1	2573.355	2573.594	4000.0	18000.0	7812.5	Trill
271	Spectrogram 1	1	2579.163	2579.408	4000.0	18000.0	8398.4	Trill
272	Spectrogram 1	1	2579.509	2579.558	0.0	17955.8	7421.9	Twitter
273	Spectrogram 1	1	2579.663	2579.705	138.1	16989.0	7226.6	Twitter
274	Spectrogram 1	1	2579.793	2579.842	276.2	16850.8	7031.2	Twitter
275	Spectrogram 1	1	2579.918	2579.973	0.0	16712.7	6835.9	Twitter
276	Spectrogram 1	1	2580.045	2580.097	0.0	16850.8	6835.9	Twitter
277	Spectrogram 1	1	2580.169	2580.221	0.0	16298.3	6835.9	Twitter
278	Spectrogram 1	1	2580.293	2580.342	138.1	16574.6	6640.6	Twitter
279	Spectrogram 1	1	2580.414	2580.463	0.0	16160.2	6640.6	Twitter
280	Spectrogram 1	1	2580.554	2580.577	0.0	9116.0	6640.6	Twitter
281	Spectrogram 1	1	2584.340	2585.381	4000.0	18000.0	7617.2	Trillphee
282	Spectrogram 1	1	2587.910	2589.115	4000.0	18000.0	7617.2	Trillphee
283	Spectrogram 1	1	2595.323	2595.659	4000.0	18000.0	6445.3	Trill
284	Spectrogram 1	1	2596.575	2597.637	4000.0	18000.0	7617.2	Trillphee
285	Spectrogram 1	1	2629.872	2630.293	4000.0	18000.0	7617.2	Trill
286	Spectrogram 1	1	2641.515	2641.901	4000.0	18000.0	8007.8	Trill
287	Spectrogram 1	1	2643.293	2643.913	4000.0	18000.0	8007.8	Phee
288	Spectrogram 1	1	2648.096	2648.475	4000.0	18000.0	7812.5	Trill
289	Spectrogram 1	1	2648.815	2648.861	2348.1	15055.2	9960.9	Twitter
290	Spectrogram 1	1	2648.949	2649.004	690.6	13674.0	8203.1	Twitter
291	Spectrogram 1	1	2649.092	2649.141	0.0	11740.3	7226.6	Twitter
292	Spectrogram 1	1	2649.230	2649.279	0.0	11187.8	7617.2	Twitter
293	Spectrogram 1	1	2649.363	2649.416	0.0	10635.4	7617.2	Twitter
294	Spectrogram 1	1	2649.501	2649.550	0.0	10773.5	7031.2	Twitter
295	Spectrogram 1	1	2649.631	2649.683	0.0	11049.7	7226.6	Twitter
296	Spectrogram 1	1	2649.762	2649.808	0.0	10911.6	7031.2	Twitter
297	Spectrogram 1	1	2649.909	2649.945	0.0	10359.1	6640.6	Twitter
298	Spectrogram 1	1	2651.156	2651.381	4000.0	18000.0	8007.8	Trill
299	Spectrogram 1	1	2651.525	2651.571	0.0	14226.5	8203.1	Twitter
300	Spectrogram 1	1	2651.672	2651.721	0.0	12016.6	7031.2	Twitter
301	Spectrogram 1	1	2651.802	2651.861	4000.0	18000.0	7031.2	Twitter
302	Spectrogram 1	1	2651.950	2652.012	138.1	11049.7	7031.2	Twitter
303	Spectrogram 1	1	2652.093	2652.145	0.0	10497.2	7617.2	Twitter
304	Spectrogram 1	1	2652.230	2652.289	0.0	11326.0	7031.2	Twitter
305	Spectrogram 1	1	2652.374	2652.433	0.0	11187.8	7226.6	Twitter
306	Spectrogram 1	1	2655.432	2655.808	4000.0	18000.0	5664.1	Trill
307	Spectrogram 1	1	2655.955	2656.007	1795.6	14640.9	8593.7	Twitter
308	Spectrogram 1	1	2656.115	2656.174	0.0	11187.8	6835.9	Twitter
309	Spectrogram 1	1	2656.272	2656.321	0.0	10497.2	6835.9	Twitter
310	Spectrogram 1	1	2656.415	2656.474	0.0	9944.8	6835.9	Twitter
311	Spectrogram 1	1	2656.562	2656.618	0.0	10359.1	6835.9	Twitter
312	Spectrogram 1	1	2656.709	2656.768	0.0	10635.4	6640.6	Twitter
313	Spectrogram 1	1	2656.850	2656.915	0.0	10497.2	6640.6	Twitter
314	Spectrogram 1	1	2657.006	2657.069	0.0	10773.5	6445.3	Twitter
315	Spectrogram 1	1	2662.024	2662.256	4000.0	18000.0	7421.9	Trill
316	Spectrogram 1	1	2673.392	2673.820	4000.0	18000.0	7031.2	Trill
317	Spectrogram 1	1	2675.994	2676.431	4000.0	18000.0	7617.2	Trill
318	Spectrogram 1	1	2677.848	2678.063	4000.0	18000.0	8203.1	Trill
319	Spectrogram 1	1	2678.206	2679.059	4000.0	18000.0	7617.2	Phee
320	Spectrogram 1	1	2686.424	2686.643	276.2	12430.9	7226.6	Trill
321	Spectrogram 1	1	2686.685	2687.495	4000.0	18000.0	7617.2	Phee
322	Spectrogram 1	1	2689.592	2689.833	4000.0	18000.0	7226.6	Trill
323	Spectrogram 1	1	2694.590	2694.835	4000.0	18000.0	7812.5	Trill
324	Spectrogram 1	1	2696.357	2696.684	4000.0	18000.0	7031.2	Trill
325	Spectrogram 1	1	2698.277	2699.188	4000.0	18000.0	7812.5	Trillphee
326	Spectrogram 1	1	2709.825	2710.237	4000.0	18000.0	6835.9	Trill
327	Spectrogram 1	1	2711.334	2711.647	4000.0	18000.0	7031.2	Trill
328	Spectrogram 1	1	2822.694	2822.982	4000.0	18000.0	5664.1	Trill
329	Spectrogram 1	1	2823.893	2823.929	1243.1	13674.0	8203.1	Twitter
330	Spectrogram 1	1	2824.020	2824.062	0.0	13535.9	7617.2	Twitter
331	Spectrogram 1	1	2824.151	2824.190	0.0	13812.2	7421.9	Twitter
332	Spectrogram 1	1	2824.265	2824.314	0.0	13812.2	7617.2	Twitter
333	Spectrogram 1	1	2824.382	2824.431	0.0	13397.8	7031.2	Twitter
334	Spectrogram 1	1	2824.493	2824.539	0.0	13259.7	7031.2	Twitter
335	Spectrogram 1	1	2824.614	2824.647	0.0	12292.8	7226.6	Twitter
336	Spectrogram 1	1	2827.190	2827.503	4000.0	18000.0	7226.6	Trill
337	Spectrogram 1	1	2828.641	2829.657	4000.0	18000.0	7617.2	Phee
338	Spectrogram 1	1	2832.367	2832.798	4000.0	18000.0	7031.2	Trill
339	Spectrogram 1	1	2884.730	2885.017	4000.0	18000.0	7421.9	Trill
340	Spectrogram 1	1	2887.116	2887.485	4000.0	18000.0	6835.9	Trill
341	Spectrogram 1	1	2953.239	2953.301	0.0	23618.8	10937.5	Trill
342	Spectrogram 1	1	2953.833	2953.915	0.0	24309.4	9765.6	Sd-peep
343	Spectrogram 1	1	2954.016	2954.552	4000.0	18000.0	7031.2	Trill
344	Spectrogram 1	1	3090.501	3090.850	4000.0	18000.0	6250.0	Trill
345	Spectrogram 1	1	3090.958	3091.357	4000.0	18000.0	7617.2	Phee
346	Spectrogram 1	1	3091.383	3091.461	3729.3	11602.2	7812.5	Phee
347	Spectrogram 1	1	3113.732	3113.967	4000.0	18000.0	7226.6	Trill
348	Spectrogram 1	1	3122.008	3122.288	4000.0	18000.0	6640.6	Trill
349	Spectrogram 1	1	3140.217	3140.505	4000.0	18000.0	6835.9	Trill
350	Spectrogram 1	1	3174.856	3175.140	4000.0	18000.0	6640.6	Trill
351	Spectrogram 1	1	3208.848	3209.266	4000.0	18000.0	7226.6	Trill
352	Spectrogram 1	1	3210.184	3211.271	0.0	15193.4	7617.2	Phee
353	Spectrogram 1	1	3220.122	3220.564	4000.0	18000.0	7031.2	Trill
354	Spectrogram 1	1	3224.199	3224.578	4000.0	18000.0	11132.8	Trill
355	Spectrogram 1	1	3236.238	3236.535	4000.0	18000.0	11132.8	Trill
356	Spectrogram 1	1	3244.863	3245.317	4000.0	18000.0	6445.3	Trill
357	Spectrogram 1	1	3272.087	3272.381	4000.0	18000.0	7421.9	Trill
358	Spectrogram 1	1	3273.321	3274.500	4000.0	18000.0	8007.8	Trillphee
359	Spectrogram 1	1	3279.494	3279.730	4000.0	18000.0	7031.2	Trill
360	Spectrogram 1	1	3284.450	3284.801	4000.0	18000.0	6835.9	Trill
361	Spectrogram 1	1	3286.940	3287.057	4000.0	18000.0	7421.9	Trill
362	Spectrogram 1	1	3393.863	3394.205	4000.0	18000.0	7031.2	Trill
363	Spectrogram 1	1	3413.171	3413.410	4000.0	18000.0	6250.0	Trill
364	Spectrogram 1	1	3413.792	3413.824	2624.3	14779.0	9765.6	Twitter
365	Spectrogram 1	1	3413.922	3413.965	138.1	19060.8	7812.5	Twitter
366	Spectrogram 1	1	3414.053	3414.099	0.0	18232.0	7031.2	Twitter
367	Spectrogram 1	1	3414.183	3414.226	0.0	11049.7	7031.2	Twitter
368	Spectrogram 1	1	3414.294	3414.347	0.0	10773.5	7226.6	Twitter
369	Spectrogram 1	1	3414.412	3414.458	0.0	11602.2	6835.9	Twitter
370	Spectrogram 1	1	3414.530	3414.575	276.2	11326.0	7031.2	Twitter
371	Spectrogram 1	1	3414.641	3414.690	0.0	11326.0	7617.2	Twitter
372	Spectrogram 1	1	3414.755	3414.797	2486.2	11326.0	7421.9	Twitter
373	Spectrogram 1	1	3419.702	3420.012	4000.0	18000.0	7031.2	Trill
374	Spectrogram 1	1	3421.608	3421.860	4000.0	18000.0	7226.6	Trill
375	Spectrogram 1	1	3430.794	3431.039	4000.0	18000.0	7812.5	Trill
376	Spectrogram 1	1	3433.824	3434.213	4000.0	18000.0	6640.6	Trill
377	Spectrogram 1	1	3435.932	3435.984	2762.4	13812.2	9960.9	Twitter
378	Spectrogram 1	1	3436.082	3436.161	552.5	12983.4	7031.2	Twitter
379	Spectrogram 1	1	3436.272	3436.797	138.1	12430.9	7226.6	Phee
380	Spectrogram 1	1	3436.879	3437.082	1933.7	10773.5	7812.5	Phee
381	Spectrogram 1	1	3444.818	3444.883	0.0	23342.5	10156.2	Sd-peep
382	Spectrogram 1	1	3444.988	3445.216	4000.0	18000.0	6054.7	Other
383	Spectrogram 1	1	3445.775	3445.837	0.0	23342.5	9570.3	Sd-peep
384	Spectrogram 1	1	3446.208	3446.511	4000.0	18000.0	6640.6	Other
385	Spectrogram 1	1	3447.222	3447.607	4000.0	18000.0	7226.6	Trill
386	Spectrogram 1	1	3447.741	3447.790	0.0	20856.4	7812.5	Twitter
387	Spectrogram 1	1	3447.885	3447.937	3911.6	17911.6	7031.2	Twitter
388	Spectrogram 1	1	3448.022	3448.074	3773.5	17773.5	7031.2	Twitter
389	Spectrogram 1	1	3448.150	3448.206	4049.7	18049.7	7031.2	Twitter
390	Spectrogram 1	1	3448.285	3448.339	3911.6	17911.6	7031.2	Twitter
391	Spectrogram 1	1	3448.412	3448.466	4000.0	18000.0	7031.2	Twitter
392	Spectrogram 1	1	3448.546	3448.598	4000.0	18000.0	6835.9	Twitter
393	Spectrogram 1	1	3448.698	3448.730	2762.4	10635.4	6835.9	Twitter
394	Spectrogram 1	1	3451.077	3451.541	4000.0	18000.0	5468.7	Trill
395	Spectrogram 1	1	3453.198	3453.586	4000.0	18000.0	9765.6	Trill
396	Spectrogram 1	1	3453.704	3453.750	1381.2	19060.8	7812.5	Twitter
397	Spectrogram 1	1	3453.851	3453.900	0.0	17955.8	6835.9	Twitter
398	Spectrogram 1	1	3453.988	3454.040	0.0	17817.7	7812.5	Twitter
399	Spectrogram 1	1	3454.125	3454.181	0.0	16712.7	7812.5	Twitter
400	Spectrogram 1	1	3454.256	3454.311	0.0	16989.0	8203.1	Twitter
401	Spectrogram 1	1	3454.380	3454.442	4000.0	18000.0	7421.9	Twitter
402	Spectrogram 1	1	3454.530	3454.576	966.9	11464.1	6640.6	Twitter
403	Spectrogram 1	1	3458.854	3459.168	4000.0	18000.0	8007.8	Trill
404	Spectrogram 1	1	3472.526	3472.876	4000.0	18000.0	7617.2	Trill
405	Spectrogram 1	1	3472.921	3472.987	138.1	15055.2	195.3	Trill
406	Spectrogram 1	1	3482.176	3482.505	4000.0	18000.0	6835.9	Trill
407	Spectrogram 1	1	3484.676	3484.787	4000.0	18000.0	7226.6	Trill
408	Spectrogram 1	1	3510.216	3510.537	4000.0	18000.0	7031.2	Trill
409	Spectrogram 1	1	3512.654	3513.075	4000.0	18000.0	6445.3	Trill
410	Spectrogram 1	1	3520.556	3520.935	4000.0	18000.0	6054.7	Trill
411	Spectrogram 1	1	3532.219	3532.519	4000.0	18000.0	8398.4	Trill
412	Spectrogram 1	1	3533.420	3534.093	4000.0	18000.0	7812.5	Trillphee
413	Spectrogram 1	1	3534.109	3534.332	3176.8	11602.2	8007.8	Phee
414	Spectrogram 1	1	3536.047	3536.285	4000.0	18000.0	7812.5	Trill
415	Spectrogram 1	1	3540.824	3541.213	4000.0	18000.0	7031.2	Trill
416	Spectrogram 1	1	3543.293	3543.378	1105.0	20165.7	8398.4	Twitter
417	Spectrogram 1	1	3543.476	3543.561	3911.6	17911.6	7617.2	Twitter
418	Spectrogram 1	1	3543.639	3543.705	0.0	17403.3	7031.2	Twitter
419	Spectrogram 1	1	3543.780	3543.839	276.2	17265.2	6835.9	Twitter
420	Spectrogram 1	1	3543.917	3543.966	0.0	17679.6	7226.6	Twitter
421	Spectrogram 1	1	3544.051	3544.100	0.0	18922.7	7226.6	Twitter
422	Spectrogram 1	1	3544.211	3544.237	0.0	11464.1	7617.2	Twitter
423	Spectrogram 1	1	3547.618	3547.955	4000.0	18000.0	6835.9	Trill
424	Spectrogram 1	1	3549.938	3550.343	4000.0	18000.0	7031.2	Trill
425	Spectrogram 1	1	3586.362	3586.676	4000.0	18000.0	6640.6	Trill
426	Spectrogram 1	1	3589.841	3590.452	4000.0	18000.0	7226.6	Trill
427	Spectrogram 1	1	3612.217	3612.553	4000.0	18000.0	6835.9	Trill
428	Spectrogram 1	1	3613.268	3613.764	4000.0	18000.0	6835.9	Trill
429	Spectrogram 1	1	3625.658	3625.968	4000.0	18000.0	7031.2	Trill
430	Spectrogram 1	1	3626.089	3626.141	1657.5	14502.8	8593.7	Twitter
431	Spectrogram 1	1	3626.226	3626.279	0.0	12016.6	7031.2	Twitter
432	Spectrogram 1	1	3626.370	3626.416	0.0	11740.3	7031.2	Twitter
433	Spectrogram 1	1	3626.507	3626.553	0.0	10911.6	7031.2	Twitter
434	Spectrogram 1	1	3626.635	3626.687	0.0	11326.0	7031.2	Twitter
435	Spectrogram 1	1	3626.765	3626.811	0.0	11049.7	7031.2	Twitter
436	Spectrogram 1	1	3626.886	3626.945	690.6	10635.4	7031.2	Twitter
437	Spectrogram 1	1	3627.033	3627.079	276.2	10911.6	6445.3	Twitter
438	Spectrogram 1	1	3635.256	3635.544	4000.0	18000.0	7617.2	Trill
439	Spectrogram 1	1	3639.362	3639.773	4000.0	18000.0	7226.6	Trill
440	Spectrogram 1	1	3651.122	3651.455	4000.0	18000.0	7421.9	Trill
441	Spectrogram 1	1	3680.980	3681.388	4000.0	18000.0	7812.5	Trill
442	Spectrogram 1	1	3681.548	3682.263	0.0	19613.3	8398.4	Phee
443	Spectrogram 1	1	3703.883	3704.050	4000.0	18000.0	8398.4	Trill
444	Spectrogram 1	1	3728.373	3728.497	4000.0	18000.0	8593.7	Trill
445	Spectrogram 1	1	3733.127	3733.352	4000.0	18000.0	7812.5	Trill
446	Spectrogram 1	1	3734.665	3734.714	4000.0	18000.0	10156.2	Sd-peep
447	Spectrogram 1	1	3734.816	3735.215	4000.0	18000.0	8593.7	Trill
448	Spectrogram 1	1	3736.653	3736.703	4740.3	18740.3	8984.4	Twitter
449	Spectrogram 1	1	3736.806	3736.851	0.0	19613.3	7812.5	Twitter
450	Spectrogram 1	1	3736.930	3736.979	0.0	18232.0	7421.9	Twitter
451	Spectrogram 1	1	3737.064	3737.103	0.0	17955.8	7226.6	Twitter
452	Spectrogram 1	1	3737.188	3737.233	0.0	16436.5	7617.2	Twitter
453	Spectrogram 1	1	3737.299	3737.354	0.0	16574.6	7617.2	Twitter
454	Spectrogram 1	1	3737.426	3737.462	1243.1	11187.8	6835.9	Twitter
455	Spectrogram 1	1	3741.410	3742.536	4000.0	18000.0	8398.4	Trillphee
456	Spectrogram 1	1	3748.451	3748.754	4000.0	18000.0	7226.6	Trill
457	Spectrogram 1	1	3752.463	3752.675	4000.0	18000.0	6640.6	Trill
458	Spectrogram 1	1	3754.573	3755.193	0.0	16989.0	195.3	Trill
459	Spectrogram 1	1	3755.618	3755.641	1243.1	18646.4	8398.4	Twitter
460	Spectrogram 1	1	3755.771	3755.823	0.0	18370.2	8203.1	Twitter
461	Spectrogram 1	1	3755.921	3755.967	1795.6	15193.4	8593.7	Twitter
462	Spectrogram 1	1	3756.062	3756.101	0.0	17265.2	7812.5	Twitter
463	Spectrogram 1	1	3756.186	3756.235	0.0	15884.0	7421.9	Twitter
464	Spectrogram 1	1	3756.317	3756.366	0.0	16574.6	7421.9	Twitter
465	Spectrogram 1	1	3756.444	3756.493	0.0	17127.1	7421.9	Twitter
466	Spectrogram 1	1	3756.565	3756.624	0.0	17265.2	6640.6	Twitter
467	Spectrogram 1	1	3756.692	3756.748	1381.2	15469.6	7226.6	Twitter
468	Spectrogram 1	1	3756.836	3756.865	1243.1	10497.2	7226.6	Twitter
469	Spectrogram 1	1	3790.348	3790.555	4000.0	18000.0	8789.1	Trill
470	Spectrogram 1	1	3795.934	3796.237	4000.0	18000.0	7226.6	Trill
471	Spectrogram 1	1	3802.252	3802.549	4000.0	18000.0	7226.6	Trill
472	Spectrogram 1	1	3803.835	3804.367	4000.0	18000.0	7617.2	Trill
473	Spectrogram 1	1	3804.459	3805.063	1381.2	13397.8	8007.8	Phee
474	Spectrogram 1	1	3807.336	3807.470	4000.0	18000.0	7226.6	Trill
475	Spectrogram 1	1	3809.512	3809.734	4000.0	18000.0	8789.1	Trill
476	Spectrogram 1	1	3811.681	3812.031	4000.0	18000.0	9765.6	Trill
477	Spectrogram 1	1	3812.481	3812.612	4000.0	18000.0	6250.0	Sd-peep
478	Spectrogram 1	1	3813.816	3813.878	1105.0	14364.6	8593.7	Twitter
479	Spectrogram 1	1	3813.979	3814.048	1519.3	12292.8	7226.6	Twitter
480	Spectrogram 1	1	3814.140	3814.208	4000.0	18000.0	7031.2	Twitter
481	Spectrogram 1	1	3814.276	3814.348	828.7	12569.1	6835.9	Twitter
482	Spectrogram 1	1	3814.423	3814.488	1243.1	12016.6	7226.6	Twitter
483	Spectrogram 1	1	3814.557	3814.612	828.7	12569.1	7812.5	Twitter
484	Spectrogram 1	1	3814.678	3814.733	0.0	11464.1	7226.6	Twitter
485	Spectrogram 1	1	3814.805	3814.861	0.0	12016.6	7031.2	Twitter
486	Spectrogram 1	1	3819.085	3819.320	4000.0	18000.0	7421.9	Trill
487	Spectrogram 1	1	3821.303	3822.570	4000.0	18000.0	8007.8	Trillphee
488	Spectrogram 1	1	3833.200	3833.530	4000.0	18000.0	6640.6	Trill
489	Spectrogram 1	1	3841.889	3842.247	3773.5	17773.5	6640.6	Trill
490	Spectrogram 1	1	3853.552	3853.852	4000.0	18000.0	7421.9	Trill
491	Spectrogram 1	1	3855.533	3855.820	4000.0	18000.0	8789.1	Trill
492	Spectrogram 1	1	3857.609	3857.867	4000.0	18000.0	8398.4	Trill
493	Spectrogram 1	1	3885.898	3886.218	4000.0	18000.0	8398.4	Trill
494	Spectrogram 1	1	3891.115	3891.677	4000.0	18000.0	7617.2	Trill
495	Spectrogram 1	1	3900.612	3900.759	4000.0	18000.0	8203.1	Trill
496	Spectrogram 1	1	3906.242	3906.300	3176.8	14364.6	8984.4	Twitter
497	Spectrogram 1	1	3906.398	3906.467	4000.0	18000.0	7617.2	Twitter
498	Spectrogram 1	1	3906.550	3906.617	4000.0	18000.0	7421.9	Twitter
499	Spectrogram 1	1	3906.696	3906.754	414.4	16989.0	6835.9	Twitter
500	Spectrogram 1	1	3906.833	3906.888	690.6	17403.3	6835.9	Twitter
501	Spectrogram 1	1	3906.967	3907.019	0.0	17679.6	7617.2	Twitter
502	Spectrogram 1	1	3907.094	3907.150	0.0	17403.3	6835.9	Twitter
503	Spectrogram 1	1	3907.221	3907.283	690.6	17541.4	6835.9	Twitter
504	Spectrogram 1	1	3907.352	3907.407	0.0	17127.1	7031.2	Twitter
505	Spectrogram 1	1	3907.486	3907.538	0.0	16436.5	6835.9	Twitter
506	Spectrogram 1	1	3914.761	3915.110	3773.5	17773.5	7031.2	Trill
507	Spectrogram 1	1	3917.175	3917.560	4000.0	18000.0	5273.4	Trill
508	Spectrogram 1	1	3920.318	3920.821	4000.0	18000.0	7812.5	Trill
509	Spectrogram 1	1	4000.905	4001.297	4000.0	18000.0	7812.5	Trill
510	Spectrogram 1	1	4002.687	4003.186	4000.0	18000.0	7226.6	Trill
511	Spectrogram 1	1	4004.799	4005.142	4000.0	18000.0	9765.6	Trill
512	Spectrogram 1	1	4031.716	4032.166	4000.0	18000.0	6640.6	Trill
513	Spectrogram 1	1	4040.992	4041.456	4000.0	18000.0	7031.2	Trill
514	Spectrogram 1	1	4042.538	4042.772	4000.0	18000.0	6835.9	Trill
515	Spectrogram 1	1	4063.440	4063.806	4000.0	18000.0	6835.9	Trill
516	Spectrogram 1	1	4080.436	4080.703	4000.0	18000.0	6835.9	Trill
517	Spectrogram 1	1	4080.840	4080.889	3038.7	14226.5	8007.8	Twitter
518	Spectrogram 1	1	4080.977	4081.026	0.0	14226.5	7226.6	Twitter
519	Spectrogram 1	1	4081.107	4081.160	0.0	13950.3	7031.2	Twitter
520	Spectrogram 1	1	4081.238	4081.287	138.1	14088.4	7031.2	Twitter
521	Spectrogram 1	1	4081.352	4081.414	0.0	14917.1	7226.6	Twitter
522	Spectrogram 1	1	4081.496	4081.519	276.2	10221.0	7031.2	Twitter
523	Spectrogram 1	1	4085.231	4085.626	4000.0	18000.0	7226.6	Trill
524	Spectrogram 1	1	4086.234	4086.296	0.0	21961.3	9960.9	Sd-peep
525	Spectrogram 1	1	4086.420	4086.580	4000.0	18000.0	7617.2	Tse
526	Spectrogram 1	1	4086.776	4086.838	0.0	21961.3	8007.8	Sd-peep
527	Spectrogram 1	1	4086.972	4087.092	4000.0	18000.0	7617.2	Sd-peep
528	Spectrogram 1	1	4087.224	4087.458	3773.5	17773.5	7031.2	Other
529	Spectrogram 1	1	4092.010	4092.451	4000.0	18000.0	4492.2	Trill
530	Spectrogram 1	1	4131.121	4131.536	4000.0	18000.0	7226.6	Trill
531	Spectrogram 1	1	4133.258	4133.509	4000.0	18000.0	8203.1	Trill
532	Spectrogram 1	1	4135.234	4135.620	0.0	18093.9	195.3	Trill
533	Spectrogram 1	1	4140.820	4140.993	4000.0	18000.0	4492.2	Trill
534	Spectrogram 1	1	4200.804	4201.252	4000.0	18000.0	7226.6	Trill
535	Spectrogram 1	1	4205.588	4205.901	4000.0	18000.0	7226.6	Trill
536	Spectrogram 1	1	4209.178	4209.586	4000.0	18000.0	8007.8	Trill
537	Spectrogram 1	1	4210.314	4210.824	4000.0	18000.0	7812.5	Trill
538	Spectrogram 1	1	4223.344	4223.640	4000.0	18000.0	7421.9	Trill
539	Spectrogram 1	1	4226.888	4227.093	4000.0	18000.0	7031.2	Trill
540	Spectrogram 1	1	4261.533	4261.621	4000.0	18000.0	7031.2	Trill
541	Spectrogram 1	1	4268.058	4268.475	4000.0	18000.0	7031.2	Trill
542	Spectrogram 1	1	4325.289	4325.776	4000.0	18000.0	4492.2	Trill
543	Spectrogram 1	1	4546.633	4547.032	0.0	14640.9	7812.5	Trill
544	Spectrogram 1	1	4623.014	4623.298	4000.0	18000.0	7812.5	Trill
545	Spectrogram 1	1	4630.622	4630.731	4000.0	18000.0	6835.9	Trill
546	Spectrogram 1	1	4633.132	4633.663	4000.0	18000.0	7031.2	Trill
547	Spectrogram 1	1	4634.869	4634.921	2900.6	15055.2	9570.3	Twitter
548	Spectrogram 1	1	4635.026	4635.095	2209.9	16712.7	7226.6	Twitter
549	Spectrogram 1	1	4635.176	4636.221	1933.7	12154.7	6835.9	Phee
550	Spectrogram 1	1	4644.066	4644.392	4000.0	18000.0	10937.5	Trill
551	Spectrogram 1	1	4661.755	4662.085	4000.0	18000.0	7226.6	Trill
552	Spectrogram 1	1	4669.168	4669.619	4000.0	18000.0	11132.8	Trill
553	Spectrogram 1	1	4720.908	4721.157	4000.0	18000.0	7031.2	Trill
554	Spectrogram 1	1	4730.972	4732.252	4000.0	18000.0	8203.1	Trillphee
555	Spectrogram 1	1	4784.372	4784.760	138.1	14226.5	195.3	Trill
556	Spectrogram 1	1	4786.824	4787.321	4000.0	18000.0	6835.9	Trill
557	Spectrogram 1	1	4787.614	4788.206	4005.5	11740.3	8203.1	Phee
558	Spectrogram 1	1	4788.410	4788.545	4000.0	18000.0	7031.2	Phee
559	Spectrogram 1	1	4793.737	4793.942	4000.0	18000.0	6835.9	Trill
560	Spectrogram 1	1	4794.393	4794.494	0.0	22099.4	7031.2	Sd-peep
561	Spectrogram 1	1	4863.958	4864.787	828.7	13397.8	8007.8	Trillphee
562	Spectrogram 1	1	4867.596	4867.733	4000.0	18000.0	8203.1	Trill
563	Spectrogram 1	1	4875.615	4875.994	4000.0	18000.0	4492.2	Trill
564	Spectrogram 1	1	4879.183	4879.235	1933.7	15607.7	9960.9	Sd-peep
565	Spectrogram 1	1	4879.366	4880.032	1105.0	13259.7	7226.6	Trill
566	Spectrogram 1	1	4887.537	4887.933	4000.0	18000.0	5664.1	Trill
567	Spectrogram 1	1	4940.358	4940.776	4000.0	18000.0	6640.6	Trill
568	Spectrogram 1	1	4941.547	4941.567	3176.8	14088.4	10351.6	Twitter
569	Spectrogram 1	1	4941.684	4941.733	0.0	14088.4	7421.9	Twitter
570	Spectrogram 1	1	4941.825	4941.880	0.0	12292.8	7031.2	Twitter
571	Spectrogram 1	1	4941.959	4942.014	0.0	12430.9	7031.2	Twitter
572	Spectrogram 1	1	4942.089	4942.145	0.0	11878.5	7031.2	Twitter
573	Spectrogram 1	1	4942.220	4942.276	0.0	12569.1	7031.2	Twitter
574	Spectrogram 1	1	4942.341	4942.396	0.0	12292.8	7031.2	Twitter
575	Spectrogram 1	1	4942.462	4942.527	0.0	12154.7	6835.9	Twitter
576	Spectrogram 1	1	4942.589	4942.651	138.1	12016.6	6835.9	Twitter
577	Spectrogram 1	1	4942.716	4942.759	0.0	10359.1	195.3	Twitter
