Selection	View	Channel	Begin Time (s)	End Time (s)	Low Freq (Hz)	High Freq (Hz)	Max Freq (Hz)	Call Type	Energy Diff	Energy Par	AHR	Exception
6	Spectrogram 1	6	125.770	126.024	4000.0	18000.0	4687.5	Trill	-1.407891	2.825021	45.125201	0.375633
7	Spectrogram 1	5	128.464	128.952	4000.0	18000.0	4492.2	Trill	2.269569	3.624731	47.005778	0.788462
8	Spectrogram 1	6	131.566	131.898	4000.0	18000.0	8789.1	Trillphee	-0.634159	2.946104	92.260724	0.349563
12	Spectrogram 1	6	185.026	185.346	4000.0	18000.0	8984.4	Trill	-1.062122	3.102854	70.794627	0.708860
69	Spectrogram 1	5	751.276	752.886	4000.0	18000.0	7031.2	Twitter	0.683438	5.814013	56.365736	0.330290
70	Spectrogram 1	6	752.908	752.982	4000.0	18000.0	4882.8	Twitter	-1.191079	3.006252	70.787979	0.508291
71	Spectrogram 1	6	753.514	753.540	4000.0	18000.0	6445.3	Tse	-0.617682	2.633743	28.821546	0.213716
72	Spectrogram 1	6	753.742	753.810	4000.0	18000.0	6445.3	Twitter	-0.920881	3.263768	37.466330	0.306831
73	Spectrogram 1	5	754.480	754.536	4000.0	18000.0	6250.0	Trill	1.076052	2.447229	38.523978	0.270524
74	Spectrogram 1	6	754.570	754.662	4000.0	18000.0	7031.2	Twitter	-0.983406	2.759153	42.815440	0.201463
75	Spectrogram 1	6	754.984	755.322	4000.0	18000.0	7031.2	Trill	-6.941097	10.565156	52.173557	3.187685
76	Spectrogram 1	6	756.010	756.090	4000.0	18000.0	6640.6	Twitter	-2.071352	2.980726	43.159703	0.267242
77	Spectrogram 1	6	757.342	757.482	4000.0	18000.0	5859.4	Trill	-1.341416	2.864327	41.541727	0.568334
78	Spectrogram 1	5	759.856	759.888	4000.0	18000.0	5664.1	Tse	1.466741	2.700957	29.443610	0.343844
79	Spectrogram 1	5	795.676	795.720	4000.0	18000.0	4492.2	Trill	3.931432	12.668272	36.321429	1.670943
80	Spectrogram 1	5	802.682	802.744	4000.0	18000.0	16210.9	Sd-peep	1.257268	2.717981	40.104344	0.352316
81	Spectrogram 1	6	819.470	819.496	4000.0	18000.0	5468.7	P-peep	-1.123418	2.706191	30.628448	0.368312
82	Spectrogram 1	6	827.516	827.656	4000.0	18000.0	6445.3	Phee	-0.432313	2.762486	137.125381	0.308473
83	Spectrogram 1	6	827.744	827.830	4000.0	18000.0	6445.3	P-peep	-0.611962	2.478667	123.677545	0.392792
84	Spectrogram 1	6	840.260	840.322	4000.0	18000.0	7421.9	Trill	-0.548797	2.364197	51.775987	0.233744
85	Spectrogram 1	6	847.418	847.564	4000.0	18000.0	6445.3	Twitter	-1.957067	5.428624	37.790943	0.870123
86	Spectrogram 1	6	847.568	847.696	4000.0	18000.0	6445.3	Twitter	-1.760369	5.453150	49.077702	0.705949
87	Spectrogram 1	6	847.700	847.846	4000.0	18000.0	6445.3	Twitter	-1.815152	5.033559	46.970711	0.963303
88	Spectrogram 1	6	847.844	847.930	4000.0	18000.0	6250.0	Twitter	-0.577873	3.883988	47.653669	0.327587
89	Spectrogram 1	6	847.988	848.248	4000.0	18000.0	6250.0	Twitter	-0.523971	3.205367	56.251859	0.270430
90	Spectrogram 1	6	848.978	849.010	4000.0	18000.0	13671.9	Sd-peep	-1.235285	2.867045	32.515087	0.301870
91	Spectrogram 1	6	849.332	849.400	4000.0	18000.0	6445.3	Twitter	-1.724735	3.424257	36.870402	0.430084
92	Spectrogram 1	5	883.724	883.798	4000.0	18000.0	4687.5	Trill	0.536332	2.396899	57.164513	0.203397
93	Spectrogram 1	6	920.892	920.918	4000.0	18000.0	4687.5	Sd-peep	-0.901358	2.343134	30.554375	0.278210
94	Spectrogram 1	6	938.994	939.032	4000.0	18000.0	4687.5	Trill	-0.696353	3.415229	81.276572	0.251435
95	Spectrogram 1	6	941.034	941.096	4000.0	18000.0	6445.3	Twitter	-1.007094	3.272707	36.130685	0.229075
96	Spectrogram 1	6	941.460	941.546	4000.0	18000.0	6445.3	Twitter	-0.913865	3.181762	38.123842	0.312421
97	Spectrogram 1	5	941.604	941.660	4000.0	18000.0	7226.6	Twitter	0.784692	2.760049	40.581247	0.265170
98	Spectrogram 1	5	942.342	942.422	4000.0	18000.0	6250.0	Trill	0.476940	2.834602	58.612374	0.227297
99	Spectrogram 1	5	942.504	942.578	4000.0	18000.0	5859.4	Sd-peep	0.421730	2.772063	68.609320	0.216803
100	Spectrogram 1	5	942.672	942.716	4000.0	18000.0	6054.7	Trill	1.131147	3.006889	50.901800	0.549502
101	Spectrogram 1	6	945.942	946.016	4000.0	18000.0	4882.8	Trill	-2.039679	3.167764	32.731714	0.463474
102	Spectrogram 1	5	946.764	946.814	4000.0	18000.0	7031.2	Trill	3.632484	1.609927	49.803771	0.344211
103	Spectrogram 1	6	946.932	947.150	4000.0	18000.0	6054.7	Trill	-1.252613	2.715075	45.565651	0.332280
104	Spectrogram 1	6	949.488	949.532	4000.0	18000.0	5468.7	Twitter	-2.596677	4.062951	37.574677	0.491168
105	Spectrogram 1	6	949.530	949.592	4000.0	18000.0	7617.2	Twitter	-1.001605	2.693855	36.448501	0.289345
106	Spectrogram 1	6	949.830	949.850	4000.0	18000.0	7617.2	Sd-peep	-1.571101	2.982806	34.128401	0.265932
107	Spectrogram 1	6	1056.202	1056.258	4000.0	18000.0	11523.4	Trill	-0.880901	2.503328	32.116057	0.212052
108	Spectrogram 1	5	1061.800	1061.832	4000.0	18000.0	14257.8	Trill	1.282944	2.453974	38.134314	0.244172
109	Spectrogram 1	6	1092.226	1092.306	4000.0	18000.0	4296.9	Trill	-11.233626	14.776162	47.269953	4.010617
110	Spectrogram 1	6	1092.328	1092.366	4000.0	18000.0	4687.5	Trill	-12.007793	15.585953	41.274873	3.601527
111	Spectrogram 1	6	1093.084	1093.122	4000.0	18000.0	4492.2	Sd-peep	-11.341330	14.477440	30.771547	4.389571
112	Spectrogram 1	6	1093.624	1093.722	4000.0	18000.0	4492.2	Trill	-11.756785	15.066554	56.026231	6.103638
113	Spectrogram 1	6	1093.798	1093.866	4000.0	18000.0	4687.5	Twitter	-11.713073	14.993633	49.040218	5.864951
114	Spectrogram 1	6	1093.924	1093.992	4000.0	18000.0	4296.9	Twitter	-11.432948	14.939833	43.492244	3.712114
115	Spectrogram 1	6	1094.008	1094.034	4000.0	18000.0	4687.5	Trill	-11.653662	14.993914	28.953353	3.584409
116	Spectrogram 1	6	1094.062	1094.172	4000.0	18000.0	4296.9	Twitter	-11.435736	15.063498	42.656903	4.574147
117	Spectrogram 1	6	1094.182	1094.310	4000.0	18000.0	4687.5	Twitter	-11.655090	14.946735	45.931777	4.570696
118	Spectrogram 1	6	1094.314	1094.760	4000.0	18000.0	4492.2	Twitter	-11.669606	15.048584	51.662737	5.098064
119	Spectrogram 1	6	1094.818	1094.868	4000.0	18000.0	4492.2	Trill	-10.961904	14.395600	41.013328	4.824657
120	Spectrogram 1	6	1095.166	1095.282	4000.0	18000.0	4492.2	Trill	-11.563826	14.812586	61.539821	8.022734
121	Spectrogram 1	6	1097.260	1097.292	4000.0	18000.0	4492.2	Trill	-11.028540	14.450223	57.175561	3.177936
122	Spectrogram 1	6	1097.584	1097.652	4000.0	18000.0	4296.9	Trill	-11.741689	15.232605	46.600875	3.953917
123	Spectrogram 1	6	1099.720	1099.770	4000.0	18000.0	4687.5	Twitter	-11.527773	14.629884	33.490106	2.739781
124	Spectrogram 1	6	1100.006	1100.038	4000.0	18000.0	4296.9	Twitter	-11.270192	15.081016	34.470312	4.510248
125	Spectrogram 1	6	1100.234	1100.296	4000.0	18000.0	4492.2	Twitter	-11.102068	14.423570	37.084225	3.025374
126	Spectrogram 1	6	1100.360	1100.422	4000.0	18000.0	4492.2	Twitter	-11.113397	14.309884	32.254483	2.134832
127	Spectrogram 1	6	1100.492	1100.542	4000.0	18000.0	4296.9	Twitter	-11.502516	14.687555	32.697303	3.207561
128	Spectrogram 1	6	1100.552	1100.578	4000.0	18000.0	4492.2	Sd-peep	-11.719601	15.170047	28.106918	3.386724
129	Spectrogram 1	6	1100.612	1100.698	4000.0	18000.0	4492.2	Twitter	-11.589401	14.938472	36.358308	3.386995
130	Spectrogram 1	6	1100.876	1100.938	4000.0	18000.0	4687.5	Sd-peep	-11.827557	15.440611	35.990356	3.919657
131	Spectrogram 1	6	1100.996	1101.022	4000.0	18000.0	4687.5	Twitter	-11.070778	14.421136	27.469316	3.427570
132	Spectrogram 1	6	1101.032	1101.052	4000.0	18000.0	4687.5	Tse	-11.369621	14.874951	29.418732	1.870775
133	Spectrogram 1	6	1103.180	1103.206	4000.0	18000.0	4492.2	Sd-peep	-11.611959	14.301922	29.357670	2.861569
134	Spectrogram 1	6	1103.318	1103.344	4000.0	18000.0	4687.5	Tse	-12.229236	15.635453	31.053907	2.152539
135	Spectrogram 1	6	1103.384	1103.464	4000.0	18000.0	4296.9	Twitter	-11.014374	14.441422	36.858479	3.520710
136	Spectrogram 1	6	1103.498	1103.554	4000.0	18000.0	4492.2	Sd-peep	-11.166351	14.478861	34.980715	2.238531
137	Spectrogram 1	6	1104.758	1104.790	4000.0	18000.0	4296.9	Twitter	-11.616540	15.209968	34.258514	5.367004
138	Spectrogram 1	6	1104.842	1104.904	4000.0	18000.0	4687.5	Twitter	-12.004751	15.292749	47.436703	3.875983
139	Spectrogram 1	6	1104.920	1104.958	4000.0	18000.0	4687.5	Twitter	-12.321154	15.734697	32.553725	3.907489
140	Spectrogram 1	6	1104.986	1105.066	4000.0	18000.0	4492.2	Twitter	-10.503591	13.860943	41.498930	4.040786
141	Spectrogram 1	6	1105.064	1105.120	4000.0	18000.0	4492.2	Twitter	-10.909808	14.278571	33.193249	4.822762
142	Spectrogram 1	6	1105.124	1105.198	4000.0	18000.0	4296.9	Twitter	-10.579355	14.039507	41.236311	4.192477
143	Spectrogram 1	6	1105.220	1105.258	4000.0	18000.0	4492.2	Twitter	-11.882393	15.083903	30.325854	4.347257
144	Spectrogram 1	6	1105.268	1105.342	4000.0	18000.0	4687.5	Twitter	-11.635530	14.916258	42.810081	4.782339
145	Spectrogram 1	6	1105.340	1105.366	4000.0	18000.0	4492.2	Twitter	-11.170433	14.685779	28.502601	5.985810
146	Spectrogram 1	6	1105.364	1105.504	4000.0	18000.0	4296.9	Twitter	-11.500525	14.869908	39.062562	4.818109
147	Spectrogram 1	6	1105.514	1105.606	4000.0	18000.0	4687.5	Twitter	-11.240120	14.656009	41.931712	3.431478
148	Spectrogram 1	6	1105.658	1105.780	4000.0	18000.0	4296.9	Twitter	-10.726112	14.440562	47.792125	4.816734
149	Spectrogram 1	6	1105.790	1105.840	4000.0	18000.0	4296.9	Trill	-10.435359	13.510369	34.893349	2.721928
150	Spectrogram 1	6	1110.026	1110.070	4000.0	18000.0	4492.2	Trill	-11.659380	14.743535	53.562275	3.705949
151	Spectrogram 1	6	1116.704	1116.802	4000.0	18000.0	4492.2	Trill	-10.624470	14.055858	59.355284	7.800932
152	Spectrogram 1	6	1135.316	1135.348	4000.0	18000.0	7617.2	Sd-peep	-1.296936	2.524541	33.158472	0.308136
153	Spectrogram 1	6	1135.364	1135.882	4000.0	18000.0	6445.3	Twitter	-0.401696	3.315585	57.164775	0.217613
154	Spectrogram 1	6	1138.682	1138.768	4000.0	18000.0	4101.6	Trill	-0.781580	2.447642	42.137767	0.368046
155	Spectrogram 1	6	1139.774	1139.920	4000.0	18000.0	7226.6	Twitter	-0.572281	2.990215	44.894926	0.206001
156	Spectrogram 1	6	1139.918	1140.922	4000.0	18000.0	6835.9	Twitter	-0.561894	3.359427	51.189424	0.262266
157	Spectrogram 1	6	1141.844	1141.912	4000.0	18000.0	4101.6	Twitter	-0.869449	2.425112	44.356580	0.303415
158	Spectrogram 1	6	1141.964	1142.002	4000.0	18000.0	9375.0	Trill	-1.259152	2.563298	48.556822	0.459742
159	Spectrogram 1	6	1162.556	1164.556	4000.0	18000.0	8203.1	Phee	-2.443046	10.229763	104.758268	1.916950
160	Spectrogram 1	5	1165.640	1165.714	4000.0	18000.0	6445.3	Twitter	1.159329	6.042667	34.679986	0.496123
161	Spectrogram 1	6	1166.462	1166.614	4000.0	18000.0	7031.2	Trill	-2.544534	5.740526	42.391302	0.743843
162	Spectrogram 1	6	1166.816	1166.860	4000.0	18000.0	8203.1	Twitter	-1.921194	5.398179	34.642525	0.660117
163	Spectrogram 1	6	1167.080	1167.184	4000.0	18000.0	7812.5	Twitter	-0.922614	5.531573	35.154999	0.269643
164	Spectrogram 1	6	1167.200	1167.298	4000.0	18000.0	7617.2	Twitter	-0.922801	6.228293	37.130735	0.428309
165	Spectrogram 1	6	1167.314	1167.376	4000.0	18000.0	7617.2	Twitter	-3.572871	9.378755	40.552752	0.894924
166	Spectrogram 1	6	1167.422	1167.484	4000.0	18000.0	8398.4	Trill	-3.713857	7.558933	47.028545	1.299198
167	Spectrogram 1	6	1168.202	1169.860	4000.0	18000.0	8007.8	Phee	-0.972600	10.868014	73.274367	0.875828
168	Spectrogram 1	5	1170.332	1170.412	4000.0	18000.0	12109.4	Twitter	1.626546	4.357374	29.608260	0.525006
169	Spectrogram 1	5	1170.890	1170.922	4000.0	18000.0	6445.3	Twitter	1.289980	5.856745	27.516445	0.558998
170	Spectrogram 1	5	1171.016	1171.042	4000.0	18000.0	6250.0	Twitter	0.638374	6.410835	26.067973	0.348512
171	Spectrogram 1	5	1172.102	1172.230	4000.0	18000.0	7226.6	Twitter	1.847998	3.278432	35.893255	0.364143
172	Spectrogram 1	6	1172.234	1172.782	4000.0	18000.0	6640.6	Twitter	-0.851788	5.012936	37.437950	0.268547
173	Spectrogram 1	6	1173.494	1173.526	4000.0	18000.0	9179.7	Trill	-0.825907	2.789444	41.518271	0.233098
174	Spectrogram 1	6	1175.102	1176.736	4000.0	18000.0	7226.6	Phee	-1.896386	12.861866	98.657063	1.897367
175	Spectrogram 1	5	1178.756	1178.884	4000.0	18000.0	6640.6	Twitter	1.023823	4.556619	34.011648	0.309646
176	Spectrogram 1	6	1179.080	1179.106	4000.0	18000.0	6250.0	Twitter	-0.400299	6.817915	26.348732	0.242182
177	Spectrogram 1	5	1179.314	1179.424	4000.0	18000.0	6445.3	Twitter	1.279682	8.470844	32.638903	0.576516
178	Spectrogram 1	5	1179.422	1179.682	4000.0	18000.0	6054.7	Twitter	0.581594	5.069478	40.914785	0.269430
179	Spectrogram 1	6	1183.844	1183.906	4000.0	18000.0	7226.6	Trill	-7.075733	12.671597	38.920525	1.900882
180	Spectrogram 1	5	1198.694	1198.840	4000.0	18000.0	4101.6	Trill	0.990757	2.728776	43.906572	0.218660
181	Spectrogram 1	5	1214.922	1214.996	4000.0	18000.0	13476.6	Trill	0.942574	2.475676	34.645811	0.324106
182	Spectrogram 1	5	1227.252	1227.362	4000.0	18000.0	6445.3	Twitter	1.606413	12.124797	67.484388	1.773658
183	Spectrogram 1	6	1227.390	1227.668	4000.0	18000.0	7031.2	Twitter	-1.207932	8.906140	52.841238	1.050445
184	Spectrogram 1	6	1251.066	1251.140	4000.0	18000.0	8007.8	Trill	-3.669029	6.208610	41.821273	0.650656
185	Spectrogram 1	5	1258.446	1258.886	4000.0	18000.0	4296.9	Trill	1.591148	3.142554	57.005000	0.552292
186	Spectrogram 1	5	1263.138	1263.176	4000.0	18000.0	9765.6	Trill	0.673438	2.277292	73.138730	0.252651
187	Spectrogram 1	6	1285.020	1285.346	4000.0	18000.0	5468.7	Trill	-0.735567	2.494525	52.377067	0.274490
188	Spectrogram 1	6	1298.880	1298.960	4000.0	18000.0	7421.9	Trill	-0.967154	2.433758	59.377080	0.257814
189	Spectrogram 1	6	1350.346	1350.438	4000.0	18000.0	4687.5	Trill	-11.941628	15.309163	64.388608	8.364464
190	Spectrogram 1	6	1364.926	1365.036	4000.0	18000.0	4492.2	Trill	-12.391062	15.541454	55.125105	6.768383
191	Spectrogram 1	6	1365.466	1365.744	4000.0	18000.0	4687.5	Trill	-12.551202	15.847151	62.159836	6.888661
192	Spectrogram 1	6	1366.894	1367.256	4000.0	18000.0	4492.2	Trill	-12.226652	15.665651	48.226340	5.345800
193	Spectrogram 1	6	1368.364	1368.564	4000.0	18000.0	4492.2	Trill	-12.664643	16.075245	59.414462	6.078337
194	Spectrogram 1	6	1368.628	1368.744	4000.0	18000.0	4687.5	Twitter	-12.709461	16.232389	49.775148	4.925371
195	Spectrogram 1	6	1368.790	1368.930	4000.0	18000.0	4492.2	Twitter	-12.290794	15.606345	45.803002	3.775492
196	Spectrogram 1	6	1368.952	1369.800	4000.0	18000.0	4296.9	Twitter	-12.095783	15.512786	54.403611	4.795578
197	Spectrogram 1	6	1370.452	1370.502	4000.0	18000.0	4492.2	Sd-peep	-11.402197	14.757238	43.215200	2.506497
198	Spectrogram 1	6	1372.234	1372.416	4000.0	18000.0	4687.5	Trill	-11.842561	15.363054	43.432216	2.270504
199	Spectrogram 1	6	1372.480	1372.524	4000.0	18000.0	4687.5	P-peep	-12.235777	15.353682	51.443773	3.817849
200	Spectrogram 1	6	1374.064	1374.180	4000.0	18000.0	4492.2	Trill	-11.531795	14.742445	65.281819	7.395223
201	Spectrogram 1	6	1375.402	1375.854	4000.0	18000.0	4687.5	Trill	-12.403582	15.679121	53.320696	5.807539
202	Spectrogram 1	6	1376.278	1376.406	4000.0	18000.0	4492.2	Twitter	-12.265237	15.707357	40.733132	4.993817
203	Spectrogram 1	6	1376.434	1376.514	4000.0	18000.0	4687.5	Twitter	-12.381622	15.624873	38.520800	4.565254
204	Spectrogram 1	6	1376.566	1376.664	4000.0	18000.0	4687.5	Twitter	-11.804294	15.287105	43.899070	5.549525
205	Spectrogram 1	6	1376.680	1376.760	4000.0	18000.0	4687.5	Trill	-12.101664	15.643926	54.074905	7.192473
206	Spectrogram 1	6	1380.586	1380.624	4000.0	18000.0	4687.5	Trill	-13.424520	16.608597	42.686910	3.653227
207	Spectrogram 1	6	1385.398	1385.490	4000.0	18000.0	4687.5	Trill	-12.552835	15.794792	50.525654	5.908172
208	Spectrogram 1	6	1386.700	1386.840	4000.0	18000.0	4492.2	Trill	-12.136562	15.466336	48.650510	3.175676
209	Spectrogram 1	6	1387.138	1387.224	4000.0	18000.0	4492.2	Trill	-12.049207	15.432215	63.891588	4.801054
210	Spectrogram 1	6	1387.318	1387.362	4000.0	18000.0	4687.5	Trill	-12.241846	15.714685	48.716432	3.733626
211	Spectrogram 1	6	1393.822	1393.884	4000.0	18000.0	4882.8	Sd-peep	-12.127110	15.664520	36.668580	2.374181
212	Spectrogram 1	6	1412.660	1413.052	4000.0	18000.0	4882.8	Trill	-12.774675	16.096876	67.389078	6.802994
213	Spectrogram 1	6	1430.108	1430.626	4000.0	18000.0	4882.8	Trill	-12.376041	15.785434	65.144283	7.007657
214	Spectrogram 1	6	1435.646	1435.684	4000.0	18000.0	4687.5	Sd-peep	-12.454838	16.098777	31.229179	2.746539
215	Spectrogram 1	6	1449.830	1449.892	4000.0	18000.0	4492.2	Trill	-11.497951	15.250350	37.855796	2.276195
216	Spectrogram 1	6	1473.602	1473.904	4000.0	18000.0	4687.5	Trill	-12.327484	15.682153	61.460819	6.945388
217	Spectrogram 1	6	1474.640	1474.702	4000.0	18000.0	4687.5	Sd-peep	-12.202373	15.879685	65.443740	7.113208
218	Spectrogram 1	6	1476.122	1476.232	4000.0	18000.0	4687.5	Trill	-12.346981	15.670460	53.566683	4.709299
219	Spectrogram 1	6	1476.890	1476.934	4000.0	18000.0	4492.2	Sd-peep	-13.004586	16.292936	43.042777	2.793658
220	Spectrogram 1	6	1477.004	1477.036	4000.0	18000.0	4882.8	P-peep	-12.884177	15.716921	40.942148	2.212933
221	Spectrogram 1	6	1486.760	1486.840	4000.0	18000.0	4687.5	P-peep	-12.030116	15.611527	43.145962	5.001718
222	Spectrogram 1	6	1524.984	1528.634	4000.0	18000.0	16992.2	Twitter	-11.456393	15.376617	29.986864	2.013042
223	Spectrogram 1	6	1528.686	1528.754	4000.0	18000.0	4687.5	Twitter	-12.150882	15.513117	30.494002	3.321098
224	Spectrogram 1	6	1528.758	1528.784	4000.0	18000.0	4882.8	Tse	-12.742759	16.037309	28.300100	2.176421
225	Spectrogram 1	6	1528.890	1528.928	4000.0	18000.0	4687.5	Twitter	-12.001182	15.395186	31.247127	4.173856
226	Spectrogram 1	6	1529.022	1529.048	4000.0	18000.0	4882.8	Twitter	-12.221326	15.575754	27.527068	4.080767
227	Spectrogram 1	6	1529.046	1529.078	4000.0	18000.0	5273.4	Twitter	-12.739020	16.662593	29.089548	3.105486
228	Spectrogram 1	6	1529.184	1529.216	4000.0	18000.0	4687.5	Twitter	-10.608623	13.663015	30.350464	3.898087
229	Spectrogram 1	6	1529.616	1529.684	4000.0	18000.0	7421.9	Twitter	-3.573335	10.260885	31.635884	0.926206
230	Spectrogram 1	6	1529.742	1529.774	4000.0	18000.0	7617.2	Twitter	-5.410747	14.801856	26.695436	1.810338
231	Spectrogram 1	6	1533.420	1533.440	4000.0	18000.0	6835.9	Twitter	-2.437395	4.460419	27.200914	0.650366
232	Spectrogram 1	5	1536.426	1536.476	4000.0	18000.0	6445.3	Twitter	0.997906	3.698512	31.560602	0.330467
233	Spectrogram 1	6	1548.414	1548.458	4000.0	18000.0	8203.1	Trill	-3.152089	4.718259	37.643189	0.709094
234	Spectrogram 1	5	1556.418	1556.450	4000.0	18000.0	7812.5	Trill	7.185327	8.886862	30.522288	2.526728
235	Spectrogram 1	6	1560.612	1560.686	4000.0	18000.0	6835.9	Twitter	-0.947182	5.236335	41.181867	0.210722
236	Spectrogram 1	6	1564.260	1564.328	4000.0	18000.0	5078.1	Twitter	-0.610108	2.394225	31.201770	0.225020
237	Spectrogram 1	6	1565.670	1565.738	4000.0	18000.0	6445.3	Twitter	-0.885183	4.665144	51.382643	0.435238
238	Spectrogram 1	6	1567.782	1567.814	4000.0	18000.0	4492.2	Sd-peep	-3.441494	4.191758	29.779599	0.668088
239	Spectrogram 1	5	1571.256	1571.306	4000.0	18000.0	12695.3	Trill	0.689543	2.720662	32.100456	0.251449
240	Spectrogram 1	6	1581.102	1581.128	4000.0	18000.0	4492.2	Tse	-0.962574	2.763843	40.196383	0.283223
241	Spectrogram 1	6	1581.456	1581.518	4000.0	18000.0	5468.7	Trill	-1.174846	2.681919	47.546843	0.209199
242	Spectrogram 1	6	1586.334	1586.408	4000.0	18000.0	8007.8	Sd-peep	-0.846357	2.464108	47.215435	0.316439
243	Spectrogram 1	6	1587.822	1587.890	4000.0	18000.0	5859.4	Trill	-3.322785	4.266972	74.870560	1.573938
244	Spectrogram 1	6	1588.050	1588.136	4000.0	18000.0	6835.9	Trill	-0.802673	2.706951	121.215417	0.479904
245	Spectrogram 1	6	1589.538	1589.660	4000.0	18000.0	4101.6	Trill	-0.729262	2.586115	40.159096	0.208488
246	Spectrogram 1	6	1589.748	1589.798	4000.0	18000.0	7812.5	Trill	-2.266272	3.902769	29.174943	0.372214
247	Spectrogram 1	5	1591.278	1591.310	4000.0	18000.0	4687.5	Twitter	0.744712	2.405799	34.624942	0.200234
248	Spectrogram 1	6	1591.800	1591.928	4000.0	18000.0	6640.6	Twitter	-0.930975	5.101400	35.577653	0.240483
249	Spectrogram 1	6	1604.848	1604.928	4000.0	18000.0	6445.3	Trill	-5.913188	8.124167	36.340281	1.548159
250	Spectrogram 1	6	1630.330	1630.362	4000.0	18000.0	9179.7	Trill	-1.021345	2.714456	41.702081	0.252176
251	Spectrogram 1	6	1631.764	1631.832	4000.0	18000.0	4492.2	Sd-peep	-1.547396	2.480785	47.988430	0.705249
252	Spectrogram 1	6	1633.672	1633.704	4000.0	18000.0	6250.0	Trill	-1.110207	2.596324	28.804028	0.437940
253	Spectrogram 1	6	1639.102	1639.176	4000.0	18000.0	8398.4	Twitter	-0.589170	2.472290	54.876666	0.250420
254	Spectrogram 1	5	1713.038	1713.106	4000.0	18000.0	5078.1	P-peep	1.522962	2.835953	28.406892	0.438005
255	Spectrogram 1	6	1725.722	1725.790	4000.0	18000.0	4296.9	Sd-peep	-1.036835	2.621654	29.691447	0.276575
256	Spectrogram 1	6	1742.642	1742.692	4000.0	18000.0	4492.2	Trill	-1.309793	2.748893	30.420667	0.267727
257	Spectrogram 1	6	1745.096	1745.164	4000.0	18000.0	6250.0	Trill	-1.021870	2.628988	53.202940	0.393231
258	Spectrogram 1	6	1747.586	1747.720	4000.0	18000.0	7226.6	Twitter	-1.103160	3.597324	47.762632	0.211369
259	Spectrogram 1	6	1749.026	1749.046	4000.0	18000.0	5078.1	Twitter	-2.364944	3.654574	31.990327	0.430259
260	Spectrogram 1	5	1818.828	1818.884	4000.0	18000.0	16601.6	Trill	1.413973	3.003741	47.831112	0.485347
261	Spectrogram 1	5	1828.050	1828.124	4000.0	18000.0	4101.6	Sd-peep	0.836843	2.502023	54.126919	0.257551
262	Spectrogram 1	5	1828.656	1828.736	4000.0	18000.0	5468.7	Sd-peep	0.788525	2.425132	43.637003	0.207878
263	Spectrogram 1	6	1865.520	1865.558	4000.0	18000.0	6445.3	Twitter	-0.537455	2.425848	30.945463	0.213300
264	Spectrogram 1	5	1920.190	1921.722	4000.0	18000.0	7031.2	Twitter	0.857905	8.974733	50.612523	0.620292
265	Spectrogram 1	6	1924.120	1924.200	4000.0	18000.0	6640.6	Trill	-3.602268	4.528460	51.670506	0.743735
266	Spectrogram 1	6	1924.768	1924.926	4000.0	18000.0	4687.5	Twitter	-1.622818	2.898207	40.682962	0.205995
267	Spectrogram 1	6	1924.924	1926.108	4000.0	18000.0	7031.2	Twitter	-2.148093	5.832546	45.879856	0.870070
268	Spectrogram 1	5	1927.072	1927.128	4000.0	18000.0	17968.7	Twitter	1.317517	2.959284	34.553016	0.245584
269	Spectrogram 1	5	1927.300	1927.362	4000.0	18000.0	6054.7	Twitter	1.169901	3.519894	33.958521	0.260073
270	Spectrogram 1	5	1929.502	1929.834	4000.0	18000.0	4492.2	Trill	1.591061	3.916634	46.083798	0.748618
271	Spectrogram 1	5	1930.588	1930.842	4000.0	18000.0	4101.6	Twitter	0.631896	3.310658	43.869016	0.236218
272	Spectrogram 1	6	1930.978	1931.178	4000.0	18000.0	6835.9	Twitter	-0.738379	3.696427	38.579658	0.336272
273	Spectrogram 1	6	1931.368	1931.478	4000.0	18000.0	7031.2	Twitter	-0.515308	3.842488	40.473253	0.307185
274	Spectrogram 1	5	1931.662	1931.748	4000.0	18000.0	6640.6	Twitter	0.422986	3.956433	38.901433	0.246408
275	Spectrogram 1	6	1931.782	1931.880	4000.0	18000.0	6640.6	Twitter	-0.435217	3.354961	41.820782	0.221988
276	Spectrogram 1	6	1931.884	1931.916	4000.0	18000.0	5468.7	Twitter	-2.728683	3.775427	29.763473	0.922681
277	Spectrogram 1	6	1931.920	1932.048	4000.0	18000.0	4882.8	Twitter	-0.990342	3.484816	43.079459	0.484468
278	Spectrogram 1	6	1932.046	1932.162	4000.0	18000.0	6835.9	Twitter	-0.675704	2.686996	53.273737	0.320586
279	Spectrogram 1	6	1934.644	1934.730	4000.0	18000.0	7031.2	Twitter	-0.512327	3.796944	32.511749	0.204571
280	Spectrogram 1	6	1935.004	1935.330	4000.0	18000.0	6835.9	Twitter	-0.657778	3.134817	50.571624	0.270454
281	Spectrogram 1	6	1936.306	1936.356	4000.0	18000.0	8007.8	Twitter	-4.066804	7.506126	39.318372	1.007935
282	Spectrogram 1	6	1938.268	1938.312	4000.0	18000.0	8203.1	Trill	-0.747218	2.328782	33.844906	0.309664
283	Spectrogram 1	5	1939.156	1939.188	4000.0	18000.0	12500.0	Trill	0.729028	2.614969	30.275885	0.216220
284	Spectrogram 1	5	1939.612	1939.638	4000.0	18000.0	4296.9	Tse	1.365201	3.100370	30.440354	0.445776
285	Spectrogram 1	6	1940.194	1940.238	4000.0	18000.0	7812.5	Twitter	-0.883446	2.424894	35.988090	0.229945
286	Spectrogram 1	6	1941.154	1942.248	4000.0	18000.0	6445.3	Twitter	-0.936080	5.563790	37.232467	0.366522
287	Spectrogram 1	6	1943.044	1943.076	4000.0	18000.0	7226.6	Twitter	-1.800587	3.264460	30.622750	0.596550
288	Spectrogram 1	6	1943.212	1943.244	4000.0	18000.0	6835.9	Twitter	-1.192876	2.906120	28.256245	0.326040
289	Spectrogram 1	6	1949.656	1950.168	4000.0	18000.0	6835.9	Trill	-0.923569	3.059031	57.249974	0.296687
290	Spectrogram 1	6	1951.060	1951.170	4000.0	18000.0	5664.1	Twitter	-1.216311	3.262761	67.352014	0.520503
291	Spectrogram 1	6	1955.218	1955.592	4000.0	18000.0	7031.2	Twitter	-1.074775	4.733737	45.927339	0.248858
292	Spectrogram 1	6	1966.834	1967.088	4000.0	18000.0	4296.9	Trill	-1.377664	3.036324	42.949191	0.655552
293	Spectrogram 1	6	1973.854	1973.910	4000.0	18000.0	5468.7	P-peep	-1.002147	2.573513	35.445350	0.202125
294	Spectrogram 1	6	1976.512	1976.556	4000.0	18000.0	10742.2	P-peep	-1.177370	2.550572	49.494356	0.343131
295	Spectrogram 1	6	1981.000	1981.032	4000.0	18000.0	17773.4	P-peep	-0.997517	2.552270	46.856265	0.462271
296	Spectrogram 1	5	2003.174	2003.212	4000.0	18000.0	6835.9	Sd-peep	2.107348	6.856647	41.232431	1.100485
297	Spectrogram 1	5	2003.408	2003.488	4000.0	18000.0	8007.8	Trill	0.785751	4.857358	39.996944	0.202943
298	Spectrogram 1	6	2007.962	2008.018	4000.0	18000.0	7226.6	Twitter	-1.352781	3.152354	36.399763	0.388382
299	Spectrogram 1	6	2012.102	2012.206	4000.0	18000.0	4882.8	Sd-peep	-2.120691	3.266791	33.472855	0.608294
300	Spectrogram 1	5	2055.662	2055.754	4000.0	18000.0	6445.3	Twitter	0.976366	3.072893	55.215181	0.381000
301	Spectrogram 1	5	2055.938	2055.988	4000.0	18000.0	17187.5	Trill	0.777731	2.432817	49.447154	0.365151
302	Spectrogram 1	6	2060.120	2060.398	4000.0	18000.0	6640.6	Twitter	-0.823883	4.948783	35.985778	0.356888
303	Spectrogram 1	6	2060.420	2060.542	4000.0	18000.0	6445.3	Twitter	-1.348382	5.206031	34.208521	0.636651
304	Spectrogram 1	6	2060.552	2060.662	4000.0	18000.0	6445.3	Twitter	-0.711263	5.583896	35.192245	0.356104
305	Spectrogram 1	6	2060.696	2060.806	4000.0	18000.0	6445.3	Twitter	-1.378751	6.121548	39.086605	0.722196
306	Spectrogram 1	6	2060.816	2061.046	4000.0	18000.0	6445.3	Twitter	-0.982021	3.742746	47.933110	0.405812
307	Spectrogram 1	5	2062.148	2062.180	4000.0	18000.0	4492.2	Twitter	3.101936	1.540812	30.388652	0.481282
308	Spectrogram 1	5	2062.268	2062.300	4000.0	18000.0	13671.9	Twitter	2.606065	1.974562	30.067520	0.535525
309	Spectrogram 1	5	2062.394	2062.420	4000.0	18000.0	6250.0	Twitter	2.251700	1.652140	28.433989	0.321979
310	Spectrogram 1	6	2064.302	2064.430	4000.0	18000.0	4882.8	Trill	-0.504903	2.490266	39.671281	0.243005
311	Spectrogram 1	6	2091.986	2092.150	4000.0	18000.0	6640.6	Trill	-1.394686	2.968769	79.057573	0.771943
312	Spectrogram 1	6	2094.152	2094.448	4000.0	18000.0	6640.6	Trill	-0.882218	2.689917	45.280176	0.236923
313	Spectrogram 1	6	2140.560	2140.598	4000.0	18000.0	5078.1	P-peep	-13.100662	16.677904	40.325321	2.728669
314	Spectrogram 1	6	2153.268	2153.342	4000.0	18000.0	4687.5	Trillphee	-13.184863	16.255435	43.487068	5.464837
315	Spectrogram 1	6	2178.384	2178.704	4000.0	18000.0	4882.8	Trill	-12.769243	16.266106	47.879050	5.756060
316	Spectrogram 1	6	2182.266	2182.346	4000.0	18000.0	4882.8	Trill	-12.806839	16.251961	41.655692	4.570895
317	Spectrogram 1	6	2193.918	2193.986	4000.0	18000.0	4687.5	Trill	-12.827735	15.955499	38.046939	4.501454
318	Spectrogram 1	6	2195.952	2196.074	4000.0	18000.0	4882.8	Trill	-12.142989	15.759275	48.383167	6.702889
319	Spectrogram 1	6	2207.782	2208.216	4000.0	18000.0	5078.1	Trill	-12.808655	16.026812	51.831888	6.170313
320	Spectrogram 1	6	2210.056	2210.106	4000.0	18000.0	5078.1	Trill	-13.436731	16.868269	35.416046	5.313420
321	Spectrogram 1	6	2210.206	2210.550	4000.0	18000.0	5078.1	Trill	-11.147988	14.432803	49.374873	4.752374
322	Spectrogram 1	6	2210.626	2210.664	4000.0	18000.0	4687.5	Trill	-11.553673	14.848770	36.575866	4.846017
323	Spectrogram 1	6	2213.014	2213.094	4000.0	18000.0	4687.5	Trill	-12.563364	16.278672	36.170160	4.426127
324	Spectrogram 1	6	2213.116	2213.160	4000.0	18000.0	4687.5	Trill	-12.870495	16.262202	31.337927	5.025718
325	Spectrogram 1	6	2224.894	2225.220	4000.0	18000.0	4882.8	Trill	-12.708528	16.232762	55.470215	6.500887
326	Spectrogram 1	6	2238.214	2238.318	4000.0	18000.0	4687.5	Trillphee	-12.838574	16.147210	54.442461	3.041404
327	Spectrogram 1	6	2251.228	2251.266	4000.0	18000.0	4882.8	Trillphee	-13.880963	17.390422	43.633529	3.285733
328	Spectrogram 1	6	2276.164	2276.202	4000.0	18000.0	4687.5	Sd-peep	-13.062624	17.165797	60.304427	9.551726
329	Spectrogram 1	6	2277.394	2277.426	4000.0	18000.0	4882.8	Trill	-13.876729	17.108857	40.143253	2.442485
330	Spectrogram 1	6	2277.454	2277.492	4000.0	18000.0	4882.8	Trill	-13.269679	16.496492	40.587664	2.930502
331	Spectrogram 1	6	2281.246	2281.344	4000.0	18000.0	4882.8	Trill	-13.376724	16.568534	48.422138	7.655456
332	Spectrogram 1	6	2351.996	2352.304	4000.0	18000.0	5078.1	Trill	-11.204214	14.719652	41.772546	3.383808
333	Spectrogram 1	6	2358.296	2358.340	4000.0	18000.0	5273.4	Trill	-12.673545	15.836580	87.421089	8.260982
334	Spectrogram 1	6	2363.138	2363.254	4000.0	18000.0	4492.2	Trill	-13.094163	16.460127	74.347332	10.714890
335	Spectrogram 1	6	2371.580	2372.026	4000.0	18000.0	5078.1	Trill	-13.243152	16.741522	49.451510	3.848375
336	Spectrogram 1	6	2386.094	2386.126	4000.0	18000.0	5078.1	Twitter	-15.058492	17.814154	149.977710	7.317533
337	Spectrogram 1	6	2386.766	2386.810	4000.0	18000.0	4687.5	Trill	-11.764642	14.640226	45.763003	5.386666
338	Spectrogram 1	6	2387.204	2387.290	4000.0	18000.0	4882.8	Trill	-13.428230	16.796588	43.929074	3.377509
339	Spectrogram 1	6	2387.714	2388.172	4000.0	18000.0	4882.8	Trill	-13.548950	16.981087	69.371604	6.954867
340	Spectrogram 1	6	2389.568	2389.636	4000.0	18000.0	4882.8	Trill	-13.025413	16.504022	31.464648	4.509385
341	Spectrogram 1	6	2389.976	2390.434	4000.0	18000.0	4882.8	Trill	-12.866720	16.440186	46.830090	7.302164
342	Spectrogram 1	6	2392.286	2392.390	4000.0	18000.0	4882.8	P-peep	-13.168458	16.396849	34.397836	3.121331
343	Spectrogram 1	6	2392.466	2392.528	4000.0	18000.0	4492.2	Twitter	-13.070557	16.700823	38.358257	4.613537
344	Spectrogram 1	6	2392.532	2392.600	4000.0	18000.0	16796.9	Twitter	-12.495919	17.582906	34.153729	4.350887
345	Spectrogram 1	6	2392.616	2392.720	4000.0	18000.0	17187.5	Twitter	-11.771117	15.768170	40.633142	4.579239
346	Spectrogram 1	6	2392.760	2392.894	4000.0	18000.0	4882.8	Twitter	-12.882569	16.531696	41.018059	4.117035
347	Spectrogram 1	6	2392.892	2393.008	4000.0	18000.0	5078.1	Twitter	-12.944774	16.530880	42.617244	4.522250
348	Spectrogram 1	6	2393.030	2393.146	4000.0	18000.0	4687.5	Twitter	-13.184821	16.656733	44.411401	4.664269
349	Spectrogram 1	6	2393.162	2393.284	4000.0	18000.0	5078.1	Twitter	-13.185139	16.798499	41.965496	4.482946
350	Spectrogram 1	6	2393.288	2393.410	4000.0	18000.0	4882.8	Twitter	-12.956872	16.399973	46.552977	4.885592
351	Spectrogram 1	6	2393.408	2393.650	4000.0	18000.0	5078.1	Trill	-12.291292	15.885280	48.943660	4.474074
352	Spectrogram 1	6	2393.678	2393.740	4000.0	18000.0	5273.4	Twitter	-13.599902	17.063092	59.284009	6.562126
353	Spectrogram 1	6	2393.804	2393.926	4000.0	18000.0	4882.8	Sd-peep	-13.511106	16.918173	47.630291	3.914545
354	Spectrogram 1	6	2394.062	2394.310	4000.0	18000.0	4687.5	Twitter	-13.408540	16.692834	40.598841	6.092988
355	Spectrogram 1	6	2394.308	2394.442	4000.0	18000.0	4882.8	Twitter	-13.345828	16.758681	48.368925	6.680373
356	Spectrogram 1	6	2394.446	2394.532	4000.0	18000.0	5078.1	Twitter	-13.002758	16.396111	57.196185	7.524526
357	Spectrogram 1	6	2394.578	2394.622	4000.0	18000.0	4882.8	Trill	-12.496109	16.217669	44.885614	5.203749
358	Spectrogram 1	6	2398.286	2398.330	4000.0	18000.0	4882.8	Trill	-13.165588	16.708428	39.131705	3.342032
359	Spectrogram 1	6	2408.268	2408.330	4000.0	18000.0	4687.5	P-peep	-12.164091	15.932912	39.931423	2.121008
360	Spectrogram 1	6	2421.678	2422.934	4000.0	18000.0	17578.1	Twitter	-11.949649	16.352716	38.249561	3.991255
361	Spectrogram 1	6	2423.748	2423.774	4000.0	18000.0	4882.8	Tse	-13.595497	17.158093	30.023382	3.462804
362	Spectrogram 1	6	2426.520	2426.618	4000.0	18000.0	5078.1	Trill	-13.486812	16.879039	41.688257	4.758952
363	Spectrogram 1	6	2426.976	2427.362	4000.0	18000.0	4882.8	Trill	-13.426923	16.800808	44.915363	5.689874
364	Spectrogram 1	6	2428.974	2429.072	4000.0	18000.0	4882.8	Twitter	-13.676370	17.122407	51.885622	2.476831
365	Spectrogram 1	6	2429.106	2429.186	4000.0	18000.0	4882.8	Twitter	-13.408149	16.728445	40.013414	5.596037
366	Spectrogram 1	6	2429.190	2429.234	4000.0	18000.0	4882.8	Twitter	-12.610625	15.999706	28.929596	5.652008
367	Spectrogram 1	6	2429.238	2429.354	4000.0	18000.0	4687.5	Twitter	-13.475108	16.963815	41.373767	5.499465
368	Spectrogram 1	6	2429.370	2429.600	4000.0	18000.0	4882.8	Twitter	-12.817059	16.554942	49.535629	5.616844
369	Spectrogram 1	6	2429.634	2429.672	4000.0	18000.0	4882.8	Trill	-13.091609	16.196493	43.102106	5.787205
370	Spectrogram 1	6	2430.240	2430.590	4000.0	18000.0	4882.8	Trill	-13.141784	16.955684	51.554644	5.710130
371	Spectrogram 1	6	2431.614	2431.712	4000.0	18000.0	5078.1	Twitter	-12.872660	16.584711	60.732419	2.580325
372	Spectrogram 1	6	2431.770	2431.910	4000.0	18000.0	4882.8	Twitter	-12.840574	16.258988	39.670263	5.036060
373	Spectrogram 1	6	2431.926	2432.060	4000.0	18000.0	4687.5	Twitter	-12.219146	15.612185	41.097820	4.793745
374	Spectrogram 1	6	2432.082	2432.366	4000.0	18000.0	16015.6	Twitter	-11.241236	14.736035	38.617936	4.820935
375	Spectrogram 1	6	2432.376	2433.044	4000.0	18000.0	16015.6	Twitter	-12.751357	16.310806	52.340822	6.393220
376	Spectrogram 1	6	2437.434	2437.454	4000.0	18000.0	4882.8	Twitter	-13.519650	17.240343	30.689181	2.927588
377	Spectrogram 1	6	2437.812	2437.838	4000.0	18000.0	4492.2	Twitter	-12.931143	15.669112	28.156471	2.834952
378	Spectrogram 1	6	2438.028	2438.054	4000.0	18000.0	4882.8	Twitter	-13.637820	16.637763	31.811210	3.252477
379	Spectrogram 1	6	2438.892	2438.966	4000.0	18000.0	4882.8	Trill	-12.978802	16.376215	33.600994	3.899349
380	Spectrogram 1	6	2439.036	2439.110	4000.0	18000.0	4882.8	Twitter	-13.029246	16.540676	38.745020	3.485702
381	Spectrogram 1	6	2439.192	2440.370	4000.0	18000.0	5078.1	Twitter	-12.337945	15.981627	38.871143	4.011688
382	Spectrogram 1	6	2440.380	2440.400	4000.0	18000.0	4687.5	Sd-peep	-11.980561	15.225376	34.724783	4.624352
383	Spectrogram 1	6	2449.092	2449.220	4000.0	18000.0	4687.5	Trill	-13.392343	16.750022	54.446647	3.229583
384	Spectrogram 1	6	2449.422	2449.496	4000.0	18000.0	4687.5	P-peep	-13.089548	16.002679	40.157578	3.215119
385	Spectrogram 1	6	2450.298	2451.026	4000.0	18000.0	5078.1	Twitter	-12.709577	16.334239	45.022495	4.771843
386	Spectrogram 1	6	2451.024	2451.128	4000.0	18000.0	4687.5	Twitter	-12.959554	16.476452	53.471260	5.736865
387	Spectrogram 1	6	2451.174	2451.320	4000.0	18000.0	5078.1	Twitter	-11.149411	14.808486	42.637297	4.707278
388	Spectrogram 1	6	2451.318	2451.404	4000.0	18000.0	4882.8	Twitter	-12.944956	16.426747	70.145318	6.351902
389	Spectrogram 1	6	2452.398	2452.466	4000.0	18000.0	8593.7	Trill	-1.636573	4.216327	35.921727	0.323665
390	Spectrogram 1	6	2453.754	2453.990	4000.0	18000.0	7031.2	Twitter	-1.591455	4.448330	37.316559	0.342419
391	Spectrogram 1	6	2453.988	2454.374	4000.0	18000.0	6640.6	Twitter	-1.413893	3.978009	45.739686	0.336795
392	Spectrogram 1	6	2457.636	2457.662	4000.0	18000.0	10156.2	Twitter	-2.462238	4.846509	35.140734	1.060575
393	Spectrogram 1	6	2457.870	2457.902	4000.0	18000.0	8789.1	Trillphee	-1.053990	4.233230	39.847395	0.329411
394	Spectrogram 1	6	2466.936	2467.052	4000.0	18000.0	6835.9	Trill	-6.103627	11.243077	38.880764	2.192166
395	Spectrogram 1	6	2467.122	2467.268	4000.0	18000.0	7617.2	Trill	-4.056304	6.983205	39.795062	0.972140
396	Spectrogram 1	5	2541.442	2541.492	4000.0	18000.0	4492.2	Twitter	0.838092	2.555462	31.874840	0.250193
397	Spectrogram 1	5	2541.568	2541.606	4000.0	18000.0	10937.5	Twitter	0.889597	2.737582	33.821137	0.201834
398	Spectrogram 1	6	2541.694	2541.720	4000.0	18000.0	9570.3	Twitter	-0.879651	2.682471	28.591038	0.215653
399	Spectrogram 1	5	2542.984	2543.028	4000.0	18000.0	4296.9	Twitter	1.023211	2.519482	51.694356	0.289587
400	Spectrogram 1	5	2616.512	2616.628	4000.0	18000.0	4101.6	Twitter	0.704029	3.174029	51.591291	0.349639
401	Spectrogram 1	5	2616.914	2617.024	4000.0	18000.0	4492.2	Twitter	1.210341	2.603465	65.942638	0.533954
402	Spectrogram 1	6	2617.058	2617.126	4000.0	18000.0	4296.9	Twitter	-0.673158	2.580283	62.797533	0.345414
403	Spectrogram 1	6	2628.752	2628.784	4000.0	18000.0	13867.2	Twitter	-1.295702	2.804606	46.197100	0.641202
404	Spectrogram 1	5	2629.994	2630.068	4000.0	18000.0	7421.9	Trill	1.503138	4.927801	43.509955	0.523849
405	Spectrogram 1	6	2645.930	2646.040	4000.0	18000.0	6835.9	Twitter	-0.747356	3.405893	40.874611	0.300657
406	Spectrogram 1	6	2646.062	2646.196	4000.0	18000.0	6835.9	Twitter	-0.889451	3.399613	41.166464	0.333428
407	Spectrogram 1	5	2646.950	2647.048	4000.0	18000.0	6054.7	Trill	0.504278	2.496426	51.705911	0.215934
408	Spectrogram 1	6	2647.742	2648.014	4000.0	18000.0	6250.0	Twitter	-1.324969	3.647154	50.802995	0.504291
409	Spectrogram 1	6	2648.036	2648.140	4000.0	18000.0	6250.0	Twitter	-1.517103	3.443466	58.727064	0.486893
410	Spectrogram 1	6	2648.420	2648.494	4000.0	18000.0	6250.0	Twitter	-1.856759	3.507579	35.925214	0.473522
411	Spectrogram 1	6	2649.032	2649.064	4000.0	18000.0	6250.0	Twitter	-1.019146	3.122387	26.727036	0.338594
412	Spectrogram 1	6	2661.086	2661.460	4000.0	18000.0	6835.9	Twitter	-3.273605	5.532756	47.742185	0.542394
413	Spectrogram 1	6	2661.458	2661.580	4000.0	18000.0	4882.8	Trill	-1.823986	3.368913	43.817686	0.478366
414	Spectrogram 1	5	2669.390	2669.416	4000.0	18000.0	12109.4	Twitter	1.446453	2.795558	28.374230	0.388436
415	Spectrogram 1	6	2669.636	2669.662	4000.0	18000.0	5078.1	Twitter	-1.145775	3.033297	28.949552	0.316546
416	Spectrogram 1	5	2673.788	2673.844	4000.0	18000.0	11132.8	Trill	1.719973	3.112321	66.167485	0.302698
417	Spectrogram 1	6	2678.450	2678.518	4000.0	18000.0	7421.9	Trill	-1.472082	3.533057	76.282710	0.847000
418	Spectrogram 1	6	2680.466	2680.552	4000.0	18000.0	4296.9	Trill	-0.441169	2.477101	56.672218	0.282139
419	Spectrogram 1	6	2685.704	2685.784	4000.0	18000.0	7421.9	Trill	-2.703618	4.989438	32.643364	0.510776
420	Spectrogram 1	6	2690.942	2691.130	4000.0	18000.0	4101.6	Trill	-0.979560	2.689127	45.590288	0.230350
421	Spectrogram 1	6	2694.404	2694.772	4000.0	18000.0	7617.2	Trill	-0.473832	2.432475	75.514537	0.282049
422	Spectrogram 1	6	2695.226	2695.276	4000.0	18000.0	5078.1	Twitter	-0.767761	2.575508	40.409137	0.202504
423	Spectrogram 1	5	2695.496	2695.576	4000.0	18000.0	6835.9	Twitter	2.050765	3.420622	43.832311	0.924952
424	Spectrogram 1	5	2698.484	2698.870	4000.0	18000.0	5273.4	Trill	1.131410	2.899148	46.776392	0.447756
425	Spectrogram 1	5	2723.406	2723.480	4000.0	18000.0	4101.6	Trill	0.558306	2.590381	46.688621	0.347168
426	Spectrogram 1	6	2733.024	2733.224	4000.0	18000.0	4882.8	Trill	-13.053687	16.495823	51.796306	5.713018
427	Spectrogram 1	6	2733.552	2733.968	4000.0	18000.0	5273.4	Trill	-12.389046	15.843728	51.259415	5.070775
428	Spectrogram 1	6	2739.744	2740.010	4000.0	18000.0	7617.2	Trill	-1.515437	3.356567	52.428271	0.637401
429	Spectrogram 1	5	2750.862	2751.044	4000.0	18000.0	6835.9	Trill	10.630293	12.301612	43.222608	2.957603
430	Spectrogram 1	6	2768.406	2768.486	4000.0	18000.0	14843.7	Trill	-1.008502	2.335057	37.415603	0.351946
431	Spectrogram 1	5	2772.036	2772.248	4000.0	18000.0	7812.5	Phee	0.894978	2.641641	68.237416	0.232519
432	Spectrogram 1	6	2775.672	2775.728	4000.0	18000.0	10937.5	Trill	-1.132096	2.619824	68.701861	0.293532
433	Spectrogram 1	6	2775.972	2776.040	4000.0	18000.0	6835.9	Trill	-1.527918	2.373809	69.224237	0.311782
434	Spectrogram 1	5	2780.382	2781.536	4000.0	18000.0	8007.8	Phee	0.365830	5.015947	119.510515	0.284881
435	Spectrogram 1	5	2782.590	2782.706	4000.0	18000.0	7226.6	Twitter	1.624940	1.448339	41.892084	0.304581
436	Spectrogram 1	5	2782.746	2782.856	4000.0	18000.0	6835.9	Twitter	2.189737	1.790667	43.363928	0.566463
437	Spectrogram 1	5	2783.292	2783.414	4000.0	18000.0	6835.9	Twitter	1.995869	1.528514	45.085633	0.406301
438	Spectrogram 1	6	2783.718	2783.888	4000.0	18000.0	7812.5	Trill	-1.120810	2.826788	49.953320	0.542450
439	Spectrogram 1	5	2783.946	2784.038	4000.0	18000.0	4492.2	Trill	2.094975	3.548160	56.898075	1.118282
440	Spectrogram 1	5	2786.748	2789.018	4000.0	18000.0	8007.8	Phee	1.300958	9.119330	74.286006	0.463889
441	Spectrogram 1	5	2789.136	2789.198	4000.0	18000.0	6640.6	Twitter	0.972557	3.541962	30.657072	0.362143
442	Spectrogram 1	5	2789.460	2789.492	4000.0	18000.0	7031.2	Twitter	2.895291	7.976279	26.617962	0.809441
443	Spectrogram 1	5	2789.526	2789.558	4000.0	18000.0	7031.2	Twitter	0.497478	3.237445	29.403643	0.241703
444	Spectrogram 1	6	2789.688	2789.714	4000.0	18000.0	6835.9	Twitter	-1.193868	3.538247	30.060213	0.300567
445	Spectrogram 1	5	2789.766	2789.798	4000.0	18000.0	6835.9	Twitter	2.481114	8.627850	27.298325	1.226213
446	Spectrogram 1	5	2789.832	2789.876	4000.0	18000.0	6445.3	Twitter	1.117313	4.088487	30.114367	0.243629
447	Spectrogram 1	6	2789.922	2789.960	4000.0	18000.0	6640.6	Twitter	-0.577287	7.544849	28.171802	0.406772
448	Spectrogram 1	5	2789.958	2790.020	4000.0	18000.0	6640.6	Twitter	2.768520	6.988920	28.570999	1.340618
449	Spectrogram 1	5	2790.078	2790.158	4000.0	18000.0	6445.3	Twitter	1.216121	7.551662	27.977147	0.804207
450	Spectrogram 1	5	2790.192	2790.332	4000.0	18000.0	6250.0	Twitter	1.044233	6.935311	29.623387	0.321916
451	Spectrogram 1	5	2790.378	2790.464	4000.0	18000.0	6445.3	Twitter	1.286743	5.585383	29.543180	0.504310
452	Spectrogram 1	5	2792.496	2792.606	4000.0	18000.0	6835.9	Twitter	1.004876	3.136951	37.932954	0.298832
453	Spectrogram 1	5	2792.628	2792.978	4000.0	18000.0	6640.6	Twitter	0.750418	3.565747	44.446597	0.280083
454	Spectrogram 1	6	2793.972	2794.034	4000.0	18000.0	5664.1	Twitter	-2.306359	3.603570	33.006891	0.408452
455	Spectrogram 1	5	2794.218	2794.322	4000.0	18000.0	6640.6	Twitter	1.169649	2.945472	35.984312	0.207618
456	Spectrogram 1	5	2794.716	2794.760	4000.0	18000.0	4101.6	Trill	1.927118	3.391774	35.423357	0.311921
457	Spectrogram 1	5	2797.290	2797.376	4000.0	18000.0	7031.2	Twitter	1.115211	3.061363	40.918674	0.333796
458	Spectrogram 1	5	2797.404	2797.472	4000.0	18000.0	6640.6	Twitter	0.766698	3.128118	41.911535	0.218105
459	Spectrogram 1	5	2797.620	2797.682	4000.0	18000.0	6250.0	Twitter	0.612588	2.644083	39.232164	0.203788
460	Spectrogram 1	5	2799.096	2799.146	4000.0	18000.0	7226.6	Twitter	0.305055	6.135785	29.938706	0.216289
461	Spectrogram 1	5	2799.222	2799.296	4000.0	18000.0	6835.9	Twitter	1.167979	6.245212	32.096322	0.654881
462	Spectrogram 1	5	2799.366	2799.434	4000.0	18000.0	6835.9	Twitter	1.422838	6.977848	31.013189	0.924705
463	Spectrogram 1	5	2799.450	2799.476	4000.0	18000.0	6835.9	Twitter	0.356134	5.272998	26.412817	0.223631
464	Spectrogram 1	5	2799.492	2799.566	4000.0	18000.0	7031.2	Twitter	1.211726	7.597782	31.574195	0.845603
465	Spectrogram 1	5	2799.618	2799.704	4000.0	18000.0	6835.9	Twitter	1.846682	7.617963	30.874337	1.228895
466	Spectrogram 1	5	2799.750	2799.836	4000.0	18000.0	6835.9	Twitter	1.307971	7.564017	33.009149	1.009896
467	Spectrogram 1	5	2799.882	2799.974	4000.0	18000.0	6835.9	Twitter	1.752648	8.099427	32.472865	1.170864
468	Spectrogram 1	5	2800.726	2800.860	4000.0	18000.0	9765.6	Twitter	2.044472	7.383392	41.797566	0.913880
469	Spectrogram 1	5	2800.888	2800.980	4000.0	18000.0	7226.6	Twitter	5.573123	12.674595	32.464900	2.605416
470	Spectrogram 1	5	2801.050	2801.130	4000.0	18000.0	7226.6	Twitter	7.867243	15.561817	30.711163	3.032232
471	Spectrogram 1	5	2801.224	2801.274	4000.0	18000.0	7031.2	Twitter	13.306809	22.492302	30.317299	4.358424
472	Spectrogram 1	5	2801.332	2801.418	4000.0	18000.0	7031.2	Twitter	8.240032	16.128574	29.358203	3.067509
473	Spectrogram 1	6	2801.440	2801.460	4000.0	18000.0	7031.2	Twitter	-3.306387	9.183164	29.404971	1.545655
474	Spectrogram 1	5	2801.482	2801.562	4000.0	18000.0	7031.2	Twitter	9.893053	17.852328	30.544072	3.590712
475	Spectrogram 1	6	2801.572	2801.622	4000.0	18000.0	6250.0	Twitter	-2.339794	5.951698	29.408770	0.635214
476	Spectrogram 1	5	2801.620	2801.898	4000.0	18000.0	6835.9	Twitter	7.625340	13.976870	38.412166	3.128205
477	Spectrogram 1	5	2801.920	2802.108	4000.0	18000.0	6835.9	Twitter	5.658651	10.760860	48.237366	2.664590
478	Spectrogram 1	5	2802.142	2802.222	4000.0	18000.0	7617.2	Trill	3.285732	6.068558	43.741850	1.157024
479	Spectrogram 1	6	2802.352	2802.396	4000.0	18000.0	9960.9	Trill	-1.222757	2.704450	38.216189	0.311574
480	Spectrogram 1	6	2803.318	2803.350	4000.0	18000.0	17968.7	Twitter	-0.833573	2.641925	33.233565	0.251610
481	Spectrogram 1	5	2805.106	2805.378	4000.0	18000.0	4687.5	Trill	0.580402	2.450142	42.078412	0.222028
482	Spectrogram 1	5	2806.720	2806.764	4000.0	18000.0	7421.9	Twitter	1.016515	2.486099	39.799059	0.464453
483	Spectrogram 1	5	2806.966	2807.028	4000.0	18000.0	7421.9	Twitter	0.792667	3.097941	40.203710	0.341373
484	Spectrogram 1	6	2807.248	2807.280	4000.0	18000.0	4296.9	Sd-peep	-4.742649	4.696054	35.729563	0.743662
485	Spectrogram 1	6	2807.530	2807.556	4000.0	18000.0	5468.7	Tse	-1.002973	2.913162	30.610808	0.260279
486	Spectrogram 1	6	2815.600	2815.656	4000.0	18000.0	6054.7	Trill	-1.884739	1.898746	36.340255	0.295107
487	Spectrogram 1	6	2823.844	2823.942	4000.0	18000.0	7226.6	Trill	-3.216693	2.703698	67.492813	0.728168
488	Spectrogram 1	6	2823.964	2824.080	4000.0	18000.0	5664.1	Trill	-3.073549	3.311185	71.596581	0.391156
489	Spectrogram 1	6	2827.708	2827.890	4000.0	18000.0	8789.1	Trillphee	-2.398701	5.466893	54.163796	0.489074
490	Spectrogram 1	6	2827.954	2828.184	4000.0	18000.0	9375.0	Phee	-1.839047	4.447899	57.587125	0.351221
491	Spectrogram 1	6	2828.206	2828.310	4000.0	18000.0	9570.3	Trill	-2.709054	3.410446	39.547378	0.602340
492	Spectrogram 1	5	2844.454	2844.750	4000.0	18000.0	6835.9	Trill	3.748161	5.390259	53.344756	1.734569
493	Spectrogram 1	5	2844.826	2844.894	4000.0	18000.0	6445.3	Trill	12.082331	14.367264	29.673956	4.174918
494	Spectrogram 1	5	2850.244	2850.390	4000.0	18000.0	7421.9	Twitter	0.547479	3.060634	42.380399	0.208090
495	Spectrogram 1	5	2850.694	2850.828	4000.0	18000.0	6835.9	Twitter	0.450730	3.266370	41.285809	0.226606
496	Spectrogram 1	5	2850.838	2851.062	4000.0	18000.0	4101.6	Twitter	1.169871	3.294842	49.576313	0.591800
497	Spectrogram 1	6	2852.182	2852.508	4000.0	18000.0	7226.6	Trill	-0.773975	2.509132	58.516336	0.271217
498	Spectrogram 1	5	2856.400	2856.810	4000.0	18000.0	4101.6	Trill	1.247961	2.694472	32.046315	0.268921
499	Spectrogram 1	5	2872.726	2872.800	4000.0	18000.0	4296.9	Trill	5.285066	1.990416	35.004247	0.416330
500	Spectrogram 1	5	2903.966	2904.040	4000.0	18000.0	8007.8	Trill	1.710398	3.496704	93.192159	1.043140
501	Spectrogram 1	5	2928.488	2928.586	4000.0	18000.0	4101.6	Trill	3.103986	4.845891	53.984792	1.660007
502	Spectrogram 1	6	2935.994	2936.050	4000.0	18000.0	7812.5	Trill	-0.806782	2.876715	49.308827	0.342572
503	Spectrogram 1	5	2950.940	2950.978	4000.0	18000.0	4687.5	Trill	4.630799	1.432512	34.878757	0.732870
504	Spectrogram 1	5	2971.898	2971.996	4000.0	18000.0	4882.8	Trill	0.802516	2.601931	42.754039	0.417799
505	Spectrogram 1	6	2991.680	2991.784	4000.0	18000.0	6835.9	Twitter	-0.608205	3.420015	38.985003	0.236175
506	Spectrogram 1	6	2991.812	2992.192	4000.0	18000.0	6640.6	Twitter	-0.840449	3.650646	39.859514	0.345386
507	Spectrogram 1	6	2992.202	2992.318	4000.0	18000.0	6640.6	Twitter	-0.675615	3.155727	44.072904	0.277953
508	Spectrogram 1	6	2993.198	2993.296	4000.0	18000.0	4687.5	Twitter	-0.906514	2.541869	44.123300	0.297548
509	Spectrogram 1	5	3000.744	3000.776	4000.0	18000.0	7812.5	Twitter	2.365564	3.712394	32.869462	0.759856
510	Spectrogram 1	5	3000.840	3000.884	4000.0	18000.0	4687.5	Twitter	1.807513	3.244225	32.543515	0.511557
511	Spectrogram 1	5	3005.028	3005.132	4000.0	18000.0	4101.6	Twitter	5.409313	5.622341	44.022567	1.564331
512	Spectrogram 1	5	3005.172	3005.306	4000.0	18000.0	4296.9	Twitter	3.270907	4.887289	44.102275	1.373325
513	Spectrogram 1	5	3005.310	3005.438	4000.0	18000.0	7031.2	Twitter	1.842174	3.842675	47.979937	0.715991
514	Spectrogram 1	5	3005.442	3005.582	4000.0	18000.0	7031.2	Twitter	1.765177	3.816085	49.293479	0.692426
515	Spectrogram 1	5	3005.592	3005.732	4000.0	18000.0	4492.2	Twitter	3.721872	5.063596	52.748719	1.408024
516	Spectrogram 1	5	3005.730	3005.846	4000.0	18000.0	5468.7	Twitter	2.369619	3.631963	51.232138	0.851507
517	Spectrogram 1	5	3005.850	3006.110	4000.0	18000.0	5078.1	Twitter	3.011442	4.318041	50.017659	0.928754
518	Spectrogram 1	5	3045.978	3046.022	4000.0	18000.0	4101.6	Trill	3.898408	1.580973	29.788902	0.830825
519	Spectrogram 1	6	3054.222	3054.272	4000.0	18000.0	6640.6	Sd-peep	-1.934100	2.719679	37.259700	0.920263
520	Spectrogram 1	6	3055.224	3055.268	4000.0	18000.0	4101.6	Trill	-1.110852	2.483664	34.156364	0.305259
521	Spectrogram 1	6	3067.218	3067.448	4000.0	18000.0	7812.5	Trill	-0.552520	2.514041	48.963382	0.205569
522	Spectrogram 1	5	3109.294	3109.326	4000.0	18000.0	4882.8	Trill	4.532909	3.928265	39.874161	1.079272
523	Spectrogram 1	5	3109.888	3110.082	4000.0	18000.0	4492.2	Trill	3.256784	4.630968	54.195556	1.259213
524	Spectrogram 1	5	3110.734	3110.796	4000.0	18000.0	4296.9	Sd-peep	0.776943	2.612820	51.428518	0.204270
525	Spectrogram 1	5	3120.334	3120.456	4000.0	18000.0	7031.2	Trill	11.183801	11.403915	50.761927	5.926852
526	Spectrogram 1	5	3120.508	3120.618	4000.0	18000.0	6250.0	Trill	6.848620	8.748071	41.631791	2.719549
527	Spectrogram 1	5	3138.592	3138.702	4000.0	18000.0	6835.9	Twitter	0.879824	2.767661	36.397102	0.250056
528	Spectrogram 1	6	3138.976	3139.008	4000.0	18000.0	5468.7	Twitter	-0.970653	2.907638	30.013339	0.324617
529	Spectrogram 1	6	3139.450	3139.566	4000.0	18000.0	4101.6	Twitter	-1.213796	3.098419	44.287693	0.426144
530	Spectrogram 1	6	3142.108	3142.494	4000.0	18000.0	5273.4	Trill	-0.966309	2.720798	51.788880	0.382910
531	Spectrogram 1	5	3143.296	3143.418	4000.0	18000.0	6640.6	Twitter	0.740541	2.917455	50.635593	0.240210
532	Spectrogram 1	6	3143.524	3143.550	4000.0	18000.0	6835.9	Twitter	-5.369743	1.207977	36.551233	0.547512
533	Spectrogram 1	6	3143.578	3143.694	4000.0	18000.0	6250.0	Twitter	-0.795420	1.950475	54.627315	0.240089
534	Spectrogram 1	6	3152.614	3152.718	4000.0	18000.0	14843.7	Trill	-0.999293	2.654614	39.882571	0.344847
535	Spectrogram 1	6	3152.746	3152.802	4000.0	18000.0	4492.2	Trill	-0.891906	2.715974	35.218469	0.284241
536	Spectrogram 1	5	3184.876	3185.124	4000.0	18000.0	6250.0	Twitter	1.794084	4.084939	65.922010	0.598119
537	Spectrogram 1	5	3185.122	3185.316	4000.0	18000.0	7031.2	Twitter	0.705796	2.611106	44.919074	0.273995
538	Spectrogram 1	5	3187.456	3188.028	4000.0	18000.0	7031.2	Twitter	1.298592	3.880164	49.663241	0.530791
539	Spectrogram 1	5	3188.026	3188.142	4000.0	18000.0	7031.2	Twitter	1.766172	4.238121	54.864388	0.654761
540	Spectrogram 1	5	3188.152	3188.268	4000.0	18000.0	6835.9	Twitter	1.259249	3.515466	53.304603	0.431519
541	Spectrogram 1	6	3216.512	3216.946	4000.0	18000.0	6640.6	Trill	-0.728624	2.630510	57.494983	0.280135
542	Spectrogram 1	6	3223.142	3223.540	4000.0	18000.0	5468.7	Trill	-0.664180	2.440024	52.004563	0.277948
543	Spectrogram 1	5	3229.112	3229.162	4000.0	18000.0	4296.9	Trill	3.389444	3.446923	39.525523	0.639412
544	Spectrogram 1	6	3266.978	3267.046	4000.0	18000.0	5468.7	Sd-peep	-1.038532	2.638718	53.440989	0.290830
545	Spectrogram 1	5	3268.496	3268.546	4000.0	18000.0	4296.9	Trill	1.303556	2.957844	39.827078	0.227080
546	Spectrogram 1	5	3268.730	3268.780	4000.0	18000.0	14648.4	Trill	0.636736	2.608422	39.628415	0.202499
547	Spectrogram 1	5	3270.116	3270.352	4000.0	18000.0	6250.0	Trill	4.302752	16.693260	57.455752	3.889178
548	Spectrogram 1	5	3270.374	3270.568	4000.0	18000.0	7812.5	Trill	3.917429	6.701396	47.525635	1.524101
549	Spectrogram 1	5	3270.614	3271.630	4000.0	18000.0	7812.5	Trill	3.498175	10.978245	55.392451	1.875749
550	Spectrogram 1	6	3271.652	3271.714	4000.0	18000.0	7617.2	Trill	-2.633746	13.392805	38.139223	0.901958
551	Spectrogram 1	5	3274.112	3274.198	4000.0	18000.0	5468.7	Twitter	1.054542	2.510982	40.809879	0.270111
552	Spectrogram 1	6	3274.376	3274.462	4000.0	18000.0	4882.8	Trill	-1.225792	2.969723	36.925436	0.422839
553	Spectrogram 1	6	3275.384	3275.416	4000.0	18000.0	12695.3	Trill	-1.574916	2.965382	41.845489	0.571124
554	Spectrogram 1	5	3276.296	3276.334	4000.0	18000.0	8984.4	Sd-peep	0.846616	2.436779	32.593436	0.246089
555	Spectrogram 1	6	3276.812	3276.892	4000.0	18000.0	4882.8	Twitter	-1.356872	2.997343	30.755481	0.206290
556	Spectrogram 1	5	3280.304	3280.402	4000.0	18000.0	6835.9	Twitter	0.899753	3.010383	42.921303	0.382936
557	Spectrogram 1	5	3280.418	3280.576	4000.0	18000.0	7812.5	Twitter	1.208818	2.914629	38.481397	0.446481
558	Spectrogram 1	5	3280.574	3280.708	4000.0	18000.0	7421.9	Twitter	0.697072	2.519803	44.778142	0.220840
559	Spectrogram 1	5	3285.176	3285.250	4000.0	18000.0	4296.9	Trill	0.944411	2.547739	40.332736	0.230159
560	Spectrogram 1	5	3285.488	3285.772	4000.0	18000.0	4101.6	Twitter	0.950876	3.664277	37.619558	0.214559
561	Spectrogram 1	5	3285.770	3285.916	4000.0	18000.0	6445.3	Twitter	1.415523	3.923828	37.010850	0.245620
562	Spectrogram 1	6	3286.490	3286.528	4000.0	18000.0	11328.1	Sd-peep	-0.761774	2.517340	38.035340	0.286197
563	Spectrogram 1	5	3288.866	3288.898	4000.0	18000.0	4101.6	Twitter	2.307408	3.344219	30.490492	0.454904
564	Spectrogram 1	5	3318.144	3318.188	4000.0	18000.0	4882.8	P-peep	2.687028	3.180509	37.107967	0.320924
565	Spectrogram 1	5	3345.810	3345.860	4000.0	18000.0	6835.9	Sd-peep	1.698163	3.232267	37.579916	0.453670
566	Spectrogram 1	6	3346.320	3346.358	4000.0	18000.0	5273.4	P-peep	-0.949686	2.538854	30.983012	0.258003
567	Spectrogram 1	6	3357.132	3357.188	4000.0	18000.0	4101.6	Trill	-0.694708	2.305625	56.038700	0.201644
568	Spectrogram 1	6	3371.208	3371.234	4000.0	18000.0	8789.1	Trill	-0.969567	2.611198	31.218481	0.271125
569	Spectrogram 1	5	3371.742	3371.792	4000.0	18000.0	4101.6	Twitter	2.745793	2.988386	34.476013	0.376598
570	Spectrogram 1	6	3392.676	3392.732	4000.0	18000.0	4687.5	Trillphee	-1.134898	2.636833	44.238054	0.238464
571	Spectrogram 1	6	3404.464	3404.508	4000.0	18000.0	15820.3	Sd-peep	-1.656051	2.550786	35.143912	0.359852
572	Spectrogram 1	5	3423.472	3423.570	4000.0	18000.0	4882.8	Trill	0.470040	2.444731	51.160625	0.214116
573	Spectrogram 1	5	3435.412	3435.678	4000.0	18000.0	4101.6	Trill	1.350359	3.013603	50.263553	0.535001
574	Spectrogram 1	6	3436.846	3436.878	4000.0	18000.0	16210.9	Tse	-1.650112	2.976038	33.844818	0.475663
575	Spectrogram 1	6	3441.136	3441.246	4000.0	18000.0	8593.7	Trill	-1.390066	2.775025	43.207284	0.375005
576	Spectrogram 1	5	3444.808	3444.864	4000.0	18000.0	4296.9	Sd-peep	0.989627	1.150825	31.146585	0.231630
577	Spectrogram 1	6	3452.002	3452.100	4000.0	18000.0	4492.2	Twitter	-1.203030	2.850728	36.484015	0.201502
578	Spectrogram 1	6	3455.548	3455.586	4000.0	18000.0	4687.5	Sd-peep	-2.295933	3.692820	42.021477	0.961288
579	Spectrogram 1	6	3456.448	3456.576	4000.0	18000.0	7617.2	Twitter	-1.722663	3.624393	54.873214	0.798361
580	Spectrogram 1	6	3456.604	3456.828	4000.0	18000.0	7421.9	Trill	-1.916268	3.912785	38.957909	0.786963
581	Spectrogram 1	6	3463.690	3463.806	4000.0	18000.0	4296.9	P-peep	-2.955714	4.306905	46.105677	0.884228
582	Spectrogram 1	6	3463.960	3464.010	4000.0	18000.0	6250.0	Trill	-0.873312	2.442517	40.212848	0.200382
583	Spectrogram 1	6	3466.228	3466.266	4000.0	18000.0	6250.0	Twitter	-1.095057	2.911041	28.341587	0.322488
584	Spectrogram 1	6	3466.276	3466.308	4000.0	18000.0	6445.3	Sd-peep	-1.966488	3.154661	30.990824	0.441153
585	Spectrogram 1	6	3467.104	3467.154	4000.0	18000.0	8203.1	Twitter	-1.529532	2.827849	32.340253	0.336747
586	Spectrogram 1	6	3467.206	3467.274	4000.0	18000.0	5468.7	Sd-peep	-1.063633	2.947307	29.256608	0.224654
587	Spectrogram 1	6	3467.704	3467.748	4000.0	18000.0	6835.9	Twitter	-0.712061	2.612160	34.725553	0.222219
588	Spectrogram 1	6	3467.968	3468.018	4000.0	18000.0	12304.7	Sd-peep	-1.596601	3.127166	39.996343	0.520459
589	Spectrogram 1	6	3468.202	3468.402	4000.0	18000.0	5664.1	Trill	-1.082269	2.729475	33.333388	0.245208
590	Spectrogram 1	6	3475.480	3475.566	4000.0	18000.0	4492.2	Trillphee	-1.009765	2.663362	53.122184	0.221377
591	Spectrogram 1	5	3485.320	3485.406	4000.0	18000.0	8007.8	P-peep	0.973211	3.014099	52.640933	0.254358
592	Spectrogram 1	5	3485.428	3485.478	4000.0	18000.0	7031.2	Trill	2.073150	2.101059	57.963982	0.672248
593	Spectrogram 1	6	3486.340	3486.726	4000.0	18000.0	5664.1	Trill	-1.135379	1.942528	40.682305	0.225717
594	Spectrogram 1	5	3488.500	3488.586	4000.0	18000.0	6054.7	Sd-peep	1.151384	3.033746	32.987109	0.316171
595	Spectrogram 1	5	3489.718	3489.894	4000.0	18000.0	4687.5	Sd-peep	1.818890	3.067761	31.565284	0.303749
596	Spectrogram 1	6	3490.336	3490.404	4000.0	18000.0	4492.2	Sd-peep	-1.213546	2.203512	33.946136	0.288179
597	Spectrogram 1	6	3492.928	3492.996	4000.0	18000.0	4687.5	Trillphee	-1.203649	2.986334	45.515035	0.287911
598	Spectrogram 1	5	3499.762	3499.818	4000.0	18000.0	7812.5	Sd-peep	2.313226	3.566955	31.362142	0.560875
599	Spectrogram 1	1	19.686	19.796	4000.0	18000.0	7421.9	Trill	6.297565	8.372975	50.862444	3.231114
600	Spectrogram 1	1	188.632	189.006	4000.0	18000.0	7812.5	Trill	6.116600	8.308626	55.866470	3.451193
601	Spectrogram 1	1	307.135	307.460	4000.0	18000.0	7421.9	Trill	5.345493	7.860085	46.969512	2.645215
603	Spectrogram 1	1	488.878	489.048	4000.0	18000.0	7421.9	Trill	5.782184	10.542150	61.995955	3.600643
605	Spectrogram 1	1	526.802	527.068	4000.0	18000.0	8007.8	Trill	6.353482	8.288355	55.500088	3.522528
606	Spectrogram 1	1	534.122	534.442	4000.0	18000.0	8203.1	Trill	4.920401	7.567752	52.272141	2.788781
607	Spectrogram 1	1	577.982	578.044	4000.0	18000.0	7226.6	Trill	8.086150	10.273583	96.691968	5.807179
608	Spectrogram 1	1	578.468	578.734	4000.0	18000.0	8007.8	Phee	17.107021	23.831400	228.248148	12.168303
609	Spectrogram 1	1	578.930	579.520	4000.0	18000.0	8203.1	Phee	16.259482	21.721464	182.725135	11.088653
610	Spectrogram 1	1	632.688	632.768	4000.0	18000.0	10937.5	Twitter	11.002962	24.618517	102.184122	7.198066
611	Spectrogram 1	1	632.802	632.894	4000.0	18000.0	8203.1	Twitter	8.048377	15.879030	57.077201	4.217712
612	Spectrogram 1	1	632.922	632.996	4000.0	18000.0	7812.5	Twitter	7.656163	15.823446	56.766860	4.065296
613	Spectrogram 1	1	633.042	633.152	4000.0	18000.0	7617.2	Twitter	6.165033	15.476631	50.511134	3.162328
614	Spectrogram 1	1	633.162	633.266	4000.0	18000.0	7226.6	Twitter	6.410636	16.114327	50.319866	3.235546
615	Spectrogram 1	1	633.276	633.344	4000.0	18000.0	7226.6	Twitter	10.767874	20.063592	57.118994	5.053129
616	Spectrogram 1	1	633.384	633.494	4000.0	18000.0	7226.6	Twitter	7.550291	15.086674	55.380883	3.945739
617	Spectrogram 1	1	633.492	633.596	4000.0	18000.0	7226.6	Twitter	8.041395	14.919786	59.149031	4.336584
618	Spectrogram 1	1	633.594	633.686	4000.0	18000.0	7421.9	Twitter	11.129206	16.854581	96.729869	7.070406
619	Spectrogram 1	1	633.696	633.746	4000.0	18000.0	7812.5	Trill	8.439204	10.867389	83.102877	5.541972
620	Spectrogram 1	1	633.804	633.848	4000.0	18000.0	7226.6	Trill	8.474084	9.434473	85.439734	5.636511
621	Spectrogram 1	1	639.018	639.068	4000.0	18000.0	8203.1	Trill	4.629424	4.394032	33.300531	1.150996
622	Spectrogram 1	1	858.956	859.066	4000.0	18000.0	8203.1	Trillphee	7.933339	14.710878	76.840827	5.105383
623	Spectrogram 1	1	914.124	914.372	4000.0	18000.0	8007.8	Trill	7.459731	15.710453	109.998840	5.830573
624	Spectrogram 1	1	914.418	914.588	4000.0	18000.0	8203.1	Trillphee	7.427480	16.676148	99.979448	5.579284
625	Spectrogram 1	1	915.654	916.052	4000.0	18000.0	8789.1	Trillphee	10.196389	20.102289	137.465919	7.739779
626	Spectrogram 1	1	1464.608	1464.688	4000.0	18000.0	5664.1	Trill	6.002574	7.105790	33.588851	1.435225
627	Spectrogram 1	1	1485.272	1485.334	4000.0	18000.0	5664.1	Sd-peep	7.416248	8.115876	29.018896	0.429585
628	Spectrogram 1	1	1485.362	1485.448	4000.0	18000.0	5859.4	Sd-peep	6.580376	7.431879	34.024537	1.606041
629	Spectrogram 1	1	1824.540	1825.100	4000.0	18000.0	8398.4	Phee	11.527761	20.375161	164.774441	8.861183
630	Spectrogram 1	1	1825.164	1826.480	4000.0	18000.0	8203.1	Phee	13.409663	28.067426	220.591245	10.566427
631	Spectrogram 1	1	1854.300	1854.356	4000.0	18000.0	8593.7	Trill	9.073934	9.721434	30.309035	0.981544
632	Spectrogram 1	1	1855.152	1855.190	4000.0	18000.0	5468.7	Twitter	8.273480	7.943865	34.544224	1.969685
633	Spectrogram 1	1	1871.034	1871.090	4000.0	18000.0	5859.4	Trill	7.178435	5.571934	30.797327	0.982470
634	Spectrogram 1	1	1913.278	1913.352	4000.0	18000.0	8398.4	Trill	8.598721	12.037940	96.494587	6.033422
635	Spectrogram 1	1	1913.518	1914.132	4000.0	18000.0	8398.4	Trillphee	8.927010	16.783879	133.402257	7.054685
636	Spectrogram 1	1	1953.310	1953.768	4000.0	18000.0	7421.9	Trill	7.126638	12.509169	71.846831	4.576332
637	Spectrogram 1	1	1955.896	1956.024	4000.0	18000.0	6054.7	Sd-peep	4.661431	8.349496	32.573312	1.045200
638	Spectrogram 1	1	1962.994	1963.074	4000.0	18000.0	5664.1	Sd-peep	5.326902	7.096305	29.293926	0.423102
639	Spectrogram 1	1	2104.278	2104.316	4000.0	18000.0	9570.3	Sd-peep	6.842554	6.626753	30.561995	0.888369
640	Spectrogram 1	1	2175.888	2175.932	4000.0	18000.0	7812.5	Trill	4.305549	3.833624	28.070595	0.022619
641	Spectrogram 1	1	2184.864	2184.932	4000.0	18000.0	7812.5	Sd-peep	8.974221	7.858937	28.338808	0.173927
642	Spectrogram 1	1	2237.524	2237.580	4000.0	18000.0	8203.1	Trill	5.747169	12.016758	63.855354	3.661495
643	Spectrogram 1	1	2237.800	2238.000	4000.0	18000.0	8203.1	Trillphee	6.768782	18.938224	97.562574	5.187964
644	Spectrogram 1	1	2273.248	2273.292	4000.0	18000.0	5664.1	Trill	7.188508	7.090095	36.121516	2.056189
645	Spectrogram 1	1	2474.598	2474.642	4000.0	18000.0	5664.1	Sd-peep	8.540904	8.951841	28.290514	0.145386
646	Spectrogram 1	1	2485.578	2485.634	4000.0	18000.0	5468.7	Sd-peep	5.556313	5.273460	29.876783	0.598377
647	Spectrogram 1	1	2487.234	2487.284	4000.0	18000.0	5664.1	Trill	7.175252	8.452722	30.732861	0.964530
648	Spectrogram 1	1	2557.552	2557.584	4000.0	18000.0	6054.7	Twitter	10.212178	9.894488	34.410877	2.215245
649	Spectrogram 1	1	2576.272	2576.310	4000.0	18000.0	8398.4	Sd-peep	6.040437	5.281412	28.137218	0.055610
650	Spectrogram 1	1	2590.930	2590.968	4000.0	18000.0	8203.1	P-peep	5.676968	5.410924	30.859331	0.851597
651	Spectrogram 1	1	2602.220	2602.264	4000.0	18000.0	8398.4	Trill	4.841361	4.566279	28.236984	0.081122
652	Spectrogram 1	1	2620.736	2620.846	4000.0	18000.0	8007.8	Trill	5.658595	7.817917	50.992197	3.007929
653	Spectrogram 1	1	2625.350	2625.478	4000.0	18000.0	17773.4	Phee	6.187775	26.269548	48.869548	3.063188
654	Spectrogram 1	1	2629.466	2629.594	4000.0	18000.0	8007.8	Trill	4.741224	7.177587	46.586381	2.402918
655	Spectrogram 1	1	2797.770	2797.844	4000.0	18000.0	7617.2	Twitter	6.363722	14.160276	41.882915	2.558985
656	Spectrogram 1	1	2797.872	2797.964	4000.0	18000.0	7617.2	Twitter	5.968722	12.470340	44.842940	2.699166
657	Spectrogram 1	1	2797.974	2798.072	4000.0	18000.0	7617.2	Twitter	5.675228	12.253659	53.803015	3.170514
658	Spectrogram 1	1	2798.070	2798.132	4000.0	18000.0	7226.6	Trill	5.663577	11.361081	59.893316	3.459071
659	Spectrogram 1	1	2809.948	2810.400	4000.0	18000.0	7226.6	Trill	10.288498	12.671711	89.520839	6.504419
660	Spectrogram 1	1	2830.168	2830.350	4000.0	18000.0	8007.8	Trill	8.396246	14.058959	92.395448	5.823567
661	Spectrogram 1	1	2831.398	2831.466	4000.0	18000.0	7812.5	Trill	6.439860	9.678611	66.269378	4.061676
662	Spectrogram 1	1	2856.958	2857.032	4000.0	18000.0	7226.6	Sd-peep	4.217073	5.224225	44.323648	2.069260
663	Spectrogram 1	1	2912.210	2912.596	4000.0	18000.0	6835.9	Trill	6.492814	9.315718	65.407644	4.048659
664	Spectrogram 1	1	2970.464	2970.502	4000.0	18000.0	5468.7	Sd-peep	9.355294	9.990557	33.681069	1.940271
665	Spectrogram 1	1	2978.456	2978.776	4000.0	18000.0	8007.8	Trill	16.897367	18.788251	166.996338	10.994355
666	Spectrogram 1	1	2987.744	2988.106	4000.0	18000.0	7617.2	Trill	7.466256	10.192046	79.354522	4.996157
667	Spectrogram 1	1	2988.752	2988.892	4000.0	18000.0	8593.7	P-peep	6.453494	11.429887	74.333305	4.368740
668	Spectrogram 1	1	3154.258	3154.344	4000.0	18000.0	5859.4	Trill	6.584749	7.248621	28.055516	0.024106
669	Spectrogram 1	1	3159.376	3159.546	4000.0	18000.0	7812.5	Trill	6.282671	10.329480	56.335104	3.539972
670	Spectrogram 1	1	3242.084	3242.368	4000.0	18000.0	8007.8	Trill	9.805557	13.024930	96.377720	6.542504
671	Spectrogram 1	1	3259.850	3260.092	4000.0	18000.0	7031.2	Trill	7.471036	8.941717	66.459603	4.493750
672	Spectrogram 1	1	3300.822	3300.962	4000.0	18000.0	8203.1	Trill	6.021009	9.711455	57.260543	3.484327
682	Spectrogram 1	2	527.648	527.722	4000.0	18000.0	7812.5	Sd-peep	7.875641	8.548186	32.565488	1.499110
683	Spectrogram 1	2	583.832	583.894	4000.0	18000.0	4687.5	Sd-peep	9.728888	11.377505	31.103675	1.291443
684	Spectrogram 1	2	591.398	591.448	4000.0	18000.0	9570.3	Sd-peep	5.257847	5.553825	38.723719	1.949121
685	Spectrogram 1	2	598.958	599.002	4000.0	18000.0	9570.3	Sd-peep	5.954235	5.416548	35.575271	1.734543
686	Spectrogram 1	2	611.034	611.108	4000.0	18000.0	11523.4	Sd-peep	7.303375	8.998492	28.779639	0.333729
687	Spectrogram 1	2	627.564	627.638	4000.0	18000.0	5664.1	Sd-peep	9.256713	9.802080	29.779189	0.802481
688	Spectrogram 1	2	633.348	633.368	4000.0	18000.0	7421.9	Twitter	4.735167	9.075432	29.069218	0.328529
689	Spectrogram 1	2	633.978	634.100	4000.0	18000.0	5078.1	Sd-peep	7.092096	6.673309	31.315403	1.109630
690	Spectrogram 1	2	635.436	635.492	4000.0	18000.0	7812.5	Sd-peep	5.263336	5.467290	29.255343	0.408552
691	Spectrogram 1	2	635.592	635.624	4000.0	18000.0	12304.7	Twitter	7.505761	9.788951	39.341863	2.565039
692	Spectrogram 1	2	638.850	638.930	4000.0	18000.0	4687.5	Sd-peep	7.610658	8.005218	28.548536	0.247446
693	Spectrogram 1	2	639.246	639.308	4000.0	18000.0	7031.2	Trill	6.581619	6.396130	41.369024	2.567210
694	Spectrogram 1	2	639.750	639.812	4000.0	18000.0	7617.2	Sd-peep	9.756078	9.757912	29.643248	0.775230
695	Spectrogram 1	2	775.186	775.224	4000.0	18000.0	13281.2	Twitter	8.092793	7.340192	44.432827	3.267528
696	Spectrogram 1	2	800.504	800.542	4000.0	18000.0	8984.4	Sd-peep	5.343900	5.455965	28.600506	0.211636
697	Spectrogram 1	2	813.542	813.646	4000.0	18000.0	7812.5	Trill	5.804077	7.188122	35.479192	1.690650
698	Spectrogram 1	2	853.892	853.978	4000.0	18000.0	6640.6	Trill	7.975915	7.397167	28.428535	0.202013
699	Spectrogram 1	2	864.242	864.298	4000.0	18000.0	10937.5	Sd-peep	8.113999	8.429428	31.593389	1.286418
700	Spectrogram 1	2	865.160	865.258	4000.0	18000.0	9570.3	Trill	7.824665	8.100496	34.474558	1.887293
701	Spectrogram 1	2	881.570	881.608	4000.0	18000.0	15039.1	Sd-peep	6.280600	5.991133	34.091784	1.567210
702	Spectrogram 1	2	931.824	931.874	4000.0	18000.0	12695.3	Trill	5.103652	5.189083	36.646011	1.685315
703	Spectrogram 1	2	932.136	932.174	4000.0	18000.0	12500.0	Twitter	11.074069	10.318416	46.815525	4.231960
704	Spectrogram 1	2	939.792	939.926	4000.0	18000.0	10351.6	Trill	9.322795	15.116153	35.470105	2.307542
705	Spectrogram 1	2	949.974	950.024	4000.0	18000.0	6445.3	Sd-peep	5.807115	9.374758	31.415631	0.990297
706	Spectrogram 1	2	956.340	956.390	4000.0	18000.0	8398.4	Trill	6.948956	6.209941	29.696723	0.641177
707	Spectrogram 1	2	1032.322	1032.372	4000.0	18000.0	12109.4	Sd-peep	8.640757	10.002358	39.765398	2.864992
708	Spectrogram 1	2	1056.562	1056.714	4000.0	18000.0	6640.6	Trill	8.544441	11.641392	80.403476	5.488728
709	Spectrogram 1	2	1062.370	1062.504	4000.0	18000.0	7812.5	Trill	4.017782	10.110057	68.829114	2.966354
710	Spectrogram 1	2	1079.668	1079.742	4000.0	18000.0	5859.4	Sd-peep	8.751984	9.832644	31.262161	1.255873
711	Spectrogram 1	2	1095.718	1095.774	4000.0	18000.0	8007.8	Sd-peep	5.822666	6.261674	30.573997	0.798523
712	Spectrogram 1	2	1109.480	1109.536	4000.0	18000.0	8203.1	Trill	7.140495	6.488093	29.946692	0.732173
713	Spectrogram 1	2	1109.606	1109.656	4000.0	18000.0	5078.1	Twitter	6.722100	6.151488	37.008357	2.091373
714	Spectrogram 1	2	1109.744	1109.812	4000.0	18000.0	5078.1	Sd-peep	7.427878	8.439422	30.576214	0.942175
715	Spectrogram 1	2	1114.208	1114.744	4000.0	18000.0	7226.6	Trill	9.514373	15.620104	81.354721	5.906761
716	Spectrogram 1	2	1120.826	1120.876	4000.0	18000.0	5078.1	Sd-peep	6.300914	6.793868	33.100868	1.395262
717	Spectrogram 1	2	1124.984	1125.034	4000.0	18000.0	10742.2	Sd-peep	6.220212	6.402759	31.548462	1.068361
718	Spectrogram 1	2	1160.720	1160.752	4000.0	18000.0	7617.2	Sd-peep	7.117432	7.083220	30.312921	0.840714
719	Spectrogram 1	2	1191.512	1191.586	4000.0	18000.0	8203.1	Trill	9.785017	11.255292	30.715309	1.169119
720	Spectrogram 1	2	1191.764	1191.874	4000.0	18000.0	7617.2	Sd-peep	8.232773	8.815639	28.953216	0.432981
721	Spectrogram 1	2	1197.854	1197.910	4000.0	18000.0	7226.6	Trill	5.021401	12.012411	85.061417	3.944317
722	Spectrogram 1	2	1197.992	1198.048	4000.0	18000.0	7226.6	Phee	6.497900	15.463704	87.908525	4.803003
723	Spectrogram 1	2	1200.054	1200.086	4000.0	18000.0	4687.5	Sd-peep	8.044020	8.190953	29.249665	0.542600
724	Spectrogram 1	2	1225.020	1225.544	4000.0	18000.0	7226.6	Trill	9.024346	16.670612	92.481614	6.097023
725	Spectrogram 1	2	1282.938	1283.018	4000.0	18000.0	7617.2	Sd-peep	7.883278	9.134405	32.335053	1.446325
726	Spectrogram 1	2	1283.076	1283.102	4000.0	18000.0	5664.1	Sd-peep	10.312936	10.335104	32.882814	1.858605
727	Spectrogram 1	2	1285.278	1285.322	4000.0	18000.0	7812.5	Sd-peep	4.933490	6.910573	31.669992	0.930183
728	Spectrogram 1	2	1306.516	1306.620	4000.0	18000.0	6445.3	Trill	8.473611	10.019239	35.973087	2.262080
729	Spectrogram 1	2	1306.966	1307.004	4000.0	18000.0	11914.1	Twitter	8.650489	8.794537	39.637249	2.849966
730	Spectrogram 1	2	1411.838	1412.302	4000.0	18000.0	7421.9	Trill	10.563103	15.814482	98.531566	6.912546
731	Spectrogram 1	2	1414.118	1414.180	4000.0	18000.0	6640.6	Tse	9.814022	11.914518	32.390653	1.674744
732	Spectrogram 1	2	1429.226	1429.270	4000.0	18000.0	6054.7	Sd-peep	8.369419	8.566504	35.540273	2.168994
733	Spectrogram 1	2	1429.382	1429.432	4000.0	18000.0	12109.4	Sd-peep	8.321790	10.513476	42.666732	3.141999
734	Spectrogram 1	2	1490.228	1490.266	4000.0	18000.0	8203.1	Trill	8.060023	9.387250	30.476959	0.963123
735	Spectrogram 1	2	1522.140	1522.214	4000.0	18000.0	6054.7	Sd-peep	7.803534	6.939884	29.363024	0.573881
736	Spectrogram 1	2	1567.416	1567.460	4000.0	18000.0	7226.6	Twitter	4.751905	12.877181	42.996744	2.166215
737	Spectrogram 1	2	1568.790	1568.894	4000.0	18000.0	10546.9	Tse	7.714429	17.153021	80.206985	5.133643
738	Spectrogram 1	2	1569.000	1569.110	4000.0	18000.0	10156.2	Twitter	5.756665	17.944214	46.730618	2.770333
739	Spectrogram 1	2	1627.774	1627.836	4000.0	18000.0	5273.4	Trill	10.259219	11.618312	29.068987	0.550024
740	Spectrogram 1	2	1634.632	1634.682	4000.0	18000.0	7812.5	Sd-peep	6.177795	5.676131	28.257223	0.104356
741	Spectrogram 1	2	1634.848	1634.904	4000.0	18000.0	7812.5	Sd-peep	6.568482	6.079277	33.505113	1.511181
742	Spectrogram 1	2	1640.962	1641.018	4000.0	18000.0	7421.9	Sd-peep	7.090982	7.204868	30.977731	1.022659
743	Spectrogram 1	2	1644.334	1644.390	4000.0	18000.0	7812.5	Sd-peep	7.253752	8.149904	34.453246	1.792251
744	Spectrogram 1	2	1713.926	1714.402	4000.0	18000.0	6640.6	Trill	8.758284	13.990288	85.937490	5.772190
745	Spectrogram 1	2	2046.104	2046.400	4000.0	18000.0	6835.9	Trill	10.963983	14.144709	98.943802	7.080702
746	Spectrogram 1	2	2298.124	2298.270	4000.0	18000.0	6445.3	Trill	7.121694	11.534458	56.460426	3.859105
747	Spectrogram 1	2	2336.612	2336.656	4000.0	18000.0	8398.4	Trill	4.554515	5.495502	57.829712	2.877709
748	Spectrogram 1	2	2343.302	2343.394	4000.0	18000.0	7617.2	Trill	5.795773	8.103929	58.281562	3.441737
749	Spectrogram 1	2	2433.054	2433.086	4000.0	18000.0	7421.9	Sd-peep	4.643825	5.019936	29.014547	0.309056
750	Spectrogram 1	2	2469.900	2469.938	4000.0	18000.0	5664.1	Sd-peep	6.819534	6.600607	28.855232	0.346958
751	Spectrogram 1	2	2471.814	2471.846	4000.0	18000.0	4492.2	Tse	6.604403	6.422991	28.388901	0.162596
752	Spectrogram 1	2	2475.024	2475.122	4000.0	18000.0	4687.5	Trill	9.302879	12.834396	35.004378	2.213815
753	Spectrogram 1	2	2496.006	2496.062	4000.0	18000.0	8593.7	Trill	8.700735	8.612193	28.756663	0.363490
754	Spectrogram 1	2	2510.530	2510.580	4000.0	18000.0	6054.7	Trill	10.631530	11.697725	35.428383	2.490614
755	Spectrogram 1	2	2527.954	2527.986	4000.0	18000.0	12109.4	Twitter	9.046924	8.111264	34.253901	2.023916
756	Spectrogram 1	2	2535.706	2535.756	4000.0	18000.0	8984.4	Trill	6.482846	7.122691	35.464791	1.822176
757	Spectrogram 1	2	2545.984	2546.022	4000.0	18000.0	4687.5	Tse	12.604650	11.541920	43.850936	4.196921
758	Spectrogram 1	2	2572.072	2572.122	4000.0	18000.0	4296.9	Trill	8.896847	9.325565	33.311223	1.797686
759	Spectrogram 1	2	2584.528	2584.566	4000.0	18000.0	4882.8	Trill	4.802627	4.799795	36.633322	1.611445
760	Spectrogram 1	2	2586.712	2586.738	4000.0	18000.0	11718.7	Tse	5.827518	6.216098	41.379607	2.362415
761	Spectrogram 1	2	2586.796	2586.840	4000.0	18000.0	12109.4	Sd-peep	8.490370	7.631114	30.131202	0.882312
762	Spectrogram 1	2	2603.150	2603.188	4000.0	18000.0	11718.7	Tse	6.493940	6.332363	41.305189	2.537605
763	Spectrogram 1	2	2603.210	2603.236	4000.0	18000.0	9179.7	Sd-peep	4.308513	5.044487	35.293209	1.342588
764	Spectrogram 1	2	2603.930	2603.968	4000.0	18000.0	4882.8	Trill	6.901244	6.480487	30.065863	0.751559
765	Spectrogram 1	2	2624.666	2624.968	4000.0	18000.0	8398.4	Trill	9.896320	15.162799	88.984939	6.334526
766	Spectrogram 1	2	2627.942	2628.304	4000.0	18000.0	8398.4	Trill	5.679657	14.234482	59.346150	3.441688
767	Spectrogram 1	2	2641.256	2641.708	4000.0	18000.0	8203.1	Trill	7.133476	12.253323	71.450728	4.563905
768	Spectrogram 1	2	2643.668	2643.706	4000.0	18000.0	4687.5	Tse	6.223995	10.050191	34.781591	1.668799
769	Spectrogram 1	2	2667.866	2667.970	4000.0	18000.0	8789.1	Sd-peep	6.440838	5.418477	33.098874	1.415940
770	Spectrogram 1	2	2703.972	2704.040	4000.0	18000.0	4101.6	Trill	9.330638	8.155772	28.371582	0.194681
771	Spectrogram 1	2	2729.766	2729.960	4000.0	18000.0	6640.6	Sd-peep	8.795577	10.859214	28.449470	0.224951
772	Spectrogram 1	2	2764.122	2764.154	4000.0	18000.0	16210.9	Trill	4.621615	5.835415	42.978191	2.121268
773	Spectrogram 1	2	2843.794	2843.946	4000.0	18000.0	6445.3	Trill	10.484789	10.171016	29.001995	0.525956
774	Spectrogram 1	2	2858.884	2858.940	4000.0	18000.0	7812.5	Trill	6.728467	7.075814	32.776893	1.394480
775	Spectrogram 1	2	2903.348	2903.392	4000.0	18000.0	11523.4	Sd-peep	7.310182	7.611661	33.148451	1.551409
776	Spectrogram 1	2	3092.844	3092.972	4000.0	18000.0	8007.8	Trill	6.316892	11.834696	57.231871	3.599655
777	Spectrogram 1	2	3093.072	3093.170	4000.0	18000.0	8203.1	Trill	5.596413	8.901125	54.317988	3.166320
778	Spectrogram 1	2	3128.254	3128.286	4000.0	18000.0	8007.8	Sd-peep	6.183549	6.261459	32.795352	1.320186
779	Spectrogram 1	2	3167.368	3167.394	4000.0	18000.0	6445.3	Tse	6.841621	8.762922	34.940128	1.805544
780	Spectrogram 1	2	3298.928	3298.972	4000.0	18000.0	4882.8	Sd-peep	8.822338	9.901540	28.248819	0.127720
781	Spectrogram 1	2	3299.072	3299.116	4000.0	18000.0	4882.8	Sd-peep	8.160910	8.839047	28.222081	0.108844
782	Spectrogram 1	2	3348.462	3348.920	4000.0	18000.0	8984.4	Trillphee	5.123970	11.705463	60.630821	3.251778
783	Spectrogram 1	2	3375.024	3375.110	4000.0	18000.0	6054.7	Trill	6.166759	8.162268	35.951795	1.830574
784	Spectrogram 1	2	3399.132	3399.182	4000.0	18000.0	4687.5	Trill	10.321778	10.829095	30.518721	1.138323
785	Spectrogram 1	2	3402.028	3402.060	4000.0	18000.0	8398.4	Trill	7.517760	7.055071	44.443491	3.116071
786	Spectrogram 1	2	3404.770	3404.820	4000.0	18000.0	11718.7	Sd-peep	5.458571	5.145144	35.363739	1.603806
787	Spectrogram 1	2	3405.034	3405.072	4000.0	18000.0	9375.0	Sd-peep	8.522668	8.055585	28.043135	0.022211
788	Spectrogram 1	6	126.231	126.284	4545.5	17676.8	10546.9	P-peep	0	0	0	0
789	Spectrogram 1	6	134.545	135.038	4292.9	17929.3	8789.1	Phee	0	0	0	0
790	Spectrogram 1	6	163.253	163.628	4040.4	17171.7	8984.4	Trill	0	0	0	0
791	Spectrogram 1	3	506.815	506.914	2272.7	17424.2	9375.0	Trill	0	0	0	0
