Selection	View	Channel	Begin Time (s)	End Time (s)	Low Freq (Hz)	High Freq (Hz)	Max Freq (Hz)	Call Type
1	Spectrogram 1	1	3.096	3.708	4000.0	15000.0	8789.1	Trillphee
2	Spectrogram 1	4	4.639	4.888	4000.0	10000.0	7812.5	Trill
3	Spectrogram 1	1	5.130	5.790	4000.0	10000.0	8789.1	Trillphee
4	Spectrogram 1	1	8.051	8.357	4000.0	10000.0	7812.5	Trill
5	Spectrogram 1	4	8.615	8.806	4000.0	10000.0	7812.5	Trill
6	Spectrogram 1	1	11.037	11.227	4000.0	10000.0	8593.7	Trill
7	Spectrogram 1	4	19.372	19.684	4000.0	10000.0	7812.5	Trill
8	Spectrogram 1	1	24.995	25.553	4000.0	10000.0	8984.4	Trill
9	Spectrogram 1	1	39.744	39.982	4000.0	10000.0	8593.7	Trill
10	Spectrogram 1	1	41.808	41.889	4000.0	10000.0	8789.1	P-peep
11	Spectrogram 1	1	41.965	42.124	4487.2	11324.8	9179.7	P-peep
12	Spectrogram 1	1	42.154	42.211	4059.8	13888.9	9179.7	P-peep
13	Spectrogram 1	4	44.426	44.599	4000.0	10000.0	7812.5	Trill
14	Spectrogram 1	1	47.990	49.035	4000.0	10000.0	9179.7	Trillphee
15	Spectrogram 1	1	74.736	75.089	4000.0	10000.0	8593.7	Trill
16	Spectrogram 1	1	76.696	77.315	4000.0	10000.0	8593.7	Trillphee
17	Spectrogram 1	1	79.891	80.581	4000.0	10000.0	8984.4	Trillphee
18	Spectrogram 1	4	80.901	81.178	4000.0	10000.0	7812.5	Trill
19	Spectrogram 1	1	94.936	95.091	4000.0	10000.0	8789.1	Trill
20	Spectrogram 1	2	97.828	98.142	4000.0	10000.0	8398.4	Trill
21	Spectrogram 1	3	102.850	103.242	4000.0	10000.0	8398.4	Trill
22	Spectrogram 1	1	103.936	104.553	4000.0	10000.0	9179.7	Trill
23	Spectrogram 1	1	116.368	116.712	4000.0	10000.0	8984.4	Trill
24	Spectrogram 1	1	116.930	117.359	4000.0	10000.0	9375.0	Phee
25	Spectrogram 1	1	119.942	120.834	4000.0	10000.0	8984.4	Trillphee
26	Spectrogram 1	3	128.860	129.277	4000.0	10000.0	8398.4	Trill
27	Spectrogram 1	1	204.469	205.271	4000.0	10000.0	5859.4	Trillphee
28	Spectrogram 1	4	209.012	209.201	4000.0	10000.0	7421.9	Trill
29	Spectrogram 1	1	209.462	209.576	4000.0	10000.0	8593.7	P-peep
30	Spectrogram 1	1	209.665	209.751	4059.8	11111.1	8789.1	P-peep
31	Spectrogram 1	1	209.857	209.937	3846.2	11538.5	8789.1	P-peep
32	Spectrogram 1	1	210.004	210.749	4000.0	10000.0	8789.1	Phee
33	Spectrogram 1	1	219.930	220.106	4000.0	10000.0	8203.1	Trill
34	Spectrogram 1	1	231.991	232.167	4000.0	10000.0	8789.1	Trill
35	Spectrogram 1	3	250.131	250.378	4000.0	10000.0	8007.8	Trill
36	Spectrogram 1	4	269.294	269.512	4000.0	10000.0	7812.5	Trill
37	Spectrogram 1	1	291.250	291.655	4000.0	10000.0	8593.7	Trill
38	Spectrogram 1	1	315.241	315.633	4000.0	10000.0	8398.4	Trill
39	Spectrogram 1	4	378.659	378.743	4000.0	10000.0	7812.5	Trill
40	Spectrogram 1	1	378.939	379.035	4000.0	10000.0	8984.4	P-peep
41	Spectrogram 1	1	379.108	379.251	1495.7	10897.4	8984.4	P-peep
42	Spectrogram 1	1	379.287	379.406	2991.5	12393.2	8984.4	P-peep
43	Spectrogram 1	1	379.492	379.718	2991.5	13034.2	9179.7	P-peep
44	Spectrogram 1	4	384.344	384.618	4000.0	10000.0	7812.5	Trill
45	Spectrogram 1	1	395.120	395.193	4914.5	12393.2	8984.4	P-peep
46	Spectrogram 1	1	395.285	395.385	4273.5	12820.5	8789.1	P-peep
47	Spectrogram 1	1	395.454	395.524	4700.9	12179.5	8984.4	P-peep
48	Spectrogram 1	1	395.640	395.742	3418.8	12393.2	8984.4	P-peep
49	Spectrogram 1	1	395.786	395.878	3418.8	12820.5	9375.0	P-peep
50	Spectrogram 1	3	396.450	396.852	4000.0	10000.0	8789.1	Trill
51	Spectrogram 1	2	406.841	407.000	4000.0	10000.0	6640.6	P-peep
52	Spectrogram 1	4	417.754	417.956	4000.0	10000.0	8007.8	Trill
53	Spectrogram 1	3	429.991	430.411	4000.0	10000.0	8789.1	Trill
54	Spectrogram 1	1	431.061	431.130	3632.5	12179.5	9179.7	P-peep
55	Spectrogram 1	1	431.273	431.336	5128.2	12179.5	9179.7	P-peep
56	Spectrogram 1	1	431.386	431.442	3418.8	13034.2	9375.0	P-peep
57	Spectrogram 1	1	431.505	431.899	2777.8	13675.2	9375.0	Phee
58	Spectrogram 1	1	439.332	439.874	4000.0	10000.0	8984.4	Trill
59	Spectrogram 1	1	454.858	454.921	5128.2	13247.9	8984.4	T-peep
60	Spectrogram 1	1	455.163	455.236	5128.2	12393.2	9375.0	P-peep
61	Spectrogram 1	1	455.279	455.733	3632.5	14316.2	9179.7	Phee
62	Spectrogram 1	2	460.277	461.088	4000.0	10000.0	8398.4	Other
63	Spectrogram 1	2	461.266	462.371	4000.0	10000.0	8203.1	Other
64	Spectrogram 1	2	462.516	462.946	4000.0	10000.0	8398.4	Phee
65	Spectrogram 1	1	465.496	465.730	7809.6	10138.0	8593.7	Trill
66	Spectrogram 1	1	465.784	466.182	7932.1	10138.0	9179.7	Trillphee
67	Spectrogram 1	1	470.728	471.131	7441.9	10076.7	9179.7	Phee
68	Spectrogram 1	2	471.449	471.535	1923.1	13461.5	9960.9	Sd-peep
69	Spectrogram 1	2	471.592	471.684	427.4	16239.3	8398.4	Sd-peep
70	Spectrogram 1	2	471.731	471.827	641.0	16239.3	7812.5	Sd-peep
71	Spectrogram 1	2	471.873	471.953	2564.1	16239.3	8007.8	Sd-peep
72	Spectrogram 1	2	472.016	472.115	2991.5	15812.0	9375.0	Sd-peep
73	Spectrogram 1	2	472.165	472.251	854.7	17307.7	9375.0	Sd-peep
74	Spectrogram 1	2	472.324	472.417	213.7	17307.7	9375.0	Sd-peep
75	Spectrogram 1	2	472.506	472.585	427.4	16453.0	9765.6	Sd-peep
76	Spectrogram 1	1	475.661	475.734	1495.7	13034.2	9179.7	P-peep
77	Spectrogram 1	1	475.787	475.893	4487.2	13888.9	8984.4	P-peep
78	Spectrogram 1	3	530.759	531.130	6950.0	9863.9	8398.4	Trill
79	Spectrogram 1	1	531.576	532.084	8193.7	10013.4	8593.7	Trillphee
80	Spectrogram 1	1	535.500	535.565	6755.8	9669.7	8203.1	Trill
81	Spectrogram 1	1	535.707	536.263	7241.4	9475.4	8984.4	Phee
82	Spectrogram 1	4	536.613	536.841	6658.6	8601.2	7617.2	Trill
83	Spectrogram 1	2	561.916	562.002	4059.8	13461.5	8984.4	Sd-peep
84	Spectrogram 1	2	562.045	562.114	3846.2	13461.5	8984.4	Sd-peep
85	Spectrogram 1	2	562.181	562.257	213.7	14529.9	8984.4	Sd-peep
86	Spectrogram 1	2	562.320	562.393	2350.4	14102.6	8984.4	Sd-peep
87	Spectrogram 1	2	562.485	562.575	3205.1	13247.9	9179.7	Sd-peep
88	Spectrogram 1	2	562.648	562.734	2136.8	15170.9	9375.0	Sd-peep
89	Spectrogram 1	2	562.860	562.946	0.0	14316.2	195.3	Sd-peep
90	Spectrogram 1	2	563.102	563.201	1282.1	14102.6	9179.7	Sd-peep
91	Spectrogram 1	2	563.290	563.370	427.4	15812.0	8398.4	Sd-peep
92	Spectrogram 1	2	563.509	563.605	1709.4	14529.9	8789.1	Sd-peep
93	Spectrogram 1	2	563.685	563.781	2136.8	16880.3	8593.7	Sd-peep
94	Spectrogram 1	1	564.430	564.493	4273.5	11965.8	9179.7	P-peep
95	Spectrogram 1	1	564.652	564.711	4487.2	11752.1	8984.4	P-peep
96	Spectrogram 1	1	570.628	571.233	6367.3	10349.6	9179.7	Phee
97	Spectrogram 1	1	588.451	589.604	6801.5	10294.1	8789.1	Trillphee
98	Spectrogram 1	1	589.792	589.848	8088.2	10845.6	9765.6	P-peep
99	Spectrogram 1	1	679.309	679.391	4273.5	11752.1	8789.1	P-peep
100	Spectrogram 1	1	679.544	679.746	1923.1	12820.5	9179.7	P-peep
101	Spectrogram 1	1	702.173	702.270	6617.6	11397.1	8789.1	P-peep
102	Spectrogram 1	1	702.343	702.465	2991.5	12820.5	9179.7	P-peep
103	Spectrogram 1	1	702.555	702.654	3418.8	13675.2	9179.7	P-peep
104	Spectrogram 1	1	702.687	702.737	5769.2	13461.5	9179.7	P-peep
105	Spectrogram 1	1	702.767	702.866	3205.1	13675.2	9179.7	P-peep
106	Spectrogram 1	1	713.539	714.103	7824.2	10155.3	9179.7	Trillphee
107	Spectrogram 1	4	719.594	719.725	6270.1	9184.0	8007.8	Trill
108	Spectrogram 1	1	720.598	720.837	2136.8	15170.9	8593.7	P-peep
109	Spectrogram 1	1	720.906	721.016	3846.2	16666.7	8789.1	P-peep
110	Spectrogram 1	1	721.069	721.171	1282.1	15384.6	8789.1	P-peep
111	Spectrogram 1	1	721.304	721.413	1068.4	14957.3	8984.4	P-peep
112	Spectrogram 1	1	721.526	721.622	1495.7	14957.3	8984.4	P-peep
113	Spectrogram 1	1	740.889	741.091	6617.6	11029.4	8984.4	Trill
114	Spectrogram 1	1	751.267	751.717	0.0	14102.6	195.3	Phee
115	Spectrogram 1	1	751.820	751.946	213.7	13461.5	8789.1	P-peep
116	Spectrogram 1	4	753.214	753.271	6755.8	9086.9	7812.5	Trill
117	Spectrogram 1	1	755.008	755.075	2564.1	14102.6	8789.1	T-peep
118	Spectrogram 1	1	755.383	755.462	4700.9	13247.9	8984.4	P-peep
119	Spectrogram 1	1	755.522	755.608	3632.5	14743.6	8984.4	P-peep
120	Spectrogram 1	1	755.678	755.750	3205.1	13888.9	9179.7	P-peep
121	Spectrogram 1	1	762.163	762.223	4273.5	13247.9	8789.1	T-peep
122	Spectrogram 1	1	762.352	762.713	3418.8	13247.9	8789.1	Phee
123	Spectrogram 1	1	762.806	762.856	1709.4	13247.9	8789.1	P-peep
124	Spectrogram 1	1	772.430	772.599	2350.4	12606.8	8789.1	Trill
125	Spectrogram 1	1	772.679	772.851	3418.8	13888.9	8789.1	P-peep
126	Spectrogram 1	4	772.722	772.873	6561.5	9572.5	7812.5	Trill
127	Spectrogram 1	1	772.937	773.033	4487.2	13888.9	8789.1	P-peep
128	Spectrogram 1	1	773.142	773.252	2991.5	14529.9	8984.4	P-peep
129	Spectrogram 1	1	773.374	773.477	2777.8	15812.0	8984.4	P-peep
130	Spectrogram 1	3	776.060	776.230	7338.6	9378.3	8593.7	Trill
131	Spectrogram 1	1	776.746	777.057	7338.6	10446.7	8593.7	Trill
132	Spectrogram 1	1	777.124	777.240	3418.8	12820.5	8789.1	P-peep
133	Spectrogram 1	1	777.549	777.611	8407.0	9766.8	9179.7	Trill
134	Spectrogram 1	3	781.093	781.410	7241.4	9961.1	8398.4	Trill
135	Spectrogram 1	1	783.215	783.348	3418.8	12179.5	8593.7	P-peep
136	Spectrogram 1	1	783.394	783.510	4700.9	13461.5	8593.7	P-peep
137	Spectrogram 1	1	783.570	783.722	1923.1	13675.2	8789.1	P-peep
138	Spectrogram 1	1	783.835	783.967	1068.4	13247.9	8984.4	P-peep
139	Spectrogram 1	1	784.063	784.166	854.7	14743.6	8984.4	P-peep
140	Spectrogram 1	1	784.292	784.414	1282.1	15812.0	8984.4	P-peep
141	Spectrogram 1	1	796.565	796.675	7727.1	10155.3	9179.7	Trill
142	Spectrogram 1	2	801.918	801.981	1709.4	13034.2	8007.8	Sd-peep
143	Spectrogram 1	2	802.113	802.183	1068.4	16880.3	6835.9	Sd-peep
144	Spectrogram 1	2	802.226	802.286	2991.5	16880.3	7812.5	Sd-peep
145	Spectrogram 1	2	802.345	802.412	1923.1	17521.4	7812.5	Sd-peep
146	Spectrogram 1	2	802.475	802.561	1923.1	17735.0	8203.1	Sd-peep
147	Spectrogram 1	2	802.584	802.673	2777.8	18589.7	7812.5	Sd-peep
148	Spectrogram 1	2	802.730	802.803	2777.8	16880.3	7812.5	Sd-peep
149	Spectrogram 1	2	802.909	802.962	2350.4	16239.3	7812.5	Sd-peep
150	Spectrogram 1	2	803.041	803.127	1282.1	16239.3	7812.5	Sd-peep
151	Spectrogram 1	2	803.246	803.306	641.0	14316.2	7226.6	Sd-peep
152	Spectrogram 1	2	803.621	803.714	854.7	14743.6	7812.5	Sd-peep
153	Spectrogram 1	2	803.760	803.829	1282.1	14529.9	7617.2	Tse
154	Spectrogram 1	2	803.889	803.955	641.0	14102.6	8984.4	Tse
155	Spectrogram 1	2	804.035	804.091	1068.4	14957.3	8203.1	Sd-peep
156	Spectrogram 1	2	804.167	804.230	2564.1	15170.9	7617.2	Sd-peep
157	Spectrogram 1	2	804.409	804.479	1495.7	13461.5	8007.8	Sd-peep
158	Spectrogram 1	1	804.976	805.377	8212.7	10058.2	8984.4	Phee
159	Spectrogram 1	1	809.779	811.058	8504.1	9961.1	8789.1	Phee
160	Spectrogram 1	1	825.517	826.469	8504.1	10155.3	8984.4	Phee
161	Spectrogram 1	1	826.632	826.946	6196.6	13888.9	9179.7	Phee
162	Spectrogram 1	3	833.996	834.058	7727.1	9766.8	8593.7	Trill
163	Spectrogram 1	1	837.812	839.153	8407.0	10252.5	8789.1	Phee
164	Spectrogram 1	1	843.067	843.385	4487.2	12393.2	8984.4	Trill
165	Spectrogram 1	1	843.487	843.583	3846.2	12820.5	9179.7	P-peep
166	Spectrogram 1	1	843.660	843.819	1068.4	14316.2	9375.0	P-peep
167	Spectrogram 1	1	843.915	844.027	2136.8	15170.9	9765.6	P-peep
168	Spectrogram 1	2	845.823	846.256	5493.1	10446.7	9570.3	Other
169	Spectrogram 1	2	846.286	846.681	5493.1	9863.9	9179.7	Other
170	Spectrogram 1	2	847.130	847.767	6173.0	10349.6	9179.7	Other
171	Spectrogram 1	2	847.915	848.331	5881.6	9281.2	8203.1	Phee
172	Spectrogram 1	1	848.964	849.227	7435.7	10932.4	8984.4	Trill
173	Spectrogram 1	2	856.476	856.533	4327.5	11515.1	8203.1	Sd-peep
174	Spectrogram 1	4	858.047	858.091	641.0	17735.0	7617.2	Trill
175	Spectrogram 1	3	859.015	859.620	7824.2	10932.4	9375.0	Trillphee
176	Spectrogram 1	1	864.152	864.948	7629.9	10252.5	8984.4	Trillphee
177	Spectrogram 1	1	872.473	872.618	3846.2	12393.2	8789.1	Trill
178	Spectrogram 1	1	872.688	872.820	3632.5	13034.2	8984.4	P-peep
179	Spectrogram 1	1	872.907	873.006	2136.8	13247.9	8984.4	P-peep
180	Spectrogram 1	1	873.076	873.175	2991.5	14957.3	8984.4	P-peep
181	Spectrogram 1	4	876.663	876.833	6561.5	8989.8	7617.2	Trill
182	Spectrogram 1	4	878.435	878.594	5881.6	9572.5	7617.2	Trill
183	Spectrogram 1	1	878.648	879.941	7921.3	11029.5	8984.4	Phee
184	Spectrogram 1	1	885.335	885.410	6367.3	9184.0	7812.5	Trill
185	Spectrogram 1	3	891.495	892.379	4000.0	10000.0	8984.4	Phee
186	Spectrogram 1	1	891.506	892.372	7921.3	10155.3	9179.7	Trillphee
187	Spectrogram 1	1	893.989	894.046	8212.7	11126.6	9179.7	Trill
188	Spectrogram 1	1	898.506	898.582	5298.8	13846.3	11328.1	Twitter
189	Spectrogram 1	1	898.602	898.691	4273.5	15170.9	8398.4	Twitter
190	Spectrogram 1	1	898.728	898.791	4487.2	18162.4	7617.2	Twitter
191	Spectrogram 1	1	898.837	898.907	4487.2	16025.6	7812.5	Twitter
192	Spectrogram 1	1	898.963	899.029	3205.1	16880.3	7617.2	Twitter
193	Spectrogram 1	1	899.089	899.152	3632.5	17094.0	7617.2	Twitter
194	Spectrogram 1	1	899.192	899.261	3632.5	19230.8	7617.2	Twitter
195	Spectrogram 1	1	899.301	899.387	2991.5	17948.7	7421.9	Twitter
196	Spectrogram 1	3	899.940	900.308	3846.2	14957.3	8789.1	Trill
197	Spectrogram 1	3	903.235	904.022	7536.8	10110.3	8984.4	Phee
198	Spectrogram 1	3	906.814	907.470	7435.7	10446.7	9179.7	Trillphee
199	Spectrogram 1	1	911.952	912.850	8212.7	10252.5	8789.1	Phee
200	Spectrogram 1	3	913.734	914.503	8212.7	10252.5	8593.7	Phee
201	Spectrogram 1	3	916.762	917.528	8115.6	9863.9	8789.1	Trillphee
202	Spectrogram 1	1	918.590	919.765	8115.6	10252.5	9375.0	Phee
203	Spectrogram 1	4	922.645	922.753	10519.1	21311.5	17187.5	Other
204	Spectrogram 1	4	923.802	923.912	9016.4	14344.3	11328.1	Other
205	Spectrogram 1	4	924.779	924.889	9562.8	18306.0	14648.4	Other
206	Spectrogram 1	4	927.609	927.731	6420.8	8879.8	8398.4	Other
207	Spectrogram 1	1	941.282	941.692	7650.3	10519.1	8789.1	Trill
208	Spectrogram 1	3	953.943	954.482	7923.5	10929.0	8984.4	Trillphee
209	Spectrogram 1	3	957.557	957.951	7513.7	9972.7	8789.1	Trillphee
210	Spectrogram 1	3	959.653	960.349	7923.5	10109.3	9179.7	Trillphee
211	Spectrogram 1	1	964.406	965.179	7650.3	11202.2	8789.1	Phee
212	Spectrogram 1	4	968.322	968.455	6284.2	9562.8	8007.8	Trill
213	Spectrogram 1	1	972.689	972.735	3632.5	11965.8	8984.4	P-peep
214	Spectrogram 1	1	972.907	973.495	7786.9	10245.9	9179.7	Phee
215	Spectrogram 1	1	980.665	980.939	7650.3	9836.1	8789.1	Trill
216	Spectrogram 1	3	1003.547	1003.849	6967.2	11065.6	8789.1	Trill
217	Spectrogram 1	4	1015.152	1015.316	7103.8	9289.6	8007.8	Trill
218	Spectrogram 1	2	1017.283	1018.656	4000.0	10000.0	9179.7	Other
219	Spectrogram 1	2	1018.905	1019.460	6420.8	10109.3	8789.1	Other
220	Spectrogram 1	2	1019.624	1019.795	5464.5	9562.8	7421.9	Phee
221	Spectrogram 1	1	1021.009	1021.350	7786.9	11065.6	9179.7	Trillphee
222	Spectrogram 1	1	1021.435	1021.531	2777.8	11538.5	9179.7	P-peep
223	Spectrogram 1	1	1021.607	1021.799	1923.1	12393.2	9375.0	P-peep
224	Spectrogram 1	1	1021.938	1022.034	5341.9	13888.9	10156.2	P-peep
225	Spectrogram 1	3	1026.412	1026.897	6830.6	10109.3	8398.4	Trill
226	Spectrogram 1	1	1027.310	1027.458	7377.0	10382.5	8789.1	Trill
227	Spectrogram 1	1	1029.280	1029.763	7240.4	10245.9	8984.4	Trillphee
228	Spectrogram 1	3	1040.042	1040.551	6557.4	11202.2	8984.4	Trill
229	Spectrogram 1	1	1040.045	1040.885	4000.0	10000.0	9179.7	Phee
230	Spectrogram 1	4	1044.309	1044.483	6420.8	9426.2	7617.2	Trill
231	Spectrogram 1	2	1045.495	1045.549	4371.6	10792.3	8593.7	Other
232	Spectrogram 1	1	1048.033	1048.861	6010.9	11748.6	8984.4	Trillphee
233	Spectrogram 1	3	1049.595	1050.539	7786.9	10792.3	8984.4	Phee
234	Spectrogram 1	3	1059.109	1059.599	7240.4	10245.9	8789.1	Trill
235	Spectrogram 1	3	1075.405	1075.524	2136.8	14316.2	8789.1	P-peep
236	Spectrogram 1	3	1075.584	1075.713	1282.1	15812.0	8984.4	P-peep
237	Spectrogram 1	3	1075.773	1075.879	1495.7	15170.9	8984.4	P-peep
238	Spectrogram 1	3	1075.912	1075.988	2350.4	14957.3	9179.7	P-peep
239	Spectrogram 1	3	1076.021	1076.150	2991.5	16239.3	9375.0	P-peep
240	Spectrogram 1	1	1086.242	1086.288	4781.4	17349.7	12890.6	Twitter
241	Spectrogram 1	1	1086.324	1086.413	4059.8	16453.0	8203.1	Twitter
242	Spectrogram 1	1	1086.450	1086.526	1282.1	17521.4	8789.1	Twitter
243	Spectrogram 1	1	1086.566	1086.655	2777.8	17735.0	7617.2	Twitter
244	Spectrogram 1	1	1086.698	1086.755	4059.8	20085.5	7617.2	Twitter
245	Spectrogram 1	1	1086.814	1086.877	1282.1	19230.8	7617.2	Twitter
246	Spectrogram 1	1	1086.934	1087.000	2136.8	19871.8	7812.5	Twitter
247	Spectrogram 1	1	1087.046	1087.126	1495.7	19230.8	8203.1	Twitter
248	Spectrogram 1	1	1087.165	1087.238	427.4	20085.5	8398.4	Twitter
249	Spectrogram 1	1	1087.285	1087.348	1495.7	18589.7	8203.1	Twitter
250	Spectrogram 1	1	1087.391	1087.467	2777.8	18376.1	8203.1	Twitter
251	Spectrogram 1	1	1087.507	1087.560	2136.8	18803.4	8203.1	Twitter
252	Spectrogram 1	1	1092.520	1093.749	7103.8	10655.7	8984.4	Trillphee
253	Spectrogram 1	3	1102.010	1102.684	5882.4	10477.9	8398.4	Phee
254	Spectrogram 1	1	1116.758	1117.807	7513.7	10519.1	9179.7	Phee
255	Spectrogram 1	3	1119.694	1120.686	4000.0	10000.0	8984.4	Phee
256	Spectrogram 1	4	1125.674	1125.882	5464.5	9836.1	8203.1	Trill
257	Spectrogram 1	3	1148.263	1148.719	7240.4	10109.3	8789.1	P-peep string
258	Spectrogram 1	3	1151.412	1152.601	4000.0	10000.0	8398.4	Phee
259	Spectrogram 1	3	1163.053	1163.938	6694.0	10519.1	8593.7	P-peep string
260	Spectrogram 1	2	1174.465	1174.568	1495.7	13675.2	8007.8	Sd-peep
261	Spectrogram 1	2	1174.624	1174.707	1495.7	15598.3	7226.6	Sd-peep
262	Spectrogram 1	2	1174.743	1174.849	1282.1	14743.6	7226.6	Sd-peep
263	Spectrogram 1	2	1174.902	1174.982	0.0	14102.6	195.3	Sd-peep
264	Spectrogram 1	2	1175.022	1175.104	1068.4	15384.6	7226.6	Sd-peep
265	Spectrogram 1	2	1175.147	1175.247	213.7	16666.7	7226.6	Sd-peep
266	Spectrogram 1	2	1175.287	1175.403	1709.4	16025.6	7226.6	Sd-peep
267	Spectrogram 1	2	1175.469	1175.571	0.0	18803.4	195.3	Sd-peep
268	Spectrogram 1	2	1175.618	1175.707	854.7	19444.4	7226.6	Sd-peep
269	Spectrogram 1	2	1175.777	1175.853	1068.4	18803.4	8007.8	Sd-peep
270	Spectrogram 1	2	1175.995	1176.068	213.7	18589.7	8984.4	Sd-peep
271	Spectrogram 1	2	1176.154	1176.234	854.7	17948.7	8007.8	Sd-peep
272	Spectrogram 1	2	1176.330	1176.410	1923.1	18803.4	8007.8	Sd-peep
273	Spectrogram 1	2	1176.479	1176.562	0.0	20940.2	195.3	Sd-peep
274	Spectrogram 1	2	1176.618	1176.691	0.0	21153.8	195.3	Sd-peep
275	Spectrogram 1	2	1176.781	1176.887	854.7	20512.8	7226.6	Sd-peep
276	Spectrogram 1	2	1176.930	1176.989	641.0	20299.1	7226.6	Sd-peep
277	Spectrogram 1	2	1177.079	1177.168	0.0	20085.5	195.3	Sd-peep
278	Spectrogram 1	2	1177.185	1177.261	1068.4	19230.8	7226.6	Sd-peep
279	Spectrogram 1	2	1177.317	1177.413	213.7	17521.4	8203.1	Sd-peep
280	Spectrogram 1	2	1177.463	1177.556	0.0	17521.4	195.3	Sd-peep
281	Spectrogram 1	2	1177.635	1177.708	0.0	16880.3	195.3	Sd-peep
282	Spectrogram 1	2	1177.781	1177.847	1068.4	19871.8	7812.5	Sd-peep
283	Spectrogram 1	2	1177.927	1177.996	0.0	19017.1	195.3	Sd-peep
284	Spectrogram 1	1	1178.040	1178.171	7240.4	11202.2	8984.4	Other
285	Spectrogram 1	2	1179.158	1179.247	0.0	20299.1	195.3	Sd-peep
286	Spectrogram 1	2	1179.320	1179.390	641.0	19658.1	8398.4	Sd-peep
287	Spectrogram 1	2	1179.476	1179.532	1923.1	20726.5	7226.6	Sd-peep
288	Spectrogram 1	2	1179.658	1179.758	1923.1	19230.8	8203.1	Sd-peep
289	Spectrogram 1	2	1179.890	1179.966	2777.8	19444.4	8203.1	Sd-peep
290	Spectrogram 1	2	1180.079	1180.178	1923.1	20940.2	8203.1	Sd-peep
291	Spectrogram 1	2	1180.235	1180.308	427.4	20512.8	8203.1	Sd-peep
292	Spectrogram 1	2	1180.357	1180.453	641.0	20940.2	8203.1	Sd-peep
293	Spectrogram 1	2	1180.579	1180.642	2350.4	20085.5	8203.1	Sd-peep
294	Spectrogram 1	2	1180.712	1180.795	2136.8	19444.4	8203.1	Sd-peep
295	Spectrogram 1	2	1180.851	1180.937	0.0	19871.8	195.3	Sd-peep
296	Spectrogram 1	2	1180.980	1181.056	1495.7	17094.0	8203.1	Tse
297	Spectrogram 1	2	1181.109	1181.189	2991.5	19230.8	8203.1	Sd-peep
298	Spectrogram 1	2	1181.268	1181.358	2350.4	20085.5	8398.4	Sd-peep
299	Spectrogram 1	2	1181.437	1181.530	3632.5	19230.8	8203.1	Sd-peep
300	Spectrogram 1	2	1181.566	1181.649	2777.8	19017.1	7617.2	Tse
301	Spectrogram 1	2	1181.719	1181.795	0.0	17948.7	195.3	Sd-peep
302	Spectrogram 1	2	1181.888	1181.954	427.4	20085.5	7226.6	Sd-peep
303	Spectrogram 1	2	1182.040	1182.106	3846.2	18803.4	8007.8	Sd-peep
304	Spectrogram 1	1	1182.878	1183.035	3278.7	9426.2	5859.4	Other
305	Spectrogram 1	1	1183.603	1184.441	7103.8	10792.3	8789.1	Trillphee
306	Spectrogram 1	1	1187.901	1188.007	6830.6	10519.1	8984.4	Trill
307	Spectrogram 1	1	1189.578	1190.534	6694.0	10109.3	8789.1	Trillphee
308	Spectrogram 1	1	1191.741	1191.909	6420.8	10929.0	8984.4	Trill
309	Spectrogram 1	4	1192.322	1192.371	5874.3	17521.4	7617.2	T-peep
310	Spectrogram 1	1	1193.912	1194.008	4487.2	13675.2	8789.1	Trill
311	Spectrogram 1	1	1194.108	1194.224	1709.4	15384.6	8789.1	P-peep
312	Spectrogram 1	1	1194.326	1194.416	4273.5	16453.0	8789.1	P-peep
313	Spectrogram 1	1	1194.462	1194.575	3846.2	15812.0	8789.1	P-peep
314	Spectrogram 1	1	1194.608	1194.737	3418.8	16880.3	8984.4	P-peep
315	Spectrogram 1	4	1198.832	1198.956	6284.2	8469.9	7617.2	Trill
316	Spectrogram 1	3	1199.970	1200.034	7650.3	10792.3	8789.1	Trill
317	Spectrogram 1	1	1200.911	1200.995	7536.8	11029.4	8984.4	Trill
318	Spectrogram 1	1	1204.063	1205.058	6830.6	10655.7	9570.3	Phee
319	Spectrogram 1	1	1220.411	1220.463	3632.5	18803.4	9960.9	P-peep
320	Spectrogram 1	1	1236.340	1236.462	7103.8	11065.6	8984.4	Trill
321	Spectrogram 1	1	1237.991	1238.120	7377.0	11202.2	8984.4	Trill
322	Spectrogram 1	1	1238.636	1239.547	8333.3	11202.2	8984.4	Trillphee
323	Spectrogram 1	1	1239.949	1240.063	6967.2	11338.8	9179.7	Trill
324	Spectrogram 1	1	1240.459	1240.769	4644.8	10655.7	8984.4	Trill
325	Spectrogram 1	3	1240.476	1241.436	6801.5	10661.8	8398.4	Phee
326	Spectrogram 1	1	1241.886	1242.099	6694.0	11338.8	9179.7	Trill
327	Spectrogram 1	1	1243.137	1243.266	6284.2	11338.8	8984.4	Trill
328	Spectrogram 1	1	1245.511	1245.565	6967.2	9972.7	8398.4	Trill
329	Spectrogram 1	1	1250.017	1250.083	7240.4	10792.3	8984.4	Trill
330	Spectrogram 1	3	1250.695	1250.811	3205.1	10683.8	8398.4	P-peep
331	Spectrogram 1	3	1250.868	1250.934	2991.5	13675.2	8398.4	P-peep
332	Spectrogram 1	3	1251.000	1251.070	1923.1	14316.2	8593.7	P-peep
333	Spectrogram 1	3	1251.085	1251.670	4000.0	10000.0	8789.1	Phee
334	Spectrogram 1	3	1256.650	1256.749	3205.1	11965.8	8398.4	P-peep
335	Spectrogram 1	3	1256.875	1256.958	1068.4	14957.3	8593.7	P-peep
336	Spectrogram 1	3	1257.047	1257.137	1709.4	14743.6	8789.1	P-peep
337	Spectrogram 1	3	1257.273	1257.326	2136.8	14957.3	9179.7	P-peep
338	Spectrogram 1	3	1257.339	1257.438	3846.2	16239.3	9179.7	P-peep
339	Spectrogram 1	3	1263.741	1263.849	7377.0	9289.6	8593.7	P-peep
340	Spectrogram 1	4	1264.728	1264.945	6694.0	8606.6	7421.9	Trill
341	Spectrogram 1	3	1273.755	1274.896	7103.8	10245.9	8203.1	Phee
342	Spectrogram 1	1	1274.112	1274.181	3418.8	14529.9	9179.7	P-peep
343	Spectrogram 1	1	1274.337	1274.420	2991.5	14743.6	9570.3	P-peep
344	Spectrogram 1	1	1274.493	1274.569	1282.1	15384.6	9765.6	P-peep
345	Spectrogram 1	4	1276.641	1276.796	6830.6	9289.6	7812.5	Trill
346	Spectrogram 1	1	1277.860	1277.921	7513.7	11065.6	9375.0	Trill
347	Spectrogram 1	1	1279.912	1280.005	7377.0	11338.8	9179.7	Trill
348	Spectrogram 1	3	1283.000	1283.070	3418.8	11752.1	8593.7	P-peep
349	Spectrogram 1	3	1283.189	1283.252	1282.1	12606.8	8593.7	P-peep
350	Spectrogram 1	2	1284.529	1284.648	3632.5	19444.4	8203.1	Sd-peep
351	Spectrogram 1	2	1284.695	1284.778	3632.5	19444.4	8203.1	Sd-peep
352	Spectrogram 1	2	1284.824	1284.900	2350.4	20726.5	8203.1	Sd-peep
353	Spectrogram 1	2	1284.970	1285.059	1068.4	20299.1	8203.1	Sd-peep
354	Spectrogram 1	2	1285.125	1285.212	854.7	20726.5	8203.1	Sd-peep
355	Spectrogram 1	2	1285.251	1285.344	1068.4	20299.1	8203.1	Sd-peep
356	Spectrogram 1	2	1285.414	1285.500	2991.5	19871.8	8203.1	Sd-peep
357	Spectrogram 1	2	1285.569	1285.652	2136.8	19230.8	8203.1	Sd-peep
358	Spectrogram 1	2	1285.715	1285.815	1068.4	20299.1	7226.6	Sd-peep
359	Spectrogram 1	2	1285.954	1286.036	3632.5	20940.2	8203.1	Sd-peep
360	Spectrogram 1	2	1286.063	1286.136	1282.1	21367.5	8203.1	Sd-peep
361	Spectrogram 1	2	1286.179	1286.282	1709.4	20726.5	8203.1	Sd-peep
362	Spectrogram 1	2	1286.351	1286.457	1495.7	21153.8	8203.1	Sd-peep
363	Spectrogram 1	2	1286.623	1286.735	641.0	21153.8	8203.1	Sd-peep
364	Spectrogram 1	2	1286.828	1286.914	1495.7	20940.2	8203.1	Sd-peep
365	Spectrogram 1	2	1286.977	1287.034	1068.4	21153.8	8398.4	Sd-peep
366	Spectrogram 1	2	1287.110	1287.222	427.4	21794.9	8203.1	Sd-peep
367	Spectrogram 1	2	1287.259	1287.345	1923.1	21367.5	8398.4	Sd-peep
368	Spectrogram 1	2	1287.494	1287.577	0.0	20726.5	195.3	Sd-peep
369	Spectrogram 1	1	1287.659	1287.743	8333.3	10792.3	9960.9	Trill
370	Spectrogram 1	1	1288.159	1288.232	2350.4	12606.8	9179.7	P-peep
371	Spectrogram 1	1	1288.298	1288.374	1495.7	11965.8	9179.7	P-peep
372	Spectrogram 1	2	1288.364	1288.425	4644.8	10655.7	8593.7	Sd-peep
373	Spectrogram 1	1	1288.444	1288.530	2991.5	14102.6	9179.7	P-peep
374	Spectrogram 1	1	1288.613	1288.689	2564.1	13461.5	9375.0	P-peep
375	Spectrogram 1	1	1288.808	1288.881	3205.1	14316.2	9960.9	P-peep
376	Spectrogram 1	1	1288.997	1289.067	3846.2	13675.2	10351.6	P-peep
377	Spectrogram 1	1	1290.349	1290.485	7240.4	9836.1	8789.1	Peep
378	Spectrogram 1	1	1291.921	1292.539	7786.9	11202.2	9375.0	Peep string
379	Spectrogram 1	1	1293.075	1293.618	5874.3	10929.0	8398.4	Peep string
380	Spectrogram 1	1	1295.933	1296.460	5874.3	11475.4	8789.1	Peep string
381	Spectrogram 1	1	1297.060	1297.118	7240.4	10519.1	8984.4	Peep
382	Spectrogram 1	4	1298.165	1298.257	6010.9	9562.8	7812.5	Peep
383	Spectrogram 1	1	1298.702	1299.810	7240.4	10929.0	8984.4	Peep string
384	Spectrogram 1	3	1304.892	1305.822	6284.2	11338.8	9179.7	Trillphee
385	Spectrogram 1	1	1308.720	1308.802	8333.3	10792.3	9179.7	Peep
386	Spectrogram 1	1	1310.493	1310.563	8333.3	10519.1	9375.0	Peep
387	Spectrogram 1	1	1317.672	1318.647	8060.1	11338.8	8984.4	Phee
388	Spectrogram 1	4	1324.771	1325.050	6557.4	9562.8	8203.1	Trill
389	Spectrogram 1	1	1326.737	1326.809	7786.9	10792.3	9179.7	Trill
390	Spectrogram 1	3	1330.682	1331.034	5882.4	11948.5	8789.1	Peep string
391	Spectrogram 1	1	1334.647	1335.085	7240.4	11338.8	9375.0	Peep string
392	Spectrogram 1	1	1335.556	1335.800	8196.7	11338.8	9375.0	Peep string
393	Spectrogram 1	1	1336.868	1337.189	7513.7	10519.1	8984.4	Trill
394	Spectrogram 1	1	1340.684	1340.745	7377.0	10792.3	9179.7	Trill
395	Spectrogram 1	1	1350.793	1351.479	7377.0	10519.1	9179.7	Trillphee
396	Spectrogram 1	1	1363.892	1364.773	6066.2	11580.9	8984.4	Phee
397	Spectrogram 1	3	1366.753	1367.193	6967.2	10519.1	9179.7	Peep string
398	Spectrogram 1	4	1373.318	1373.494	5464.5	10519.1	7617.2	Trill
399	Spectrogram 1	2	1382.064	1384.322	4779.4	11764.7	9570.3	Peep string
400	Spectrogram 1	1	1386.276	1387.156	6801.5	11029.4	8984.4	Trillphee
401	Spectrogram 1	1	1388.695	1389.248	6066.2	10294.1	7812.5	Peep string
402	Spectrogram 1	3	1390.113	1390.355	4000.0	10000.0	8398.4	Peep string
403	Spectrogram 1	3	1390.433	1391.051	7352.9	11029.4	8789.1	Phee
404	Spectrogram 1	3	1400.381	1401.248	7467.5	10064.9	8984.4	Phee
405	Spectrogram 1	1	1406.101	1406.157	4411.8	16544.1	12890.6	Twitter
406	Spectrogram 1	1	1406.197	1406.293	3846.2	17094.0	8007.8	Twitter
407	Spectrogram 1	1	1406.333	1406.435	3632.5	17094.0	7421.9	Twitter
408	Spectrogram 1	1	1406.478	1406.551	2991.5	16666.7	8593.7	Twitter
409	Spectrogram 1	1	1406.594	1406.667	2350.4	17735.0	8593.7	Twitter
410	Spectrogram 1	1	1406.717	1406.820	2564.1	17521.4	8398.4	Twitter
411	Spectrogram 1	1	1406.836	1406.912	2564.1	17094.0	8398.4	Twitter
412	Spectrogram 1	1	1406.952	1407.038	3632.5	17735.0	8398.4	Twitter
413	Spectrogram 1	1	1407.071	1407.177	2136.8	17948.7	8398.4	Twitter
414	Spectrogram 1	1	1407.187	1407.267	1068.4	17094.0	8398.4	Twitter
415	Spectrogram 1	1	1407.303	1407.403	2777.8	17094.0	8398.4	Twitter
416	Spectrogram 1	1	1409.753	1410.892	5519.5	10876.6	9179.7	Trill
417	Spectrogram 1	1	1411.318	1411.894	6980.5	11688.3	9765.6	Peep string
418	Spectrogram 1	3	1414.401	1415.497	7467.5	11363.6	8398.4	Peep string
420	Spectrogram 1	1	1415.815	1416.223	6655.8	11039.0	9179.7	Trill
421	Spectrogram 1	1	1416.893	1417.033	7305.2	11363.6	9179.7	Trill
422	Spectrogram 1	3	1421.963	1422.502	6818.2	10389.6	8593.7	Phee
423	Spectrogram 1	1	1422.924	1423.772	7467.5	11526.0	9179.7	Trillphee
424	Spectrogram 1	4	1428.334	1428.535	5844.2	9253.2	7812.5	Trill
425	Spectrogram 1	3	1429.519	1430.344	7629.9	10551.9	8398.4	Phee
426	Spectrogram 1	1	1431.467	1431.837	7629.9	10876.6	8984.4	Peep-string
427	Spectrogram 1	3	1438.123	1438.976	7467.5	10714.3	8593.7	Peep-string
429	Spectrogram 1	1	1440.152	1440.705	7467.5	11526.0	9179.7	Peep-string
430	Spectrogram 1	3	1442.655	1443.564	6493.5	10227.3	8984.4	Peep-string
431	Spectrogram 1	4	1459.348	1459.601	6168.8	9740.3	7812.5	Trill
432	Spectrogram 1	2	1463.150	1463.228	5032.5	11201.3	9179.7	Tse
433	Spectrogram 1	2	1463.288	1463.358	2991.5	12820.5	8789.1	Tse
434	Spectrogram 1	2	1463.417	1463.497	1068.4	15170.9	8398.4	Tse
435	Spectrogram 1	2	1463.573	1463.672	0.0	14743.6	195.3	Sd-peep
436	Spectrogram 1	2	1463.735	1463.828	1282.1	17094.0	8398.4	Sd-peep
437	Spectrogram 1	2	1463.901	1463.977	2350.4	15812.0	8398.4	Sd-peep
438	Spectrogram 1	2	1464.063	1464.133	2350.4	13675.2	8398.4	Sd-peep
439	Spectrogram 1	2	1464.252	1464.345	1068.4	13675.2	8398.4	Sd-peep
440	Spectrogram 1	2	1464.421	1464.507	1282.1	14102.6	8203.1	Sd-peep
441	Spectrogram 1	2	1464.590	1464.676	1068.4	14102.6	8398.4	Sd-peep
442	Spectrogram 1	2	1464.736	1464.812	0.0	14529.9	195.3	Sd-peep
443	Spectrogram 1	2	1464.891	1464.968	0.0	13675.2	195.3	Sd-peep
444	Spectrogram 1	2	1465.077	1465.170	213.7	14743.6	8398.4	Sd-peep
445	Spectrogram 1	2	1465.319	1465.401	641.0	15170.9	8789.1	Sd-peep
446	Spectrogram 1	2	1465.481	1465.574	2350.4	15812.0	8789.1	Sd-peep
447	Spectrogram 1	2	1465.647	1465.716	2777.8	15384.6	8593.7	Sd-peep
448	Spectrogram 1	2	1465.812	1465.869	1709.4	14316.2	7617.2	Sd-peep
449	Spectrogram 1	2	1465.955	1466.051	641.0	16880.3	9570.3	Sd-peep
450	Spectrogram 1	3	1473.459	1473.797	5844.2	11201.3	8398.4	Peep-string
451	Spectrogram 1	3	1477.702	1478.686	6655.8	9740.3	8789.1	Phee
452	Spectrogram 1	3	1488.090	1488.170	6818.2	9090.9	8007.8	Peep
453	Spectrogram 1	3	1493.224	1494.236	7467.5	10551.9	8398.4	Peep-string
454	Spectrogram 1	1	1520.547	1521.324	6655.8	11688.3	9375.0	Peep-string
455	Spectrogram 1	3	1522.073	1523.174	6331.2	9415.6	8789.1	Phee
456	Spectrogram 1	3	1530.878	1531.960	6818.2	10064.9	8593.7	Phee
457	Spectrogram 1	3	1539.203	1539.657	4000.0	10000.0	8398.4	Peep string
458	Spectrogram 1	3	1539.685	1540.058	4000.0	10000.0	8789.1	Phee
459	Spectrogram 1	1	1546.176	1546.748	7629.9	11039.0	9179.7	Phee
460	Spectrogram 1	3	1555.512	1556.459	7629.9	10551.9	9570.3	Phee
461	Spectrogram 1	4	1560.685	1560.863	6655.8	9577.9	8007.8	Trill
462	Spectrogram 1	3	1563.770	1564.426	6331.2	10714.3	8593.7	Peep-string
463	Spectrogram 1	3	1569.704	1570.258	4000.0	10000.0	9179.7	Trillphee
464	Spectrogram 1	1	1575.697	1576.588	7954.5	11039.0	9570.3	Phee
465	Spectrogram 1	3	1577.579	1578.582	7629.9	10389.6	8203.1	Peep-string
466	Spectrogram 1	4	1581.234	1581.492	5681.8	8928.6	7617.2	Trill
467	Spectrogram 1	3	1584.270	1585.179	7142.9	10227.3	8984.4	Trillphee
468	Spectrogram 1	1	1590.060	1590.397	6331.2	10714.3	8984.4	Peep-string
469	Spectrogram 1	3	1591.644	1591.980	4000.0	10000.0	8398.4	Peep string
470	Spectrogram 1	3	1592.064	1592.542	4000.0	10000.0	8984.4	Phee
471	Spectrogram 1	3	1597.560	1597.981	7305.2	10389.6	8789.1	Peep-string
472	Spectrogram 1	4	1601.317	1601.462	4707.8	9740.3	8007.8	Trill
473	Spectrogram 1	1	1602.221	1602.769	6493.5	11526.0	9179.7	Phee
474	Spectrogram 1	4	1605.665	1605.904	6168.8	10227.3	7812.5	Trill
475	Spectrogram 1	3	1608.303	1609.207	6980.5	11201.3	8593.7	Phee
476	Spectrogram 1	4	1630.576	1630.770	5477.5	8988.8	7812.5	Trill
477	Spectrogram 1	1	1635.385	1636.188	8430.2	10319.8	9375.0	Phee
478	Spectrogram 1	2	1639.951	1641.584	4625.0	10464.1	8398.4	Other
479	Spectrogram 1	2	1645.092	1645.165	1923.1	14743.6	8398.4	Sd-peep
480	Spectrogram 1	2	1645.211	1645.297	1709.4	12820.5	8203.1	Sd-peep
481	Spectrogram 1	2	1645.373	1645.443	2991.5	13461.5	8007.8	Sd-peep
482	Spectrogram 1	2	1645.635	1645.721	1709.4	13675.2	9179.7	Sd-peep
483	Spectrogram 1	1	1645.992	1646.060	8578.4	10171.6	9570.3	Peep
484	Spectrogram 1	1	1646.233	1646.298	8147.3	9598.2	8984.4	Peep
485	Spectrogram 1	1	1646.494	1646.550	8147.3	9821.4	9179.7	Peep
486	Spectrogram 1	3	1649.150	1650.097	4000.0	10000.0	8398.4	Phee
487	Spectrogram 1	3	1664.271	1664.784	8110.6	10342.7	9179.7	Phee
488	Spectrogram 1	1	1696.119	1696.791	8333.8	10454.3	9570.3	Phee
489	Spectrogram 1	1	1711.771	1712.413	7552.6	10565.9	8984.4	Phee
490	Spectrogram 1	1	1712.607	1712.679	8557.0	10677.6	9570.3	Peep
491	Spectrogram 1	3	1715.912	1716.340	7999.0	10007.9	8984.4	Phee
492	Spectrogram 1	3	1719.206	1719.709	4000.0	10000.0	8789.1	Trillphee
493	Spectrogram 1	2	1736.209	1737.206	4762.4	11347.2	9960.9	Other
494	Spectrogram 1	2	1739.066	1739.481	5320.4	9115.1	7617.2	Phee
495	Spectrogram 1	1	1741.090	1741.794	7440.9	10007.9	8984.4	Phee
496	Spectrogram 1	1	1750.344	1751.247	7329.3	10565.9	8984.4	Trillphee
497	Spectrogram 1	3	1761.971	1762.241	7552.6	10119.5	8984.4	Trill
498	Spectrogram 1	2	1768.873	1772.396	4000.0	10000.0	8593.7	Other
499	Spectrogram 1	2	1773.593	1773.679	0.0	14316.2	195.3	Sd-peep
500	Spectrogram 1	2	1773.785	1773.917	1495.7	15384.6	8007.8	Sd-peep
501	Spectrogram 1	2	1774.063	1774.146	1068.4	14957.3	9375.0	Tse
503	Spectrogram 1	3	1775.643	1776.260	4000.0	10000.0	8789.1	Peep string
504	Spectrogram 1	1	1776.349	1776.875	6213.3	10231.1	8984.4	Trill
505	Spectrogram 1	1	1777.266	1777.328	7440.9	9896.3	8789.1	Trill
506	Spectrogram 1	1	1783.637	1783.702	7664.2	10454.3	9179.7	Trill
507	Spectrogram 1	1	1793.137	1793.749	8222.2	10789.2	9179.7	Phee
508	Spectrogram 1	3	1798.503	1798.934	6771.3	10342.7	8593.7	Peep String
509	Spectrogram 1	1	1800.575	1801.406	7440.9	10900.8	9375.0	Phee
510	Spectrogram 1	4	1814.555	1814.830	6101.7	9449.9	7617.2	Trill
511	Spectrogram 1	1	1816.293	1816.981	6659.7	10789.2	8984.4	Phee
512	Spectrogram 1	3	1819.325	1819.407	4000.0	10000.0	8203.1	P-peep
513	Spectrogram 1	3	1819.537	1820.241	4000.0	10000.0	8593.7	Phee
514	Spectrogram 1	1	1822.294	1823.391	6882.9	10789.2	8789.1	Phee
515	Spectrogram 1	1	1834.645	1834.825	5766.8	11570.4	8984.4	Trill
516	Spectrogram 1	1	1834.867	1835.403	5990.1	11124.0	9179.7	Phee
517	Spectrogram 1	1	1843.127	1844.125	6101.7	11235.6	8789.1	Phee
518	Spectrogram 1	4	1847.585	1847.751	5655.2	9226.7	7617.2	Trill
519	Spectrogram 1	3	1850.353	1850.422	7552.6	9784.7	8789.1	P-peep
520	Spectrogram 1	3	1850.531	1850.593	7529.5	9684.6	8789.1	P-peep
521	Spectrogram 1	3	1850.727	1850.815	7745.0	9792.4	8984.4	P-peep
522	Spectrogram 1	3	1850.909	1850.990	7529.5	10115.7	9179.7	P-peep
523	Spectrogram 1	1	1851.662	1852.062	7098.4	10223.4	8984.4	Phee
524	Spectrogram 1	1	1854.474	1854.547	7960.5	10007.9	9179.7	Trill
525	Spectrogram 1	3	1856.339	1856.962	7637.2	10223.4	9179.7	Trillphee
526	Spectrogram 1	2	1887.461	1887.527	3650.2	11301.0	6445.3	Sd-peep
527	Spectrogram 1	2	1887.600	1887.666	2350.4	12179.5	9570.3	Sd-peep
528	Spectrogram 1	2	1887.772	1887.818	1068.4	13461.5	8203.1	Sd-peep
529	Spectrogram 1	2	1887.951	1888.027	1495.7	12820.5	7617.2	Sd-peep
530	Spectrogram 1	2	1888.309	1888.372	1068.4	14102.6	8984.4	Sd-peep
531	Spectrogram 1	2	1897.939	1898.038	213.7	14529.9	8984.4	Tse
532	Spectrogram 1	2	1898.124	1898.177	2564.1	16239.3	8007.8	Tse
533	Spectrogram 1	1	1900.537	1900.611	7529.5	10438.9	8984.4	Peep
534	Spectrogram 1	1	1900.750	1901.041	7421.7	11085.5	9179.7	Phee
535	Spectrogram 1	1	1901.094	1901.399	8068.3	10654.5	9765.6	Phee
536	Spectrogram 1	2	1903.573	1903.633	2777.8	13461.5	9765.6	Tse
537	Spectrogram 1	2	1903.808	1903.894	4059.8	13247.9	9375.0	Sd-peep
538	Spectrogram 1	2	1904.087	1904.166	2136.8	13034.2	7812.5	Sd-peep
539	Spectrogram 1	3	1933.355	1933.595	7637.2	10870.0	8984.4	Peep
540	Spectrogram 1	3	1972.560	1973.124	4000.0	10000.0	8984.4	Phee
541	Spectrogram 1	1	1990.812	1991.177	6451.9	10762.2	8398.4	Trill
542	Spectrogram 1	1	2010.731	2011.858	6508.3	10950.4	8789.1	Trillphee
543	Spectrogram 1	3	2015.848	2016.262	5475.2	10433.9	8398.4	Trill
544	Spectrogram 1	2	2021.028	2021.088	2991.5	13034.2	7617.2	Sd-peep
545	Spectrogram 1	2	2021.167	2021.260	2991.5	13675.2	8398.4	Sd-peep
546	Spectrogram 1	2	2021.320	2021.416	2136.8	14529.9	8593.7	Sd-peep
547	Spectrogram 1	2	2021.472	2021.542	1495.7	17094.0	8203.1	Sd-peep
548	Spectrogram 1	2	2021.648	2021.717	213.7	14957.3	6640.6	Sd-peep
549	Spectrogram 1	2	2021.860	2021.969	0.0	13461.5	195.3	Sd-peep
550	Spectrogram 1	3	2037.413	2038.333	4000.0	10000.0	8593.7	Phee
551	Spectrogram 1	4	2043.315	2043.558	5475.2	9297.5	7812.5	Trill
552	Spectrogram 1	3	2047.368	2047.853	6714.9	9917.4	8593.7	Trill
553	Spectrogram 1	4	2063.344	2063.557	6095.0	8574.4	7421.9	Trill
554	Spectrogram 1	3	2064.102	2064.774	4000.0	10000.0	9179.7	Phee
555	Spectrogram 1	1	2070.003	2070.580	7334.7	10124.0	8789.1	Peep string
556	Spectrogram 1	3	2077.092	2077.493	4000.0	10000.0	8593.7	Peep string
557	Spectrogram 1	3	2077.559	2077.936	4000.0	10000.0	8984.4	Phee
558	Spectrogram 1	1	2092.922	2093.199	7747.9	10433.9	9570.3	Trill
559	Spectrogram 1	1	2112.168	2112.503	5371.9	12086.8	8789.1	Trill
560	Spectrogram 1	1	2112.567	2113.237	6095.0	12086.8	9570.3	Trillphee
561	Spectrogram 1	1	2113.431	2114.027	7231.4	11363.6	9375.0	Phee
562	Spectrogram 1	3	2122.248	2122.802	6921.5	10537.2	9375.0	Trillphee
563	Spectrogram 1	1	2129.570	2129.631	4442.1	11983.5	10937.5	Twitter
564	Spectrogram 1	1	2129.688	2129.767	2991.5	14743.6	9179.7	Twitter
565	Spectrogram 1	1	2129.804	2129.880	4700.9	12820.5	8398.4	Twitter
566	Spectrogram 1	1	2129.916	2130.022	1282.1	17521.4	8398.4	Twitter
567	Spectrogram 1	1	2130.045	2130.125	2564.1	17735.0	8398.4	Twitter
568	Spectrogram 1	1	2130.178	2130.264	2350.4	16025.6	8593.7	Twitter
569	Spectrogram 1	1	2130.297	2130.367	1282.1	16239.3	8593.7	Twitter
570	Spectrogram 1	1	2130.403	2130.499	1495.7	15384.6	8398.4	Twitter
571	Spectrogram 1	1	2130.526	2130.589	2350.4	15812.0	8593.7	Twitter
572	Spectrogram 1	1	2130.632	2130.715	641.0	16453.0	8398.4	Twitter
573	Spectrogram 1	4	2148.816	2148.874	3925.6	10124.0	7226.6	Trill
574	Spectrogram 1	3	2149.436	2150.116	4000.0	10000.0	8398.4	Phee
575	Spectrogram 1	1	2156.076	2156.473	7541.3	10124.0	9570.3	Trillphee
576	Spectrogram 1	1	2157.407	2157.469	7541.3	9917.4	8984.4	P-peep
577	Spectrogram 1	3	2157.677	2157.755	4000.0	10000.0	8398.4	P-peep
578	Spectrogram 1	3	2157.934	2158.653	4000.0	10000.0	8593.7	Phee
579	Spectrogram 1	1	2171.639	2172.535	7024.8	10847.1	9179.7	Peep String
580	Spectrogram 1	1	2186.981	2187.218	7644.6	11053.7	9765.6	T-peep
581	Spectrogram 1	1	2188.149	2188.234	8161.2	10537.2	9570.3	T-peep
582	Spectrogram 1	1	2189.264	2189.430	6301.7	11157.0	8984.4	Trill
583	Spectrogram 1	1	2191.007	2191.144	7747.9	10640.5	9375.0	Trill
584	Spectrogram 1	1	2207.559	2208.298	5785.1	11260.3	9179.7	Trillphee
585	Spectrogram 1	1	2209.791	2209.860	8161.2	10640.5	9570.3	T-peep
586	Spectrogram 1	1	2210.917	2210.987	7438.0	10433.9	8984.4	T-peep
587	Spectrogram 1	1	2214.054	2214.565	5681.8	10743.8	8789.1	Peep-string
588	Spectrogram 1	4	2229.145	2229.202	5062.0	10227.3	8007.8	Trill
589	Spectrogram 1	1	2232.227	2232.869	6508.3	11363.6	8984.4	Trillphee
590	Spectrogram 1	1	2233.005	2233.063	8161.2	10020.7	9375.0	Peep
591	Spectrogram 1	4	2241.191	2241.468	5681.8	9504.1	8007.8	Trill
592	Spectrogram 1	3	2250.380	2250.803	5785.1	10020.7	8789.1	Trill
593	Spectrogram 1	3	2263.293	2263.769	6385.9	10869.6	8789.1	Trillphee
594	Spectrogram 1	3	2274.365	2274.437	5978.3	10190.2	8398.4	Peep
595	Spectrogram 1	3	2292.274	2292.784	4347.8	10597.8	8398.4	Trill
596	Spectrogram 1	1	2292.923	2293.078	6385.9	10597.8	8789.1	Trill
597	Spectrogram 1	1	2293.179	2293.211	7608.7	10054.3	8789.1	Trill
598	Spectrogram 1	1	2293.304	2293.364	7608.7	10597.8	9179.7	Trill
599	Spectrogram 1	4	2313.274	2313.401	5570.7	9239.1	8007.8	Trill
600	Spectrogram 1	3	2357.464	2357.826	4000.0	10000.0	8398.4	Peep string
601	Spectrogram 1	3	2357.878	2358.391	4000.0	10000.0	8593.7	Phee
602	Spectrogram 1	1	2358.746	2359.386	6657.6	11413.0	9179.7	Trillphee
603	Spectrogram 1	4	2363.239	2363.403	5570.7	8967.4	7226.6	Trill
604	Spectrogram 1	1	2364.445	2365.541	4000.0	10000.0	8789.1	Phee
605	Spectrogram 1	1	2391.654	2392.275	5978.3	11956.5	9570.3	Trill
606	Spectrogram 1	1	2392.344	2392.420	8288.0	11413.0	9765.6	Peep
607	Spectrogram 1	1	2392.517	2392.584	8288.0	11005.4	9960.9	Peep
608	Spectrogram 1	1	2392.718	2392.781	8695.7	10869.6	10156.2	Peep
609	Spectrogram 1	3	2393.366	2394.006	4000.0	10000.0	9179.7	Trill
610	Spectrogram 1	1	2400.311	2400.399	8152.2	10326.1	8984.4	Trill
611	Spectrogram 1	2	2415.689	2416.319	3668.5	10326.1	8398.4	Other
612	Spectrogram 1	2	2417.036	2418.234	3668.5	10326.1	8203.1	Other
613	Spectrogram 1	1	2418.544	2418.627	6793.5	10597.8	9179.7	Trill
614	Spectrogram 1	1	2418.779	2418.858	6929.3	10869.6	9179.7	Peep
615	Spectrogram 1	1	2418.946	2419.003	8016.3	10054.3	9179.7	Peep
616	Spectrogram 1	1	2419.133	2419.181	6929.3	10190.2	9375.0	Peep
617	Spectrogram 1	2	2420.368	2420.448	4273.5	13461.5	9375.0	Sd-peep
618	Spectrogram 1	2	2420.517	2420.593	0.0	14957.3	195.3	Sd-peep
619	Spectrogram 1	2	2420.716	2420.786	2350.4	15812.0	8007.8	Sd-peep
620	Spectrogram 1	2	2420.895	2420.965	1923.1	16453.0	7617.2	Sd-peep
621	Spectrogram 1	1	2421.340	2421.402	6793.5	10597.8	8789.1	Trill
622	Spectrogram 1	1	2421.714	2421.912	7472.8	10054.3	8984.4	Trill
623	Spectrogram 1	1	2428.437	2428.515	7337.0	10462.0	9179.7	Trill
624	Spectrogram 1	1	2428.608	2428.661	7065.2	9646.7	8789.1	P-peep
625	Spectrogram 1	3	2430.936	2431.334	4000.0	10000.0	8789.1	Phee
626	Spectrogram 1	3	2442.338	2443.083	4000.0	10000.0	8984.4	Phee
627	Spectrogram 1	1	2458.162	2458.206	7744.6	9782.6	8984.4	P-peep
628	Spectrogram 1	1	2458.296	2458.360	7201.1	10190.2	8984.4	P-peep
629	Spectrogram 1	1	2470.027	2470.120	7472.8	10733.7	9179.7	Phee
630	Spectrogram 1	3	2471.705	2472.504	4000.0	10000.0	8398.4	Phee
631	Spectrogram 1	1	2553.179	2553.267	7744.6	10326.1	8984.4	P-peep
632	Spectrogram 1	1	2553.343	2554.128	7065.2	10190.2	8984.4	Phee
633	Spectrogram 1	1	2593.002	2593.313	4076.1	11684.8	8203.1	Trill
634	Spectrogram 1	1	2598.390	2598.494	7201.1	10462.0	8984.4	P-peep
635	Spectrogram 1	1	2598.602	2598.683	6929.3	10869.6	9179.7	P-peep
636	Spectrogram 1	1	2603.062	2603.152	7472.8	10326.1	9179.7	P-peep
637	Spectrogram 1	1	2603.268	2604.027	5027.2	11956.5	8984.4	Phee
638	Spectrogram 1	3	2625.743	2627.234	4000.0	10000.0	8398.4	Phee
639	Spectrogram 1	1	2631.895	2632.184	7201.1	10869.6	8984.4	Phee
640	Spectrogram 1	1	2638.501	2638.587	5842.4	11005.4	8789.1	P-peep
641	Spectrogram 1	1	2638.624	2638.767	6385.9	10326.1	8789.1	P-peep
642	Spectrogram 1	1	2638.852	2638.961	5706.5	10462.0	8984.4	P-peep
643	Spectrogram 1	1	2639.017	2639.484	6929.3	11141.3	9179.7	P-peep
644	Spectrogram 1	1	2656.484	2657.170	5298.9	10733.7	8984.4	Phee
645	Spectrogram 1	1	2660.012	2660.367	6657.6	10869.6	8984.4	Trillphee
646	Spectrogram 1	1	2674.324	2674.673	5706.5	9918.5	8789.1	Trill
647	Spectrogram 1	3	2675.741	2676.467	4000.0	10000.0	8593.7	Phee
648	Spectrogram 1	2	2678.138	2678.218	1068.4	14529.9	9960.9	Sd-peep
649	Spectrogram 1	2	2678.277	2678.367	1709.4	15598.3	8789.1	Sd-peep
650	Spectrogram 1	2	2678.423	2678.473	2777.8	17521.4	8789.1	Sd-peep
651	Spectrogram 1	2	2678.529	2678.612	0.0	17094.0	195.3	Sd-peep
652	Spectrogram 1	2	2678.671	2678.767	1495.7	18803.4	8789.1	Sd-peep
653	Spectrogram 1	2	2678.804	2678.877	427.4	17948.7	8984.4	Sd-peep
654	Spectrogram 1	2	2678.950	2679.023	0.0	19230.8	195.3	Sd-peep
655	Spectrogram 1	1	2679.865	2680.024	5570.7	10054.3	8984.4	Trill
656	Spectrogram 1	1	2680.109	2680.239	6929.3	9646.7	8593.7	P-peep
657	Spectrogram 1	1	2680.285	2680.416	7201.1	9646.7	8789.1	P-peep
658	Spectrogram 1	1	2680.500	2680.890	7065.2	10190.2	8984.4	Phee
659	Spectrogram 1	1	2685.295	2685.375	7472.8	10190.2	9179.7	Trill
660	Spectrogram 1	1	2686.606	2687.489	5570.7	11413.0	9179.7	Trillphee
661	Spectrogram 1	1	2688.452	2688.485	7201.1	10462.0	9179.7	T-peep
662	Spectrogram 1	1	2691.366	2692.398	5434.8	11005.4	9179.7	Phee
663	Spectrogram 1	1	2743.597	2744.413	4000.0	10000.0	6445.3	Phee
664	Spectrogram 1	1	2758.049	2758.128	2564.1	20512.8	7812.5	Twitter
665	Spectrogram 1	1	2758.178	2758.248	1709.4	20085.5	7226.6	Twitter
666	Spectrogram 1	1	2758.304	2758.387	4059.8	19658.1	7226.6	Twitter
667	Spectrogram 1	1	2758.443	2758.506	213.7	22222.2	7031.2	Twitter
668	Spectrogram 1	1	2758.566	2758.642	1282.1	20726.5	7031.2	Twitter
669	Spectrogram 1	1	2758.678	2758.755	1709.4	20940.2	7031.2	Twitter
670	Spectrogram 1	1	2758.794	2758.887	1923.1	21367.5	8007.8	Twitter
671	Spectrogram 1	1	2758.930	2759.013	1923.1	18376.1	8007.8	Twitter
672	Spectrogram 1	1	2759.046	2759.132	3205.1	18589.7	8007.8	Twitter
673	Spectrogram 1	1	2759.172	2759.225	3418.8	19444.4	7812.5	Twitter
674	Spectrogram 1	1	2759.275	2759.351	2136.8	18803.4	7812.5	Twitter
675	Spectrogram 1	3	2763.156	2763.507	4000.0	10000.0	8593.7	Trill
676	Spectrogram 1	3	2768.382	2769.193	4000.0	10000.0	8398.4	Trillphee
677	Spectrogram 1	1	2772.563	2772.822	5570.7	11141.3	8398.4	Trill
678	Spectrogram 1	1	2772.863	2773.330	6114.1	10869.6	8984.4	Peep string
679	Spectrogram 1	1	2775.862	2775.958	3124.2	15488.3	12500.0	Twitter
680	Spectrogram 1	1	2776.021	2776.090	4700.9	15598.3	8593.7	Twitter
681	Spectrogram 1	1	2776.143	2776.206	3418.8	15812.0	7031.2	Twitter
682	Spectrogram 1	1	2776.282	2776.355	2991.5	15384.6	7031.2	Twitter
683	Spectrogram 1	1	2776.395	2776.471	2350.4	16666.7	7031.2	Twitter
684	Spectrogram 1	1	2776.521	2776.614	3632.5	16880.3	8203.1	Twitter
685	Spectrogram 1	1	2776.660	2776.723	2350.4	16666.7	7031.2	Twitter
686	Spectrogram 1	1	2776.759	2776.832	2564.1	16025.6	8398.4	Twitter
687	Spectrogram 1	1	2776.888	2776.978	2564.1	15170.9	8203.1	Twitter
688	Spectrogram 1	3	2777.810	2778.234	4000.0	10000.0	8789.1	Trill
689	Spectrogram 1	1	2793.170	2794.211	3958.3	11431.2	8203.1	Phee
690	Spectrogram 1	2	2794.907	2794.983	2463.8	12246.4	9765.6	Phee
691	Spectrogram 1	1	2800.218	2800.650	3007.2	11023.5	8593.7	Phee
692	Spectrogram 1	1	2805.878	2806.142	5317.0	11295.3	8789.1	Trill
693	Spectrogram 1	1	2806.232	2806.984	5588.8	11023.5	9570.3	Peep string
694	Spectrogram 1	3	2830.725	2830.913	4000.0	10000.0	8593.7	Peep string
695	Spectrogram 1	3	2831.039	2831.592	4000.0	10000.0	8593.7	Phee
696	Spectrogram 1	1	2844.414	2844.490	5181.2	10887.7	8984.4	P-peep
697	Spectrogram 1	1	2844.589	2845.326	5317.0	11159.4	8984.4	Phee
698	Spectrogram 1	4	2850.275	2850.413	4637.7	10615.9	7812.5	Sa-peep
699	Spectrogram 1	2	2859.635	2859.695	4000.0	10000.0	7421.9	Sd-peep
700	Spectrogram 1	2	2860.510	2860.590	4000.0	10000.0	8593.7	Sd-peep string
701	Spectrogram 1	2	2860.700	2860.782	2136.8	10897.4	6835.9	Sd-peep
702	Spectrogram 1	1	2861.861	2861.965	7219.2	10480.1	8789.1	Trill
703	Spectrogram 1	1	2870.906	2870.999	6547.6	10357.1	8984.4	Trill
704	Spectrogram 1	1	2891.032	2891.109	5714.3	10119.0	8593.7	Trill
705	Spectrogram 1	1	2891.178	2891.303	6190.5	8690.5	7812.5	Trill
706	Spectrogram 1	2	2926.391	2926.496	3809.5	11428.6	8398.4	Other
707	Spectrogram 1	2	2926.681	2926.797	1282.1	12393.2	8203.1	Sd-peep
708	Spectrogram 1	2	2927.013	2927.112	2777.8	14102.6	9570.3	Sd-peep
709	Spectrogram 1	2	2927.182	2927.268	854.7	13675.2	8007.8	Sd-peep
710	Spectrogram 1	2	2927.380	2927.477	1709.4	14957.3	9570.3	Tse
711	Spectrogram 1	2	2927.596	2927.669	1709.4	15598.3	7031.2	Sd-peep
712	Spectrogram 1	2	2928.884	2928.957	1923.1	15170.9	9570.3	Sd-peep
713	Spectrogram 1	2	2929.030	2929.110	3418.8	13247.9	8203.1	Sd-peep
714	Spectrogram 1	2	2929.318	2929.401	1495.7	16025.6	9765.6	Sd-peep
715	Spectrogram 1	2	2951.964	2952.918	2738.1	11666.7	8398.4	Other
716	Spectrogram 1	3	2954.381	2954.970	4000.0	10000.0	8398.4	Trill
717	Spectrogram 1	3	2989.905	2989.977	4000.0	10000.0	8593.7	T-peep
718	Spectrogram 1	3	2990.156	2990.396	4000.0	10000.0	9179.7	Phee
719	Spectrogram 1	3	2990.488	2990.548	4000.0	16025.6	9570.3	Dh-peep
720	Spectrogram 1	2	2993.765	2993.943	5000.0	10476.2	8984.4	P-peep
721	Spectrogram 1	3	3033.289	3034.340	4000.0	10000.0	8984.4	Other
722	Spectrogram 1	1	3039.537	3039.639	6904.8	10714.3	8984.4	Trill
723	Spectrogram 1	1	3039.801	3039.895	6785.7	10000.0	8789.1	Trill
724	Spectrogram 1	2	3040.409	3040.509	4000.0	10000.0	8593.7	Tse
725	Spectrogram 1	2	3042.344	3042.427	427.4	14743.6	8789.1	Sd-peep
726	Spectrogram 1	2	3042.493	3042.586	1495.7	15598.3	8203.1	Sd-peep
727	Spectrogram 1	2	3042.659	3042.728	1923.1	15812.0	8789.1	Sd-peep
728	Spectrogram 1	2	3042.771	3042.851	854.7	17735.0	8203.1	Sd-peep
729	Spectrogram 1	2	3042.934	3043.020	1495.7	17094.0	7226.6	Sd-peep
730	Spectrogram 1	2	3043.099	3043.189	1495.7	19871.8	8203.1	Sd-peep
731	Spectrogram 1	2	3043.258	3043.338	1282.1	20512.8	8203.1	Tse
732	Spectrogram 1	1	3050.226	3050.499	5833.3	11309.5	9375.0	Trill
733	Spectrogram 1	1	3051.358	3051.466	1923.1	16025.6	8984.4	Trill
734	Spectrogram 1	1	3060.185	3060.237	4000.0	10000.0	9179.7	T-peep
735	Spectrogram 1	1	3060.496	3061.018	5119.0	11666.7	8984.4	Trill
736	Spectrogram 1	1	3061.256	3061.611	5714.3	11071.4	8984.4	Phee
737	Spectrogram 1	1	3061.694	3061.771	6309.5	11071.4	9765.6	Peep
738	Spectrogram 1	1	3061.828	3062.071	6785.7	11071.4	9375.0	Peep
739	Spectrogram 1	3	3078.294	3078.896	4000.0	10000.0	9765.6	Trill
740	Spectrogram 1	1	3082.606	3082.881	4273.5	12606.8	9179.7	Trill
741	Spectrogram 1	1	3082.944	3083.358	4914.5	14957.3	9375.0	Phee
742	Spectrogram 1	1	3083.414	3083.825	1923.1	16453.0	9960.9	Phee
743	Spectrogram 1	1	3094.858	3094.946	7142.9	10357.1	8593.7	T-peep
744	Spectrogram 1	1	3095.385	3095.493	7261.9	9523.8	8789.1	T-peep
745	Spectrogram 1	1	3097.482	3098.124	2857.1	10595.2	8789.1	Other
746	Spectrogram 1	1	3100.847	3101.318	5952.4	10476.2	8398.4	Trill
747	Spectrogram 1	1	3101.989	3102.063	8928.6	11428.6	9960.9	Trill
748	Spectrogram 1	1	3109.964	3110.157	4000.0	10000.0	8984.4	Trill
749	Spectrogram 1	1	3110.873	3110.950	7261.9	10476.2	8984.4	Trill
750	Spectrogram 1	1	3113.217	3113.284	8214.3	10357.1	8984.4	Trill
751	Spectrogram 1	1	3114.553	3115.271	6428.6	10833.3	8593.7	T-peep string
752	Spectrogram 1	1	3129.274	3129.328	8452.4	10952.4	9570.3	Peep
753	Spectrogram 1	3	3140.194	3140.868	4000.0	10000.0	8984.4	Trill
754	Spectrogram 1	1	3141.979	3142.067	7738.1	11071.4	9375.0	Trill
755	Spectrogram 1	1	3143.298	3143.457	6785.7	11309.5	9375.0	Trill
756	Spectrogram 1	3	3148.580	3149.330	4000.0	10000.0	8593.7	Trill
757	Spectrogram 1	1	3149.296	3149.890	4000.0	10000.0	8789.1	Trillphee
758	Spectrogram 1	1	3161.702	3161.752	7976.2	10238.1	8984.4	Peep
759	Spectrogram 1	1	3161.893	3161.942	7381.0	9642.9	8984.4	Peep
760	Spectrogram 1	3	3167.429	3167.540	4000.0	10000.0	9570.3	Twitter
761	Spectrogram 1	3	3167.580	3167.663	3846.2	14316.2	9375.0	Twitter
762	Spectrogram 1	3	3167.713	3167.786	4700.9	16025.6	7617.2	Twitter
763	Spectrogram 1	3	3167.839	3167.921	2777.8	16453.0	9765.6	Twitter
764	Spectrogram 1	3	3167.978	3168.071	3632.5	17094.0	8984.4	Twitter
765	Spectrogram 1	3	3168.107	3168.170	3846.2	18376.1	8593.7	Twitter
766	Spectrogram 1	3	3168.233	3168.296	3205.1	18803.4	8593.7	Twitter
767	Spectrogram 1	3	3174.674	3175.378	4000.0	10000.0	8007.8	Trill
768	Spectrogram 1	3	3175.690	3176.015	4000.0	10000.0	9570.3	Trill
769	Spectrogram 1	3	3183.278	3183.331	2564.1	14743.6	8789.1	Twitter
770	Spectrogram 1	3	3183.367	3183.470	641.0	16025.6	8984.4	Twitter
771	Spectrogram 1	3	3183.530	3183.606	0.0	16025.6	195.3	Twitter
772	Spectrogram 1	1	3191.508	3192.132	6250.0	11835.1	8984.4	Trill
773	Spectrogram 1	3	3201.580	3201.646	4273.5	15812.0	10742.2	Twitter
774	Spectrogram 1	3	3201.702	3201.775	3205.1	18162.4	9765.6	Twitter
775	Spectrogram 1	3	3201.818	3201.904	3205.1	18162.4	10156.2	Twitter
776	Spectrogram 1	3	3201.944	3202.024	2991.5	18162.4	7226.6	Twitter
777	Spectrogram 1	3	3202.090	3202.149	4059.8	18162.4	9960.9	Twitter
778	Spectrogram 1	3	3202.209	3202.275	1923.1	17521.4	8398.4	Twitter
779	Spectrogram 1	3	3202.335	3202.414	2136.8	16453.0	8789.1	Twitter
780	Spectrogram 1	3	3202.451	3202.524	1282.1	18162.4	8789.1	Twitter
781	Spectrogram 1	3	3202.573	3202.660	854.7	16453.0	8789.1	Twitter
782	Spectrogram 1	3	3213.255	3214.712	4000.0	10000.0	7226.6	Phee
783	Spectrogram 1	3	3244.814	3245.691	6781.9	10505.3	9765.6	Phee
784	Spectrogram 1	1	3247.338	3247.749	6117.0	10904.3	8593.7	Trill
785	Spectrogram 1	1	3247.949	3248.277	6117.0	10106.4	8398.4	Peep-string
786	Spectrogram 1	1	3248.489	3248.575	7180.9	9707.4	8398.4	Peep-string
787	Spectrogram 1	1	3250.302	3251.147	6648.9	10505.3	8789.1	Peep string
788	Spectrogram 1	1	3251.531	3251.873	5514.7	10171.6	8007.8	Trill
789	Spectrogram 1	3	3252.640	3253.288	4000.0	10000.0	7421.9	Trill
790	Spectrogram 1	1	3257.955	3258.050	7230.4	10416.7	9179.7	Trill
791	Spectrogram 1	1	3258.110	3258.172	6862.7	9558.8	8593.7	Peep
792	Spectrogram 1	1	3259.049	3259.222	6617.6	10294.1	8789.1	Trill
793	Spectrogram 1	1	3278.548	3278.621	6250.0	10906.9	8984.4	Trill
794	Spectrogram 1	1	3279.887	3280.000	6372.5	10661.8	9570.3	Trill
795	Spectrogram 1	1	3280.099	3280.206	7107.8	10416.7	8984.4	Peep
796	Spectrogram 1	1	3304.849	3304.925	7230.4	11274.5	9375.0	T-peep
797	Spectrogram 1	1	3306.461	3307.263	6127.5	10294.1	9179.7	Phee
798	Spectrogram 1	3	3307.338	3308.757	4000.0	10000.0	8007.8	Phee
799	Spectrogram 1	4	3312.450	3312.521	3252.6	14404.6	12109.4	Twitter
800	Spectrogram 1	4	3312.601	3312.660	1923.1	19230.8	7226.6	Twitter
801	Spectrogram 1	4	3312.733	3312.849	1495.7	16453.0	8007.8	Twitter
802	Spectrogram 1	4	3312.879	3312.995	2350.4	15812.0	7812.5	Twitter
803	Spectrogram 1	4	3313.035	3313.147	2136.8	16239.3	6640.6	Twitter
804	Spectrogram 1	4	3313.174	3313.280	1068.4	16239.3	6640.6	Twitter
805	Spectrogram 1	4	3313.306	3313.422	854.7	16880.3	6640.6	Twitter
806	Spectrogram 1	4	3313.459	3313.561	854.7	16880.3	6445.3	Twitter
807	Spectrogram 1	4	3313.584	3313.684	854.7	17094.0	6250.0	Twitter
808	Spectrogram 1	4	3313.720	3313.826	641.0	18162.4	6640.6	Twitter
809	Spectrogram 1	1	3317.011	3317.104	6933.8	10610.3	9179.7	T-peep
810	Spectrogram 1	1	3350.554	3350.903	6443.6	11958.3	9179.7	Trillphee
811	Spectrogram 1	1	3352.073	3352.170	6076.0	11100.5	8984.4	Trill
812	Spectrogram 1	1	3353.140	3353.297	5830.9	11590.7	8789.1	Trill
813	Spectrogram 1	1	3353.345	3353.830	7056.4	10487.8	9570.3	Peep string
814	Spectrogram 1	1	3375.997	3376.845	6443.6	10610.3	8984.4	Peep string
815	Spectrogram 1	1	3388.371	3388.454	6811.3	10242.7	8984.4	T-peep
816	Spectrogram 1	3	3451.638	3452.167	5095.6	9629.9	7812.5	Trill
817	Spectrogram 1	1	3451.657	3451.867	6933.8	10487.8	9179.7	Trill
818	Spectrogram 1	1	3451.911	3451.978	7546.6	9752.5	8789.1	Peep
819	Spectrogram 1	1	3458.121	3458.209	7546.6	10242.7	8984.4	Trill
820	Spectrogram 1	1	3459.640	3459.843	7546.6	10732.9	8984.4	Trill
821	Spectrogram 1	1	3460.298	3460.670	5218.1	7546.6	6640.6	Trill
822	Spectrogram 1	1	3464.574	3464.657	6664.7	9818.9	8203.1	Peep
823	Spectrogram 1	1	3464.837	3464.901	6664.7	9351.6	8203.1	Peep
824	Spectrogram 1	1	3468.665	3469.780	6781.5	9935.7	8789.1	Peep string
825	Spectrogram 1	1	3473.787	3473.853	4400.3	15615.3	11523.4	Twitter
826	Spectrogram 1	1	3473.892	3473.972	2991.5	16239.3	9179.7	Twitter
827	Spectrogram 1	1	3474.012	3474.085	2991.5	16025.6	9570.3	Twitter
828	Spectrogram 1	1	3474.128	3474.214	4273.5	16453.0	7617.2	Twitter
829	Spectrogram 1	1	3474.257	3474.336	854.7	17948.7	7617.2	Twitter
830	Spectrogram 1	1	3474.356	3474.442	2136.8	18162.4	7617.2	Twitter
831	Spectrogram 1	1	3474.482	3474.568	1923.1	16880.3	7617.2	Twitter
832	Spectrogram 1	1	3474.588	3474.671	2564.1	16453.0	7617.2	Twitter
833	Spectrogram 1	1	3474.701	3474.800	854.7	15598.3	7421.9	Twitter
834	Spectrogram 1	3	3475.604	3476.295	6899.3	11104.9	8593.7	Trill
835	Spectrogram 1	1	3480.598	3480.684	7366.6	10637.6	9179.7	Trill
836	Spectrogram 1	1	3482.001	3482.084	7016.1	10637.6	8789.1	Trill
837	Spectrogram 1	1	3482.188	3483.107	7600.3	11104.9	9179.7	P-peep
838	Spectrogram 1	1	3493.062	3493.108	7950.7	10404.0	9179.7	Trill
839	Spectrogram 1	3	3540.686	3541.201	6432.0	10170.3	8593.7	Trill
840	Spectrogram 1	1	3577.639	3578.357	7016.1	10754.5	9179.7	Phee
841	Spectrogram 1	1	3588.970	3589.600	4000.0	10000.0	8789.1	Trillphee
842	Spectrogram 1	1	3594.059	3594.788	4000.0	10000.0	8984.4	Trill
843	Spectrogram 1	3	3613.525	3614.007	6548.9	10404.0	8593.7	Trill
844	Spectrogram 1	4	3614.171	3614.492	5497.5	9002.1	7812.5	Trill
845	Spectrogram 1	1	3649.099	3649.591	6782.5	11922.7	8789.1	Trillphee
846	Spectrogram 1	1	3658.042	3658.160	7363.5	10460.9	8984.4	Trill
847	Spectrogram 1	1	3659.574	3659.683	7806.0	10460.9	8984.4	Trill
848	Spectrogram 1	1	3659.750	3660.225	7252.9	10129.0	8789.1	Phee
849	Spectrogram 1	4	3671.130	3671.384	5704.2	8690.9	7421.9	Trill
850	Spectrogram 1	1	3692.092	3692.178	7919.7	10132.1	8984.4	Trill
851	Spectrogram 1	1	3692.291	3692.614	7145.4	10242.7	8593.7	Phee
852	Spectrogram 1	1	3692.863	3692.926	8140.9	10021.5	8984.4	Trill
853	Spectrogram 1	3	3702.414	3702.887	4000.0	10000.0	8203.1	Trill
854	Spectrogram 1	1	3703.471	3704.244	6481.6	10795.8	8789.1	Peep-string
855	Spectrogram 1	1	3734.835	3735.396	7247.0	10400.2	8789.1	Phee
856	Spectrogram 1	1	3738.114	3738.204	6796.6	10738.0	8593.7	Trill
857	Spectrogram 1	1	3738.243	3738.322	7472.2	9611.9	8593.7	P-peep
858	Spectrogram 1	1	3738.389	3738.476	7247.0	10400.2	8789.1	P-peep
859	Spectrogram 1	4	3747.736	3748.038	5557.8	9048.8	7421.9	Trill
