Selection	View	Channel	Begin Time (s)	End Time (s)	Low Freq (Hz)	High Freq (Hz)	Max Freq (Hz)	Call Type
1	Spectrogram 1	4	2.172	3.710	952.4	21904.8	6250.0	Twitter
2	Spectrogram 1	3	8.209	8.388	3539.8	14380.5	8984.4	T-peep
3	Spectrogram 1	3	8.539	8.620	2212.4	19469.0	8789.1	Sa-peep
4	Spectrogram 1	3	8.829	9.806	0.0	21238.9	195.3	Others
5	Spectrogram 1	3	10.038	10.586	1106.2	15265.5	8789.1	Trill
6	Spectrogram 1	3	10.968	11.043	3761.1	20796.5	8984.4	Sa-peep
7	Spectrogram 1	3	12.214	12.286	221.2	23008.8	8789.1	Sa-peep
8	Spectrogram 1	3	12.890	12.955	1769.9	21238.9	8593.7	Sa-peep
9	Spectrogram 1	3	13.120	13.486	4000.0	18000.0	8007.8	Trill
10	Spectrogram 1	3	13.746	14.507	0.0	21238.9	195.3	Others
11	Spectrogram 1	3	14.747	15.338	0.0	17920.4	195.3	Trill
12	Spectrogram 1	3	15.501	15.567	1327.4	21902.7	8203.1	Sa-peep
13	Spectrogram 1	4	17.344	17.409	3318.6	20575.2	8203.1	Sa-peep
14	Spectrogram 1	4	21.502	21.574	1106.2	18805.3	4101.6	T-peep
15	Spectrogram 1	3	21.969	22.067	221.2	22787.6	9179.7	Sa-peep
16	Spectrogram 1	3	22.217	22.305	0.0	21238.9	195.3	Sd-peep
17	Spectrogram 1	3	22.312	22.890	0.0	21902.7	195.3	Others
18	Spectrogram 1	3	23.595	23.667	3097.3	20796.5	8593.7	Sa-peep
19	Spectrogram 1	3	23.772	24.232	4000.0	18000.0	8007.8	Trill
20	Spectrogram 1	3	29.732	29.808	0.0	20200.0	195.3	Tse
21	Spectrogram 1	3	30.281	30.585	3000.0	18200.0	8593.7	Trill
22	Spectrogram 1	3	30.884	30.946	0.0	22200.0	195.3	Tse
23	Spectrogram 1	3	31.557	31.635	0.0	23000.0	195.3	Tse
24	Spectrogram 1	1	33.162	34.785	0.0	17600.0	195.3	Phee
25	Spectrogram 1	3	45.709	45.810	1640.2	9476.7	4492.2	Tse
26	Spectrogram 1	4	47.904	48.005	600.0	19000.0	7421.9	Tse
27	Spectrogram 1	4	48.727	48.854	0.0	22222.2	195.3	Sd-peep
28	Spectrogram 1	4	48.864	49.230	0.0	22222.2	195.3	Others
29	Spectrogram 1	1	49.400	50.990	0.0	15200.0	195.3	Phee
30	Spectrogram 1	3	51.412	51.639	4920.6	10387.9	9179.7	Trill
31	Spectrogram 1	3	54.080	54.168	4000.0	17400.0	10156.2	T-peep
32	Spectrogram 1	3	54.305	54.707	3400.0	14600.0	8203.1	Trill
33	Spectrogram 1	3	57.662	58.074	3400.0	15600.0	8984.4	Trill
34	Spectrogram 1	3	58.782	58.864	0.0	20400.0	195.3	Sd-peep
35	Spectrogram 1	3	58.874	59.301	0.0	20000.0	195.3	Others
36	Spectrogram 1	3	59.494	60.052	2800.0	14800.0	8398.4	Trill
37	Spectrogram 1	3	60.768	61.362	0.0	18600.0	195.3	Others
38	Spectrogram 1	3	62.091	62.731	0.0	20400.0	195.3	Others
39	Spectrogram 1	3	64.046	64.095	3400.0	19800.0	10546.9	Tse
40	Spectrogram 1	3	64.764	64.842	600.0	21400.0	10156.2	Tse
41	Spectrogram 1	3	66.423	66.824	3000.0	14200.0	8398.4	Trill
42	Spectrogram 1	3	72.953	73.031	400.0	18200.0	8007.8	Sa-peep
43	Spectrogram 1	3	73.139	73.769	0.0	24800.0	195.3	Others
44	Spectrogram 1	3	84.989	85.225	2000.0	17000.0	8789.1	Trill
45	Spectrogram 1	3	90.525	91.305	5649.6	11116.9	8398.4	Phee
46	Spectrogram 1	1	101.027	101.928	2000.0	16200.0	8789.1	P-peep string
47	Spectrogram 1	3	117.058	117.175	0.0	14444.4	195.3	Sd-peep
48	Spectrogram 1	3	117.182	117.631	0.0	18699.2	195.3	Others
49	Spectrogram 1	4	118.618	118.860	0.0	19400.0	195.3	Trill
50	Spectrogram 1	3	123.459	123.553	2235.8	18292.7	10546.9	Tse
51	Spectrogram 1	3	124.246	124.324	0.0	19105.7	195.3	Tse
52	Spectrogram 1	3	124.902	124.984	0.0	21951.2	195.3	Tse
53	Spectrogram 1	3	126.824	126.903	0.0	18902.4	195.3	Tse
54	Spectrogram 1	4	145.228	146.473	0.0	23058.3	195.3	Twitter
55	Spectrogram 1	3	146.835	146.973	6014.1	12028.1	8984.4	T-peep
56	Spectrogram 1	3	148.317	148.557	3644.9	12939.3	8203.1	Trill
57	Spectrogram 1	3	149.350	150.245	2184.5	18203.9	8984.4	Phee
58	Spectrogram 1	3	152.723	154.571	0.0	20631.1	8398.4	Phee
59	Spectrogram 1	4	159.518	159.580	0.0	16262.1	195.3	Sd-peep
60	Spectrogram 1	4	163.992	164.426	242.7	21601.9	585.9	Trill
61	Spectrogram 1	3	164.779	165.510	242.7	19902.9	8203.1	P-peep string
62	Spectrogram 1	3	165.533	166.105	0.0	15291.3	195.3	Phee
63	Spectrogram 1	3	166.137	166.229	0.0	14077.7	195.3	P-peep
64	Spectrogram 1	3	169.230	169.292	0.0	16262.1	195.3	T-peep string
65	Spectrogram 1	3	175.233	175.374	1456.3	13592.2	8789.1	T-peep string
66	Spectrogram 1	3	178.385	178.516	1941.7	14077.7	8007.8	P-peep string
67	Spectrogram 1	3	178.549	180.266	0.0	19902.9	8398.4	Phee
68	Spectrogram 1	3	185.386	187.127	0.0	22572.8	8203.1	Phee
69	Spectrogram 1	3	188.245	189.502	0.0	22330.1	8007.8	Phee
70	Spectrogram 1	4	193.102	194.419	0.0	22330.1	195.3	Twitter
71	Spectrogram 1	4	198.110	198.306	0.0	16262.1	195.3	T-peep
72	Spectrogram 1	2	200.194	200.460	4000.0	18000.0	7812.5	Trill
73	Spectrogram 1	4	205.087	205.328	242.7	19417.5	390.6	Trill
74	Spectrogram 1	3	209.566	209.821	1456.3	17961.2	8984.4	Trill
75	Spectrogram 1	1	218.298	218.540	0.0	21359.2	195.3	Phee
76	Spectrogram 1	1	218.592	220.277	0.0	20873.8	195.3	Phee
77	Spectrogram 1	4	221.312	222.315	242.7	16019.4	6250.0	Trillphee
78	Spectrogram 1	4	222.514	223.487	0.0	19660.2	195.3	Phee
79	Spectrogram 1	4	223.644	224.450	0.0	19174.8	195.3	Phee
80	Spectrogram 1	4	233.666	235.113	0.0	22087.4	195.3	Twitter
81	Spectrogram 1	4	235.188	235.410	0.0	18932.0	195.3	Phee
82	Spectrogram 1	4	235.485	237.049	0.0	20631.1	195.3	Phee
83	Spectrogram 1	4	237.245	238.489	0.0	20631.1	195.3	Phee
84	Spectrogram 1	2	262.420	263.468	4000.0	18000.0	9179.7	Phee
85	Spectrogram 1	2	263.984	265.160	4000.0	18000.0	8789.1	Phee
86	Spectrogram 1	4	265.729	267.202	0.0	22087.4	195.3	Twitter
87	Spectrogram 1	4	267.271	268.741	0.0	20388.3	195.3	Phee
88	Spectrogram 1	4	268.891	269.894	0.0	16747.6	195.3	Phee
89	Spectrogram 1	4	289.028	289.296	0.0	19417.5	195.3	Trill
90	Spectrogram 1	4	294.125	294.191	0.0	18932.0	195.3	T-peep
91	Spectrogram 1	1	297.108	299.022	4000.0	18000.0	7812.5	Phee
92	Spectrogram 1	4	304.660	304.899	0.0	20145.6	195.3	Trill
93	Spectrogram 1	4	313.195	314.309	0.0	21359.2	195.3	Twitter
94	Spectrogram 1	4	320.016	320.199	0.0	21116.5	195.3	Trill
95	Spectrogram 1	4	347.115	347.396	242.7	18446.6	390.6	Trill
96	Spectrogram 1	4	348.599	348.678	1093.5	14761.8	4882.8	T-peep
97	Spectrogram 1	4	358.442	358.539	2369.2	9841.2	4492.2	T-peep
98	Spectrogram 1	3	358.544	360.543	2186.9	11116.9	8203.1	Phee
99	Spectrogram 1	4	360.871	361.808	0.0	19417.5	195.3	Twitter
100	Spectrogram 1	4	371.740	371.852	4000.0	18000.0	4882.8	T-peep
101	Spectrogram 1	1	379.710	381.381	0.0	19902.9	195.3	Phee
102	Spectrogram 1	4	382.274	382.364	4000.0	18000.0	4101.6	T-peep
103	Spectrogram 1	3	395.632	395.928	5102.8	10570.2	8398.4	Phee
104	Spectrogram 1	4	396.829	397.172	0.0	20873.8	195.3	Trill
105	Spectrogram 1	3	401.122	401.316	4000.0	18000.0	8984.4	Trill
106	Spectrogram 1	3	404.408	404.832	2184.5	17233.0	8203.1	Trill
107	Spectrogram 1	3	405.764	405.939	5649.6	11481.4	8398.4	T-peep
108	Spectrogram 1	1	407.897	408.935	242.7	19174.8	8007.8	Phee
109	Spectrogram 1	1	409.000	409.771	0.0	21601.9	195.3	Phee
110	Spectrogram 1	2	411.410	411.474	4000.0	18000.0	7421.9	T-peep
111	Spectrogram 1	3	411.436	411.550	4000.0	18000.0	8398.4	P-peep
112	Spectrogram 1	2	411.726	411.800	4000.0	18000.0	7226.6	T-peep
113	Spectrogram 1	4	413.389	413.644	1456.3	21844.7	10156.2	Trill
114	Spectrogram 1	2	413.592	413.886	0.0	18203.9	195.3	Trill
115	Spectrogram 1	3	416.640	416.718	5831.8	10752.4	8593.7	P-peep
116	Spectrogram 1	3	416.838	417.614	4738.3	10387.9	8203.1	Phee
117	Spectrogram 1	2	417.754	417.974	4000.0	18000.0	6640.6	Trill
118	Spectrogram 1	3	418.590	418.822	1941.7	16262.1	8789.1	Trill
119	Spectrogram 1	2	419.436	419.502	4000.0	18000.0	6835.9	T-peep
120	Spectrogram 1	3	421.661	422.022	3280.4	12392.6	8398.4	Trill
121	Spectrogram 1	3	426.188	426.429	6378.5	10205.7	8593.7	Trill
122	Spectrogram 1	4	426.997	427.130	0.0	19174.8	195.3	T-peep
123	Spectrogram 1	3	432.037	432.520	0.0	17475.7	195.3	Trill
124	Spectrogram 1	3	432.845	432.880	2427.2	18203.9	8984.4	Sa-peep
125	Spectrogram 1	3	434.673	434.732	1456.3	22087.4	8007.8	Sa-peep
126	Spectrogram 1	3	436.702	436.774	242.7	18689.3	9765.6	Sa-peep
127	Spectrogram 1	3	437.708	437.793	0.0	21359.2	195.3	Sa-peep
128	Spectrogram 1	3	438.356	438.444	0.0	22087.4	195.3	Tse
129	Spectrogram 1	3	439.169	439.248	0.0	21601.9	195.3	Sd-peep
130	Spectrogram 1	4	440.787	441.156	0.0	21359.2	195.3	Trill
131	Spectrogram 1	3	445.367	445.622	0.0	18932.0	195.3	Trill
132	Spectrogram 1	3	445.743	445.795	0.0	20388.3	195.3	Sa-peep
133	Spectrogram 1	4	446.173	446.378	0.0	20631.1	195.3	Trill
134	Spectrogram 1	3	446.693	446.745	0.0	20873.8	195.3	Tse
135	Spectrogram 1	3	448.120	448.179	0.0	17718.4	195.3	Sa-peep
136	Spectrogram 1	3	448.666	448.718	4000.0	18000.0	9179.7	Tse
137	Spectrogram 1	3	448.907	449.194	0.0	16504.9	195.3	Trill
138	Spectrogram 1	3	449.789	449.847	728.2	18689.3	9179.7	Tse
139	Spectrogram 1	3	450.278	450.713	728.2	16747.6	8789.1	Trill
140	Spectrogram 1	3	451.971	452.655	3827.1	11845.9	8398.4	Phee
141	Spectrogram 1	4	467.984	468.951	0.0	22815.5	195.3	Twitter
142	Spectrogram 1	4	472.635	472.906	0.0	20631.1	195.3	Trill
143	Spectrogram 1	2	473.188	473.515	0.0	16990.3	195.3	Trill
144	Spectrogram 1	3	475.099	475.415	2184.5	16990.3	8984.4	P-peep string
145	Spectrogram 1	1	484.445	484.931	0.0	16990.3	195.3	Trill
146	Spectrogram 1	4	485.091	486.215	0.0	24271.8	195.3	Twitter
147	Spectrogram 1	2	488.752	489.118	4000.0	18000.0	7812.5	Trill
148	Spectrogram 1	3	491.587	492.727	5285.1	12210.3	8398.4	Phee
149	Spectrogram 1	1	494.048	495.854	4191.6	12210.3	8593.7	Phee
150	Spectrogram 1	2	498.121	498.379	242.7	14320.4	390.6	Trill
151	Spectrogram 1	2	500.000	501.278	4000.0	18000.0	8789.1	Phee
152	Spectrogram 1	2	501.970	503.338	4000.0	18000.0	9179.7	Phee
153	Spectrogram 1	3	506.902	507.086	4000.0	18000.0	8789.1	Phee
154	Spectrogram 1	3	517.951	518.359	1456.3	16504.9	8203.1	Phee
155	Spectrogram 1	3	523.868	524.015	1213.6	14805.8	7812.5	Phee
156	Spectrogram 1	3	525.074	525.593	3398.1	16262.1	8203.1	Trillphee
157	Spectrogram 1	3	530.794	531.464	6014.1	10752.4	8007.8	Phee
158	Spectrogram 1	1	537.099	537.372	4556.1	10934.6	8203.1	P-peep
159	Spectrogram 1	1	537.446	537.718	5102.8	10023.4	8203.1	P-peep
160	Spectrogram 1	3	538.940	540.612	4556.1	11116.9	8007.8	Phee
161	Spectrogram 1	3	553.328	553.716	4000.0	18000.0	8398.4	Phee
162	Spectrogram 1	3	554.748	555.898	4000.0	18000.0	8398.4	Phee
163	Spectrogram 1	3	568.695	570.344	0.0	18446.6	195.3	Trillphee
164	Spectrogram 1	4	570.972	571.471	0.0	21844.7	195.3	Twitter
165	Spectrogram 1	4	577.510	578.803	0.0	22815.5	195.3	Twitter
166	Spectrogram 1	3	584.756	586.431	0.0	22087.4	195.3	Phee
167	Spectrogram 1	2	601.408	601.498	4000.0	18000.0	7421.9	T-peep
168	Spectrogram 1	2	601.570	601.628	4000.0	18000.0	7421.9	T-peep
169	Spectrogram 1	4	636.840	638.025	0.0	19174.8	195.3	Twitter
170	Spectrogram 1	4	638.092	639.265	0.0	18446.6	195.3	Phee
171	Spectrogram 1	2	652.998	653.252	4000.0	18000.0	7812.5	Trill
172	Spectrogram 1	2	657.254	658.005	0.0	20873.8	195.3	Trillphee
173	Spectrogram 1	2	666.148	666.490	3462.6	10752.4	7617.2	Trill
174	Spectrogram 1	3	684.945	686.904	0.0	20388.3	8203.1	Phee
175	Spectrogram 1	3	687.705	688.867	0.0	21601.9	8203.1	Phee
176	Spectrogram 1	4	689.578	691.283	0.0	23301.0	195.3	Twitter
177	Spectrogram 1	3	694.394	695.924	4000.0	18000.0	8203.1	Phee
178	Spectrogram 1	3	696.876	697.183	728.2	15291.3	6445.3	P-peep string
179	Spectrogram 1	3	698.021	698.210	485.4	17718.4	6250.0	P-peep
180	Spectrogram 1	3	698.729	700.294	1456.3	20873.8	7812.5	Phee
181	Spectrogram 1	2	707.687	709.137	0.0	23301.0	6445.3	Twitter
182	Spectrogram 1	4	709.679	709.826	0.0	21601.9	195.3	Trill
183	Spectrogram 1	4	709.901	710.737	0.0	22815.5	195.3	Twitter
184	Spectrogram 1	4	723.119	723.448	0.0	21601.9	195.3	Trill
185	Spectrogram 1	2	727.145	727.252	0.0	21226.4	195.3	P-peep
186	Spectrogram 1	4	750.628	751.706	0.0	22330.1	195.3	Twitter
187	Spectrogram 1	4	768.721	768.799	485.4	20145.6	7226.6	T-peep
188	Spectrogram 1	4	768.910	769.661	0.0	20145.6	195.3	Twitter
189	Spectrogram 1	2	771.566	771.704	4000.0	18000.0	7421.9	Trill
190	Spectrogram 1	4	782.535	782.822	0.0	21359.2	195.3	Trill
191	Spectrogram 1	4	783.342	783.436	0.0	8737.9	195.3	T-peep
192	Spectrogram 1	2	789.034	789.108	4000.0	18000.0	7421.9	T-peep
193	Spectrogram 1	4	795.157	796.016	0.0	22572.8	195.3	Twitter
194	Spectrogram 1	4	807.529	808.659	0.0	24271.8	195.3	Twitter
195	Spectrogram 1	3	815.406	817.204	4000.0	18000.0	8007.8	Phee
196	Spectrogram 1	4	822.832	823.955	0.0	24757.3	195.3	Twitter
197	Spectrogram 1	4	831.942	832.935	0.0	21359.2	195.3	Twitter
198	Spectrogram 1	4	851.309	852.181	0.0	23058.3	195.3	Twitter
199	Spectrogram 1	4	862.739	864.235	0.0	21844.7	195.3	Twitter
200	Spectrogram 1	4	865.730	866.099	0.0	20145.6	195.3	Trill
201	Spectrogram 1	4	871.967	873.152	0.0	23543.7	195.3	Twitter
202	Spectrogram 1	3	874.230	875.970	4000.0	18000.0	8593.7	Phee
203	Spectrogram 1	1	893.696	893.993	0.0	15048.5	195.3	P-peep string
204	Spectrogram 1	1	894.052	894.708	970.9	15291.3	8398.4	Phee
205	Spectrogram 1	4	904.649	905.681	0.0	23058.3	195.3	Twitter
206	Spectrogram 1	3	912.430	914.268	4000.0	18000.0	8593.7	Phee
207	Spectrogram 1	1	920.610	921.194	0.0	16019.4	195.3	P-peep string
208	Spectrogram 1	1	921.227	922.752	242.7	19417.5	8789.1	Phee
209	Spectrogram 1	4	935.399	936.705	0.0	23543.7	195.3	Twitter
210	Spectrogram 1	4	941.902	942.118	0.0	15048.5	195.3	Trill
211	Spectrogram 1	4	946.882	947.134	4000.0	18000.0	10156.2	Trill
212	Spectrogram 1	2	947.092	947.402	0.0	17233.0	195.3	Trill
213	Spectrogram 1	4	955.626	956.551	0.0	20518.9	195.3	Twitter
214	Spectrogram 1	4	979.209	979.493	0.0	20047.2	195.3	Trill
215	Spectrogram 1	1	992.538	992.701	235.8	14622.6	8203.1	T-peep
216	Spectrogram 1	1	992.921	993.012	3773.6	13207.5	8593.7	P-peep
217	Spectrogram 1	4	994.338	994.723	0.0	21698.1	195.3	Trill
218	Spectrogram 1	4	996.585	996.732	3066.0	15566.0	10156.2	T-peep
219	Spectrogram 1	4	997.478	997.563	235.8	17452.8	8984.4	T-peep
220	Spectrogram 1	1	998.536	998.709	0.0	17452.8	195.3	T-peep
221	Spectrogram 1	4	999.574	999.852	0.0	18867.9	195.3	Trill
222	Spectrogram 1	4	1009.426	1009.557	0.0	8962.3	195.3	T-peep
223	Spectrogram 1	4	1019.856	1020.046	3773.6	14858.5	9765.6	Trill
224	Spectrogram 1	4	1021.877	1021.952	3537.7	15566.0	9570.3	T-peep
225	Spectrogram 1	4	1028.230	1028.436	0.0	17924.5	195.3	Trill
226	Spectrogram 1	4	1037.951	1038.261	943.4	11556.6	6445.3	Trill
227	Spectrogram 1	4	1038.329	1038.871	707.5	19811.3	6640.6	P-peep string
228	Spectrogram 1	4	1039.145	1040.572	1886.8	20047.2	6835.9	Phee
229	Spectrogram 1	4	1069.403	1069.906	0.0	15566.0	195.3	T-peep string
230	Spectrogram 1	4	1070.200	1070.902	0.0	15094.3	195.3	P-peep string
231	Spectrogram 1	4	1076.152	1076.652	707.5	16273.6	5664.1	Trill
232	Spectrogram 1	4	1087.045	1088.597	0.0	22405.7	195.3	Twitter
233	Spectrogram 1	1	1096.434	1097.453	0.0	17688.7	195.3	Phee
234	Spectrogram 1	4	1110.724	1111.132	0.0	21698.1	195.3	Trill
235	Spectrogram 1	1	1111.968	1112.869	3280.4	11845.9	8593.7	Trillphee
236	Spectrogram 1	3	1115.782	1117.493	943.4	17217.0	8007.8	Phee
237	Spectrogram 1	3	1121.572	1123.590	4000.0	18000.0	8398.4	Phee
238	Spectrogram 1	4	1124.354	1125.608	0.0	20754.7	195.3	Twitter
239	Spectrogram 1	3	1130.928	1132.382	4000.0	18000.0	8203.1	Phee
240	Spectrogram 1	3	1134.028	1135.545	4000.0	18000.0	8203.1	Phee
241	Spectrogram 1	1	1143.851	1143.959	2830.2	14150.9	8593.7	T-peep
242	Spectrogram 1	4	1159.410	1161.219	0.0	22405.7	195.3	Twitter
243	Spectrogram 1	4	1164.242	1164.601	0.0	20990.6	195.3	Trill
244	Spectrogram 1	1	1168.810	1169.930	0.0	15801.9	195.3	Phee
245	Spectrogram 1	4	1174.633	1175.224	235.8	17924.5	9570.3	Trill
246	Spectrogram 1	4	1175.453	1175.880	1415.1	14150.9	6640.6	Trill
247	Spectrogram 1	1	1181.408	1181.666	3537.7	15801.9	8398.4	Trillphee
248	Spectrogram 1	1	1192.340	1192.452	1415.1	18160.4	8593.7	T-peep
249	Spectrogram 1	1	1192.533	1193.199	471.7	16981.1	8593.7	P-peep string
250	Spectrogram 1	3	1202.908	1202.970	4009.4	13679.2	7617.2	P-peep
251	Spectrogram 1	3	1203.038	1204.368	0.0	20283.0	8203.1	Phee
252	Spectrogram 1	4	1207.513	1207.951	707.5	16037.7	10156.2	Trill
253	Spectrogram 1	4	1209.948	1210.206	0.0	19575.5	195.3	Trill
254	Spectrogram 1	4	1210.964	1211.708	0.0	22405.7	195.3	Twitter
255	Spectrogram 1	1	1220.778	1220.908	5102.8	11481.4	8398.4	T-peep
256	Spectrogram 1	1	1220.993	1221.571	471.7	15094.3	8398.4	Phee
257	Spectrogram 1	1	1239.324	1240.304	0.0	17924.5	195.3	Trillphee
258	Spectrogram 1	1	1240.369	1240.689	1650.9	15566.0	8789.1	P-peep string
259	Spectrogram 1	3	1254.858	1254.962	4000.0	18000.0	7812.5	P-peep
260	Spectrogram 1	3	1255.030	1256.195	0.0	21962.6	8398.4	Phee
261	Spectrogram 1	4	1259.283	1259.394	0.0	15420.6	195.3	T-peep
262	Spectrogram 1	1	1267.632	1269.664	5285.1	13121.6	8593.7	Phee
263	Spectrogram 1	3	1276.392	1278.740	4000.0	18000.0	8398.4	Phee
264	Spectrogram 1	3	1286.748	1288.384	233.6	21729.0	8203.1	Phee
265	Spectrogram 1	3	1289.658	1291.082	4000.0	18000.0	8007.8	Phee
266	Spectrogram 1	3	1296.302	1297.576	4000.0	18000.0	8398.4	Phee
267	Spectrogram 1	3	1298.053	1298.128	1869.2	13551.4	7226.6	P-peep
268	Spectrogram 1	3	1299.161	1299.230	0.0	17523.4	195.3	P-peep
269	Spectrogram 1	3	1300.398	1301.628	4000.0	18000.0	8007.8	Phee
270	Spectrogram 1	4	1309.147	1310.267	0.0	21729.0	7226.6	Twitter
271	Spectrogram 1	4	1346.285	1347.226	0.0	20327.1	195.3	Twitter
272	Spectrogram 1	1	1351.642	1353.576	4000.0	18000.0	8593.7	Phee
273	Spectrogram 1	4	1356.100	1356.904	0.0	20327.1	195.3	Twitter
274	Spectrogram 1	4	1361.621	1361.807	0.0	18457.9	195.3	Trill
275	Spectrogram 1	1	1379.121	1381.070	3462.6	11663.6	8398.4	Phee
276	Spectrogram 1	4	1384.444	1384.735	0.0	18925.2	195.3	Trill
277	Spectrogram 1	4	1385.886	1386.885	0.0	22429.9	195.3	Twitter
278	Spectrogram 1	4	1399.149	1400.390	0.0	22663.6	195.3	Twitter
279	Spectrogram 1	4	1409.717	1410.357	0.0	17523.4	195.3	Trill
280	Spectrogram 1	4	1443.887	1445.203	0.0	20327.1	195.3	Twitter
281	Spectrogram 1	4	1447.890	1448.791	0.0	21495.3	195.3	Twitter
282	Spectrogram 1	4	1465.279	1466.775	0.0	22429.9	195.3	Twitter
283	Spectrogram 1	4	1474.638	1474.948	1168.2	19392.5	9765.6	Trill
284	Spectrogram 1	4	1484.962	1485.063	0.0	16588.8	195.3	T-peep
285	Spectrogram 1	2	1489.160	1489.502	5102.8	11845.9	8984.4	Trill
286	Spectrogram 1	3	1490.296	1491.331	2551.4	11299.1	8593.7	Trillphee
287	Spectrogram 1	4	1505.934	1506.009	0.0	12612.6	195.3	T-peep
288	Spectrogram 1	4	1512.147	1512.771	0.0	14864.9	195.3	T-peep string
289	Spectrogram 1	4	1515.244	1515.345	900.9	15090.1	9375.0	T-peep
290	Spectrogram 1	4	1516.651	1516.997	0.0	16216.2	195.3	T-peep string
291	Spectrogram 1	4	1525.699	1526.584	0.0	20945.9	195.3	Twitter
292	Spectrogram 1	4	1531.639	1532.661	0.0	22973.0	195.3	Twitter
293	Spectrogram 1	4	1540.565	1541.789	0.0	18918.9	8593.7	Twitter
294	Spectrogram 1	4	1545.380	1545.644	0.0	17342.3	195.3	Trill
295	Spectrogram 1	4	1591.423	1591.862	3280.4	13303.8	9765.6	T-peep string
296	Spectrogram 1	4	1598.164	1598.843	450.5	17567.6	6445.3	Trill
297	Spectrogram 1	4	1599.013	1599.555	0.0	20720.7	195.3	Trill
298	Spectrogram 1	4	1599.764	1600.332	0.0	18468.5	195.3	Phee
299	Spectrogram 1	1	1601.390	1601.521	0.0	16216.2	195.3	T-peep
300	Spectrogram 1	1	1601.703	1602.347	675.7	15765.8	8398.4	Phee
301	Spectrogram 1	1	1602.435	1602.484	2477.5	13738.7	8593.7	P-peep
302	Spectrogram 1	3	1602.451	1604.153	0.0	17567.6	195.3	Phee
303	Spectrogram 1	1	1612.626	1614.829	3280.4	11663.6	8593.7	Phee
304	Spectrogram 1	2	1618.045	1618.322	3462.6	10570.2	7812.5	Trill
305	Spectrogram 1	4	1624.759	1625.317	0.0	20495.5	195.3	Trill
306	Spectrogram 1	3	1626.644	1626.930	4000.0	18000.0	7226.6	Trill
307	Spectrogram 1	4	1629.301	1630.509	675.7	21846.8	6250.0	Twitter
308	Spectrogram 1	4	1630.590	1631.848	4000.0	18000.0	7031.2	Phee
309	Spectrogram 1	4	1632.010	1633.074	4000.0	18000.0	6445.3	Phee
310	Spectrogram 1	4	1645.402	1646.123	675.7	19819.8	6640.6	Sd-peep string
311	Spectrogram 1	4	1647.678	1648.181	0.0	21396.4	195.3	Trill
312	Spectrogram 1	3	1672.342	1672.796	4227.3	11528.9	8203.1	Trill
313	Spectrogram 1	4	1685.613	1686.880	0.0	22072.1	195.3	Twitter
314	Spectrogram 1	1	1706.820	1707.075	4054.1	13738.7	8398.4	Trillphee
315	Spectrogram 1	1	1707.130	1707.578	2927.9	15315.3	8593.7	P-peep string
316	Spectrogram 1	4	1712.387	1712.756	0.0	20945.9	195.3	Trill
317	Spectrogram 1	2	1713.932	1714.250	4000.0	18000.0	7617.2	Trill
318	Spectrogram 1	4	1722.650	1723.055	450.5	17342.3	585.9	Trill
319	Spectrogram 1	2	1749.167	1749.520	225.2	20045.0	6835.9	Trill
320	Spectrogram 1	4	1773.975	1774.184	0.0	16216.2	195.3	Sd-peep string
321	Spectrogram 1	3	1775.477	1775.699	0.0	17117.1	195.3	Trill
322	Spectrogram 1	3	1777.178	1777.573	0.0	15315.3	195.3	Trill
323	Spectrogram 1	2	1778.380	1778.622	4000.0	18000.0	8203.1	Trill
324	Spectrogram 1	4	1786.240	1786.694	0.0	21846.8	195.3	Sd-peep string
325	Spectrogram 1	4	1786.873	1788.146	0.0	16216.2	195.3	Sd-peep string
326	Spectrogram 1	4	1794.996	1796.837	0.0	12162.2	195.3	Sd-peep string
327	Spectrogram 1	4	1797.513	1797.559	0.0	14414.4	195.3	Sd-peep
328	Spectrogram 1	4	1804.595	1804.987	0.0	16216.2	195.3	T-peep string
329	Spectrogram 1	2	1805.712	1806.023	4000.0	18000.0	7421.9	Trill
330	Spectrogram 1	4	1809.427	1809.959	0.0	17117.1	195.3	T-peep string
331	Spectrogram 1	3	1813.958	1814.388	4000.0	18000.0	7812.5	Trill
332	Spectrogram 1	3	1819.699	1820.108	3153.2	15540.5	7617.2	Trill
333	Spectrogram 1	3	1828.961	1829.817	225.2	17117.1	8398.4	Phee
334	Spectrogram 1	4	1833.412	1833.487	0.0	15991.0	195.3	T-peep
335	Spectrogram 1	4	1835.742	1835.797	0.0	20045.0	195.3	Sd-peep
336	Spectrogram 1	4	1838.235	1838.934	0.0	18243.2	195.3	Sd-peep string
337	Spectrogram 1	4	1839.421	1840.149	0.0	17792.8	195.3	Sd-peep string
338	Spectrogram 1	2	1849.108	1849.590	4000.0	18000.0	7812.5	Trill
339	Spectrogram 1	3	1854.268	1855.313	3378.4	16666.7	8203.1	Trillphee
340	Spectrogram 1	4	1872.056	1872.105	0.0	14414.4	195.3	Sd-peep
341	Spectrogram 1	4	1872.353	1872.421	0.0	13288.3	195.3	Sd-peep
342	Spectrogram 1	4	1894.454	1895.496	0.0	18243.2	195.3	Sd-peep string
343	Spectrogram 1	3	1898.060	1898.123	384.3	14475.2	3710.9	T-peep
344	Spectrogram 1	3	1920.655	1920.850	1024.8	12297.5	5664.1	T-peep string
345	Spectrogram 1	3	1947.871	1948.214	0.0	15991.0	195.3	Trill
346	Spectrogram 1	2	1969.856	1970.118	4000.0	18000.0	7617.2	Trill
347	Spectrogram 1	4	1988.188	1988.622	0.0	20270.3	195.3	Trill
348	Spectrogram 1	3	1990.428	1990.822	4000.0	18000.0	7812.5	Trill
349	Spectrogram 1	4	2006.933	2007.465	675.7	19819.8	5859.4	Trill
350	Spectrogram 1	3	2012.688	2013.188	900.9	16216.2	8398.4	Trill
351	Spectrogram 1	4	2022.357	2023.503	0.0	22072.1	195.3	Twitter
352	Spectrogram 1	1	2025.107	2025.277	0.0	15540.5	195.3	Trill
353	Spectrogram 1	1	2027.945	2028.151	2027.0	13964.0	7617.2	Trill
354	Spectrogram 1	1	2028.266	2028.919	1351.4	15315.3	8789.1	Trillphee
355	Spectrogram 1	3	2029.780	2030.042	1024.8	12041.3	4296.9	Trill
356	Spectrogram 1	3	2033.515	2034.040	1351.4	16216.2	8007.8	Trill
357	Spectrogram 1	4	2037.560	2037.632	450.5	21846.8	9179.7	Sa-peep
358	Spectrogram 1	4	2046.930	2047.000	4000.0	18000.0	7421.9	P-peep
359	Spectrogram 1	4	2049.382	2049.519	0.0	20945.9	195.3	P-peep
360	Spectrogram 1	4	2119.038	2119.286	681.8	15000.0	7226.6	Trill
361	Spectrogram 1	4	2121.500	2121.657	227.3	17500.0	9179.7	Trill
362	Spectrogram 1	4	2124.525	2124.809	2727.3	19772.7	8203.1	Trill
363	Spectrogram 1	2	2124.682	2124.852	681.8	17727.3	7421.9	Trill
364	Spectrogram 1	4	2134.510	2135.225	1136.4	22500.0	8203.1	Twitter
365	Spectrogram 1	2	2138.708	2139.024	454.5	12954.5	7617.2	Trill
366	Spectrogram 1	3	2140.836	2141.908	0.0	21818.2	195.3	Twitter
367	Spectrogram 1	2	2147.954	2148.244	4000.0	18000.0	6640.6	Trill
368	Spectrogram 1	3	2148.664	2149.461	0.0	15909.1	195.3	Trill
369	Spectrogram 1	3	2149.598	2150.101	3409.1	14090.9	7617.2	Phee
370	Spectrogram 1	3	2150.247	2150.328	1590.9	12045.5	7617.2	P-peep
371	Spectrogram 1	2	2151.100	2151.540	4000.0	18000.0	7812.5	Trill
372	Spectrogram 1	3	2156.818	2157.687	1818.2	17272.7	7226.6	Trill
373	Spectrogram 1	3	2159.107	2159.626	0.0	19318.2	195.3	Trill
374	Spectrogram 1	1	2177.808	2178.278	0.0	17045.5	195.3	P-peep string
375	Spectrogram 1	1	2178.346	2178.712	0.0	15681.8	195.3	Phee
376	Spectrogram 1	1	2178.755	2179.473	227.3	18636.4	8593.7	Phee
377	Spectrogram 1	4	2194.701	2194.766	0.0	17272.7	195.3	T-peep
378	Spectrogram 1	4	2195.181	2195.716	0.0	20909.1	195.3	T-peep string
379	Spectrogram 1	2	2197.842	2198.138	4000.0	18000.0	7617.2	Trill
380	Spectrogram 1	1	2199.106	2199.520	4000.0	18000.0	8593.7	Trill
381	Spectrogram 1	4	2207.042	2207.541	0.0	18863.6	195.3	Twitter
382	Spectrogram 1	2	2213.230	2213.362	4000.0	18000.0	7421.9	T-peep
383	Spectrogram 1	3	2214.111	2214.555	4000.0	18000.0	7812.5	Trill
384	Spectrogram 1	1	2216.873	2217.317	0.0	17045.5	195.3	Trill
385	Spectrogram 1	2	2230.248	2230.514	4000.0	18000.0	7031.2	Trill
386	Spectrogram 1	1	2235.488	2235.853	5124.0	10247.9	8398.4	Trillphee
387	Spectrogram 1	1	2235.945	2236.396	6533.1	10888.4	8593.7	Phee
388	Spectrogram 1	1	2245.834	2245.936	4000.0	18000.0	8789.1	T-peep
389	Spectrogram 1	1	2247.753	2247.795	1363.6	13863.6	8593.7	T-peep
390	Spectrogram 1	1	2258.328	2258.485	0.0	15227.3	195.3	T-peep
391	Spectrogram 1	1	2267.824	2267.955	4545.5	13636.4	8593.7	T-peep
392	Spectrogram 1	1	2280.793	2281.104	5764.5	11785.1	8593.7	T-peep string
393	Spectrogram 1	1	2292.981	2293.018	7173.5	9735.5	8398.4	T-peep
394	Spectrogram 1	1	2293.965	2294.204	5380.2	11016.5	8593.7	Trill
395	Spectrogram 1	1	2294.482	2294.711	4099.2	10247.9	8593.7	P-peep
396	Spectrogram 1	1	2301.022	2302.542	2818.2	11785.1	8593.7	Phee
397	Spectrogram 1	4	2303.176	2303.216	896.7	13706.6	4492.2	T-peep
398	Spectrogram 1	1	2319.572	2319.728	4000.0	18000.0	8203.1	Trill
399	Spectrogram 1	3	2320.641	2321.438	0.0	17500.0	195.3	Trill
400	Spectrogram 1	1	2325.776	2326.115	2045.5	15909.1	8398.4	Trillphee
401	Spectrogram 1	3	2327.602	2328.136	4000.0	18000.0	7617.2	Trill
402	Spectrogram 1	1	2339.585	2339.754	4227.3	11400.8	8593.7	T-peep
403	Spectrogram 1	4	2340.336	2340.633	0.0	20227.3	195.3	Trill
404	Spectrogram 1	1	2350.082	2350.262	2727.3	14772.7	8593.7	Trill
405	Spectrogram 1	1	2350.347	2350.513	3971.1	11785.1	8593.7	P-peep
406	Spectrogram 1	1	2354.614	2354.836	1590.9	16590.9	8593.7	Trill
407	Spectrogram 1	1	2355.066	2355.211	4867.8	12041.3	8593.7	P-peep
408	Spectrogram 1	4	2374.591	2375.407	0.0	22045.5	195.3	Twitter
409	Spectrogram 1	3	2377.432	2377.816	3843.0	11016.5	7421.9	Trill
410	Spectrogram 1	4	2383.649	2383.739	1824.8	10834.7	4101.6	T-peep
411	Spectrogram 1	3	2389.628	2390.059	0.0	16818.2	195.3	Trill
412	Spectrogram 1	1	2391.808	2393.764	0.0	17727.3	195.3	Phee
413	Spectrogram 1	4	2407.355	2407.434	0.0	18409.1	195.3	T-peep
414	Spectrogram 1	3	2411.714	2412.119	1363.6	18181.8	8203.1	Trill
415	Spectrogram 1	3	2423.266	2423.645	0.0	19318.2	195.3	Trill
416	Spectrogram 1	2	2426.016	2426.578	4000.0	18000.0	6835.9	Trill
417	Spectrogram 1	2	2426.824	2426.930	4000.0	18000.0	7812.5	T-peep
418	Spectrogram 1	1	2452.054	2453.912	1818.2	18409.1	8593.7	Phee
419	Spectrogram 1	3	2462.945	2464.454	0.0	21136.4	195.3	Twitter
420	Spectrogram 1	4	2466.201	2466.652	0.0	20227.3	195.3	Trill
421	Spectrogram 1	3	2467.247	2468.386	2509.1	11975.2	8984.4	Phee
422	Spectrogram 1	3	2468.512	2469.274	4105.8	11747.1	7617.2	Phee
423	Spectrogram 1	4	2469.953	2470.795	0.0	23636.4	195.3	Twitter
424	Spectrogram 1	3	2479.429	2480.634	0.0	22045.5	195.3	Twitter
425	Spectrogram 1	2	2483.678	2484.249	454.5	15681.8	7812.5	Trill
426	Spectrogram 1	2	2494.802	2494.985	1818.2	15000.0	8398.4	Trill
427	Spectrogram 1	4	2502.478	2502.638	0.0	17045.5	195.3	Trill
428	Spectrogram 1	2	2511.251	2511.411	909.1	14545.5	8789.1	Trill
429	Spectrogram 1	2	2513.334	2513.530	4000.0	18000.0	8203.1	Trill
430	Spectrogram 1	2	2540.902	2541.215	1590.9	16363.6	8398.4	Trill
431	Spectrogram 1	2	2544.292	2544.366	4000.0	18000.0	7617.2	T-peep
432	Spectrogram 1	4	2552.235	2553.407	0.0	23181.8	195.3	Twitter
433	Spectrogram 1	1	2555.945	2556.250	4904.1	11176.8	8984.4	Trill
434	Spectrogram 1	2	2561.455	2561.651	3991.7	12317.3	8789.1	Trill
435	Spectrogram 1	3	2566.070	2566.452	4000.0	18000.0	8007.8	Trill
436	Spectrogram 1	2	2580.983	2581.064	0.0	23636.4	195.3	Tse
437	Spectrogram 1	1	2596.182	2596.517	5360.3	11861.1	8398.4	Trill
438	Spectrogram 1	3	2600.212	2600.736	4000.0	18000.0	7421.9	Trill
439	Spectrogram 1	3	2602.763	2603.723	909.1	19545.5	7617.2	Trillphee
440	Spectrogram 1	3	2616.942	2617.092	0.0	13863.6	195.3	Trill
441	Spectrogram 1	1	2617.944	2618.199	4000.0	18000.0	8984.4	Trill
442	Spectrogram 1	4	2633.255	2633.667	0.0	20454.5	195.3	Trill
443	Spectrogram 1	1	2646.382	2647.098	4000.0	18000.0	8593.7	Trillphee
444	Spectrogram 1	1	2647.176	2647.832	4000.0	18000.0	8789.1	Phee
445	Spectrogram 1	3	2661.004	2662.261	0.0	22045.5	195.3	Twitter
446	Spectrogram 1	4	2665.382	2666.597	454.5	23181.8	8789.1	Twitter
447	Spectrogram 1	3	2673.080	2674.612	0.0	23863.6	195.3	Twitter
448	Spectrogram 1	4	2675.170	2676.287	0.0	20000.0	195.3	Twitter
449	Spectrogram 1	4	2684.104	2685.240	0.0	19090.9	195.3	Twitter
450	Spectrogram 1	4	2686.982	2687.280	0.0	15909.1	195.3	Trill
451	Spectrogram 1	1	2704.369	2704.464	2727.3	14772.7	8593.7	T-peep
452	Spectrogram 1	1	2705.038	2705.195	227.3	14318.2	390.6	Trill
453	Spectrogram 1	3	2714.628	2714.893	227.3	19772.7	7617.2	Trill
454	Spectrogram 1	3	2714.974	2715.820	0.0	22045.5	195.3	Twitter
455	Spectrogram 1	4	2717.169	2717.692	2272.7	17045.5	5468.7	Trill
456	Spectrogram 1	4	2718.580	2718.831	0.0	16818.2	195.3	Trill
457	Spectrogram 1	4	2722.640	2723.897	0.0	20454.5	195.3	Twitter
458	Spectrogram 1	1	2724.332	2725.413	0.0	20454.5	195.3	Twitter
459	Spectrogram 1	3	2735.946	2736.269	0.0	20000.0	195.3	Trill
460	Spectrogram 1	3	2736.354	2737.732	0.0	22045.5	195.3	Twitter
461	Spectrogram 1	4	2749.889	2750.667	0.0	21136.4	195.3	Twitter
462	Spectrogram 1	2	2753.759	2754.089	681.8	20454.5	8007.8	T-peep string
463	Spectrogram 1	1	2755.481	2756.059	1590.9	16818.2	7812.5	Trill
464	Spectrogram 1	1	2758.097	2758.208	1818.2	15454.5	8398.4	T-peep
465	Spectrogram 1	3	2764.718	2765.786	454.5	20454.5	7421.9	Twitter
466	Spectrogram 1	1	2766.603	2766.844	0.0	17500.0	195.3	Trillphee
467	Spectrogram 1	1	2767.001	2767.488	1363.6	17727.3	8789.1	P-peep string
468	Spectrogram 1	1	2777.854	2778.086	2727.3	14545.5	8789.1	Trill
469	Spectrogram 1	3	2785.795	2786.132	2727.3	16136.4	7617.2	Trill
470	Spectrogram 1	2	2800.167	2800.330	0.0	14090.9	195.3	Trill
471	Spectrogram 1	4	2816.013	2816.477	0.0	18863.6	195.3	Trill
472	Spectrogram 1	1	2816.186	2816.602	4000.0	18000.0	7617.2	Phee
473	Spectrogram 1	1	2816.700	2816.850	4000.0	18000.0	8593.7	P-peep
474	Spectrogram 1	1	2816.906	2818.100	4000.0	18000.0	8593.7	Phee
475	Spectrogram 1	4	2819.064	2819.782	0.0	20454.5	195.3	Twitter
476	Spectrogram 1	4	2819.867	2820.762	0.0	20227.3	195.3	Trill
477	Spectrogram 1	4	2820.894	2821.636	4000.0	18000.0	6835.9	Phee
478	Spectrogram 1	4	2821.807	2822.281	0.0	19545.5	195.3	Phee
479	Spectrogram 1	4	2826.666	2827.675	0.0	22954.5	195.3	Twitter
480	Spectrogram 1	3	2831.375	2832.877	227.3	22727.3	7421.9	Twitter
481	Spectrogram 1	3	2842.228	2843.698	227.3	18863.6	8398.4	Trillphee
482	Spectrogram 1	3	2843.890	2844.410	909.1	17727.3	8203.1	Phee
483	Spectrogram 1	3	2854.795	2856.052	0.0	20000.0	195.3	Twitter
484	Spectrogram 1	4	2856.924	2857.398	2052.9	14370.2	5859.4	Trill
485	Spectrogram 1	4	2857.612	2858.180	0.0	18181.8	195.3	T-peep string
486	Spectrogram 1	4	2858.422	2858.588	0.0	20454.5	195.3	P-peep string
487	Spectrogram 1	4	2858.647	2858.974	0.0	17045.5	195.3	Phee
488	Spectrogram 1	4	2859.006	2859.075	0.0	14545.5	195.3	P-peep
489	Spectrogram 1	4	2865.521	2867.092	0.0	22954.5	195.3	Twitter
490	Spectrogram 1	3	2868.714	2870.177	0.0	19318.2	195.3	Twitter
491	Spectrogram 1	2	2870.918	2871.018	4000.0	18000.0	7421.9	T-peep
492	Spectrogram 1	2	2885.248	2885.384	4000.0	18000.0	7812.5	T-peep
493	Spectrogram 1	4	2900.544	2901.586	0.0	20454.5	195.3	Twitter
494	Spectrogram 1	3	2911.028	2912.526	0.0	22500.0	195.3	Twitter
495	Spectrogram 1	4	2916.732	2917.986	0.0	22544.6	195.3	Twitter
496	Spectrogram 1	4	2920.584	2921.482	1562.5	16294.6	4492.2	Trill
497	Spectrogram 1	4	2921.717	2922.491	0.0	18750.0	195.3	Phee
498	Spectrogram 1	1	2927.126	2927.351	1136.4	16363.6	8007.8	Phee
499	Spectrogram 1	1	2927.397	2929.271	0.0	19545.5	195.3	Phee
500	Spectrogram 1	4	2931.748	2932.078	0.0	20089.3	195.3	Trill
501	Spectrogram 1	3	2940.749	2941.800	0.0	20370.4	195.3	Twitter
502	Spectrogram 1	3	2948.957	2950.390	0.0	22685.2	195.3	Twitter
503	Spectrogram 1	4	2951.249	2951.769	2052.9	13800.0	9765.6	Trill
504	Spectrogram 1	4	2951.962	2952.340	1562.5	20535.7	6835.9	Trill
505	Spectrogram 1	4	2952.389	2952.595	3125.0	10937.5	7031.2	P-peep string
506	Spectrogram 1	4	2952.958	2954.012	223.2	19196.4	6640.6	Phee
507	Spectrogram 1	4	2962.305	2963.526	2455.4	22767.9	6640.6	Twitter
508	Spectrogram 1	3	2972.766	2973.704	4000.0	18000.0	8203.1	Trillphee
509	Spectrogram 1	3	2977.426	2978.585	0.0	23148.1	195.3	Twitter
510	Spectrogram 1	1	2982.034	2982.174	2727.3	15681.8	8789.1	T-peep
511	Spectrogram 1	4	2984.520	2984.797	0.0	19419.6	195.3	Trill
512	Spectrogram 1	1	2991.261	2991.418	2045.5	15454.5	8593.7	T-peep
513	Spectrogram 1	4	2992.646	2992.881	0.0	15848.2	195.3	Trill
514	Spectrogram 1	1	2993.510	2993.631	4090.9	14090.9	8398.4	T-peep
515	Spectrogram 1	1	2994.533	2995.793	0.0	20227.3	195.3	Twitter
516	Spectrogram 1	4	2997.815	2999.111	0.0	20089.3	195.3	Twitter
517	Spectrogram 1	3	3008.300	3008.950	0.0	19675.9	195.3	Sa-peep string
518	Spectrogram 1	3	3012.612	3014.226	798.3	10492.6	7617.2	Phee
519	Spectrogram 1	4	3016.074	3016.166	0.0	16741.1	195.3	T-peep
520	Spectrogram 1	3	3020.845	3021.978	0.0	20601.9	195.3	Twitter
521	Spectrogram 1	3	3024.130	3024.346	4000.0	18000.0	7617.2	Trill
522	Spectrogram 1	3	3024.455	3025.092	0.0	21990.7	195.3	Twitter
523	Spectrogram 1	2	3058.850	3059.166	4000.0	18000.0	7812.5	Trill
524	Spectrogram 1	2	3067.656	3067.958	4000.0	18000.0	7226.6	Trill
525	Spectrogram 1	1	3078.938	3079.482	4000.0	18000.0	8398.4	Trillphee
526	Spectrogram 1	1	3079.546	3079.971	1136.4	20681.8	8789.1	P-peep string
527	Spectrogram 1	3	3087.326	3088.439	2395.0	11062.8	7617.2	Phee
528	Spectrogram 1	3	3088.601	3089.217	2623.1	11747.1	8203.1	Phee
529	Spectrogram 1	3	3107.487	3107.983	1851.9	17129.6	7617.2	Sa-peep string
530	Spectrogram 1	4	3109.773	3110.077	446.4	20535.7	9375.0	Trill
531	Spectrogram 1	4	3122.458	3123.382	0.0	20535.7	195.3	Twitter
532	Spectrogram 1	3	3132.078	3132.914	0.0	20370.4	195.3	Twitter
533	Spectrogram 1	2	3132.120	3132.210	4000.0	18000.0	7226.6	T-peep
534	Spectrogram 1	3	3147.014	3147.905	694.4	16203.7	8984.4	Phee
535	Spectrogram 1	3	3148.042	3148.780	0.0	17824.1	195.3	Phee
536	Spectrogram 1	4	3162.469	3163.749	0.0	21205.4	195.3	Twitter
537	Spectrogram 1	4	3166.313	3167.466	0.0	21428.6	195.3	Twitter
538	Spectrogram 1	4	3168.613	3169.805	0.0	21205.4	195.3	Twitter
539	Spectrogram 1	4	3197.890	3198.424	6272.7	13457.8	9765.6	Trill
540	Spectrogram 1	4	3218.970	3219.447	2232.1	16294.6	6250.0	Trill
541	Spectrogram 1	4	3219.657	3220.081	2008.9	14732.1	6250.0	Trill
542	Spectrogram 1	4	3220.349	3220.839	669.6	17633.9	6835.9	Phee
543	Spectrogram 1	4	3232.343	3233.897	0.0	21875.0	195.3	Twitter
544	Spectrogram 1	4	3234.907	3235.276	0.0	21428.6	195.3	Trill
545	Spectrogram 1	4	3259.156	3259.760	0.0	19419.6	195.3	Twitter
546	Spectrogram 1	2	3267.634	3267.772	4000.0	18000.0	7421.9	P-peep
547	Spectrogram 1	2	3272.414	3273.026	4000.0	18000.0	8007.8	Trill
