Selection	View	Channel	Begin Time (s)	End Time (s)	Low Freq (Hz)	High Freq (Hz)	Max Freq (Hz)	Call Type
1	Spectrogram 1	1	9.248020000	9.766020000	4000.0	18000.0	9375.0	trill
2	Spectrogram 1	1	9.908020000	10.366020000	4000.0	18000.0	9668.0	trill
3	Spectrogram 1	1	10.552020000	11.108020000	4000.0	18000.0	8789.1	trill
4	Spectrogram 1	1	11.254020000	11.650020000	4000.0	18000.0	7519.5	trill
5	Spectrogram 1	1	11.784020000	12.190332543	4000.0	18000.0	7812.5	trill
579	Spectrogram 1	1	24.619384013	24.688951127	2000.0	11750.0	10644.5	sd-peep
7	Spectrogram 1	1	24.748020000	24.851274395	4000.0	18000.0	10156.2	twitter
580	Spectrogram 1	1	24.944030548	25.010284943	1916.7	14666.7	6835.9	twitter
8	Spectrogram 1	1	25.116020000	25.192484528	4000.0	18000.0	8007.8	twitter
9	Spectrogram 1	1	25.278020000	25.354807796	4000.0	18000.0	8007.8	twitter
10	Spectrogram 1	1	25.426020000	25.503880184	4000.0	18000.0	6835.9	twitter
581	Spectrogram 1	1	25.580072739	25.659578012	2333.3	14666.7	6835.9	twitter
582	Spectrogram 1	1	25.729145127	25.798712242	3250.0	15166.7	6835.9	twitter
11	Spectrogram 1	1	25.872020000	25.947784630	4000.0	18000.0	6933.6	twitter
12	Spectrogram 1	1	26.010020000	26.086918859	4000.0	18000.0	6835.9	twitter
13	Spectrogram 1	1	26.132020000	26.200020000	4000.0	18000.0	6933.6	twitter
14	Spectrogram 1	1	26.262020000	26.320020000	4000.0	18000.0	6933.6	twitter
15	Spectrogram 1	1	26.380020000	26.467881630	4000.0	18000.0	6933.6	twitter
16	Spectrogram 1	1	26.512020000	27.180020000	4000.0	18000.0	7031.2	trill
17	Spectrogram 1	1	27.350020000	27.826096725	4000.0	18000.0	8593.7	trill
583	Spectrogram 1	1	54.935696733	54.988700248	1195.2	12549.8	7421.9	sd-peep
20	Spectrogram 1	1	55.072020000	55.124020000	4000.0	18000.0	8300.8	trill
21	Spectrogram 1	1	55.300020000	55.556020000	4000.0	18000.0	7421.9	trill
22	Spectrogram 1	1	55.676020000	55.899698178	4000.0	18000.0	7519.5	trill
23	Spectrogram 1	1	56.008020000	56.396606140	4000.0	18000.0	9668.0	trill
25	Spectrogram 1	1	56.585431165	56.986270254	4000.0	18000.0	8398.4	trill
26	Spectrogram 1	1	57.135342642	57.456676458	4000.0	18000.0	7910.2	trill
584	Spectrogram 1	1	61.891672121	61.947988357	697.2	13147.4	6054.7	sd-peep
585	Spectrogram 1	1	62.053995389	62.100373465	2689.2	9163.3	7617.2	sd-peep
586	Spectrogram 1	1	62.222944096	62.279260331	3187.3	9163.3	7128.9	sd-peep
27	Spectrogram 1	1	62.398020000	62.452020000	4000.0	18000.0	8398.4	trill
28	Spectrogram 1	1	62.648020000	63.010020000	4000.0	18000.0	7519.5	trill
29	Spectrogram 1	1	63.160020000	63.530020000	4000.0	18000.0	7031.2	trill
30	Spectrogram 1	1	63.672020000	64.080020000	4000.0	18000.0	7910.2	trill
31	Spectrogram 1	1	64.236020000	64.672020000	4000.0	18000.0	8300.8	trill
32	Spectrogram 1	1	64.814020000	65.122020000	4000.0	18000.0	7226.6	trill
33	Spectrogram 1	1	65.286020000	65.354020000	4000.0	18000.0	5664.1	trill
34	Spectrogram 1	1	68.984020000	69.036020000	4000.0	18000.0	7324.2	sd-peep
587	Spectrogram 1	1	69.149154229	69.225346783	1294.8	11553.8	7324.2	sd-peep
35	Spectrogram 1	1	69.298020000	69.360020000	4000.0	18000.0	7714.8	sd-peep
36	Spectrogram 1	1	69.434020000	69.504020000	4000.0	18000.0	7714.8	sd-peep
37	Spectrogram 1	1	69.568020000	69.644020000	4000.0	18000.0	8007.8	sd-peep
38	Spectrogram 1	1	69.712020000	69.780020000	4000.0	18000.0	7617.2	sd-peep
39	Spectrogram 1	1	69.848020000	69.922020000	4000.0	18000.0	7617.2	sd-peep
40	Spectrogram 1	1	70.000020000	70.070020000	4000.0	18000.0	7910.2	sd-peep
41	Spectrogram 1	1	70.158020000	70.216020000	4000.0	18000.0	7421.9	sd-peep
42	Spectrogram 1	1	70.310020000	70.372020000	4000.0	18000.0	7421.9	sd-peep
588	Spectrogram 1	1	70.467616687	70.533871082	2091.6	10557.8	7226.6	sd-peep
589	Spectrogram 1	1	70.653128993	70.712757948	2490.0	9661.4	7421.9	sd-peep
590	Spectrogram 1	1	71.150036955	71.209665910	3585.7	11155.4	7812.5	sd-peep
45	Spectrogram 1	1	77.266020000	77.326020000	4000.0	18000.0	7812.5	sd-peep
46	Spectrogram 1	1	77.391849362	77.470020000	4000.0	18000.0	7812.5	sd-peep
47	Spectrogram 1	1	77.548020000	77.614020000	4000.0	18000.0	7714.8	trill
48	Spectrogram 1	1	77.700020000	78.316020000	4000.0	18000.0	7324.2	trill
49	Spectrogram 1	1	78.536020000	79.041588560	4000.0	18000.0	8691.4	trill
51	Spectrogram 1	1	79.238020000	79.746020000	4000.0	18000.0	9668.0	trill
52	Spectrogram 1	1	79.928020000	80.506020000	4000.0	18000.0	8398.4	trill
591	Spectrogram 1	1	89.623117625	89.672808421	1693.2	11653.4	7226.6	sd-peep
592	Spectrogram 1	1	89.715873778	89.788753612	1095.6	9960.2	7714.8	sd-peep 
593	Spectrogram 1	1	89.855008007	89.924575121	1693.2	11354.6	7714.8	sd-peep 
594	Spectrogram 1	1	90.086898389	90.149840064	2589.6	11155.4	7617.2	sd-peep 
595	Spectrogram 1	1	90.216094459	90.285661574	3087.6	9561.8	7128.9	sd-peep 
596	Spectrogram 1	1	90.338665089	90.391668605	2788.8	9362.5	6835.9	sd-peep 
597	Spectrogram 1	1	90.696438822	90.766005936	2490.0	13147.4	7714.8	sd-peep 
598	Spectrogram 1	1	90.822322172	90.888576567	2290.8	9462.2	7714.8	sd-peep 
53	Spectrogram 1	1	90.938020000	91.018020000	4000.0	18000.0	8105.5	sd-peep 
599	Spectrogram 1	1	91.084027032	91.163532306	2490.0	9761.0	7812.5	sd-peep 
600	Spectrogram 1	1	91.216535822	91.292728376	3286.9	8964.1	7519.5	sd-peep 
601	Spectrogram 1	1	91.339106452	91.398735407	1494.0	8864.5	7421.9	sd-peep 
602	Spectrogram 1	1	91.461677083	91.517993318	2091.6	8466.1	7128.9	sd-peep 
54	Spectrogram 1	1	92.020020000	92.080020000	4000.0	18000.0	7812.5	sd-peep 
55	Spectrogram 1	1	92.154020000	92.301451538	4000.0	18000.0	9277.3	twitter
56	Spectrogram 1	1	92.406020000	92.456020000	4000.0	18000.0	8300.8	twitter 
57	Spectrogram 1	1	92.574020000	92.636020000	4000.0	18000.0	7714.8	twitter 
58	Spectrogram 1	1	92.738020000	92.802020000	4000.0	18000.0	7812.5	twitter 
59	Spectrogram 1	1	92.900020000	92.964020000	4000.0	18000.0	7714.8	twitter 
60	Spectrogram 1	1	93.052020000	93.112020000	4000.0	18000.0	7617.2	twitter 
61	Spectrogram 1	1	93.208020000	93.272020000	4000.0	18000.0	7714.8	twitter 
62	Spectrogram 1	1	93.352020000	93.420020000	4000.0	18000.0	7617.2	twitter 
63	Spectrogram 1	1	93.494020000	93.566020000	4000.0	18000.0	6543.0	twitter 
64	Spectrogram 1	1	93.632020000	93.698020000	4000.0	18000.0	6445.3	twitter 
65	Spectrogram 1	1	93.760020000	93.832300452	4000.0	18000.0	6445.3	twitter 
603	Spectrogram 1	1	93.888616687	93.951558362	2788.8	12450.2	6543.0	twitter 
604	Spectrogram 1	1	94.011187318	94.064190834	3087.6	10856.6	6250.0	twitter 
66	Spectrogram 1	1	95.184020000	95.236020000	4000.0	18000.0	7226.6	sd-peep
605	Spectrogram 1	1	95.306460738	95.369402413	1992.0	10059.8	7812.5	sd-peep
67	Spectrogram 1	1	95.452020000	96.074020000	4000.0	18000.0	7714.8	trill
68	Spectrogram 1	1	96.279882255	96.746975739	4000.0	18000.0	7617.2	trill
69	Spectrogram 1	1	96.890020000	97.277010898	4000.0	18000.0	7031.2	trill
606	Spectrogram 1	1	108.707071293	108.770012968	1792.8	12051.8	7226.6	sd-peep
70	Spectrogram 1	1	108.848020000	108.904020000	4000.0	18000.0	7617.2	trill
71	Spectrogram 1	1	109.004020000	109.400020000	4000.0	18000.0	6933.6	trill
72	Spectrogram 1	1	109.540020000	109.955966636	4000.0	18000.0	7812.5	trill
73	Spectrogram 1	1	110.080020000	110.423060120	4000.0	18000.0	6738.3	trill
74	Spectrogram 1	1	110.596020000	110.736020000	4000.0	18000.0	6347.7	phee
75	Spectrogram 1	1	110.898020000	110.972020000	4000.0	18000.0	5859.4	phee
78	Spectrogram 1	1	122.068020000	122.176899834	4000.0	18000.0	10253.9	twitter
79	Spectrogram 1	1	122.278020000	122.334020000	4000.0	18000.0	8593.7	twitter 
80	Spectrogram 1	1	122.458020000	122.514020000	4000.0	18000.0	6835.9	twitter 
608	Spectrogram 1	1	122.609429720	122.682309554	1992.0	15737.1	7812.5	twitter 
609	Spectrogram 1	1	122.765127547	122.841320102	1792.8	15737.1	7617.2	twitter 
610	Spectrogram 1	1	122.917512656	122.987079770	2888.4	15737.1	7714.8	twitter 
611	Spectrogram 1	1	123.069897764	123.146090318	3087.6	15836.7	7714.8	twitter 
81	Spectrogram 1	1	123.222020000	123.280020000	4000.0	18000.0	7617.2	twitter 
82	Spectrogram 1	1	123.370020000	123.420020000	4000.0	18000.0	7714.8	twitter 
83	Spectrogram 1	1	123.506337681	123.572592076	4000.0	18000.0	7617.2	twitter 
607	Spectrogram 1	1	123.622282872	123.695162706	2788.8	11952.2	7617.2	twitter
84	Spectrogram 1	1	123.756020000	123.814020000	4000.0	18000.0	7617.2	twitter 
612	Spectrogram 1	1	123.894764980	123.944455776	2390.4	9661.4	7617.2	twitter 
613	Spectrogram 1	1	124.030586490	124.083590006	3187.3	10358.6	8789.1	sd-peep
614	Spectrogram 1	1	124.149844400	124.196222477	3585.7	9262.9	7128.9	sd-peep
615	Spectrogram 1	1	124.265789591	124.322105827	1892.4	8067.7	5859.4	sd-peep
85	Spectrogram 1	1	138.776129618	139.339291974	4000.0	18000.0	9863.3	trill
87	Spectrogram 1	1	139.524804280	140.081341197	4000.0	18000.0	9765.6	trill
88	Spectrogram 1	1	140.230413585	140.740572426	4000.0	18000.0	9765.6	trill
90	Spectrogram 1	1	140.926084732	141.452807171	4000.0	18000.0	8398.4	trill
97	Spectrogram 1	1	169.006813382	169.550099420	4000.0	18000.0	9863.3	trill
99	Spectrogram 1	1	169.754020000	170.497537267	4000.0	18000.0	10253.9	trill
100	Spectrogram 1	1	170.708020000	171.292590006	4000.0	18000.0	9863.3	trill
101	Spectrogram 1	1	171.435126102	171.985037580	4000.0	18000.0	8593.7	trill
102	Spectrogram 1	1	196.036020000	196.624742439	4000.0	18000.0	9472.7	trill
104	Spectrogram 1	1	196.793691146	197.343602624	4000.0	18000.0	9960.9	trill
106	Spectrogram 1	1	197.492675012	197.982957534	4000.0	18000.0	8300.8	trill
107	Spectrogram 1	1	198.102020000	198.552745330	4000.0	18000.0	8593.7	trill
617	Spectrogram 1	1	213.863359402	213.929613796	2191.2	12251.0	10449.2	sd-peep
618	Spectrogram 1	1	214.005806350	214.095249784	1095.6	10757.0	10253.9	sd-peep
619	Spectrogram 1	1	214.161504178	214.247634892	3984.1	10956.2	8789.1	trill
109	Spectrogram 1	1	214.364020000	214.939993318	4000.0	18000.0	9472.7	trill
111	Spectrogram 1	1	215.218020000	215.983500038	4000.0	18000.0	10449.2	trill
114	Spectrogram 1	1	216.188020000	216.689109343	4000.0	18000.0	9863.3	trill
115	Spectrogram 1	1	216.874020000	217.431158566	4000.0	18000.0	8984.4	trill
117	Spectrogram 1	1	230.630020000	231.094044611	4000.0	18000.0	8203.1	trill
620	Spectrogram 1	1	250.906228688	250.955919484	2490.0	11155.4	10253.9	sd-peep
621	Spectrogram 1	1	251.061926516	251.128180911	896.4	10856.6	6933.6	sd-peep
622	Spectrogram 1	1	251.214311624	251.277253299	2390.4	11055.8	8496.1	sd-peep
119	Spectrogram 1	1	251.498020000	251.780786701	4000.0	18000.0	8300.8	trill
623	Spectrogram 1	1	251.924890009	252.358856296	5677.3	22410.4	8496.1	trill
624	Spectrogram 1	1	252.501303245	252.902142334	5079.7	21314.7	8300.8	trill
120	Spectrogram 1	1	253.002020000	253.269854225	4000.0	18000.0	8398.4	trill
625	Spectrogram 1	1	270.155124657	270.218066332	1992.0	12151.4	10156.2	sd-peep
626	Spectrogram 1	1	270.436705835	270.943551956	6175.3	18824.7	8984.4	trill
121	Spectrogram 1	1	271.115813382	271.563030548	4000.0	18000.0	8984.4	trill
122	Spectrogram 1	1	271.718728376	272.152694662	4000.0	18000.0	8496.1	trill
123	Spectrogram 1	1	272.298454331	272.609849987	4000.0	18000.0	8300.8	trill
627	Spectrogram 1	1	272.719169738	272.831802210	4681.3	15039.8	6347.7	trill
628	Spectrogram 1	1	288.100060745	288.163002420	3087.6	12549.8	10644.5	sd-peep
124	Spectrogram 1	1	288.380020000	288.921615242	4000.0	18000.0	8300.8	trill
125	Spectrogram 1	1	289.083938509	289.590784630	4000.0	18000.0	8300.8	trill
127	Spectrogram 1	1	289.772020000	290.226826821	4000.0	18000.0	8300.8	trill
129	Spectrogram 1	1	290.425590006	290.622020000	4000.0	18000.0	6445.3	phee
130	Spectrogram 1	1	300.530143682	300.599710796	4000.0	18000.0	10351.6	twitter
630	Spectrogram 1	1	300.702405108	300.762034064	3984.1	14143.4	8496.1	twitter 
631	Spectrogram 1	1	300.861415656	300.937608210	2091.6	15338.6	8300.8	twitter 
632	Spectrogram 1	1	301.027051643	301.093306038	2290.8	15239.0	8203.1	twitter 
633	Spectrogram 1	1	301.176124032	301.255629305	2490.0	15836.7	8203.1	twitter 
634	Spectrogram 1	1	301.332630536	301.402197651	1394.4	14840.6	8007.8	twitter 
635	Spectrogram 1	1	301.461826606	301.534706441	3087.6	15039.8	8007.8	twitter 
636	Spectrogram 1	1	301.604273555	301.687091549	1992.0	15438.2	7812.5	twitter 
637	Spectrogram 1	1	301.730156905	301.803036740	2589.6	13844.6	7617.2	twitter 
638	Spectrogram 1	1	301.852727536	301.918981931	2191.2	12251.0	7226.6	twitter 
639	Spectrogram 1	1	301.981923606	302.021676243	4083.7	11255.0	7128.9	twitter 
640	Spectrogram 1	1	303.217568070	303.277197026	896.4	10657.4	6933.6	sd-peep
641	Spectrogram 1	1	303.346764140	303.393142217	3187.3	7968.1	6933.6	sd-peep
642	Spectrogram 1	1	303.485898370	303.528963726	2490.0	8067.7	5957.0	sd-peep
131	Spectrogram 1	1	317.650020000	318.118171809	4000.0	18000.0	8007.8	trill
643	Spectrogram 1	1	318.333498592	318.846970152	6573.7	20019.9	9960.9	trill
644	Spectrogram 1	1	318.986104382	319.466448744	5776.9	22510.0	8593.7	trill
645	Spectrogram 1	1	319.638710171	320.059425579	3286.9	20418.3	8105.5	trill
646	Spectrogram 1	1	326.304124657	326.403506249	996.0	11952.2	10644.5	sd-peep
647	Spectrogram 1	1	326.449884325	326.529389599	1294.8	11753.0	7812.5	sd-peep
648	Spectrogram 1	1	326.575767676	326.671836548	3685.3	19621.5	7812.5	trill
649	Spectrogram 1	1	327.016359402	327.072675637	1095.6	10657.4	8886.7	sd-peep
650	Spectrogram 1	1	327.152180911	327.218435306	2689.2	10557.8	7519.5	sd-peep
134	Spectrogram 1	1	327.307878739	327.841226618	4000.0	18000.0	8691.4	trill
135	Spectrogram 1	1	328.052020000	328.596526719	4000.0	18000.0	8691.4	trill
136	Spectrogram 1	1	328.774020000	329.592020000	4000.0	18000.0	8691.4	trill
137	Spectrogram 1	1	329.802020000	330.134020000	4000.0	18000.0	7910.2	trill
651	Spectrogram 1	1	336.658634892	336.728202006	2290.8	12948.2	7128.9	sd-peep
139	Spectrogram 1	1	336.780020000	336.860710796	4000.0	18000.0	7421.9	sd-peep
652	Spectrogram 1	1	336.917027032	336.989906866	3486.1	19621.5	7128.9	sd-peep
653	Spectrogram 1	1	337.056161261	337.132353815	2091.6	18426.3	7324.2	sd-peep
140	Spectrogram 1	1	337.204020000	337.294677083	4000.0	18000.0	9277.3	sd-peep
141	Spectrogram 1	1	337.360020000	337.457000350	4000.0	18000.0	8691.4	sd-peep
654	Spectrogram 1	1	337.516629305	337.599447299	2689.2	10956.2	8691.4	sd-peep
142	Spectrogram 1	1	337.674020000	337.775021445	4000.0	18000.0	7324.2	trill
143	Spectrogram 1	1	337.922020000	338.497194350	4000.0	18000.0	7421.9	trill
144	Spectrogram 1	1	338.720020000	339.553951948	4000.0	18000.0	10156.2	trill
147	Spectrogram 1	1	339.772020000	340.186020000	4000.0	18000.0	8300.8	trill
148	Spectrogram 1	1	340.410020000	340.600020000	4000.0	18000.0	6250.0	phee
655	Spectrogram 1	1	349.053437376	349.113066332	996.0	12350.6	10156.2	sd-peep
656	Spectrogram 1	1	349.288640478	349.450963746	1693.2	21015.9	9570.3	trill
657	Spectrogram 1	1	349.540407179	349.649726930	3585.7	16334.7	7031.2	trill
658	Spectrogram 1	1	349.739170363	349.808737478	2788.8	17430.3	8007.8	sd-peep
659	Spectrogram 1	1	349.881617312	349.944558987	3286.9	17529.9	6347.7	sd-peep
660	Spectrogram 1	1	350.030689701	350.087005936	2988.0	16832.7	8007.8	sd-peep
149	Spectrogram 1	1	350.262020000	350.345398076	4000.0	18000.0	8789.1	sd-peep
661	Spectrogram 1	1	350.458030548	350.514346783	3187.3	17330.7	7324.2	sd-peep
662	Spectrogram 1	1	351.475717091	351.541971486	2390.4	11454.2	7128.9	sd-peep
663	Spectrogram 1	1	351.618164040	351.677792996	2290.8	9761.0	6933.6	sd-peep
664	Spectrogram 1	1	351.750672830	351.810301785	3187.3	9960.2	6933.6	sd-peep
665	Spectrogram 1	1	351.866618021	351.932872416	1095.6	9960.2	7031.2	sd-peep
666	Spectrogram 1	1	352.045504887	352.105133843	2191.2	10458.2	7324.2	trill
150	Spectrogram 1	1	352.482783893	352.989630014	4000.0	18000.0	7031.2	trill
151	Spectrogram 1	1	353.206020000	353.731679237	4000.0	18000.0	9765.6	trill
153	Spectrogram 1	1	353.886391045	354.399862605	4000.0	18000.0	10351.6	trill
154	Spectrogram 1	1	354.578749471	355.072344713	4000.0	18000.0	7421.9	trill
667	Spectrogram 1	1	361.199885771	361.262827446	2788.8	12051.8	8593.7	sd-peep
155	Spectrogram 1	1	361.308020000	361.370020000	4000.0	18000.0	8007.8	sd-peep
156	Spectrogram 1	1	361.434020000	361.510020000	4000.0	18000.0	8496.1	sd-peep
668	Spectrogram 1	1	361.560972223	361.657041095	2788.8	9462.2	8593.7	sd-peep
669	Spectrogram 1	1	361.700106452	361.782924446	2988.0	9362.5	8398.4	sd-peep
157	Spectrogram 1	1	361.860020000	361.912020000	4000.0	18000.0	7421.9	sd-peep
158	Spectrogram 1	1	361.990020000	362.058020000	4000.0	18000.0	7421.9	sd-peep
159	Spectrogram 1	1	362.142020000	362.208020000	4000.0	18000.0	7421.9	sd-peep
670	Spectrogram 1	1	362.276519688	362.369275840	3784.9	8964.1	8300.8	sd-peep
160	Spectrogram 1	1	362.444020000	362.494020000	4000.0	18000.0	7421.9	sd-peep
161	Spectrogram 1	1	362.604020000	362.656020000	4000.0	18000.0	7714.8	sd-peep
162	Spectrogram 1	1	362.754020000	362.804020000	4000.0	18000.0	7714.8	sd-peep
671	Spectrogram 1	1	376.288424758	376.344740994	3486.1	12450.2	10839.8	sd-peep
163	Spectrogram 1	1	376.524020000	377.040020000	4000.0	18000.0	9375.0	trill
164	Spectrogram 1	1	377.272302522	377.868592076	4000.0	18000.0	9375.0	trill
165	Spectrogram 1	1	378.084020000	378.607328579	4000.0	18000.0	9277.3	trill
167	Spectrogram 1	1	378.762020000	379.310020000	4000.0	18000.0	8691.4	trill
168	Spectrogram 1	1	379.476020000	379.556020000	4000.0	18000.0	6250.0	phee
169	Spectrogram 1	1	379.640020000	379.690020000	4000.0	18000.0	5468.7	phee
672	Spectrogram 1	1	391.456778223	391.506469019	1095.6	11354.6	6738.3	sd-peep
673	Spectrogram 1	1	391.695294045	391.781424758	1792.8	11354.6	6933.6	sd-peep
171	Spectrogram 1	1	392.019940580	392.583102936	4000.0	18000.0	8300.8	trill
172	Spectrogram 1	1	392.781866121	393.235708726	4000.0	18000.0	8007.8	trill
173	Spectrogram 1	1	393.454348229	393.921441713	4000.0	18000.0	8789.1	trill
174	Spectrogram 1	1	394.088020000	394.434913273	4000.0	18000.0	8593.7	trill
676	Spectrogram 1	1	396.478693217	396.541634892	1892.4	11055.8	7910.2	sd-peep
178	Spectrogram 1	1	396.690707280	396.770212554	4000.0	18000.0	8007.8	sd-peep
677	Spectrogram 1	1	396.829841509	396.912659503	2589.6	10657.4	7031.2	sd-peep
678	Spectrogram 1	1	396.965663019	397.055106452	3087.6	8466.1	6543.0	sd-peep
679	Spectrogram 1	1	397.118048127	397.180989802	2888.4	8167.3	8105.5	sd-peep
179	Spectrogram 1	1	397.237306038	397.326749471	4000.0	18000.0	8203.1	sd-peep
680	Spectrogram 1	1	397.412880184	397.479134579	2091.6	8764.9	8300.8	sd-peep
681	Spectrogram 1	1	404.368221656	404.427850612	2290.8	13047.8	11621.1	sd-peep
682	Spectrogram 1	1	404.643177395	404.732620828	1494.0	11055.8	9082.0	sd-peep
180	Spectrogram 1	1	404.951260331	405.504484528	4000.0	18000.0	9472.7	trill
182	Spectrogram 1	1	405.696622274	406.062020000	4000.0	18000.0	9960.9	trill
183	Spectrogram 1	1	406.282973668	406.738020000	4000.0	18000.0	9863.3	trill
184	Spectrogram 1	1	406.975332095	407.525243572	4000.0	18000.0	9570.3	trill
185	Spectrogram 1	1	407.730020000	407.790020000	4000.0	18000.0	5859.4	phee
188	Spectrogram 1	1	469.938256815	470.696869637	4000.0	18000.0	10058.6	trill
683	Spectrogram 1	1	470.908883700	471.438918859	5278.9	19521.9	9668.0	trill
191	Spectrogram 1	1	471.600020000	472.028582974	4000.0	18000.0	8300.8	trill
197	Spectrogram 1	1	556.110020000	556.334020000	4000.0	18000.0	9863.3	trill
684	Spectrogram 1	1	559.841802835	559.884868191	2490.0	12251.0	7617.2	sd-peep
198	Spectrogram 1	1	560.017376981	560.457968707	4000.0	18000.0	8203.1	trill
199	Spectrogram 1	1	560.610353815	560.830020000	4000.0	18000.0	8203.1	trill
200	Spectrogram 1	1	560.951563949	561.243083286	4000.0	18000.0	8300.8	trill
686	Spectrogram 1	1	561.382217515	561.541228063	5776.9	16932.3	7421.9	trill
687	Spectrogram 1	1	561.653860534	561.763180286	6274.9	13247.0	7128.9	trill
201	Spectrogram 1	1	568.181700248	568.638855573	4000.0	18000.0	6933.6	trill
203	Spectrogram 1	1	568.800020000	569.184020000	4000.0	18000.0	8593.7	trill
204	Spectrogram 1	1	569.357715758	569.574020000	4000.0	18000.0	7519.5	trill
688	Spectrogram 1	1	569.715489490	569.894376356	4780.9	14741.0	6543.0	phee
689	Spectrogram 1	1	592.330610280	592.393551956	3984.1	12251.0	6933.6	sd-peep
205	Spectrogram 1	1	592.565813382	592.956020000	4000.0	18000.0	8300.8	trill
206	Spectrogram 1	1	593.109099420	593.503313070	4000.0	18000.0	8593.7	trill
207	Spectrogram 1	1	593.685512656	594.076413585	4000.0	18000.0	8496.1	trill
690	Spectrogram 1	1	594.212235095	594.407685560	5677.3	18426.3	7519.5	trill
691	Spectrogram 1	1	621.250242752	621.326435306	1195.2	10657.4	8496.1	sd-peep
692	Spectrogram 1	1	621.382751542	621.452318656	2390.4	8964.1	6933.6	sd-peep
693	Spectrogram 1	1	621.525198491	621.584827446	3187.3	9860.6	7519.5	sd-peep
208	Spectrogram 1	1	621.634020000	621.720648955	4000.0	18000.0	7519.5	sd-peep
694	Spectrogram 1	1	621.790216070	621.853157745	2888.4	9163.3	7031.2	sd-peep
695	Spectrogram 1	1	621.935975739	621.998917414	4083.7	8466.1	6933.6	sd-peep
696	Spectrogram 1	1	622.379880184	622.459385458	3585.7	8167.3	6738.3	sd-peep
697	Spectrogram 1	1	718.752050198	718.814991873	3087.6	12948.2	10937.5	sd-peep 
215	Spectrogram 1	1	718.984020000	719.494020000	4000.0	18000.0	8593.7	trill
216	Spectrogram 1	1	719.690020000	720.144020000	4000.0	18000.0	8593.7	trill
217	Spectrogram 1	1	720.318020000	720.931819789	4000.0	18000.0	8593.7	trill
218	Spectrogram 1	1	721.082020000	721.518171184	4000.0	18000.0	8593.7	trill
219	Spectrogram 1	1	721.672020000	721.888020000	4000.0	18000.0	7226.6	trill
220	Spectrogram 1	1	818.284020000	818.815426204	4000.0	18000.0	7617.2	trill
222	Spectrogram 1	1	818.966020000	819.038020000	4000.0	18000.0	7617.2	trill
223	Spectrogram 1	1	835.250020000	835.740037580	4000.0	18000.0	6933.6	trill
224	Spectrogram 1	1	835.910020000	835.991804280	4000.0	18000.0	7031.2	trill
230	Spectrogram 1	1	899.334020000	899.696020000	4000.0	18000.0	6640.6	trill
231	Spectrogram 1	1	1160.072020000	1160.448168293	4000.0	18000.0	8496.1	trill
232	Spectrogram 1	1	1160.583989802	1160.884020000	4000.0	18000.0	8496.1	trill
233	Spectrogram 1	1	1161.067646885	1161.425420617	4000.0	18000.0	7519.5	trill
698	Spectrogram 1	1	1161.571180286	1162.001833853	3685.3	20517.9	7519.5	trill
699	Spectrogram 1	1	1162.078026407	1162.263538712	5278.9	16533.9	6445.3	trill
700	Spectrogram 1	1	1222.219235720	1222.288802835	6772.9	15438.2	12207.0	twitter
701	Spectrogram 1	1	1222.391497147	1222.444500663	2589.6	14442.2	7128.9	twitter 
702	Spectrogram 1	1	1222.567071293	1222.626700248	996.0	14840.6	8203.1	twitter 
235	Spectrogram 1	1	1222.708020000	1222.764020000	4000.0	18000.0	6835.9	twitter 
236	Spectrogram 1	1	1222.856020000	1222.912020000	4000.0	18000.0	8007.8	twitter 
703	Spectrogram 1	1	1222.994412140	1223.067291974	3386.5	14541.8	7812.5	twitter 
237	Spectrogram 1	1	1223.150020000	1223.204020000	4000.0	18000.0	7812.5	twitter 
704	Spectrogram 1	1	1223.272680598	1223.348873153	2191.2	14641.4	6640.6	twitter 
705	Spectrogram 1	1	1223.395251229	1223.478069223	1792.8	12848.6	6640.6	twitter 
706	Spectrogram 1	1	1223.527760019	1223.597327133	3685.3	10956.2	7031.2	twitter 
707	Spectrogram 1	1	1223.647017930	1223.683457847	3984.1	10358.6	8593.7	twitter 
708	Spectrogram 1	1	1241.882475426	1241.968606140	3187.3	15637.5	10156.2	twitter 
709	Spectrogram 1	1	1242.041485974	1242.107740369	3286.9	14143.4	6835.9	twitter 
710	Spectrogram 1	1	1242.200496522	1242.270063636	2888.4	14641.4	6738.3	twitter 
711	Spectrogram 1	1	1242.359507069	1242.429074184	2091.6	15039.8	6738.3	twitter 
712	Spectrogram 1	1	1242.492015859	1242.568208413	896.4	15039.8	6640.6	twitter 
713	Spectrogram 1	1	1242.631150088	1242.707342642	3187.3	14940.2	6640.6	twitter 
714	Spectrogram 1	1	1242.766971598	1242.836538712	2788.8	14940.2	6543.0	twitter 
715	Spectrogram 1	1	1242.879604069	1242.945858464	2290.8	12749.0	6445.3	twitter 
716	Spectrogram 1	1	1243.002174700	1243.075054534	2290.8	10757.0	6445.3	twitter 
717	Spectrogram 1	1	1243.131370770	1243.177748846	4282.9	10159.4	6445.3	twitter 
242	Spectrogram 1	1	1266.528020000	1267.122051643	4000.0	18000.0	8789.1	trill
244	Spectrogram 1	1	1267.237996834	1267.615646885	4000.0	18000.0	8593.7	trill
245	Spectrogram 1	1	1267.750020000	1268.139056604	4000.0	18000.0	8496.1	trill
718	Spectrogram 1	1	1286.834083911	1286.900338306	3386.5	15737.1	10449.2	twitter 
719	Spectrogram 1	1	1287.006345338	1287.079225172	597.6	14541.8	6738.3	twitter 
720	Spectrogram 1	1	1287.168668605	1287.241548440	1095.6	15139.4	6738.3	twitter 
721	Spectrogram 1	1	1287.311115554	1287.390620828	3784.9	14143.4	6738.3	twitter 
722	Spectrogram 1	1	1287.453562503	1287.523129618	4282.9	16434.3	8105.5	twitter 
248	Spectrogram 1	1	1287.586020000	1287.642020000	4000.0	18000.0	6738.3	twitter 
249	Spectrogram 1	1	1287.730020000	1287.801398076	4000.0	18000.0	6738.3	twitter 
723	Spectrogram 1	1	1287.864339752	1287.933906866	2988.0	13944.2	6738.3	twitter 
724	Spectrogram 1	1	1287.990223102	1288.059790216	4482.1	12948.2	6738.3	twitter 
725	Spectrogram 1	1	1288.112793732	1288.172422688	2490.0	11553.8	6738.3	twitter 
726	Spectrogram 1	1	1288.235364363	1288.278429720	2589.6	10458.2	6738.3	twitter 
254	Spectrogram 1	1	1295.850020000	1296.318020000	4000.0	18000.0	5761.7	trill
259	Spectrogram 1	1	1383.780020000	1384.153284943	4000.0	18000.0	8203.1	trill
260	Spectrogram 1	1	1384.306020000	1384.766138095	4000.0	18000.0	9765.6	trill
262	Spectrogram 1	1	1384.934020000	1385.408805725	4000.0	18000.0	8203.1	trill
264	Spectrogram 1	1	1385.524020000	1385.985218961	4000.0	18000.0	8203.1	trill
265	Spectrogram 1	1	1386.126020000	1386.302020000	4000.0	18000.0	6543.0	phee
728	Spectrogram 1	1	1408.995193529	1409.435785255	3286.9	14243.0	8398.4	trill
729	Spectrogram 1	1	1422.623633446	1422.679949682	4282.9	14641.4	9179.7	twitter 
730	Spectrogram 1	1	1422.779331274	1422.855523828	1992.0	14940.2	8105.5	twitter 
731	Spectrogram 1	1	1422.941654542	1423.004596217	996.0	15338.6	8105.5	twitter 
732	Spectrogram 1	1	1423.077476051	1423.153668605	3087.6	14741.0	8105.5	twitter 
733	Spectrogram 1	1	1423.226548440	1423.306053714	3685.3	13446.2	8105.5	twitter 
734	Spectrogram 1	1	1423.378933548	1423.458438822	2490.0	14940.2	8105.5	twitter 
735	Spectrogram 1	1	1423.531318656	1423.597573051	3286.9	14840.6	8007.8	twitter 
272	Spectrogram 1	1	1423.670020000	1423.735050920	4000.0	18000.0	8007.8	twitter 
736	Spectrogram 1	1	1423.796336236	1423.865903350	1593.6	13545.8	6445.3	twitter 
737	Spectrogram 1	1	1423.905655987	1423.981848541	4482.1	11155.4	6445.3	twitter 
738	Spectrogram 1	1	1424.031539337	1424.067979255	3984.1	10856.6	6445.3	twitter 
274	Spectrogram 1	1	1480.000020000	1480.500360847	4000.0	18000.0	8593.7	trill
739	Spectrogram 1	1	1480.619618758	1480.825007382	4681.3	17729.1	7519.5	trill
299	Spectrogram 1	1	2193.716020000	2193.903343267	4000.0	18000.0	9472.7	trill-twitter
740	Spectrogram 1	1	2194.002724860	2194.042477497	2988.0	14143.4	8398.4	twitter 
741	Spectrogram 1	1	2194.148484528	2194.204800764	3685.3	13944.2	8007.8	twitter 
742	Spectrogram 1	1	2194.284306038	2194.340622274	2888.4	14043.8	6543.0	twitter 
743	Spectrogram 1	1	2194.406876669	2194.476443783	3486.1	14143.4	6543.0	twitter 
744	Spectrogram 1	1	2194.546010898	2194.605639853	4083.7	15039.8	6640.6	twitter 
745	Spectrogram 1	1	2194.685145127	2194.754712242	2290.8	15637.5	6640.6	twitter 
746	Spectrogram 1	1	2194.817653917	2194.893846471	3585.7	15039.8	6640.6	twitter 
747	Spectrogram 1	1	2194.950162706	2195.006478942	2390.4	14442.2	6445.3	twitter 
748	Spectrogram 1	1	2195.079358777	2195.138987732	3486.1	13247.0	6445.3	twitter 
749	Spectrogram 1	1	2195.201929407	2195.248307483	3984.1	11354.6	6445.3	twitter 
300	Spectrogram 1	1	2221.663493631	2222.146020000	4000.0	18000.0	9472.7	trill
301	Spectrogram 1	1	2222.384020000	2222.910020000	4000.0	18000.0	9960.9	trill
302	Spectrogram 1	1	2223.110020000	2223.596020000	4000.0	18000.0	9863.3	trill
303	Spectrogram 1	1	2223.763445854	2224.303419172	4000.0	18000.0	8007.8	trill
304	Spectrogram 1	1	2254.097005936	2254.809240681	4000.0	18000.0	8300.8	trill
305	Spectrogram 1	1	2254.964938509	2255.455221031	4000.0	18000.0	8398.4	trill
306	Spectrogram 1	1	2255.652020000	2256.096020000	4000.0	18000.0	8398.4	trill
307	Spectrogram 1	1	2256.298020000	2256.686020000	4000.0	18000.0	8398.4	trill
310	Spectrogram 1	1	2289.196020000	2289.508350299	4000.0	18000.0	7128.9	trill
312	Spectrogram 1	1	2307.744020000	2308.236020000	4000.0	18000.0	6445.3	trill
313	Spectrogram 1	1	2308.414020000	2308.652563949	4000.0	18000.0	7617.2	trill
314	Spectrogram 1	1	2308.814020000	2309.096020000	4000.0	18000.0	7714.8	trill
315	Spectrogram 1	1	2350.080020000	2350.601862605	4000.0	18000.0	7421.9	trill
317	Spectrogram 1	1	2350.738020000	2350.864020000	4000.0	18000.0	7519.5	trill
752	Spectrogram 1	1	2356.379472535	2356.541795803	2290.8	15039.8	9668.0	trill-twitter
753	Spectrogram 1	1	2356.631239236	2356.677617312	1792.8	13844.6	7128.9	twitter 
754	Spectrogram 1	1	2356.780311624	2356.853191459	2390.4	13147.4	8300.8	twitter 
755	Spectrogram 1	1	2356.936009452	2357.008889287	2390.4	14741.0	7128.9	twitter 
318	Spectrogram 1	1	2357.068020000	2357.122020000	4000.0	18000.0	7031.2	twitter 
319	Spectrogram 1	1	2357.200020000	2357.254020000	4000.0	18000.0	7128.9	twitter 
756	Spectrogram 1	1	2357.330223102	2357.393164777	896.4	12749.0	7128.9	twitter 
757	Spectrogram 1	1	2357.446168293	2357.515735407	3884.5	11952.2	6543.0	twitter 
758	Spectrogram 1	1	2357.575364363	2357.634993318	3187.3	11553.8	7128.9	twitter 
320	Spectrogram 1	1	2363.130020000	2363.732020000	4000.0	18000.0	7714.8	trill
321	Spectrogram 1	1	2363.880020000	2364.270020000	4000.0	18000.0	8007.8	trill
322	Spectrogram 1	1	2364.436020000	2364.787155245	4000.0	18000.0	7812.5	trill
323	Spectrogram 1	1	2364.910020000	2365.182020000	4000.0	18000.0	6835.9	trill
324	Spectrogram 1	1	2365.330020000	2365.406020000	4000.0	18000.0	6347.7	phee
327	Spectrogram 1	1	2384.382020000	2384.904020000	4000.0	18000.0	6933.6	trill
760	Spectrogram 1	1	2404.349960855	2404.773988982	3984.1	18027.9	7421.9	trill
761	Spectrogram 1	1	2404.889934173	2405.062195600	4980.1	17928.3	7324.2	trill
762	Spectrogram 1	1	2405.178140791	2405.317275020	4980.1	19023.9	7324.2	trill
763	Spectrogram 1	1	2405.429907491	2405.658485153	5278.9	18525.9	8496.1	trill
329	Spectrogram 1	1	2411.604020000	2412.071982771	4000.0	18000.0	7617.2	trill
330	Spectrogram 1	1	2412.218020000	2412.668272324	4000.0	18000.0	8300.8	trill
332	Spectrogram 1	1	2412.788020000	2413.234747401	4000.0	18000.0	7910.2	trill
333	Spectrogram 1	1	2413.368020000	2413.778033439	4000.0	18000.0	6738.3	trill
334	Spectrogram 1	1	2413.890020000	2414.100020000	4000.0	18000.0	6543.0	phee
335	Spectrogram 1	1	2414.222020000	2414.282020000	4000.0	18000.0	6054.7	phee
765	Spectrogram 1	1	2438.988523828	2439.044840064	5577.7	16135.5	13964.8	twitter 
766	Spectrogram 1	1	2439.157472535	2439.220414210	1892.4	14243.0	6640.6	twitter 
767	Spectrogram 1	1	2439.319795803	2439.379424758	2888.4	14043.8	6738.3	twitter 
768	Spectrogram 1	1	2439.458930032	2439.525184427	2490.0	14143.4	6738.3	twitter 
769	Spectrogram 1	1	2439.578187943	2439.647755057	3087.6	14143.4	6835.9	twitter 
770	Spectrogram 1	1	2439.723947612	2439.790202006	2091.6	14541.8	6933.6	twitter 
337	Spectrogram 1	1	2439.848020000	2439.921054436	4000.0	18000.0	6835.9	twitter 
771	Spectrogram 1	1	2439.988965191	2440.035343267	3685.3	13545.8	7031.2	twitter 
338	Spectrogram 1	1	2440.094020000	2440.176133857	4000.0	18000.0	7031.2	twitter 
772	Spectrogram 1	1	2440.220855573	2440.290422688	3286.9	11753.0	6738.3	twitter 
773	Spectrogram 1	1	2440.350051643	2440.396429720	4880.5	11155.4	6543.0	twitter 
774	Spectrogram 1	1	2440.469309554	2440.512374911	4083.7	10259.0	6445.3	twitter 
340	Spectrogram 1	1	2449.622020000	2450.206020000	4000.0	18000.0	4589.8	trill
341	Spectrogram 1	1	2464.830020000	2465.304020000	4000.0	18000.0	10449.2	trill
775	Spectrogram 1	1	2470.265256815	2470.321573051	2191.2	14940.2	8496.1	twitter 
342	Spectrogram 1	1	2470.438020000	2470.490020000	4000.0	18000.0	8007.8	twitter 
776	Spectrogram 1	1	2470.583277911	2470.649532306	3585.7	14940.2	7910.2	twitter 
777	Spectrogram 1	1	2470.712473981	2470.782041095	1792.8	15836.7	7812.5	twitter 
778	Spectrogram 1	1	2470.861546369	2470.927800764	2988.0	15139.4	7812.5	twitter 
779	Spectrogram 1	1	2470.990742439	2471.073560433	2290.8	15139.4	7519.5	twitter 
780	Spectrogram 1	1	2471.149752987	2471.212694662	1593.6	15239.0	7617.2	twitter 
781	Spectrogram 1	1	2471.288887216	2471.355141611	2888.4	15039.8	6445.3	twitter 
343	Spectrogram 1	1	2471.440020000	2471.492020000	4000.0	18000.0	7617.2	twitter 
344	Spectrogram 1	1	2471.578020000	2471.632020000	4000.0	18000.0	7617.2	twitter 
345	Spectrogram 1	1	2471.706020000	2471.758020000	4000.0	18000.0	6445.3	twitter 
782	Spectrogram 1	1	2471.818922375	2471.888489490	4382.5	11255.0	6250.0	twitter 
783	Spectrogram 1	1	2471.944805725	2471.981245643	3187.3	10657.4	6152.3	twitter 
346	Spectrogram 1	1	2516.010020000	2516.290343267	4000.0	18000.0	12011.7	trill
348	Spectrogram 1	1	2616.130057229	2616.572020000	4000.0	18000.0	8593.7	trill
349	Spectrogram 1	1	2616.699845025	2616.988020000	4000.0	18000.0	8593.7	trill
350	Spectrogram 1	1	2617.110622274	2617.398828891	4000.0	18000.0	8593.7	trill
784	Spectrogram 1	1	2617.521399522	2617.799667980	1992.0	18525.9	7617.2	trill
785	Spectrogram 1	1	2617.918925891	2618.121001795	2191.2	17629.5	7519.5	trill
351	Spectrogram 1	1	2618.252020000	2618.302020000	4000.0	18000.0	6738.3	trill
367	Spectrogram 1	1	2778.146020000	2778.486020000	4000.0	18000.0	6738.3	trill
369	Spectrogram 1	1	2816.536020000	2816.823219586	4000.0	18000.0	6835.9	trill
372	Spectrogram 1	1	2857.108020000	2857.639553401	4000.0	18000.0	8496.1	trill
373	Spectrogram 1	1	2863.610020000	2864.316020000	4000.0	18000.0	8593.7	trill
376	Spectrogram 1	1	2871.880020000	2872.057652471	4000.0	18000.0	4394.5	trill
377	Spectrogram 1	1	2883.322020000	2883.938615242	4000.0	18000.0	9082.0	trill
378	Spectrogram 1	1	2884.124127547	2884.514020000	4000.0	18000.0	9082.0	trill
786	Spectrogram 1	1	2885.724466498	2885.777470013	4282.9	15438.2	11621.1	twitter 
787	Spectrogram 1	1	2885.866913447	2885.916604243	2191.2	14342.6	7519.5	twitter 
788	Spectrogram 1	1	2886.019298555	2886.082240230	3286.9	15039.8	6933.6	twitter 
789	Spectrogram 1	1	2886.161745504	2886.224687179	2490.0	14342.6	6933.6	twitter 
790	Spectrogram 1	1	2886.304192453	2886.363821408	2091.6	14940.2	6835.9	twitter 
791	Spectrogram 1	1	2886.426763083	2886.506268357	1892.4	14442.2	6835.9	twitter 
792	Spectrogram 1	1	2886.569210032	2886.638777147	2788.8	13944.2	6835.9	twitter 
793	Spectrogram 1	1	2886.705031542	2886.771285937	3087.6	13545.8	6738.3	twitter 
794	Spectrogram 1	1	2886.820976733	2886.890543847	2091.6	11852.6	6738.3	twitter 
795	Spectrogram 1	1	2886.940234644	2886.996550879	3087.6	11055.8	6445.3	twitter 
379	Spectrogram 1	1	2895.316020000	2895.972185872	4000.0	18000.0	10937.5	trill
382	Spectrogram 1	1	2906.025239236	2906.611590631	4000.0	18000.0	7519.5	trill
383	Spectrogram 1	1	2906.767288458	2907.224443783	4000.0	18000.0	10156.2	trill
385	Spectrogram 1	1	2907.414020000	2907.939991248	4000.0	18000.0	8593.7	trill
797	Spectrogram 1	1	2911.388937064	2911.455191459	3685.3	14541.8	10449.2	sd-peep
387	Spectrogram 1	1	2911.608020000	2912.240306038	4000.0	18000.0	7812.5	trill
388	Spectrogram 1	1	2912.374692904	2912.821910070	4000.0	18000.0	9668.0	trill
389	Spectrogram 1	1	2912.977607898	2913.366020000	4000.0	18000.0	9082.0	trill
390	Spectrogram 1	1	2913.554020000	2913.676020000	4000.0	18000.0	6738.3	trill
393	Spectrogram 1	1	2991.212020000	2991.991692787	4000.0	18000.0	9179.7	trill
395	Spectrogram 1	1	3004.380020000	3004.798020000	4000.0	18000.0	10156.2	trill
798	Spectrogram 1	1	3007.864112038	3007.920428274	5876.5	16035.9	9960.9	twitter 
799	Spectrogram 1	1	3008.029748026	3008.089376981	1892.4	14342.6	7031.2	twitter 
800	Spectrogram 1	1	3008.188758573	3008.245074809	4980.1	14741.0	6835.9	twitter 
396	Spectrogram 1	1	3008.334020000	3008.388020000	4000.0	18000.0	6835.9	twitter 
397	Spectrogram 1	1	3008.484020000	3008.542020000	4000.0	18000.0	6933.6	twitter 
398	Spectrogram 1	1	3008.638020000	3008.694020000	4000.0	18000.0	6738.3	twitter 
801	Spectrogram 1	1	3008.785048127	3008.851302522	1892.4	14840.6	6835.9	twitter 
802	Spectrogram 1	1	3008.927495076	3009.003687630	1992.0	15737.1	7910.2	twitter 
803	Spectrogram 1	1	3009.086505624	3009.149447299	2689.2	14442.2	6738.3	twitter 
399	Spectrogram 1	1	3009.212020000	3009.272020000	4000.0	18000.0	6738.3	twitter 
804	Spectrogram 1	1	3009.334959605	3009.414464879	4183.3	11753.0	6835.9	twitter 
805	Spectrogram 1	1	3009.477406554	3009.527097350	4681.3	9860.6	6445.3	twitter 
400	Spectrogram 1	1	3017.610020000	3017.960020000	4000.0	18000.0	9960.9	trill
401	Spectrogram 1	1	3044.256020000	3044.885106452	4000.0	18000.0	8007.8	trill
402	Spectrogram 1	1	3045.024020000	3045.113684114	4000.0	18000.0	7812.5	trill
403	Spectrogram 1	1	3056.181315140	3056.827295490	4000.0	18000.0	8691.4	trill
404	Spectrogram 1	1	3056.996020000	3057.413646885	4000.0	18000.0	8105.5	trill
405	Spectrogram 1	1	3057.570020000	3058.016561878	4000.0	18000.0	8105.5	trill
406	Spectrogram 1	1	3067.348315140	3067.744020000	4000.0	18000.0	7519.5	trill
806	Spectrogram 1	1	3071.628956714	3071.695211109	3386.5	15936.3	10156.2	twitter 
807	Spectrogram 1	1	3071.791279981	3071.847596217	1892.4	14641.4	8398.4	twitter 
808	Spectrogram 1	1	3071.946977809	3072.013232204	2290.8	14641.4	6738.3	twitter 
809	Spectrogram 1	1	3072.089424758	3072.155679153	3187.3	15139.4	8593.7	twitter 
810	Spectrogram 1	1	3072.228558987	3072.294813382	3087.6	15836.7	7714.8	twitter 
811	Spectrogram 1	1	3072.367693217	3072.430634892	3187.3	15139.4	7714.8	twitter 
407	Spectrogram 1	1	3072.503514726	3072.563143682	4000.0	18000.0	7714.8	twitter 
812	Spectrogram 1	1	3072.616147197	3072.679088873	1394.4	14243.0	7714.8	twitter 
813	Spectrogram 1	1	3072.742030548	3072.804972223	3286.9	11753.0	6543.0	twitter 
814	Spectrogram 1	1	3072.854663019	3072.907666535	4482.1	10557.8	6543.0	twitter 
408	Spectrogram 1	1	3104.436500663	3104.874020000	4000.0	18000.0	9375.0	trill
409	Spectrogram 1	1	3105.026164777	3105.440020000	4000.0	18000.0	9765.6	trill
410	Spectrogram 1	1	3105.615828891	3106.064020000	4000.0	18000.0	9375.0	trill
411	Spectrogram 1	1	3106.251871082	3106.689150088	4000.0	18000.0	8105.5	trill
412	Spectrogram 1	1	3106.858020000	3107.164020000	4000.0	18000.0	7812.5	trill
413	Spectrogram 1	1	3112.404242752	3113.038020000	4000.0	18000.0	8496.1	trill
414	Spectrogram 1	1	3113.232020000	3113.946020000	4000.0	18000.0	9765.6	trill
415	Spectrogram 1	1	3114.136020000	3114.618020000	4000.0	18000.0	8691.4	trill
416	Spectrogram 1	1	3114.838020000	3115.106020000	4000.0	18000.0	7324.2	trill
417	Spectrogram 1	1	3118.622020000	3118.676020000	4000.0	18000.0	7421.9	trill
418	Spectrogram 1	1	3118.764020000	3119.134020000	4000.0	18000.0	6835.9	trill
419	Spectrogram 1	1	3119.278020000	3119.670020000	4000.0	18000.0	7031.2	trill
420	Spectrogram 1	1	3119.800020000	3120.123180286	4000.0	18000.0	6835.9	trill
421	Spectrogram 1	1	3120.252020000	3120.560020000	4000.0	18000.0	7617.2	trill
422	Spectrogram 1	1	3120.722020000	3120.956020000	4000.0	18000.0	6738.3	trill
423	Spectrogram 1	1	3129.338020000	3129.938020000	4000.0	18000.0	7812.5	trill
424	Spectrogram 1	1	3130.068020000	3130.519203452	4000.0	18000.0	7812.5	trill
425	Spectrogram 1	1	3130.640020000	3131.039300452	4000.0	18000.0	9960.9	trill
428	Spectrogram 1	1	3165.842020000	3166.326020000	4000.0	18000.0	7031.2	trill
429	Spectrogram 1	1	3166.506020000	3166.594178841	4000.0	18000.0	7226.6	trill
432	Spectrogram 1	1	3193.300020000	3193.960020000	4000.0	18000.0	8300.8	trill
433	Spectrogram 1	1	3194.082020000	3194.146020000	4000.0	18000.0	7324.2	trill
434	Spectrogram 1	1	3198.866020000	3199.288020000	4000.0	18000.0	7031.2	trill
435	Spectrogram 1	1	3199.426020000	3199.772691146	4000.0	18000.0	8105.5	trill
436	Spectrogram 1	1	3199.961516172	3200.352417101	4000.0	18000.0	8105.5	trill
437	Spectrogram 1	1	3200.482020000	3200.784020000	4000.0	18000.0	7910.2	trill
438	Spectrogram 1	1	3200.978020000	3201.086020000	4000.0	18000.0	6543.0	phee
439	Spectrogram 1	1	3239.643933548	3240.369419172	4000.0	18000.0	8691.4	trill
440	Spectrogram 1	1	3240.621185872	3241.306918859	4000.0	18000.0	8691.4	trill
441	Spectrogram 1	1	3241.479180286	3242.025779044	4000.0	18000.0	8691.4	trill
442	Spectrogram 1	1	3242.168020000	3242.552501483	4000.0	18000.0	6445.3	trill
443	Spectrogram 1	1	3242.702020000	3242.926838814	4000.0	18000.0	6347.7	trill
816	Spectrogram 1	1	3255.482975593	3255.532666390	3187.3	12549.8	10937.5	sd-peep
445	Spectrogram 1	1	3255.678426058	3256.241588415	4000.0	18000.0	8203.1	trill
447	Spectrogram 1	1	3256.382020000	3256.758372695	4000.0	18000.0	8203.1	trill
448	Spectrogram 1	1	3256.947197720	3257.334785930	4000.0	18000.0	7617.2	trill
449	Spectrogram 1	1	3257.528020000	3257.954264522	4000.0	18000.0	7617.2	trill
817	Spectrogram 1	1	3261.917829516	3261.977458472	3286.9	12649.4	6933.6	sd-peep
818	Spectrogram 1	1	3262.043712867	3262.103341822	1294.8	11055.8	7324.2	trill
819	Spectrogram 1	1	3262.206036134	3262.268977809	3286.9	10358.6	7324.2	trill
451	Spectrogram 1	1	3262.421362917	3263.054092388	4000.0	18000.0	8007.8	trill
452	Spectrogram 1	1	3263.223041095	3263.812705210	4000.0	18000.0	8007.8	trill
453	Spectrogram 1	1	3263.955152159	3264.385805725	4000.0	18000.0	8398.4	trill
454	Spectrogram 1	1	3264.521627235	3264.826397451	4000.0	18000.0	7421.9	trill
820	Spectrogram 1	1	3268.711857644	3268.784737478	2490.0	12450.2	6640.6	sd-peep
821	Spectrogram 1	1	3268.897369949	3268.950373465	3486.1	9462.2	7031.2	trill
455	Spectrogram 1	1	3269.136020000	3269.629481013	4000.0	18000.0	7714.8	trill
822	Spectrogram 1	1	3269.771927962	3269.954127547	6274.9	16832.7	6933.6	trill
457	Spectrogram 1	1	3270.080020000	3270.290092388	4000.0	18000.0	7324.2	trill
458	Spectrogram 1	1	3270.442477497	3270.612020000	4000.0	18000.0	7031.2	trill
459	Spectrogram 1	1	3280.422020000	3281.018020000	4000.0	18000.0	7128.9	trill
460	Spectrogram 1	1	3281.208020000	3281.438880184	4000.0	18000.0	7519.5	trill
823	Spectrogram 1	1	3281.564763535	3281.869533751	4880.5	21115.5	8496.1	trill
461	Spectrogram 1	1	3282.046020000	3282.402881630	4000.0	18000.0	8496.1	trill
462	Spectrogram 1	1	3287.836020000	3288.513433235	4000.0	18000.0	7519.5	trill
464	Spectrogram 1	1	3288.748020000	3289.232293420	4000.0	18000.0	7714.8	trill
465	Spectrogram 1	1	3289.371427649	3289.749077700	4000.0	18000.0	7714.8	trill
467	Spectrogram 1	1	3289.910020000	3290.269174700	4000.0	18000.0	7617.2	trill
824	Spectrogram 1	1	3290.418247088	3290.620322992	4780.9	16434.3	6152.3	phee
469	Spectrogram 1	1	3303.508020000	3303.886307483	4000.0	18000.0	4394.5	trill
470	Spectrogram 1	1	3314.151366433	3314.664837994	4000.0	18000.0	7324.2	trill
471	Spectrogram 1	1	3328.100020000	3328.684917414	4000.0	18000.0	4296.9	trill
474	Spectrogram 1	1	3346.342020000	3346.812102936	4000.0	18000.0	7519.5	trill
475	Spectrogram 1	1	3346.962020000	3347.424956089	4000.0	18000.0	7617.2	trill
476	Spectrogram 1	1	3347.584020000	3348.001369324	4000.0	18000.0	7617.2	trill
477	Spectrogram 1	1	3348.143816273	3348.408833853	4000.0	18000.0	7519.5	trill
827	Spectrogram 1	1	3348.564531681	3348.726854948	4681.3	16533.9	6543.0	trill
828	Spectrogram 1	1	3383.649499217	3384.156345338	6772.9	18426.3	8300.8	trill
829	Spectrogram 1	1	3384.308730446	3384.702944096	5976.1	22012.0	8300.8	trill
479	Spectrogram 1	1	3384.860020000	3385.256168293	4000.0	18000.0	7519.5	trill
481	Spectrogram 1	1	3385.368800764	3385.664020000	4000.0	18000.0	7910.2	trill
830	Spectrogram 1	1	3389.012861159	3389.072490115	1494.0	13047.8	10253.9	sd-peep
482	Spectrogram 1	1	3389.368020000	3389.874168293	4000.0	18000.0	6347.7	trill
483	Spectrogram 1	1	3390.000020000	3390.291570981	4000.0	18000.0	7617.2	trill
831	Spectrogram 1	1	3390.457206968	3390.791791662	5478.1	16334.7	8300.8	trill
832	Spectrogram 1	1	3390.920987732	3391.248946987	5179.3	20816.7	7421.9	trill
484	Spectrogram 1	1	3391.390020000	3391.613346158	4000.0	18000.0	6543.0	trill
490	Spectrogram 1	1	3423.676020000	3424.224299006	4000.0	18000.0	8105.5	trill
491	Spectrogram 1	1	3424.393247713	3424.913344713	4000.0	18000.0	8496.1	trill
492	Spectrogram 1	1	3425.069042541	3425.519572426	4000.0	18000.0	8105.5	trill
493	Spectrogram 1	1	3425.640020000	3425.963476872	4000.0	18000.0	8007.8	trill
494	Spectrogram 1	1	3426.082020000	3426.417319477	4000.0	18000.0	7324.2	trill
833	Spectrogram 1	1	3426.573017305	3426.755216890	4183.3	17330.7	6054.7	phee
497	Spectrogram 1	1	3485.738020000	3486.220020000	4000.0	18000.0	7519.5	trill
498	Spectrogram 1	1	3486.362020000	3486.458020000	4000.0	18000.0	7226.6	trill
834	Spectrogram 1	1	3491.956260956	3492.446543478	4780.9	18227.1	8007.8	trill
835	Spectrogram 1	1	3492.608866746	3493.079272949	5976.1	23904.4	8007.8	trill
836	Spectrogram 1	1	3493.205156300	3493.672249784	5876.5	19820.7	8398.4	trill
499	Spectrogram 1	1	3493.758380497	3494.152594146	4000.0	18000.0	8398.4	trill
837	Spectrogram 1	1	3494.261913898	3494.444113484	4780.9	16035.9	6543.0	phee
507	Spectrogram 1	1	3598.084020000	3598.341779669	4000.0	18000.0	10449.2	trill
509	Spectrogram 1	1	3699.588020000	3700.047412140	4000.0	18000.0	6250.0	trill
510	Spectrogram 1	1	3751.105567777	3751.437776153	4000.0	18000.0	10644.5	trill
511	Spectrogram 1	1	3767.048020000	3767.523920930	4000.0	18000.0	8105.5	trill
512	Spectrogram 1	1	3767.633240681	3767.832003866	4000.0	18000.0	7519.5	trill
514	Spectrogram 1	1	3782.812020000	3782.994020000	4000.0	18000.0	9765.6	trill-twitter
839	Spectrogram 1	1	3783.115034064	3783.164724860	4382.5	13844.6	7031.2	twitter 
840	Spectrogram 1	1	3783.264106452	3783.336986286	4980.1	13844.6	7226.6	twitter 
841	Spectrogram 1	1	3783.416491560	3783.482745955	3187.3	13844.6	7031.2	twitter 
842	Spectrogram 1	1	3783.565563949	3783.641756503	3884.5	13844.6	7031.2	twitter 
843	Spectrogram 1	1	3783.711323617	3783.780890732	2888.4	14043.8	6835.9	twitter 
844	Spectrogram 1	1	3783.850457847	3783.916712242	2788.8	14043.8	6738.3	twitter 
845	Spectrogram 1	1	3783.999530235	3784.065784630	3187.3	14243.0	6738.3	twitter 
846	Spectrogram 1	1	3784.132039025	3784.194980700	2290.8	14442.2	6738.3	twitter 
515	Spectrogram 1	1	3784.276020000	3784.346020000	4000.0	18000.0	6738.3	twitter 
516	Spectrogram 1	1	3784.416020000	3785.220020000	4000.0	18000.0	8691.4	trill
517	Spectrogram 1	1	3785.496020000	3786.245554222	4000.0	18000.0	8691.4	trill
518	Spectrogram 1	1	3786.424020000	3786.562020000	4000.0	18000.0	6250.0	phee
519	Spectrogram 1	1	3791.970020000	3792.501041095	4000.0	18000.0	10156.2	trill
520	Spectrogram 1	1	3793.476020000	3793.542020000	4000.0	18000.0	6835.9	sd-peep
521	Spectrogram 1	1	3793.624053089	3793.706871082	4000.0	18000.0	7812.5	sd-peep
847	Spectrogram 1	1	3793.766500038	3793.836067152	3884.5	10657.4	7617.2	sd-peep
848	Spectrogram 1	1	3793.895696108	3793.952012343	3585.7	9063.7	7519.5	sd-peep
849	Spectrogram 1	1	3794.028204897	3794.074582974	2290.8	9362.5	7226.6	sd-peep
850	Spectrogram 1	1	3794.177277286	3794.230280802	3784.9	9063.7	6152.3	sd-peep
851	Spectrogram 1	1	3794.677497967	3794.753690521	3087.6	11952.2	7519.5	sd-peep
852	Spectrogram 1	1	3794.869635712	3794.929264668	4083.7	9860.6	7519.5	sd-peep
853	Spectrogram 1	1	3797.064816898	3797.137696733	4482.1	12251.0	6835.9	sd-peep
522	Spectrogram 1	1	3797.270020000	3797.330020000	4000.0	18000.0	6835.9	trill
523	Spectrogram 1	1	3797.460020000	3797.946020000	4000.0	18000.0	7617.2	trill
524	Spectrogram 1	1	3798.054020000	3798.446020000	4000.0	18000.0	8203.1	trill
525	Spectrogram 1	1	3798.618020000	3799.039197866	4000.0	18000.0	7128.9	trill
527	Spectrogram 1	1	3799.208020000	3799.589109343	4000.0	18000.0	7031.2	trill
528	Spectrogram 1	1	3799.740020000	3799.990020000	4000.0	18000.0	6640.6	phee
854	Spectrogram 1	1	3801.336882255	3801.399823930	2490.0	13645.4	7324.2	sd-peep
529	Spectrogram 1	1	3801.498020000	3801.560020000	4000.0	18000.0	7031.2	sd-peep
855	Spectrogram 1	1	3801.654903350	3801.704594146	2988.0	9262.9	7324.2	sd-peep
856	Spectrogram 1	1	3801.774161261	3801.833790216	3984.1	9462.2	6933.6	sd-peep
857	Spectrogram 1	1	3801.923233650	3801.969611726	2390.4	9362.5	6835.9	sd-peep
858	Spectrogram 1	1	3802.082244197	3802.125309554	2888.4	9362.5	6347.7	sd-peep
531	Spectrogram 1	1	3840.784020000	3841.339539337	4000.0	18000.0	7324.2	trill
859	Spectrogram 1	1	3856.179716383	3856.245970777	5976.1	15438.2	12695.3	twitter 
860	Spectrogram 1	1	3856.368541408	3856.428170363	2788.8	14641.4	7421.9	twitter 
861	Spectrogram 1	1	3856.530864675	3856.610369949	2290.8	15637.5	8593.7	twitter 
862	Spectrogram 1	1	3856.699813382	3856.762755057	4382.5	15039.8	8496.1	twitter 
863	Spectrogram 1	1	3856.835634892	3856.898576567	3187.3	14741.0	6543.0	twitter 
532	Spectrogram 1	1	3856.962020000	3857.014020000	4000.0	18000.0	7812.5	twitter 
864	Spectrogram 1	1	3857.077463433	3857.147030548	3087.6	12051.8	6543.0	twitter 
865	Spectrogram 1	1	3857.213284943	3857.269601178	3585.7	10757.0	6445.3	twitter 
866	Spectrogram 1	1	3859.402992693	3859.469247088	3087.6	13047.8	6738.3	sd-peep
533	Spectrogram 1	1	3859.598020000	3860.250438155	4000.0	18000.0	7324.2	trill
535	Spectrogram 1	1	3860.436020000	3860.979236498	4000.0	18000.0	7714.8	trill
536	Spectrogram 1	1	3861.160020000	3861.420020000	4000.0	18000.0	7324.2	trill
537	Spectrogram 1	1	3861.534020000	3861.906798026	4000.0	18000.0	7519.5	trill
538	Spectrogram 1	1	3867.706020000	3868.135597662	4000.0	18000.0	6933.6	trill
539	Spectrogram 1	1	3868.304020000	3868.725261777	4000.0	18000.0	8789.1	trill
540	Spectrogram 1	1	3868.890020000	3869.394431165	4000.0	18000.0	8789.1	trill
542	Spectrogram 1	1	3869.563379872	3869.748892178	4000.0	18000.0	6054.7	phee
543	Spectrogram 1	1	3869.862020000	3869.916020000	4000.0	18000.0	5957.0	phee
545	Spectrogram 1	1	3920.388020000	3920.975931477	4000.0	18000.0	8984.4	trill
546	Spectrogram 1	1	3921.168020000	3921.621911828	4000.0	18000.0	8007.8	trill
548	Spectrogram 1	1	3921.774020000	3922.178448744	4000.0	18000.0	8593.7	trill
550	Spectrogram 1	1	3922.320020000	3922.564020000	4000.0	18000.0	7714.8	trill
867	Spectrogram 1	1	3922.715109343	3922.970188763	5079.7	15836.7	6933.6	phee
552	Spectrogram 1	1	3966.222020000	3966.394020000	4000.0	18000.0	7812.5	trill
553	Spectrogram 1	1	3966.546020000	3966.992020000	4000.0	18000.0	8105.5	trill
554	Spectrogram 1	1	3967.192020000	3967.710020000	4000.0	18000.0	8886.7	trill
555	Spectrogram 1	1	3967.866020000	3968.206020000	4000.0	18000.0	7910.2	trill
556	Spectrogram 1	1	3968.332020000	3968.726020000	4000.0	18000.0	7812.5	trill
557	Spectrogram 1	1	3968.876020000	3969.008020000	4000.0	18000.0	6152.3	trill
868	Spectrogram 1	1	4014.481389599	4015.024675637	4681.3	20916.3	7714.8	trill
559	Spectrogram 1	1	4015.230064261	4015.823041095	4000.0	18000.0	9472.7	trill
560	Spectrogram 1	1	4015.996020000	4016.561777598	4000.0	18000.0	7617.2	trill
561	Spectrogram 1	1	4016.708020000	4017.091812757	4000.0	18000.0	7617.2	trill
562	Spectrogram 1	1	4017.222020000	4017.525779044	4000.0	18000.0	7617.2	trill
870	Spectrogram 1	1	4025.936287013	4025.999228688	3486.1	12151.4	6738.3	sd-peep
871	Spectrogram 1	1	4026.144988357	4026.270871707	4681.3	9960.2	7714.8	trill
564	Spectrogram 1	1	4026.376878739	4026.857223102	4000.0	18000.0	7812.5	trill
565	Spectrogram 1	1	4027.054020000	4027.696020000	4000.0	18000.0	8789.1	trill
566	Spectrogram 1	1	4027.874020000	4028.422020000	4000.0	18000.0	7812.5	trill
567	Spectrogram 1	1	4028.604020000	4029.040020000	4000.0	18000.0	7812.5	trill
568	Spectrogram 1	1	4029.202020000	4029.270020000	4000.0	18000.0	5957.0	trill
569	Spectrogram 1	1	4041.224020000	4041.278020000	4000.0	18000.0	8789.1	trill
570	Spectrogram 1	1	4041.538020000	4041.704020000	4000.0	18000.0	7226.6	trill
571	Spectrogram 1	1	4041.900020000	4042.278020000	4000.0	18000.0	7324.2	trill
572	Spectrogram 1	1	4042.474020000	4042.746020000	4000.0	18000.0	7617.2	trill
573	Spectrogram 1	1	4042.932020000	4043.391036955	4000.0	18000.0	7519.5	trill
574	Spectrogram 1	1	4043.566020000	4044.023766426	4000.0	18000.0	6835.9	trill
575	Spectrogram 1	1	4044.180020000	4044.238020000	4000.0	18000.0	6250.0	phee
