Selection	View	Channel	Begin Time (s)	End Time (s)	Low Freq (Hz)	High Freq (Hz)	Max Freq (Hz)	Call Type
1	Spectrogram 1	3	0.169	0.244	2845.5	13211.4	8593.7	Tse
2	Spectrogram 1	3	0.376	0.444	4000.0	18000.0	6640.6	Sd-peep
3	Spectrogram 1	3	0.614	0.689	3048.8	12601.6	6640.6	Tse
4	Spectrogram 1	3	6.611	6.681	2845.5	11585.4	8398.4	Tse
5	Spectrogram 1	3	6.750	6.814	4000.0	18000.0	7421.9	Tse
6	Spectrogram 1	3	7.043	7.124	1859.5	10743.8	7226.6	Tse
7	Spectrogram 1	3	7.241	7.309	2686.0	11157.0	8007.8	Tse
8	Spectrogram 1	3	7.503	7.574	4000.0	18000.0	7617.2	Tse
9	Spectrogram 1	3	7.762	7.839	1239.7	13429.8	5859.4	Sd-peep
10	Spectrogram 1	3	18.692	18.762	4000.0	18000.0	7031.2	Tse
11	Spectrogram 1	3	18.836	18.892	4000.0	18000.0	7421.9	Tse
12	Spectrogram 1	3	18.972	19.048	4000.0	18000.0	7226.6	Tse
13	Spectrogram 1	3	19.312	19.362	4000.0	18000.0	7421.9	Tse
14	Spectrogram 1	3	19.636	19.754	4000.0	18000.0	7421.9	Tse
15	Spectrogram 1	3	19.994	20.077	1652.9	15289.3	7421.9	Tse
16	Spectrogram 1	3	20.156	20.372	4000.0	18000.0	7226.6	Tse
17	Spectrogram 1	3	20.435	20.803	3099.2	16115.7	6835.9	Tse
18	Spectrogram 1	3	20.890	21.002	4000.0	18000.0	6835.9	Tse
19	Spectrogram 1	3	21.724	21.800	4000.0	18000.0	7226.6	Tse
20	Spectrogram 1	3	21.896	21.946	4000.0	18000.0	7226.6	Tse
21	Spectrogram 1	3	22.202	22.348	4000.0	18000.0	6835.9	Tse
22	Spectrogram 1	3	22.456	22.636	4000.0	18000.0	7226.6	Tse
23	Spectrogram 1	3	22.812	22.876	4000.0	18000.0	6835.9	Tse
24	Spectrogram 1	3	23.095	23.194	2479.3	14462.8	7421.9	Tse
25	Spectrogram 1	3	23.506	23.600	4000.0	18000.0	7421.9	Tse
26	Spectrogram 1	3	24.012	24.082	3719.0	18388.4	6835.9	Tse
27	Spectrogram 1	3	24.172	24.258	4000.0	18000.0	6835.9	Tse
28	Spectrogram 1	3	24.350	24.402	4000.0	18000.0	6835.9	Tse
29	Spectrogram 1	3	24.728	24.798	3925.6	18388.4	7421.9	Tse
30	Spectrogram 1	3	24.852	24.924	4000.0	18000.0	6640.6	Tse
31	Spectrogram 1	3	24.983	25.072	3099.2	14876.0	6445.3	Tse
32	Spectrogram 1	3	25.156	25.210	4000.0	18000.0	6640.6	Tse
33	Spectrogram 1	3	31.206	31.318	4000.0	18000.0	7031.2	Tse
34	Spectrogram 1	3	31.660	31.788	4000.0	18000.0	7226.6	Tse
35	Spectrogram 1	3	31.894	31.944	4000.0	18000.0	7031.2	Tse
36	Spectrogram 1	3	32.196	32.263	1859.5	15289.3	6640.6	Tse
37	Spectrogram 1	3	32.475	32.548	619.8	16115.7	6835.9	Tse
38	Spectrogram 1	3	32.770	32.862	826.4	14876.0	7226.6	Tse
39	Spectrogram 1	3	33.076	33.134	4000.0	18000.0	7226.6	Tse
40	Spectrogram 1	3	33.389	33.475	0.0	14876.0	195.3	Tse
41	Spectrogram 1	3	34.022	34.091	2066.1	11983.5	7031.2	Tse
42	Spectrogram 1	3	34.320	34.416	2272.7	10537.2	7226.6	Tse
43	Spectrogram 1	3	34.626	34.694	4000.0	18000.0	7226.6	Tse
44	Spectrogram 1	3	34.913	35.016	1446.3	11570.2	7226.6	Tse
45	Spectrogram 1	5	35.360	35.794	3719.0	12809.9	8203.1	Trill
46	Spectrogram 1	6	36.428	37.820	6400.6	10843.4	7617.2	Trillphee
47	Spectrogram 1	3	42.426	42.486	4000.0	18000.0	7812.5	Tse
48	Spectrogram 1	3	42.602	42.658	4000.0	18000.0	7617.2	Tse
49	Spectrogram 1	5	52.388	52.448	826.4	14669.4	976.6	Twitter
549	Spectrogram 1	5	52.499	52.555	0.0	15250.0	195.3	Twitter
550	Spectrogram 1	5	52.628	52.687	1500.0	17000.0	7421.9	Twitter
551	Spectrogram 1	5	52.740	52.808	2250.0	17250.0	7226.6	Twitter
552	Spectrogram 1	5	52.890	52.954	2250.0	16500.0	8398.4	Twitter
553	Spectrogram 1	5	52.996	53.075	1750.0	18000.0	8203.1	Twitter
554	Spectrogram 1	5	53.122	53.190	750.0	18000.0	6640.6	Twitter
555	Spectrogram 1	5	53.239	53.317	750.0	17250.0	6640.6	Twitter
556	Spectrogram 1	5	53.373	53.429	1500.0	18750.0	6835.9	Twitter
557	Spectrogram 1	5	53.467	53.530	500.0	18750.0	6835.9	Twitter
558	Spectrogram 1	5	53.574	53.631	2000.0	17500.0	7617.2	Twitter
50	Spectrogram 1	6	72.251	72.788	4545.5	13429.8	5078.1	Trill
51	Spectrogram 1	5	73.527	73.607	3305.8	18181.8	10546.9	Twitter
559	Spectrogram 1	5	73.663	73.722	2750.0	17750.0	8398.4	Twitter
560	Spectrogram 1	5	73.773	73.855	2500.0	17500.0	7226.6	Twitter
561	Spectrogram 1	5	73.900	73.975	2250.0	19250.0	7226.6	Twitter
562	Spectrogram 1	5	74.022	74.097	1750.0	18250.0	7031.2	Twitter
563	Spectrogram 1	5	74.139	74.214	2500.0	18500.0	7031.2	Twitter
564	Spectrogram 1	5	74.249	74.321	1250.0	19250.0	7226.6	Twitter
565	Spectrogram 1	5	74.368	74.434	750.0	19000.0	7226.6	Twitter
566	Spectrogram 1	5	74.474	74.537	2250.0	18250.0	7031.2	Twitter
567	Spectrogram 1	5	74.577	74.645	1000.0	17750.0	1171.9	Twitter
52	Spectrogram 1	6	79.895	80.435	5578.5	11363.6	8203.1	Trill
53	Spectrogram 1	5	81.310	82.166	4958.7	12396.7	8593.7	Trillphee
54	Spectrogram 1	5	82.255	82.312	5991.7	10537.2	8984.4	P-peep
55	Spectrogram 1	6	86.493	86.993	4338.8	13636.4	8593.7	Trill
56	Spectrogram 1	5	89.441	89.736	4752.1	11363.6	8398.4	Trill
57	Spectrogram 1	5	89.802	90.557	4338.8	10950.4	8593.7	P-peep
58	Spectrogram 1	6	91.750	92.061	4958.7	13429.8	8398.4	Trill
59	Spectrogram 1	3	93.254	93.320	2686.0	12190.1	8593.7	Tse
60	Spectrogram 1	3	93.368	93.446	4000.0	18000.0	7421.9	Tse
61	Spectrogram 1	3	93.512	93.604	4000.0	18000.0	7421.9	Tse
62	Spectrogram 1	3	93.752	93.818	4000.0	18000.0	7617.2	Tse
63	Spectrogram 1	5	96.627	96.803	4338.8	12396.7	8007.8	Trill
64	Spectrogram 1	5	96.866	97.389	3719.0	11776.9	8593.7	P-peep string
65	Spectrogram 1	3	97.760	97.823	4000.0	18000.0	8398.4	Tse
66	Spectrogram 1	3	98.140	98.219	4000.0	18000.0	6640.6	Tse
67	Spectrogram 1	3	98.530	98.646	3305.8	10537.2	6640.6	Tse
68	Spectrogram 1	3	98.724	98.784	4000.0	18000.0	7226.6	Tse
69	Spectrogram 1	6	102.100	102.554	4338.8	14049.6	8593.7	Trill
70	Spectrogram 1	3	111.335	111.488	4000.0	18000.0	6640.6	Tse
71	Spectrogram 1	3	111.694	111.790	1446.3	11363.6	8007.8	Tse
72	Spectrogram 1	3	111.970	112.076	4000.0	18000.0	7617.2	Tse
73	Spectrogram 1	6	112.926	113.406	2479.3	12809.9	8398.4	Trill
74	Spectrogram 1	3	123.786	123.850	4000.0	18000.0	7226.6	Trill
75	Spectrogram 1	5	139.785	140.256	3719.0	13429.8	8007.8	Trill
76	Spectrogram 1	4	145.474	145.746	4000.0	18000.0	6835.9	Trill
77	Spectrogram 1	5	148.609	148.980	3925.6	12809.9	7421.9	Trill
78	Spectrogram 1	6	150.213	150.666	4338.8	13843.0	8593.7	Trill
79	Spectrogram 1	5	151.611	151.943	1859.5	12809.9	2148.4	Trill
80	Spectrogram 1	5	152.009	152.407	4338.8	10537.2	8593.7	Phee
81	Spectrogram 1	5	152.493	152.522	6611.6	10537.2	8789.1	P-peep
82	Spectrogram 1	5	155.309	155.415	5371.9	10330.6	8398.4	Trill
83	Spectrogram 1	5	155.548	156.442	3719.0	11776.9	8398.4	Phee
84	Spectrogram 1	6	158.404	158.718	4132.2	10537.2	7421.9	Trill
85	Spectrogram 1	3	158.629	158.718	1446.3	11363.6	9179.7	Tse
86	Spectrogram 1	3	158.880	158.976	4000.0	18000.0	7031.2	Tse
87	Spectrogram 1	3	159.162	159.260	4000.0	18000.0	8007.8	Tse
88	Spectrogram 1	3	159.424	159.526	1652.9	10950.4	7226.6	Tse
89	Spectrogram 1	3	159.715	159.838	1446.3	10950.4	7226.6	Tse
90	Spectrogram 1	6	159.831	160.212	5371.9	12190.1	8789.1	Trill
91	Spectrogram 1	3	160.104	160.200	4000.0	18000.0	7031.2	Tse
92	Spectrogram 1	3	160.554	160.616	4000.0	18000.0	7226.6	Tse
93	Spectrogram 1	3	160.842	160.914	4000.0	18000.0	7226.6	Tse
94	Spectrogram 1	3	160.976	161.150	4000.0	18000.0	8398.4	Tse
95	Spectrogram 1	5	162.865	164.591	4338.8	13429.8	8984.4	Phee
96	Spectrogram 1	3	165.000	165.087	4000.0	18000.0	8203.1	Tse
568	Spectrogram 1	3	165.138	165.199	2250.0	19500.0	6445.3	Tse
569	Spectrogram 1	3	165.272	165.358	2500.0	18000.0	8203.1	Tse
570	Spectrogram 1	3	165.412	165.485	2750.0	17750.0	6835.9	Tse
97	Spectrogram 1	3	165.866	165.965	4000.0	18000.0	4492.2	Tse string
571	Spectrogram 1	3	166.057	166.143	2000.0	18750.0	7617.2	Tse
572	Spectrogram 1	3	166.216	166.286	2000.0	18750.0	6054.7	Sd-peep
573	Spectrogram 1	3	166.488	166.563	3250.0	20500.0	7226.6	Sd-peep
98	Spectrogram 1	5	167.602	167.804	3719.0	10950.4	8007.8	Trill
99	Spectrogram 1	5	167.983	168.052	5991.7	10950.4	8593.7	P-peep
100	Spectrogram 1	3	169.185	169.258	1041.7	10833.3	8593.7	Tse
101	Spectrogram 1	4	169.394	169.456	4000.0	18000.0	9960.9	Twitter
574	Spectrogram 1	4	169.534	169.599	3500.0	18000.0	6835.9	Twitter
575	Spectrogram 1	4	169.669	169.754	1750.0	18500.0	8789.1	Twitter
576	Spectrogram 1	4	169.808	169.892	3500.0	17500.0	8789.1	Twitter
577	Spectrogram 1	4	169.939	170.033	3500.0	19500.0	8789.1	Twitter
578	Spectrogram 1	4	170.091	170.178	2250.0	18750.0	8593.7	Twitter
579	Spectrogram 1	4	170.229	170.314	2750.0	18750.0	8593.7	Twitter
580	Spectrogram 1	4	170.351	170.457	2250.0	18750.0	8593.7	Twitter
581	Spectrogram 1	4	170.503	170.588	3250.0	17750.0	8203.1	Twitter
582	Spectrogram 1	4	170.639	170.728	2000.0	19250.0	6250.0	Twitter
583	Spectrogram 1	4	170.759	170.848	1250.0	18000.0	7421.9	Twitter
584	Spectrogram 1	4	170.899	170.960	2750.0	19000.0	7031.2	Twitter
585	Spectrogram 1	4	171.009	171.066	1750.0	19500.0	6640.6	Sd-peep
102	Spectrogram 1	5	174.142	174.311	4958.7	10950.4	8593.7	Trill
103	Spectrogram 1	5	174.403	174.470	6198.3	12603.3	8593.7	P-peep
586	Spectrogram 1	5	174.620	174.674	5000.0	13250.0	8593.7	P-peep
587	Spectrogram 1	5	174.798	174.854	5250.0	15000.0	8789.1	P-peep
588	Spectrogram 1	5	174.983	175.400	4000.0	14750.0	8789.1	Phee
104	Spectrogram 1	6	191.450	191.811	2479.3	12190.1	8203.1	Trill
105	Spectrogram 1	6	202.517	202.815	4752.1	12603.3	8593.7	Trill
106	Spectrogram 1	5	203.116	203.448	3925.6	11157.0	8398.4	Trill
107	Spectrogram 1	6	205.273	205.760	5371.9	12396.7	8593.7	Trill
108	Spectrogram 1	6	205.942	206.002	5991.7	12396.7	8593.7	P-peep
109	Spectrogram 1	5	207.499	207.731	3925.6	11363.6	7812.5	Trill
110	Spectrogram 1	5	211.076	211.206	4958.7	10537.2	8007.8	P-peep
111	Spectrogram 1	5	211.388	211.494	5165.3	11983.5	8398.4	P-peep
112	Spectrogram 1	6	215.534	215.928	3099.2	13843.0	8203.1	Trill
113	Spectrogram 1	5	271.168	271.615	3099.2	13636.4	9179.7	Trill
114	Spectrogram 1	6	274.728	275.112	4545.5	13016.5	8398.4	Trill
115	Spectrogram 1	5	279.276	280.270	4958.7	12396.7	8789.1	Trillphee
116	Spectrogram 1	3	281.254	281.455	4000.0	18000.0	7421.9	Trill
117	Spectrogram 1	6	283.058	283.488	2686.0	13636.4	8203.1	Trill
118	Spectrogram 1	6	286.737	287.145	4545.5	12190.1	8398.4	Trill
119	Spectrogram 1	6	295.796	296.300	4545.5	12603.3	8398.4	Trill
120	Spectrogram 1	5	340.635	341.072	2892.6	12603.3	7226.6	Trill
121	Spectrogram 1	3	351.270	351.427	4000.0	18000.0	7226.6	Trill
122	Spectrogram 1	3	359.468	359.706	4000.0	18000.0	5273.4	Trill
123	Spectrogram 1	5	360.323	360.688	3099.2	11570.2	6835.9	Trill
124	Spectrogram 1	6	361.049	361.539	2479.3	11363.6	3906.2	Trill
125	Spectrogram 1	5	361.784	362.162	1652.9	13223.1	8007.8	Trill
126	Spectrogram 1	5	362.288	362.334	3925.6	10537.2	7617.2	Trill
127	Spectrogram 1	5	363.665	364.013	1033.1	12396.7	1171.9	Trill
128	Spectrogram 1	6	365.282	365.719	3719.0	13636.4	7617.2	Trill
129	Spectrogram 1	5	365.939	366.009	1446.3	16942.1	1562.5	Twitter
590	Spectrogram 1	5	366.049	366.105	2250.0	17000.0	8593.7	Twitter
591	Spectrogram 1	5	366.152	366.215	500.0	17000.0	8203.1	Twitter
592	Spectrogram 1	5	366.274	366.327	1000.0	16750.0	7812.5	Twitter
593	Spectrogram 1	5	366.370	366.433	0.0	17750.0	195.3	Twitter
594	Spectrogram 1	5	366.484	366.541	0.0	18000.0	195.3	Twitter
595	Spectrogram 1	5	366.594	366.653	0.0	17750.0	195.3	Twitter
596	Spectrogram 1	5	366.688	366.740	500.0	17250.0	9179.7	Twitter
597	Spectrogram 1	5	366.779	366.852	1500.0	17750.0	8593.7	Twitter
130	Spectrogram 1	6	369.394	369.563	5371.9	12603.3	8398.4	Trill
131	Spectrogram 1	3	372.229	372.317	4000.0	18000.0	12109.4	Twitter
598	Spectrogram 1	3	372.382	372.478	1000.0	19250.0	7031.2	Twitter
599	Spectrogram 1	3	372.551	372.647	2750.0	17750.0	6835.9	Twitter
600	Spectrogram 1	3	372.689	372.771	2750.0	19500.0	6835.9	Twitter
601	Spectrogram 1	3	372.815	372.902	2000.0	19750.0	6640.6	Twitter
602	Spectrogram 1	3	372.956	373.052	3250.0	18500.0	6640.6	Twitter
603	Spectrogram 1	3	373.111	373.183	750.0	17500.0	6640.6	Twitter
604	Spectrogram 1	3	373.221	373.291	0.0	17500.0	195.3	Twitter
605	Spectrogram 1	3	373.343	373.408	1750.0	17750.0	6640.6	Twitter
132	Spectrogram 1	5	385.853	386.270	3719.0	12603.3	8398.4	Trill
133	Spectrogram 1	3	400.996	401.102	4000.0	18000.0	7031.2	Trill
134	Spectrogram 1	3	401.152	401.225	4791.7	9375.0	6835.9	Trill
135	Spectrogram 1	5	410.495	410.829	2479.3	11570.2	7421.9	Trill
136	Spectrogram 1	6	411.207	411.826	4958.7	12396.7	8203.1	Trillphee
137	Spectrogram 1	6	436.386	436.810	4958.7	10330.6	7812.5	Trill
138	Spectrogram 1	6	445.788	446.261	2479.3	14256.2	7617.2	Trill
139	Spectrogram 1	6	454.393	454.784	2272.7	11363.6	7812.5	Trill
140	Spectrogram 1	6	470.927	471.384	3719.0	11776.9	7617.2	Trill
141	Spectrogram 1	4	474.183	474.653	2066.1	15909.1	7226.6	Trill
142	Spectrogram 1	6	477.247	477.691	3099.2	16322.3	8593.7	Trill
143	Spectrogram 1	5	478.817	479.364	4132.2	11363.6	8398.4	Trill
144	Spectrogram 1	6	481.121	481.628	5371.9	13016.5	7031.2	Trillphee
145	Spectrogram 1	5	483.670	483.981	4338.8	12190.1	7812.5	Trill
146	Spectrogram 1	6	484.465	484.547	4545.5	12190.1	8398.4	Trill
147	Spectrogram 1	6	484.683	484.717	6405.0	10124.0	8398.4	P-peep
148	Spectrogram 1	6	495.713	496.065	5785.1	13223.1	8398.4	Trill
149	Spectrogram 1	6	497.174	497.588	4545.5	11570.2	7617.2	Trill
150	Spectrogram 1	6	499.407	499.612	5578.5	12190.1	8398.4	Trill
151	Spectrogram 1	6	500.026	500.122	5165.3	10950.4	5273.4	Trill
152	Spectrogram 1	5	507.197	507.584	2479.3	13016.5	8203.1	Trillphee
153	Spectrogram 1	5	507.670	507.757	5371.9	11776.9	8593.7	P-peep
154	Spectrogram 1	5	507.853	508.621	4132.2	12396.7	8593.7	Phee
155	Spectrogram 1	6	516.988	517.435	3099.2	15082.6	5273.4	Trill
156	Spectrogram 1	6	522.886	523.039	4752.1	12809.9	8593.7	Trill
157	Spectrogram 1	6	523.142	523.519	4752.1	11983.5	8789.1	Trillphee
158	Spectrogram 1	6	525.298	526.546	4545.5	10950.4	7617.2	Phee
159	Spectrogram 1	3	527.522	527.844	4000.0	18000.0	7226.6	Trill
160	Spectrogram 1	6	530.080	530.348	2272.7	14049.6	7421.9	Trill string
161	Spectrogram 1	6	537.789	538.879	2892.6	14462.8	8593.7	Phee
162	Spectrogram 1	5	542.051	542.342	2479.3	14049.6	7031.2	Trill
163	Spectrogram 1	6	548.402	548.619	6250.0	10241.0	8398.4	Trill string
164	Spectrogram 1	6	548.732	548.781	6475.9	10165.7	8398.4	P-peep
165	Spectrogram 1	6	553.847	554.165	6405.0	10950.4	8007.8	Trill
166	Spectrogram 1	6	554.331	554.470	5785.1	11776.9	8593.7	P-peep
167	Spectrogram 1	6	561.165	561.470	6400.6	11596.4	8593.7	Phee
606	Spectrogram 1	6	561.545	561.615	6000.0	11500.0	8593.7	P-peep
607	Spectrogram 1	6	561.690	562.058	3750.0	12000.0	8789.1	Phee
168	Spectrogram 1	6	567.056	567.527	4338.8	12603.3	7617.2	Trill
169	Spectrogram 1	6	570.736	571.551	4752.1	14049.6	8203.1	Trillphee
170	Spectrogram 1	5	573.604	573.932	3719.0	11363.6	8398.4	Trill
171	Spectrogram 1	5	574.051	575.098	6198.3	12190.1	8398.4	Phee
172	Spectrogram 1	3	577.576	577.922	4000.0	18000.0	5078.1	Trill
173	Spectrogram 1	4	584.641	584.939	4000.0	18000.0	7031.2	Trill
174	Spectrogram 1	3	596.271	596.370	4000.0	18000.0	7226.6	Trill
175	Spectrogram 1	6	601.231	601.738	6405.0	10330.6	7812.5	Trill
176	Spectrogram 1	6	602.449	602.750	6400.6	10542.2	8398.4	Trill
177	Spectrogram 1	6	608.784	609.357	3925.6	12603.3	6640.6	Trill
178	Spectrogram 1	5	613.384	613.603	2272.7	11363.6	6640.6	Trill
179	Spectrogram 1	3	618.078	618.174	4000.0	18000.0	7617.2	P-peep
180	Spectrogram 1	4	626.462	626.535	4752.1	13429.8	10351.6	Tse
181	Spectrogram 1	4	626.786	626.869	3305.8	12396.7	10351.6	Tse
182	Spectrogram 1	4	626.955	627.028	2272.7	11157.0	8789.1	Tse
183	Spectrogram 1	6	634.387	634.800	4894.6	10768.1	8203.1	Trill
184	Spectrogram 1	6	635.134	635.261	6405.0	13016.5	8984.4	Trill
185	Spectrogram 1	6	637.221	637.536	3512.4	13016.5	7421.9	Trill
186	Spectrogram 1	6	641.453	642.052	4752.1	14256.2	8593.7	Trillphee
187	Spectrogram 1	3	659.797	660.251	1652.9	12809.9	7031.2	Trill
188	Spectrogram 1	6	661.031	661.566	5948.8	9488.0	7226.6	Trill
189	Spectrogram 1	6	664.623	664.739	4958.7	11570.2	8593.7	Trill
190	Spectrogram 1	6	664.799	665.349	5578.5	11570.2	8789.1	Trillphee
191	Spectrogram 1	5	666.551	666.695	3512.4	13016.5	8007.8	Trill
608	Spectrogram 1	5	666.768	666.817	1485.1	16584.2	8593.7	Twitter
609	Spectrogram 1	5	666.890	666.939	247.5	17574.3	7812.5	Twitter
610	Spectrogram 1	5	667.012	667.058	2475.2	16089.1	7421.9	Twitter
611	Spectrogram 1	5	667.124	667.176	1732.7	15841.6	8984.4	Twitter
612	Spectrogram 1	5	667.239	667.293	1980.2	15099.0	8593.7	Twitter
613	Spectrogram 1	5	667.356	667.408	1980.2	15099.0	8593.7	Twitter
614	Spectrogram 1	5	667.466	667.511	2475.2	14356.4	9179.7	Twitter
615	Spectrogram 1	5	667.569	667.623	1237.6	15346.5	8984.4	Twitter
616	Spectrogram 1	5	667.679	667.731	1485.1	14851.5	8789.1	Twitter
617	Spectrogram 1	5	667.787	667.836	1237.6	14851.5	8789.1	Twitter
192	Spectrogram 1	6	673.811	674.626	5371.9	12396.7	8007.8	Trillphee
193	Spectrogram 1	6	678.706	678.932	4132.2	12809.9	7421.9	Trill
194	Spectrogram 1	6	679.071	679.369	5371.9	12396.7	8593.7	Trillphee
195	Spectrogram 1	6	679.472	679.637	5578.5	11157.0	8789.1	P-peep
619	Spectrogram 1	6	679.695	679.751	6435.6	12376.2	8984.4	P-peep
196	Spectrogram 1	6	693.689	693.735	2066.1	10124.0	4101.6	T-peep
197	Spectrogram 1	6	693.914	693.954	1652.9	12603.3	4492.2	T-peep
198	Spectrogram 1	4	698.282	698.664	4000.0	18000.0	7031.2	Trill
199	Spectrogram 1	5	705.160	705.329	1859.5	10537.2	3515.6	Trill
200	Spectrogram 1	4	721.011	721.296	2291.7	17083.3	7421.9	Trill
201	Spectrogram 1	4	721.462	721.727	2708.3	18333.3	7226.6	Trill
202	Spectrogram 1	5	814.870	814.919	1859.5	13843.0	8789.1	Twitter
620	Spectrogram 1	5	814.989	815.036	1980.2	14604.0	8007.8	Twitter
621	Spectrogram 1	5	815.106	815.156	1485.1	16336.6	7812.5	Twitter
622	Spectrogram 1	5	815.224	815.277	1237.6	15841.6	7617.2	Twitter
623	Spectrogram 1	5	815.336	815.397	1485.1	20297.0	7812.5	Twitter
624	Spectrogram 1	5	815.458	815.505	1237.6	14604.0	7617.2	Twitter
625	Spectrogram 1	5	815.552	815.605	495.0	13613.9	7617.2	Twitter
626	Spectrogram 1	5	815.652	815.718	742.6	15594.1	7812.5	Twitter
627	Spectrogram 1	5	815.744	815.814	0.0	16584.2	195.3	Twitter
203	Spectrogram 1	3	840.624	840.732	4000.0	18000.0	4687.5	Trill
204	Spectrogram 1	6	847.722	847.776	3925.6	16528.9	9179.7	Twitter
628	Spectrogram 1	6	847.822	847.881	2475.2	17821.8	8593.7	Twitter
629	Spectrogram 1	6	847.933	847.989	1980.2	17079.2	8984.4	Twitter
630	Spectrogram 1	6	848.036	848.097	1485.1	17326.7	7812.5	Twitter
631	Spectrogram 1	6	848.155	848.209	2722.8	15346.5	7617.2	Twitter
632	Spectrogram 1	6	848.258	848.317	2475.2	16831.7	7226.6	Twitter
633	Spectrogram 1	6	848.350	848.410	0.0	17574.3	195.3	Twitter
634	Spectrogram 1	6	848.441	848.506	1485.1	16584.2	7031.2	Twitter
635	Spectrogram 1	6	848.544	848.600	0.0	16584.2	195.3	Twitter
636	Spectrogram 1	6	848.635	848.696	0.0	18811.9	195.3	Twitter
205	Spectrogram 1	6	850.977	851.490	3925.6	12809.9	8398.4	Trill
206	Spectrogram 1	6	854.020	854.544	2686.0	14256.2	2734.4	Trill
207	Spectrogram 1	4	856.732	856.850	4000.0	18000.0	10546.9	Twitter
638	Spectrogram 1	4	856.930	857.005	4455.4	18316.8	10351.6	Twitter
639	Spectrogram 1	4	857.075	857.167	495.0	18069.3	6640.6	Twitter
640	Spectrogram 1	4	857.209	857.300	247.5	20297.0	6640.6	Twitter
641	Spectrogram 1	4	857.345	857.434	1237.6	20049.5	6445.3	Twitter
642	Spectrogram 1	4	857.478	857.572	2722.8	19306.9	6445.3	Twitter
643	Spectrogram 1	4	857.602	857.703	1237.6	20792.1	6250.0	Twitter
644	Spectrogram 1	4	857.745	857.825	247.5	20792.1	7812.5	Twitter
645	Spectrogram 1	4	857.869	857.926	0.0	19554.5	195.3	Twitter
646	Spectrogram 1	4	857.991	858.059	0.0	17821.8	195.3	Twitter
208	Spectrogram 1	3	858.597	858.853	4000.0	18000.0	6640.6	Trill
209	Spectrogram 1	6	864.399	865.090	3305.8	13843.0	7617.2	Trill
210	Spectrogram 1	5	867.286	867.331	2892.6	16322.3	10937.5	Twitter
647	Spectrogram 1	5	867.382	867.445	247.5	16584.2	8398.4	Twitter
211	Spectrogram 1	6	867.431	867.665	5991.7	11776.9	7812.5	Trill
648	Spectrogram 1	5	867.509	867.560	742.6	18811.9	7812.5	Twitter
649	Spectrogram 1	5	867.607	867.670	1237.6	17574.3	7617.2	Twitter
650	Spectrogram 1	5	867.719	867.783	1485.1	16336.6	7617.2	Twitter
651	Spectrogram 1	5	867.855	867.900	0.0	15594.1	195.3	Twitter
652	Spectrogram 1	5	867.949	868.003	1980.2	16089.1	7421.9	Twitter
653	Spectrogram 1	5	868.054	868.104	990.1	16336.6	7421.9	Twitter
654	Spectrogram 1	5	868.155	868.204	2475.2	17326.7	7226.6	Twitter
212	Spectrogram 1	5	875.349	875.475	5371.9	11983.5	8203.1	Trill
213	Spectrogram 1	6	881.210	882.055	4545.5	14256.2	7617.2	Phee
214	Spectrogram 1	6	892.085	892.629	2272.7	13429.8	8593.7	Trill
215	Spectrogram 1	6	896.055	896.392	3719.0	13016.5	8984.4	Trill
216	Spectrogram 1	6	900.407	900.466	4752.1	13223.1	8398.4	Trill
655	Spectrogram 1	6	900.546	900.688	990.1	13613.9	8398.4	Trill
217	Spectrogram 1	6	910.448	910.968	2686.0	13843.0	6640.6	Trill
218	Spectrogram 1	6	922.461	923.119	4338.8	14049.6	7812.5	Trill
219	Spectrogram 1	6	932.604	933.042	5165.3	14876.0	8789.1	Trill
220	Spectrogram 1	6	936.152	936.891	5371.9	13016.5	8593.7	Trillphee
221	Spectrogram 1	6	945.407	946.020	4752.1	14049.6	8789.1	Trillphee
222	Spectrogram 1	6	947.325	947.789	4958.7	13843.0	7617.2	Trill
223	Spectrogram 1	6	949.603	950.017	1239.7	14256.2	6835.9	Trill
224	Spectrogram 1	5	951.068	951.124	1239.7	15495.9	10742.2	Twitter
656	Spectrogram 1	5	951.159	951.220	1485.1	20297.0	8203.1	Twitter
657	Spectrogram 1	5	951.274	951.337	4207.9	17574.3	7617.2	Twitter
658	Spectrogram 1	5	951.384	951.447	2227.7	16336.6	2343.7	Twitter
659	Spectrogram 1	5	951.501	951.557	1237.6	15841.6	8789.1	Twitter
660	Spectrogram 1	5	951.602	951.661	247.5	15594.1	6835.9	Twitter
661	Spectrogram 1	5	951.703	951.757	0.0	17079.2	195.3	Twitter
662	Spectrogram 1	5	951.813	951.846	1485.1	15346.5	7031.2	Twitter
225	Spectrogram 1	3	964.158	964.460	4000.0	18000.0	7031.2	Trill
226	Spectrogram 1	5	964.789	965.852	4132.2	13636.4	8203.1	Trillphee
227	Spectrogram 1	6	971.603	972.130	2686.0	12190.1	8398.4	Trill
228	Spectrogram 1	4	985.647	985.915	1239.7	15909.1	6835.9	Trill
229	Spectrogram 1	5	987.735	987.831	5165.3	10950.4	8398.4	Trill
230	Spectrogram 1	5	988.076	988.270	4338.8	12809.9	8593.7	P-peep
663	Spectrogram 1	5	988.356	988.412	3960.4	12871.3	8789.1	P-peep
231	Spectrogram 1	6	990.562	991.185	4132.2	14256.2	7421.9	Trill
232	Spectrogram 1	5	992.765	993.033	2479.3	12603.3	2539.1	Trill
233	Spectrogram 1	6	996.386	996.922	3925.6	13843.0	7617.2	Trill
234	Spectrogram 1	3	1004.404	1004.471	4000.0	18000.0	12304.7	Twitter
664	Spectrogram 1	3	1004.576	1004.644	2970.3	19554.5	7031.2	Twitter
665	Spectrogram 1	3	1004.714	1004.827	495.0	17574.3	6640.6	Twitter
666	Spectrogram 1	3	1004.878	1004.960	2227.7	19306.9	6640.6	Twitter
667	Spectrogram 1	3	1005.012	1005.117	1732.7	17326.7	6640.6	Twitter
668	Spectrogram 1	3	1005.157	1005.248	1237.6	16584.2	6445.3	Twitter
669	Spectrogram 1	3	1005.316	1005.398	1980.2	16336.6	6445.3	Twitter
670	Spectrogram 1	3	1005.441	1005.527	2227.7	16336.6	6250.0	Twitter
671	Spectrogram 1	3	1005.593	1005.651	742.6	16089.1	6250.0	Twitter
672	Spectrogram 1	3	1005.719	1005.783	990.1	15346.5	6640.6	Twitter
235	Spectrogram 1	6	1006.602	1007.188	3925.6	11157.0	7421.9	Trill
236	Spectrogram 1	6	1010.824	1011.752	3512.4	14876.0	8593.7	Trillphee
237	Spectrogram 1	5	1055.931	1056.484	1859.5	13843.0	7031.2	Trill
238	Spectrogram 1	6	1058.569	1059.013	4132.2	11983.5	7226.6	Trill
239	Spectrogram 1	6	1066.755	1067.103	3719.0	12603.3	7812.5	Trill
240	Spectrogram 1	6	1071.440	1071.495	3925.6	17148.8	11328.1	Twitter
673	Spectrogram 1	6	1071.553	1071.617	2475.2	17326.7	7421.9	Twitter
674	Spectrogram 1	6	1071.675	1071.713	2722.8	18564.4	7031.2	Twitter
675	Spectrogram 1	6	1071.795	1071.849	2227.7	17079.2	7031.2	Twitter
676	Spectrogram 1	6	1071.921	1071.970	1237.6	17326.7	7031.2	Twitter
677	Spectrogram 1	6	1072.041	1072.092	2475.2	19802.0	7031.2	Twitter
678	Spectrogram 1	6	1072.148	1072.195	1732.7	16584.2	7031.2	Twitter
679	Spectrogram 1	6	1072.251	1072.303	0.0	13366.3	195.3	Twitter
680	Spectrogram 1	6	1072.366	1072.408	2722.8	15099.0	7812.5	Twitter
241	Spectrogram 1	5	1136.273	1136.634	6611.6	11570.2	8789.1	Trill
242	Spectrogram 1	3	1144.252	1144.336	4000.0	18000.0	6640.6	Trill
243	Spectrogram 1	3	1151.548	1151.836	4000.0	18000.0	10546.9	Trill
244	Spectrogram 1	6	1156.678	1157.192	3512.4	19421.5	7617.2	Trill string
245	Spectrogram 1	6	1171.346	1171.919	2479.3	12809.9	8007.8	Trill
246	Spectrogram 1	5	1180.170	1181.478	4338.8	14256.2	8593.7	Trillphee
247	Spectrogram 1	5	1184.347	1184.718	4132.2	11570.2	7421.9	Trill
248	Spectrogram 1	6	1242.226	1242.570	4958.7	12190.1	7226.6	Trill
249	Spectrogram 1	6	1258.991	1259.558	3512.4	12396.7	7617.2	Trill
250	Spectrogram 1	3	1276.248	1276.608	4000.0	18000.0	7226.6	Trill
251	Spectrogram 1	6	1286.418	1286.935	4545.5	11776.9	7812.5	Trill
252	Spectrogram 1	3	1289.960	1290.086	4000.0	18000.0	10156.2	Twitter
681	Spectrogram 1	3	1290.172	1290.240	2475.2	17326.7	8203.1	Twitter
682	Spectrogram 1	3	1290.306	1290.374	247.5	18811.9	7031.2	Twitter
683	Spectrogram 1	3	1290.453	1290.519	990.1	18564.4	8203.1	Twitter
684	Spectrogram 1	3	1290.568	1290.634	2722.8	16831.7	7812.5	Twitter
685	Spectrogram 1	3	1290.706	1290.763	2475.2	17574.3	6640.6	Twitter
686	Spectrogram 1	3	1290.812	1290.863	495.0	18316.8	8398.4	Twitter
253	Spectrogram 1	5	1291.643	1292.113	5165.3	9297.5	8203.1	Trill
254	Spectrogram 1	5	1294.362	1294.456	2892.6	16735.5	10351.6	Twitter
255	Spectrogram 1	3	1294.434	1294.506	4000.0	18000.0	4882.8	Trill
687	Spectrogram 1	5	1294.517	1294.571	2722.8	17079.2	7812.5	Twitter
256	Spectrogram 1	6	1294.547	1294.849	3512.4	10950.4	7226.6	Trill
688	Spectrogram 1	5	1294.643	1294.704	2227.7	16584.2	7226.6	Twitter
689	Spectrogram 1	5	1294.782	1294.833	2227.7	16336.6	8203.1	Twitter
690	Spectrogram 1	5	1294.892	1294.953	990.1	16336.6	8007.8	Twitter
691	Spectrogram 1	5	1295.013	1295.074	2227.7	16089.1	8203.1	Twitter
692	Spectrogram 1	5	1295.133	1295.180	495.0	17574.3	8007.8	Twitter
693	Spectrogram 1	5	1295.248	1295.311	990.1	15099.0	8007.8	Twitter
694	Spectrogram 1	5	1295.344	1295.412	0.0	15841.6	195.3	Twitter
695	Spectrogram 1	5	1295.456	1295.508	495.0	14851.5	7812.5	Twitter
257	Spectrogram 1	6	1296.316	1296.942	3925.6	10124.0	8007.8	Trill
706	Spectrogram 1	5	1305.295	1305.403	2722.8	13861.4	10546.9	Twitter
705	Spectrogram 1	5	1305.483	1305.558	3465.3	15594.1	7617.2	Twitter
704	Spectrogram 1	5	1305.602	1305.672	3960.4	15346.5	8789.1	Twitter
703	Spectrogram 1	5	1305.747	1305.808	2475.2	16089.1	7031.2	Twitter
702	Spectrogram 1	5	1305.871	1305.932	2475.2	15346.5	7031.2	Twitter
701	Spectrogram 1	5	1305.998	1306.064	2227.7	16336.6	6835.9	Twitter
700	Spectrogram 1	5	1306.127	1306.190	1980.2	16584.2	6835.9	Twitter
699	Spectrogram 1	5	1306.253	1306.302	2227.7	14604.0	6835.9	Twitter
698	Spectrogram 1	5	1306.368	1306.429	3217.8	14356.4	6835.9	Twitter
697	Spectrogram 1	5	1306.466	1306.534	1980.2	13613.9	6835.9	Twitter
696	Spectrogram 1	5	1306.581	1306.637	1732.7	13366.3	7812.5	Twitter
258	Spectrogram 1	5	1306.708	1306.741	2066.1	14049.6	7617.2	Twitter
259	Spectrogram 1	3	1311.896	1312.697	4000.0	18000.0	7617.2	Twitter
260	Spectrogram 1	3	1321.014	1321.255	4000.0	18000.0	7031.2	Trill
261	Spectrogram 1	4	1326.479	1326.595	4000.0	18000.0	10156.2	Twitter
707	Spectrogram 1	4	1326.684	1326.757	3712.9	19802.0	9375.0	Twitter
708	Spectrogram 1	4	1326.839	1326.925	3465.3	18069.3	6640.6	Twitter
709	Spectrogram 1	4	1326.982	1327.064	2722.8	17821.8	6445.3	Twitter
710	Spectrogram 1	4	1327.124	1327.206	2722.8	19059.4	6445.3	Twitter
711	Spectrogram 1	4	1327.258	1327.361	2475.2	17574.3	6445.3	Twitter
712	Spectrogram 1	4	1327.415	1327.490	2970.3	18811.9	6250.0	Twitter
713	Spectrogram 1	4	1327.548	1327.637	1980.2	17821.8	6445.3	Twitter
714	Spectrogram 1	4	1327.696	1327.780	1980.2	17821.8	6250.0	Twitter
715	Spectrogram 1	4	1327.830	1327.914	247.5	17574.3	6250.0	Twitter
716	Spectrogram 1	4	1327.961	1328.029	742.6	18811.9	6054.7	Twitter
717	Spectrogram 1	4	1328.106	1328.172	990.1	17574.3	6835.9	Twitter
718	Spectrogram 1	4	1328.232	1328.277	0.0	15346.5	195.3	Twitter
262	Spectrogram 1	5	1329.830	1330.609	5165.3	11776.9	5859.4	Trillphee
720	Spectrogram 1	6	1331.995	1332.126	2475.2	16089.1	8398.4	Trill
721	Spectrogram 1	6	1332.199	1332.255	1980.2	17574.3	8007.8	Twitter
722	Spectrogram 1	6	1332.314	1332.361	990.1	16336.6	7421.9	Twitter
723	Spectrogram 1	6	1332.429	1332.499	742.6	16336.6	7226.6	Twitter
724	Spectrogram 1	6	1332.546	1332.616	1485.1	17079.2	7226.6	Twitter
725	Spectrogram 1	6	1332.665	1332.745	247.5	18564.4	7031.2	Twitter
726	Spectrogram 1	6	1332.801	1332.850	247.5	19306.9	7031.2	Twitter
727	Spectrogram 1	6	1332.897	1332.963	1732.7	18069.3	7031.2	Twitter
728	Spectrogram 1	6	1333.009	1333.073	0.0	18316.8	195.3	Twitter
263	Spectrogram 1	6	1333.127	1333.179	2272.7	13636.4	7617.2	Twitter
264	Spectrogram 1	6	1335.193	1335.972	5371.9	12809.9	8789.1	Trillphee
265	Spectrogram 1	6	1340.017	1340.434	3925.6	12190.1	7226.6	Trill
266	Spectrogram 1	5	1347.053	1348.185	3305.8	11983.5	8789.1	Trillphee
267	Spectrogram 1	4	1386.054	1386.422	4000.0	18000.0	7031.2	Trill
268	Spectrogram 1	5	1390.686	1391.186	413.2	12396.7	6640.6	Trill
269	Spectrogram 1	3	1393.633	1393.771	4000.0	18000.0	9375.0	Twitter
729	Spectrogram 1	3	1393.851	1393.935	1980.2	19802.0	7226.6	Twitter
730	Spectrogram 1	3	1393.998	1394.090	990.1	18564.4	6835.9	Twitter
731	Spectrogram 1	3	1394.148	1394.223	247.5	18316.8	6835.9	Twitter
732	Spectrogram 1	3	1394.296	1394.366	1237.6	20544.6	6640.6	Twitter
733	Spectrogram 1	3	1394.422	1394.507	1980.2	19059.4	6640.6	Twitter
734	Spectrogram 1	3	1394.558	1394.628	0.0	17574.3	195.3	Twitter
735	Spectrogram 1	3	1394.666	1394.734	0.0	19802.0	195.3	Twitter
270	Spectrogram 1	5	1407.478	1407.949	4958.7	12396.7	8007.8	Trill
271	Spectrogram 1	5	1425.811	1426.212	3305.8	13223.1	8789.1	Trill
272	Spectrogram 1	5	1502.867	1504.126	3305.8	11363.6	8398.4	Trillphee
273	Spectrogram 1	4	1505.760	1505.976	4000.0	18000.0	10351.6	Trill
736	Spectrogram 1	4	1506.069	1506.123	3465.3	18564.4	10351.6	Twitter
737	Spectrogram 1	4	1506.203	1506.285	3712.9	18564.4	11914.1	Twitter
738	Spectrogram 1	4	1506.353	1506.428	3465.3	19802.0	6445.3	Twitter
739	Spectrogram 1	4	1506.491	1506.568	1980.2	19802.0	6250.0	Twitter
740	Spectrogram 1	4	1506.638	1506.699	2970.3	19554.5	6250.0	Twitter
741	Spectrogram 1	4	1506.767	1506.847	495.0	19554.5	8007.8	Twitter
742	Spectrogram 1	4	1506.898	1506.973	2227.7	19059.4	6054.7	Twitter
743	Spectrogram 1	4	1507.048	1507.116	2227.7	17326.7	7421.9	Twitter
744	Spectrogram 1	4	1507.170	1507.240	990.1	17821.8	7421.9	Twitter
745	Spectrogram 1	4	1507.313	1507.374	0.0	19059.4	195.3	Twitter
274	Spectrogram 1	3	1520.203	1520.298	4000.0	18000.0	6445.3	Trill
275	Spectrogram 1	5	1532.500	1532.997	3305.8	12603.3	8593.7	Trill
276	Spectrogram 1	5	1571.649	1571.931	4545.5	14462.8	8984.4	Trill
277	Spectrogram 1	6	1573.342	1573.719	3512.4	11570.2	7421.9	Trill
278	Spectrogram 1	6	1574.680	1575.131	1859.5	15909.1	8007.8	Trill
279	Spectrogram 1	6	1582.767	1583.210	4338.8	12396.7	7421.9	Trill
280	Spectrogram 1	6	1585.543	1586.106	3512.4	11776.9	7421.9	Trill
281	Spectrogram 1	6	1604.819	1605.170	2892.6	10330.6	6835.9	Trill
282	Spectrogram 1	3	1625.326	1625.704	4000.0	18000.0	7421.9	Trill
283	Spectrogram 1	6	1633.522	1634.171	5165.3	11363.6	7226.6	Trill
284	Spectrogram 1	5	1638.196	1638.458	2892.6	8057.9	4687.5	Trill
285	Spectrogram 1	3	1642.587	1642.978	4000.0	18000.0	7031.2	Trill
286	Spectrogram 1	5	1669.723	1670.111	3305.8	11983.5	7031.2	Trill
287	Spectrogram 1	5	1691.351	1691.854	3305.8	11776.9	7421.9	Trill
288	Spectrogram 1	6	1696.548	1696.800	3925.6	12603.3	4101.6	Trill
289	Spectrogram 1	3	1709.265	1709.473	4000.0	18000.0	7031.2	Trill
290	Spectrogram 1	6	1717.384	1717.845	3719.0	12809.9	8593.7	Trill
291	Spectrogram 1	3	1718.774	1718.844	4000.0	18000.0	7226.6	Trill
292	Spectrogram 1	3	1718.916	1718.986	4000.0	18000.0	7031.2	Trill
293	Spectrogram 1	5	1722.214	1723.317	4545.5	11363.6	7812.5	Phee
294	Spectrogram 1	3	1724.157	1724.396	4000.0	18000.0	6640.6	Trill
295	Spectrogram 1	3	1726.065	1726.150	4000.0	18000.0	4687.5	Trill
296	Spectrogram 1	3	1726.609	1727.003	4000.0	18000.0	6640.6	Trill
297	Spectrogram 1	6	1727.678	1728.033	4338.8	12190.1	8593.7	Trill
298	Spectrogram 1	6	1737.264	1737.615	3512.4	9917.4	4101.6	Trill
299	Spectrogram 1	3	1737.368	1737.446	4000.0	18000.0	10742.2	Twitter
746	Spectrogram 1	3	1737.516	1737.615	0.0	18316.8	195.3	Twitter
747	Spectrogram 1	3	1737.664	1737.746	2227.7	17574.3	6835.9	Twitter
748	Spectrogram 1	3	1737.802	1737.884	3712.9	17079.2	6640.6	Twitter
749	Spectrogram 1	3	1737.947	1738.022	0.0	17326.7	195.3	Twitter
750	Spectrogram 1	3	1738.057	1738.149	0.0	19306.9	195.3	Twitter
751	Spectrogram 1	3	1738.205	1738.278	0.0	17326.7	195.3	Twitter
300	Spectrogram 1	5	1751.599	1752.000	3305.8	13016.5	8789.1	Trill
301	Spectrogram 1	6	1753.464	1754.000	4132.2	11983.5	8007.8	Trill
302	Spectrogram 1	6	1788.192	1788.702	3305.8	11363.6	7226.6	Trill
303	Spectrogram 1	5	1798.485	1798.830	3925.6	11363.6	8593.7	Trill
304	Spectrogram 1	3	1810.572	1810.792	4000.0	18000.0	7421.9	Phee
305	Spectrogram 1	3	1816.664	1816.889	4000.0	18000.0	7226.6	Phee
306	Spectrogram 1	5	1830.960	1831.182	4338.8	12603.3	8398.4	Trill
307	Spectrogram 1	5	1837.662	1838.083	2479.3	10950.4	7617.2	Trill
308	Spectrogram 1	4	1850.294	1850.394	4000.0	18000.0	6445.3	Trill
309	Spectrogram 1	3	1851.690	1851.804	4000.0	18000.0	6835.9	Trill
310	Spectrogram 1	5	1852.443	1852.814	2892.6	10124.0	7617.2	Trill
311	Spectrogram 1	3	1854.672	1854.871	4000.0	18000.0	6445.3	Trill
312	Spectrogram 1	6	1855.175	1855.569	4132.2	14256.2	7812.5	Trill
313	Spectrogram 1	6	1861.709	1862.137	3719.0	12603.3	7617.2	Trill
314	Spectrogram 1	5	1870.556	1870.914	4338.8	10950.4	6640.6	Trill
315	Spectrogram 1	6	1875.840	1876.261	2892.6	13429.8	6835.9	Trill
316	Spectrogram 1	6	1890.742	1891.206	4338.8	10124.0	4687.5	Trill
317	Spectrogram 1	6	1895.280	1895.373	4958.7	13636.4	8789.1	Trill
752	Spectrogram 1	6	1895.404	1895.490	4207.9	13118.8	4296.9	Trill
753	Spectrogram 1	6	1895.537	1895.619	3960.4	13366.3	4101.6	Trill
318	Spectrogram 1	3	1923.044	1923.113	4000.0	18000.0	7421.9	Trill
319	Spectrogram 1	6	1925.572	1925.953	2272.7	13636.4	7031.2	Trill
320	Spectrogram 1	3	1928.362	1928.526	4000.0	18000.0	7421.9	Trill
321	Spectrogram 1	5	1932.425	1932.686	1033.1	14256.2	2539.1	Other
322	Spectrogram 1	6	1932.686	1932.786	1652.9	12190.1	8593.7	Tse
323	Spectrogram 1	6	1932.868	1933.514	2272.7	15495.9	8007.8	Other+cry
324	Spectrogram 1	5	1933.637	1934.462	3719.0	13636.4	8984.4	Phee
325	Spectrogram 1	5	1934.998	1935.681	0.0	11570.2	195.3	Other
326	Spectrogram 1	5	1935.962	1936.234	0.0	12396.7	195.3	Subharmonic
327	Spectrogram 1	5	1936.367	1936.512	0.0	14049.6	195.3	Subharmonic
328	Spectrogram 1	3	1955.844	1956.023	4000.0	18000.0	7421.9	Trill
329	Spectrogram 1	5	1957.100	1957.558	3719.0	11570.2	8789.1	Trill
330	Spectrogram 1	5	1965.581	1966.581	3512.4	13843.0	8984.4	Trill
331	Spectrogram 1	5	1969.608	1969.830	3305.8	10124.0	6445.3	Trill
332	Spectrogram 1	5	1975.219	1975.351	3925.6	11570.2	7812.5	Trill
333	Spectrogram 1	5	1976.706	1976.954	3512.4	12190.1	8593.7	Trill
334	Spectrogram 1	5	1977.848	1977.915	2479.3	15702.5	12109.4	Twitter
754	Spectrogram 1	5	1977.959	1978.013	2722.8	14851.5	8593.7	Twitter
755	Spectrogram 1	5	1978.074	1978.130	1732.7	17821.8	8007.8	Twitter
756	Spectrogram 1	5	1978.184	1978.234	2475.2	18316.8	7617.2	Twitter
757	Spectrogram 1	5	1978.297	1978.344	2722.8	16336.6	7617.2	Twitter
758	Spectrogram 1	5	1978.400	1978.463	495.0	15099.0	7617.2	Twitter
759	Spectrogram 1	5	1978.512	1978.564	1485.1	15346.5	7617.2	Twitter
760	Spectrogram 1	5	1978.613	1978.667	742.6	15841.6	7421.9	Twitter
335	Spectrogram 1	6	1979.928	1980.418	3925.6	11983.5	8007.8	Trill
336	Spectrogram 1	6	1982.362	1982.694	3925.6	10537.2	6835.9	Trill
337	Spectrogram 1	3	1982.978	1983.190	5165.3	10330.6	7421.9	P-peep
338	Spectrogram 1	4	1983.839	1983.912	5578.5	13016.5	9179.7	P-peep
339	Spectrogram 1	3	2021.577	2021.689	4338.8	9917.4	7031.2	Trill
340	Spectrogram 1	6	2027.177	2027.608	3333.3	12083.3	8203.1	Trill
341	Spectrogram 1	3	2030.143	2030.384	3750.0	11666.7	7421.9	P-peep
342	Spectrogram 1	5	2032.551	2032.962	2916.7	12500.0	8203.1	Trill
343	Spectrogram 1	3	2048.538	2048.701	4000.0	18000.0	6835.9	Trill
344	Spectrogram 1	5	2087.923	2088.589	5833.3	12291.7	8593.7	Trill
345	Spectrogram 1	6	2104.709	2104.931	3958.3	13125.0	8398.4	Trill
346	Spectrogram 1	6	2108.785	2108.841	2500.0	14166.7	8593.7	Twitter
761	Spectrogram 1	6	2108.888	2108.954	0.0	15099.0	195.3	Twitter
762	Spectrogram 1	6	2109.010	2109.062	3465.3	16584.2	7421.9	Twitter
763	Spectrogram 1	6	2109.132	2109.176	1237.6	16089.1	7421.9	Twitter
764	Spectrogram 1	6	2109.242	2109.300	3712.9	16336.6	7421.9	Twitter
765	Spectrogram 1	6	2109.340	2109.397	3217.8	15099.0	7421.9	Twitter
766	Spectrogram 1	6	2109.457	2109.497	1980.2	15346.5	7421.9	Twitter
767	Spectrogram 1	6	2109.549	2109.607	1485.1	14604.0	7421.9	Twitter
768	Spectrogram 1	6	2109.654	2109.708	1732.7	12623.8	7421.9	Twitter
769	Spectrogram 1	6	2109.757	2109.811	1980.2	14108.9	7421.9	Twitter
347	Spectrogram 1	5	2110.779	2111.134	3958.3	10625.0	7421.9	Trill
348	Spectrogram 1	4	2117.722	2117.951	4583.3	17500.0	7031.2	Trill
770	Spectrogram 1	4	2118.000	2118.058	5198.0	17326.7	9960.9	Twitter
771	Spectrogram 1	4	2118.145	2118.215	3465.3	17079.2	10937.5	Twitter
772	Spectrogram 1	4	2118.290	2118.375	2722.8	19059.4	8398.4	Twitter
773	Spectrogram 1	4	2118.428	2118.499	2722.8	20544.6	6835.9	Twitter
774	Spectrogram 1	4	2118.562	2118.632	2475.2	18564.4	6640.6	Twitter
775	Spectrogram 1	4	2118.703	2118.775	495.0	20792.1	8203.1	Twitter
776	Spectrogram 1	4	2118.829	2118.911	742.6	18564.4	8007.8	Twitter
777	Spectrogram 1	4	2118.967	2119.023	2475.2	18316.8	8007.8	Twitter
778	Spectrogram 1	4	2119.089	2119.143	990.1	17326.7	8203.1	Twitter
779	Spectrogram 1	4	2119.223	2119.267	1732.7	17574.3	8007.8	Twitter
780	Spectrogram 1	4	2119.349	2119.394	990.1	17079.2	7226.6	Twitter
349	Spectrogram 1	3	2119.448	2119.753	3541.7	11041.7	6835.9	Trill
350	Spectrogram 1	5	2122.202	2122.593	2916.7	12291.7	7226.6	Trill
351	Spectrogram 1	5	2128.313	2128.443	4583.3	11458.3	7812.5	Trill
352	Spectrogram 1	5	2131.613	2131.699	4375.0	12083.3	8593.7	Trill
781	Spectrogram 1	5	2131.793	2131.849	2722.8	12623.8	8203.1	Trill
353	Spectrogram 1	6	2137.735	2137.805	4791.7	12083.3	8789.1	Trill
782	Spectrogram 1	6	2137.880	2137.980	1237.6	11138.6	8398.4	Trill
354	Spectrogram 1	3	2157.722	2157.809	4000.0	18000.0	7226.6	Trill
355	Spectrogram 1	5	2180.938	2181.018	2083.3	15416.7	10742.2	Twitter
783	Spectrogram 1	5	2181.062	2181.112	247.5	16831.7	8984.4	Twitter
784	Spectrogram 1	5	2181.182	2181.231	2227.7	14604.0	7617.2	Twitter
785	Spectrogram 1	5	2181.299	2181.341	1485.1	14356.4	7617.2	Twitter
786	Spectrogram 1	5	2181.397	2181.442	495.0	13861.4	7226.6	Twitter
356	Spectrogram 1	6	2195.456	2196.129	5497.0	10918.7	7226.6	Trill
357	Spectrogram 1	6	2200.986	2201.463	4375.0	10208.3	7617.2	Trill string
358	Spectrogram 1	6	2201.986	2202.337	2291.7	11458.3	7226.6	Trill
359	Spectrogram 1	5	2221.830	2222.251	5625.0	11041.7	7617.2	Trill
360	Spectrogram 1	6	2230.683	2230.855	5722.9	10090.4	7812.5	Trill string
361	Spectrogram 1	3	2236.178	2236.641	4000.0	18000.0	7617.2	Trill
362	Spectrogram 1	5	2236.952	2237.068	3750.0	12708.3	4296.9	Trill
787	Spectrogram 1	5	2237.143	2237.197	3960.4	15841.6	9765.6	Twitter
788	Spectrogram 1	5	2237.262	2237.309	3712.9	16336.6	8789.1	Twitter
789	Spectrogram 1	5	2237.384	2237.428	247.5	15346.5	7226.6	Twitter
790	Spectrogram 1	5	2237.485	2237.539	1237.6	18069.3	7226.6	Twitter
791	Spectrogram 1	5	2237.602	2237.646	1237.6	17079.2	7226.6	Twitter
792	Spectrogram 1	5	2237.693	2237.752	990.1	15099.0	7226.6	Twitter
793	Spectrogram 1	5	2237.803	2237.857	742.6	15594.1	8398.4	Twitter
363	Spectrogram 1	6	2242.522	2242.590	6666.7	12291.7	8789.1	Trill
794	Spectrogram 1	6	2242.646	2242.697	4207.9	12376.2	8789.1	Trill
795	Spectrogram 1	6	2242.761	2242.939	4950.5	12376.2	11328.1	Trill
364	Spectrogram 1	6	2249.727	2249.817	6174.7	10466.9	8593.7	Trill
797	Spectrogram 1	6	2249.894	2249.960	4703.0	10396.0	8007.8	Trill
365	Spectrogram 1	6	2267.567	2268.048	3750.0	12291.7	7812.5	Trill
366	Spectrogram 1	6	2273.530	2273.657	3333.3	12291.7	7226.6	Trill
798	Spectrogram 1	6	2273.708	2273.767	2722.8	11633.7	7031.2	Trill
367	Spectrogram 1	6	2277.831	2277.945	5625.0	12083.3	7812.5	Trill
799	Spectrogram 1	6	2278.002	2278.241	5198.0	11138.6	6835.9	Trill
368	Spectrogram 1	5	2282.218	2282.327	5416.7	11250.0	8203.1	Trill
369	Spectrogram 1	5	2282.529	2282.682	5000.0	11250.0	8593.7	P-peep
370	Spectrogram 1	5	2282.811	2283.493	6041.7	13333.3	8593.7	Phee
371	Spectrogram 1	3	2287.975	2288.071	3750.0	10416.7	7421.9	P-peep
372	Spectrogram 1	6	2344.970	2345.351	4583.3	14583.3	8789.1	Phee-cry
373	Spectrogram 1	5	2347.997	2348.534	0.0	12500.0	195.3	Phee-other
374	Spectrogram 1	5	2348.935	2349.693	0.0	14583.3	195.3	Phee-other
375	Spectrogram 1	5	2349.856	2350.260	0.0	9791.7	195.3	Other
376	Spectrogram 1	5	2350.429	2350.641	208.3	7708.3	976.6	Other
377	Spectrogram 1	5	2350.776	2350.853	208.3	8125.0	390.6	Other
378	Spectrogram 1	3	2355.264	2355.632	4000.0	18000.0	6835.9	Trill
379	Spectrogram 1	6	2357.975	2358.465	2916.7	11041.7	7421.9	Trill
380	Spectrogram 1	6	2364.337	2364.977	2500.0	13125.0	8203.1	Trill
381	Spectrogram 1	6	2368.848	2369.312	5208.3	11250.0	7617.2	Trill
382	Spectrogram 1	4	2371.084	2371.502	4000.0	18000.0	6835.9	Trill
383	Spectrogram 1	5	2379.933	2380.254	3958.3	11875.0	8007.8	Trill
384	Spectrogram 1	6	2383.045	2383.459	4583.3	13333.3	4687.5	Trill
385	Spectrogram 1	6	2385.056	2385.359	5572.3	9563.3	9375.0	Trill
386	Spectrogram 1	4	2387.590	2387.943	4000.0	18000.0	6835.9	Trill
387	Spectrogram 1	4	2390.567	2390.722	4000.0	18000.0	6640.6	Trill
388	Spectrogram 1	3	2411.748	2412.030	3750.0	10000.0	6640.6	Trill
389	Spectrogram 1	3	2414.179	2414.474	833.3	14791.7	6640.6	Trill
390	Spectrogram 1	3	2416.477	2416.908	4000.0	18000.0	7421.9	Trill
391	Spectrogram 1	3	2423.768	2424.232	4000.0	18000.0	7421.9	Trill
392	Spectrogram 1	3	2424.457	2424.560	3750.0	18333.3	7617.2	Tse
393	Spectrogram 1	3	2424.742	2424.834	3541.7	18125.0	8007.8	Tse
394	Spectrogram 1	3	2425.192	2425.275	1875.0	18750.0	7617.2	Tse
395	Spectrogram 1	6	2437.033	2437.138	6551.2	10165.7	8789.1	Trill
396	Spectrogram 1	3	2440.290	2440.367	1250.0	18333.3	4492.2	Trill
397	Spectrogram 1	5	2441.980	2442.447	2500.0	12083.3	2539.1	Trill
398	Spectrogram 1	6	2443.202	2443.772	4166.7	13333.3	7812.5	Trill
399	Spectrogram 1	5	2447.222	2447.269	2916.7	15208.3	10742.2	Twitter
800	Spectrogram 1	5	2447.330	2447.388	4455.4	15346.5	7812.5	Twitter
801	Spectrogram 1	5	2447.452	2447.515	2722.8	16089.1	7226.6	Twitter
802	Spectrogram 1	5	2447.585	2447.651	1980.2	16336.6	7031.2	Twitter
803	Spectrogram 1	5	2447.691	2447.761	3465.3	17821.8	7031.2	Twitter
804	Spectrogram 1	5	2447.812	2447.880	2227.7	14108.9	8398.4	Twitter
805	Spectrogram 1	5	2447.927	2447.986	495.0	13861.4	7812.5	Twitter
806	Spectrogram 1	5	2448.051	2448.103	742.6	15841.6	6640.6	Twitter
807	Spectrogram 1	5	2448.147	2448.201	1485.1	14604.0	6445.3	Twitter
400	Spectrogram 1	5	2451.218	2451.754	3750.0	10833.3	8007.8	Trill
401	Spectrogram 1	5	2458.345	2458.792	2916.7	12708.3	3710.9	Trill
402	Spectrogram 1	6	2461.990	2462.407	3958.3	13958.3	7617.2	Trill
403	Spectrogram 1	4	2470.272	2470.637	4000.0	18000.0	6640.6	Trill
404	Spectrogram 1	3	2470.967	2471.060	3958.3	11041.7	7421.9	Trill
405	Spectrogram 1	6	2481.063	2481.504	3541.7	13333.3	8593.7	Trill
406	Spectrogram 1	5	2489.242	2489.662	0.0	12083.3	195.3	Subharmonic
407	Spectrogram 1	5	2489.808	2490.351	0.0	17083.3	195.3	Subharmonic
408	Spectrogram 1	5	2490.527	2491.292	0.0	16250.0	195.3	Subharmonic
409	Spectrogram 1	5	2491.453	2491.554	1458.3	14791.7	4101.6	Trill
808	Spectrogram 1	5	2491.683	2491.744	2227.7	17079.2	7812.5	Twitter
809	Spectrogram 1	5	2491.812	2491.870	2475.2	15841.6	7812.5	Twitter
810	Spectrogram 1	5	2491.969	2492.027	1485.1	15594.1	9570.3	Twitter
811	Spectrogram 1	5	2492.070	2492.128	990.1	15841.6	9570.3	Twitter
812	Spectrogram 1	5	2492.198	2492.241	3217.8	15841.6	7617.2	Twitter
813	Spectrogram 1	5	2492.304	2492.348	742.6	14851.5	7421.9	Twitter
814	Spectrogram 1	5	2492.407	2492.456	2970.3	16584.2	7421.9	Twitter
815	Spectrogram 1	5	2492.501	2492.550	2227.7	18069.3	7421.9	Twitter
816	Spectrogram 1	5	2492.606	2492.648	990.1	14851.5	7421.9	Twitter
817	Spectrogram 1	5	2492.683	2492.728	2722.8	15346.5	7226.6	Twitter
410	Spectrogram 1	6	2508.164	2508.300	5833.3	11458.3	8203.1	Trill
411	Spectrogram 1	6	2508.356	2509.108	4791.7	10833.3	9179.7	Trillphee
412	Spectrogram 1	5	2511.217	2511.469	5416.7	11458.3	8593.7	Trill
413	Spectrogram 1	6	2515.650	2516.161	3750.0	10416.7	7226.6	Trill
414	Spectrogram 1	5	2515.829	2516.313	3750.0	11458.3	8203.1	Trill
415	Spectrogram 1	6	2516.316	2516.522	3541.7	10833.3	7617.2	Trill
416	Spectrogram 1	6	2522.070	2522.112	2708.3	16041.7	8398.4	Twitter
820	Spectrogram 1	6	2522.190	2522.236	3217.8	15594.1	8398.4	Twitter
821	Spectrogram 1	6	2522.318	2522.356	3217.8	15594.1	7421.9	Twitter
822	Spectrogram 1	6	2522.440	2522.478	3960.4	13861.4	8398.4	Twitter
823	Spectrogram 1	6	2522.546	2522.595	3712.9	14356.4	8398.4	Twitter
824	Spectrogram 1	6	2522.653	2522.698	1732.7	13613.9	8398.4	Twitter
825	Spectrogram 1	6	2522.763	2522.796	1732.7	15841.6	8398.4	Twitter
417	Spectrogram 1	6	2531.704	2532.119	4375.0	12291.7	7421.9	Trill
418	Spectrogram 1	6	2546.692	2547.278	4791.7	11458.3	7617.2	Trill
419	Spectrogram 1	6	2550.742	2551.239	5625.0	12291.7	7031.2	Trillphee
420	Spectrogram 1	6	2552.252	2553.071	5625.0	12916.7	8593.7	Phee
421	Spectrogram 1	5	2554.168	2555.371	2916.7	12500.0	8593.7	Trillphee
422	Spectrogram 1	6	2558.598	2558.934	4969.9	9262.0	7617.2	Trill
423	Spectrogram 1	6	2562.788	2563.099	3333.3	12500.0	7421.9	Trill
424	Spectrogram 1	5	2565.956	2566.268	4583.3	11041.7	7617.2	Trill
425	Spectrogram 1	6	2566.360	2566.758	3125.0	13541.7	8007.8	Trill
426	Spectrogram 1	6	2568.529	2568.701	3614.5	14683.7	7617.2	Trill
827	Spectrogram 1	6	2568.760	2568.802	2722.8	14356.4	8398.4	Twitter
828	Spectrogram 1	6	2568.870	2568.924	1980.2	15594.1	7617.2	Twitter
829	Spectrogram 1	6	2568.994	2569.038	1732.7	13861.4	7226.6	Twitter
830	Spectrogram 1	6	2569.106	2569.151	2722.8	15346.5	7226.6	Twitter
831	Spectrogram 1	6	2569.209	2569.251	2475.2	15841.6	7226.6	Twitter
832	Spectrogram 1	6	2569.322	2569.376	2227.7	15099.0	7226.6	Twitter
833	Spectrogram 1	6	2569.436	2569.481	1980.2	15594.1	7226.6	Twitter
834	Spectrogram 1	6	2569.533	2569.582	1237.6	15346.5	7226.6	Twitter
427	Spectrogram 1	6	2580.805	2581.163	3541.7	13958.3	9375.0	Trill
428	Spectrogram 1	6	2586.953	2588.162	4375.0	11458.3	8593.7	Phee
429	Spectrogram 1	3	2598.692	2599.044	4000.0	18000.0	7226.6	Trill
430	Spectrogram 1	5	2598.903	2599.354	5625.0	12083.3	8007.8	Trill
431	Spectrogram 1	6	2600.818	2601.401	5416.7	12500.0	8398.4	Trillphee
432	Spectrogram 1	6	2602.762	2603.017	5208.3	11041.7	7421.9	Trill
433	Spectrogram 1	6	2605.672	2607.176	2291.7	11666.7	8203.1	Phee
434	Spectrogram 1	5	2613.754	2614.894	2708.3	12500.0	8593.7	Trillphee
435	Spectrogram 1	6	2629.256	2629.803	5000.0	12500.0	5859.4	Trill
436	Spectrogram 1	5	2630.131	2630.611	3125.0	11250.0	8203.1	Trill
437	Spectrogram 1	4	2635.885	2635.985	6250.0	14166.7	9960.9	P-peep
438	Spectrogram 1	5	2636.715	2637.153	2916.7	9166.7	7031.2	Trill
439	Spectrogram 1	3	2637.389	2637.677	4000.0	18000.0	7031.2	Phee
440	Spectrogram 1	6	2647.625	2648.248	2916.7	13125.0	8984.4	Trill
441	Spectrogram 1	5	2651.175	2651.599	3333.3	10208.3	6445.3	Trill
442	Spectrogram 1	6	2653.219	2653.835	5416.7	12083.3	8007.8	Trill
443	Spectrogram 1	3	2681.006	2681.116	3958.3	10000.0	7617.2	P-peep
835	Spectrogram 1	3	2681.151	2681.221	2970.3	9653.5	7421.9	P-peep
836	Spectrogram 1	3	2681.249	2681.341	1732.7	12376.2	7226.6	P-peep
837	Spectrogram 1	3	2681.401	2681.474	2227.7	11138.6	7421.9	P-peep
444	Spectrogram 1	3	2686.677	2686.959	2708.3	11041.7	7226.6	Trill
445	Spectrogram 1	4	2687.899	2688.022	6458.3	12916.7	9375.0	Trill
446	Spectrogram 1	5	2694.396	2695.568	3333.3	12916.7	8593.7	Trillphee
447	Spectrogram 1	4	2697.682	2697.950	4583.3	12500.0	8984.4	Trill
448	Spectrogram 1	3	2702.867	2702.967	3541.7	11041.7	7617.2	Trill
449	Spectrogram 1	4	2715.875	2716.276	2291.7	13750.0	6250.0	Trill
450	Spectrogram 1	5	2728.688	2729.493	2500.0	10625.0	8203.1	Phee
451	Spectrogram 1	5	2731.421	2731.640	2916.7	11666.7	7812.5	Trill
452	Spectrogram 1	6	2732.087	2732.892	3333.3	14375.0	8593.7	Trillphee
453	Spectrogram 1	3	2735.698	2736.152	4000.0	18000.0	7031.2	Trill
454	Spectrogram 1	6	2736.259	2736.341	3958.3	11875.0	8398.4	Trill
838	Spectrogram 1	6	2736.388	2736.447	4703.0	10643.6	8398.4	Trill
839	Spectrogram 1	6	2736.533	2736.587	4207.9	12376.2	8398.4	P-peep
455	Spectrogram 1	5	2736.679	2737.070	3750.0	10000.0	7812.5	Trill
456	Spectrogram 1	5	2739.004	2739.243	1875.0	13333.3	8203.1	Trill
457	Spectrogram 1	5	2739.402	2739.803	1875.0	12291.7	8593.7	Phee
458	Spectrogram 1	5	2745.215	2745.592	2916.7	12500.0	8203.1	Trill
459	Spectrogram 1	4	2765.543	2765.621	3125.0	11875.0	8789.1	Sd-peep
840	Spectrogram 1	4	2765.701	2765.773	3217.8	12623.8	7031.2	Sd-peep
841	Spectrogram 1	4	2765.844	2765.914	1980.2	13366.3	6835.9	Sd-peep
842	Spectrogram 1	4	2766.064	2766.127	2970.3	13118.8	6835.9	Sd-peep
460	Spectrogram 1	6	2768.514	2768.921	3125.0	15000.0	8789.1	Trill
461	Spectrogram 1	5	2769.107	2769.458	4166.7	11250.0	7421.9	Trill
462	Spectrogram 1	5	2771.458	2772.167	3125.0	12500.0	3710.9	Trillphee
463	Spectrogram 1	6	2775.065	2775.430	4166.7	12083.3	8203.1	Trill
464	Spectrogram 1	6	2780.123	2780.580	3333.3	13541.7	7226.6	Trill
465	Spectrogram 1	5	2784.098	2784.296	4583.3	11458.3	7812.5	Trill
466	Spectrogram 1	5	2787.855	2788.292	2500.0	11666.7	7812.5	Trill
467	Spectrogram 1	5	2789.233	2789.350	2083.3	13333.3	6054.7	Trill
843	Spectrogram 1	5	2789.418	2789.474	3712.9	15594.1	8203.1	Twitter
844	Spectrogram 1	5	2789.530	2789.574	2970.3	16336.6	7812.5	Twitter
845	Spectrogram 1	5	2789.633	2789.694	3960.4	13613.9	7617.2	Twitter
846	Spectrogram 1	5	2789.748	2789.795	2227.7	14604.0	7421.9	Twitter
847	Spectrogram 1	5	2789.839	2789.891	3217.8	14851.5	7421.9	Twitter
848	Spectrogram 1	5	2789.938	2789.982	3217.8	16336.6	7421.9	Twitter
849	Spectrogram 1	5	2790.062	2790.095	1980.2	15099.0	7421.9	Twitter
468	Spectrogram 1	6	2790.644	2791.605	3958.3	13541.7	4492.2	Trillphee
469	Spectrogram 1	5	2794.242	2794.375	1666.7	15000.0	8007.8	Trill
850	Spectrogram 1	5	2794.602	2794.661	2227.7	15346.5	7617.2	Twitter
851	Spectrogram 1	5	2794.731	2794.778	2227.7	16089.1	7421.9	Twitter
852	Spectrogram 1	5	2794.853	2794.900	1732.7	16336.6	7421.9	Twitter
853	Spectrogram 1	5	2794.956	2795.024	990.1	16089.1	7421.9	Twitter
854	Spectrogram 1	5	2795.066	2795.129	495.0	16831.7	7226.6	Twitter
855	Spectrogram 1	5	2795.193	2795.244	2227.7	18069.3	7226.6	Twitter
856	Spectrogram 1	5	2795.300	2795.335	1732.7	17079.2	7226.6	Twitter
470	Spectrogram 1	5	2795.664	2796.681	3333.3	12500.0	4492.2	Trillphee
471	Spectrogram 1	3	2804.404	2804.620	3333.3	11041.7	7226.6	Trill
472	Spectrogram 1	6	2805.507	2805.699	4791.7	13958.3	8398.4	Trill
857	Spectrogram 1	6	2805.734	2805.823	4455.4	14108.9	8593.7	Trill
473	Spectrogram 1	6	2808.852	2809.259	4791.7	12291.7	8593.7	Phee
474	Spectrogram 1	3	2815.733	2815.969	4166.7	11458.3	7421.9	Phee
475	Spectrogram 1	5	2843.722	2844.948	3750.0	11875.0	7812.5	Trillphee
476	Spectrogram 1	3	2849.309	2849.693	2083.3	10625.0	7226.6	Trill
477	Spectrogram 1	3	2852.800	2853.015	4000.0	18000.0	7031.2	Trill
478	Spectrogram 1	4	2858.155	2858.261	7708.3	12500.0	9960.9	Trill
479	Spectrogram 1	5	2867.974	2868.213	3541.7	10625.0	8007.8	Trill
480	Spectrogram 1	3	2890.090	2890.441	4000.0	18000.0	7812.5	Trill
481	Spectrogram 1	6	2894.855	2894.930	6250.0	10937.5	7617.2	Trill
482	Spectrogram 1	5	2894.901	2895.306	4687.5	9375.0	8007.8	Trill
483	Spectrogram 1	3	2908.148	2908.383	4000.0	18000.0	7617.2	Trill
484	Spectrogram 1	5	2909.672	2910.136	3541.7	10833.3	7812.5	Trill
485	Spectrogram 1	5	2914.056	2914.473	5625.0	11875.0	8398.4	Trill string
486	Spectrogram 1	5	2916.356	2916.797	4583.3	10833.3	7421.9	Trill
487	Spectrogram 1	5	2927.819	2928.100	2916.7	11250.0	7812.5	Trill
488	Spectrogram 1	5	2944.534	2944.750	5833.3	11666.7	11523.4	Trill
489	Spectrogram 1	4	2964.842	2964.926	2708.3	18125.0	6835.9	Tse
490	Spectrogram 1	5	2967.320	2967.709	4583.3	13541.7	8593.7	Trill string
491	Spectrogram 1	5	2970.831	2971.107	4791.7	11250.0	8007.8	Trill
492	Spectrogram 1	6	2974.649	2975.188	5416.7	12083.3	8203.1	Trill string
493	Spectrogram 1	3	2982.411	2982.551	3958.3	10625.0	6835.9	Trill
494	Spectrogram 1	6	2984.781	2984.973	5416.7	11458.3	8203.1	Trill string
495	Spectrogram 1	3	2988.478	2988.577	5208.3	9791.7	7031.2	Trill
496	Spectrogram 1	5	2989.664	2990.891	4583.3	12291.7	8593.7	Trillphee
497	Spectrogram 1	6	3004.567	3004.834	4791.7	13125.0	7812.5	Trill
498	Spectrogram 1	5	3008.355	3008.824	4166.7	10833.3	8007.8	Trill string
499	Spectrogram 1	5	3017.248	3017.506	4375.0	13541.7	8593.7	Trill
500	Spectrogram 1	5	3019.745	3019.942	4583.3	12083.3	8007.8	Trill
501	Spectrogram 1	5	3019.998	3020.284	5833.3	11250.0	8593.7	Phee
502	Spectrogram 1	5	3020.354	3020.659	3541.7	12291.7	8789.1	Phee
503	Spectrogram 1	5	3036.036	3036.335	5208.3	11250.0	8593.7	Trill
504	Spectrogram 1	5	3047.169	3047.539	4166.7	13333.3	8007.8	Trill string
505	Spectrogram 1	4	3048.002	3048.223	3750.0	14791.7	6054.7	Trill
506	Spectrogram 1	6	3054.540	3054.784	6041.7	13125.0	8984.4	Trill
507	Spectrogram 1	5	3060.069	3060.903	3750.0	12500.0	8398.4	Phee
508	Spectrogram 1	5	3064.640	3065.207	4583.3	13125.0	8007.8	Trillphee
509	Spectrogram 1	3	3065.057	3067.738	4000.0	18000.0	7812.5	Phee
510	Spectrogram 1	6	3068.006	3069.055	2083.3	17083.3	7421.9	Twitter
511	Spectrogram 1	5	3072.391	3072.958	4375.0	11666.7	8007.8	Trill
512	Spectrogram 1	5	3075.053	3075.702	2663.9	11270.5	7617.2	Trill
513	Spectrogram 1	5	3086.151	3087.294	3278.7	13114.8	8789.1	Trillphee
514	Spectrogram 1	5	3093.505	3093.664	2254.1	10041.0	5273.4	Trill
515	Spectrogram 1	5	3096.694	3098.080	2049.2	17418.0	7031.2	Twitter
516	Spectrogram 1	6	3108.366	3108.876	5123.0	11680.3	8203.1	Trill
517	Spectrogram 1	4	3112.821	3112.904	4303.3	13114.8	8007.8	Trill
518	Spectrogram 1	4	3113.480	3113.560	2459.0	12090.2	7226.6	Sd-peep
858	Spectrogram 1	4	3113.637	3113.693	1732.7	14108.9	7226.6	Sd-peep
859	Spectrogram 1	4	3113.813	3113.892	247.5	20544.6	8203.1	Sd-peep
860	Spectrogram 1	4	3114.077	3114.157	990.1	16831.7	8007.8	Sd-peep
861	Spectrogram 1	4	3114.190	3114.253	990.1	19059.4	6054.7	Sd-peep
519	Spectrogram 1	5	3118.230	3119.561	3688.5	12704.9	8789.1	Trillphee
520	Spectrogram 1	6	3127.233	3127.720	4713.1	12704.9	8203.1	Trill
521	Spectrogram 1	6	3132.065	3132.188	5123.0	12704.9	8398.4	Trill
522	Spectrogram 1	6	3132.215	3132.463	4713.1	11065.6	8593.7	Trillphee
523	Spectrogram 1	5	3135.022	3135.247	4303.3	11270.5	8398.4	Trillphee
524	Spectrogram 1	5	3135.366	3135.866	5123.0	11885.2	8593.7	Phee
525	Spectrogram 1	6	3143.078	3143.625	3483.6	13319.7	3906.2	Trill
526	Spectrogram 1	5	3145.859	3145.952	5123.0	11270.5	8203.1	Trill
527	Spectrogram 1	5	3146.005	3147.224	5532.8	12090.2	8593.7	Phee
528	Spectrogram 1	4	3150.338	3150.400	2663.9	17827.9	11132.8	Twitter
862	Spectrogram 1	4	3150.493	3150.547	2722.8	20792.1	8789.1	Twitter
863	Spectrogram 1	4	3150.634	3150.699	2970.3	20792.1	6835.9	Twitter
864	Spectrogram 1	4	3150.772	3150.845	2970.3	20049.5	6640.6	Twitter
865	Spectrogram 1	4	3150.908	3150.980	2722.8	19802.0	6445.3	Twitter
866	Spectrogram 1	4	3151.034	3151.119	2475.2	20049.5	6445.3	Twitter
867	Spectrogram 1	4	3151.182	3151.252	3465.3	18564.4	6445.3	Twitter
868	Spectrogram 1	4	3151.311	3151.386	3712.9	19059.4	6250.0	Twitter
869	Spectrogram 1	4	3151.440	3151.508	1732.7	17821.8	6250.0	Twitter
870	Spectrogram 1	4	3151.573	3151.625	4207.9	18069.3	6835.9	Twitter
871	Spectrogram 1	4	3151.681	3151.746	2970.3	17574.3	6640.6	Twitter
529	Spectrogram 1	5	3159.008	3159.107	4098.4	12090.2	8007.8	Trill
530	Spectrogram 1	5	3159.247	3159.339	5532.8	11475.4	8593.7	P-peep
872	Spectrogram 1	5	3159.512	3159.601	3217.8	14851.5	8593.7	P-peep
873	Spectrogram 1	5	3159.784	3159.861	1980.2	15099.0	8789.1	P-peep
531	Spectrogram 1	6	3167.440	3168.155	6250.0	11445.8	8398.4	Trillphee
532	Spectrogram 1	5	3172.449	3172.529	5942.6	11270.5	8007.8	Trill
874	Spectrogram 1	5	3172.569	3172.632	3960.4	12376.2	8398.4	Trill
875	Spectrogram 1	5	3172.712	3172.782	1237.6	13861.4	8984.4	Trill
533	Spectrogram 1	5	3172.896	3172.952	5737.7	11270.5	8789.1	P-peep
534	Spectrogram 1	5	3178.135	3178.446	3073.8	11270.5	7617.2	Trill
535	Spectrogram 1	6	3180.459	3180.913	3893.4	13729.5	7812.5	Trill
536	Spectrogram 1	5	3182.096	3183.490	3893.4	13934.4	8398.4	Trillphee
537	Spectrogram 1	3	3206.096	3207.879	1250.0	16458.3	8007.8	Phee
538	Spectrogram 1	3	3208.203	3209.071	4000.0	18000.0	7617.2	Phee
539	Spectrogram 1	5	3221.250	3221.833	5123.0	12295.1	8398.4	Trillphee
540	Spectrogram 1	3	3222.669	3224.444	4000.0	18000.0	8007.8	Phee
541	Spectrogram 1	3	3225.052	3226.177	4000.0	18000.0	7812.5	Phee
542	Spectrogram 1	5	3238.492	3238.956	4303.3	13319.7	8398.4	Trill
543	Spectrogram 1	3	3278.022	3278.125	4303.3	11270.5	7031.2	Trill
877	Spectrogram 1	3	3278.181	3278.251	3465.3	11138.6	7226.6	Trill
544	Spectrogram 1	5	3297.933	3298.004	3893.4	10860.7	7617.2	Trill
878	Spectrogram 1	5	3298.077	3298.154	3465.3	13118.8	8007.8	Trill
545	Spectrogram 1	5	3301.522	3301.658	4508.2	11885.2	8007.8	Trill
546	Spectrogram 1	6	3316.432	3316.521	4098.4	11270.5	7617.2	Trill
879	Spectrogram 1	6	3316.584	3316.645	1485.1	14108.9	1562.5	Trill
547	Spectrogram 1	3	3336.407	3336.505	4000.0	18000.0	11914.1	Twitter
880	Spectrogram 1	3	3336.571	3336.644	2970.3	17079.2	7226.6	Twitter
881	Spectrogram 1	3	3336.716	3336.791	2227.7	18811.9	7226.6	Twitter
882	Spectrogram 1	3	3336.852	3336.922	2475.2	19306.9	7031.2	Twitter
883	Spectrogram 1	3	3336.997	3337.065	2227.7	18316.8	7031.2	Twitter
884	Spectrogram 1	3	3337.128	3337.206	2970.3	18069.3	6835.9	Twitter
885	Spectrogram 1	3	3337.255	3337.330	1732.7	16584.2	6445.3	Twitter
886	Spectrogram 1	3	3337.379	3337.442	0.0	15346.5	195.3	Twitter
548	Spectrogram 1	3	3339.295	3339.468	4000.0	18000.0	8789.1	Trill
887	Spectrogram 1	3	3339.541	3339.628	2475.2	19554.5	6835.9	Twitter
888	Spectrogram 1	3	3339.693	3339.773	1237.6	17326.7	6835.9	Twitter
889	Spectrogram 1	3	3339.855	3339.913	990.1	17079.2	6835.9	Twitter
890	Spectrogram 1	3	3340.000	3340.075	0.0	19059.4	195.3	Twitter
891	Spectrogram 1	3	3340.136	3340.227	0.0	17326.7	195.3	Twitter
892	Spectrogram 1	3	3340.279	3340.356	0.0	18316.8	195.3	Twitter
