Selection	View	Channel	Begin Time (s)	End Time (s)	Low Freq (Hz)	High Freq (Hz)	Max Freq (Hz)	Call Type	Energy Diff	Energy Par	Energy Diff (wl)	Energy Par (wl)	AHR	Exception
1	Spectrogram 1	1	56.350000	56.390000	4000.000000	18000.000000	8000.000000	Trill	4.873717	7.585165	NaN	NaN	40.153393	0.000000
2	Spectrogram 1	1	62.140000	62.860000	4000.000000	18000.000000	8000.000000	Trill	6.108560	30.000000	NaN	NaN	139.616852	0.000000
3	Spectrogram 1	1	91.270000	92.060000	4000.000000	18000.000000	8000.000000	Trill	6.271167	16.939197	NaN	NaN	45.345803	0.000000
4	Spectrogram 1	1	97.250000	97.310000	4000.000000	18000.000000	8000.000000	Trill	4.257150	10.529091	NaN	NaN	32.431989	0.000000
5	Spectrogram 1	1	125.700000	126.060000	4000.000000	18000.000000	8000.000000	Phee	4.895203	11.622405	NaN	NaN	40.011198	0.000000
6	Spectrogram 1	1	130.350000	130.380000	4000.000000	18000.000000	8000.000000	Trill	6.043068	10.608494	NaN	NaN	31.334781	0.000000
7	Spectrogram 1	1	139.640000	139.700000	4000.000000	18000.000000	8000.000000	Phee	4.505122	10.276128	NaN	NaN	39.626224	0.000000
8	Spectrogram 1	1	140.530000	141.170000	4000.000000	18000.000000	8000.000000	Trillphee	8.560434	22.533568	NaN	NaN	98.949939	0.000000
9	Spectrogram 1	1	146.040000	146.100000	4000.000000	18000.000000	8000.000000	Phee	4.207979	26.519793	NaN	NaN	68.089234	0.000000
10	Spectrogram 1	1	150.310000	150.430000	4000.000000	18000.000000	8000.000000	Phee	4.173164	26.884090	NaN	NaN	51.692919	0.000000
11	Spectrogram 1	1	155.440000	155.460000	4000.000000	18000.000000	8000.000000	Sd-peep	5.253607	9.813955	NaN	NaN	52.054519	0.000000
12	Spectrogram 1	1	156.050000	156.080000	4000.000000	18000.000000	8000.000000	Trill	4.676486	8.586264	NaN	NaN	59.012003	0.000000
13	Spectrogram 1	1	178.680000	178.740000	4000.000000	18000.000000	8000.000000	Trillphee	6.445312	14.052508	NaN	NaN	64.139404	0.000000
14	Spectrogram 1	1	202.470000	203.370000	4000.000000	18000.000000	8000.000000	Trill	13.300702	28.107868	NaN	NaN	107.232887	0.000000
15	Spectrogram 1	1	209.130000	209.150000	4000.000000	18000.000000	8000.000000	Sd-peep	4.442601	6.760052	NaN	NaN	51.575420	0.000000
16	Spectrogram 1	1	211.730000	211.750000	4000.000000	18000.000000	8000.000000	Sd-peep	4.084575	9.968145	NaN	NaN	42.388867	0.000000
17	Spectrogram 1	1	212.190000	212.240000	4000.000000	18000.000000	8000.000000	Trill	9.497901	10.073552	NaN	NaN	31.558412	0.000000
18	Spectrogram 1	1	226.070000	226.190000	4000.000000	18000.000000	8000.000000	Phee	6.630263	12.678401	NaN	NaN	85.177911	0.000000
19	Spectrogram 1	1	230.880000	231.940000	4000.000000	18000.000000	8000.000000	Phee	12.902317	29.130229	NaN	NaN	43.558832	0.000000
20	Spectrogram 1	1	232.000000	232.050000	4000.000000	18000.000000	8000.000000	Trill	12.717813	15.758806	NaN	NaN	52.452595	0.000000
21	Spectrogram 1	1	232.320000	233.190000	4000.000000	18000.000000	8000.000000	Phee	13.713167	29.822861	NaN	NaN	41.047144	0.000000
22	Spectrogram 1	1	233.410000	234.240000	4000.000000	18000.000000	8000.000000	Phee	13.496408	29.383991	NaN	NaN	42.074933	0.000000
23	Spectrogram 1	1	234.460000	235.570000	4000.000000	18000.000000	8000.000000	Phee	9.236010	24.301815	NaN	NaN	35.400695	0.000000
24	Spectrogram 1	1	236.020000	236.060000	4000.000000	18000.000000	8000.000000	Trill	4.070541	11.801770	NaN	NaN	36.940766	0.000000
25	Spectrogram 1	1	237.390000	237.440000	4000.000000	18000.000000	8000.000000	Trill	6.391423	12.629149	NaN	NaN	30.806338	0.000000
26	Spectrogram 1	1	239.650000	239.700000	4000.000000	18000.000000	8000.000000	Trill	5.780884	10.860316	NaN	NaN	47.860546	0.000000
27	Spectrogram 1	1	252.240000	253.130000	4000.000000	18000.000000	8000.000000	Phee	9.670719	27.480033	NaN	NaN	35.604556	0.000000
28	Spectrogram 1	1	253.370000	253.550000	4000.000000	18000.000000	8000.000000	Trill	7.776717	25.353785	NaN	NaN	97.850269	0.000000
29	Spectrogram 1	1	254.490000	255.500000	4000.000000	18000.000000	8000.000000	Phee	10.839165	28.372739	NaN	NaN	34.422543	0.000000
30	Spectrogram 1	1	255.630000	256.360000	4000.000000	18000.000000	8000.000000	Phee	12.169753	30.000000	NaN	NaN	35.168094	0.000000
31	Spectrogram 1	1	256.640000	257.370000	4000.000000	18000.000000	8000.000000	Phee	10.180183	30.000000	NaN	NaN	32.475625	0.000000
32	Spectrogram 1	1	257.660000	258.450000	4000.000000	18000.000000	8000.000000	Phee	12.307107	29.706043	NaN	NaN	45.595112	0.000000
33	Spectrogram 1	1	281.750000	281.890000	4000.000000	18000.000000	8000.000000	Phee	4.012770	9.744938	NaN	NaN	47.214595	0.000000
34	Spectrogram 1	1	316.960000	317.040000	4000.000000	18000.000000	8000.000000	Phee	4.726484	16.502615	NaN	NaN	100.320233	0.000000
35	Spectrogram 1	1	323.490000	323.520000	4000.000000	18000.000000	8000.000000	Sd-peep	5.887916	9.124073	NaN	NaN	39.872624	0.000000
36	Spectrogram 1	1	338.820000	338.860000	4000.000000	18000.000000	8000.000000	Phee	6.685693	11.646579	NaN	NaN	49.783945	0.000000
37	Spectrogram 1	1	339.960000	339.990000	4000.000000	18000.000000	8000.000000	Trill	6.072612	11.857858	NaN	NaN	58.448389	0.000000
38	Spectrogram 1	1	340.280000	340.330000	4000.000000	18000.000000	8000.000000	Trill	4.438326	12.286135	NaN	NaN	44.081828	0.000000
39	Spectrogram 1	1	357.700000	357.730000	4000.000000	18000.000000	8000.000000	Trill	4.139030	10.748562	NaN	NaN	43.334368	0.000000
40	Spectrogram 1	1	357.790000	357.810000	4000.000000	18000.000000	8000.000000	Sd-peep	5.277414	12.204512	NaN	NaN	55.519948	0.000000
41	Spectrogram 1	1	358.100000	358.140000	4000.000000	18000.000000	8000.000000	Sd-peep	4.671185	8.162217	NaN	NaN	36.838956	0.000000
42	Spectrogram 1	1	385.110000	385.140000	4000.000000	18000.000000	8000.000000	Phee	5.535842	11.579736	NaN	NaN	40.972084	0.000000
43	Spectrogram 1	1	385.230000	385.290000	4000.000000	18000.000000	8000.000000	Phee	4.957274	11.855298	NaN	NaN	35.227718	0.000000
44	Spectrogram 1	1	388.180000	388.200000	4000.000000	18000.000000	8000.000000	Sd-peep	6.046692	11.127545	NaN	NaN	34.462911	0.000000
45	Spectrogram 1	1	389.460000	389.550000	4000.000000	18000.000000	8000.000000	Trill	4.206321	8.115055	NaN	NaN	40.291580	0.000000
46	Spectrogram 1	1	389.790000	389.820000	4000.000000	18000.000000	8000.000000	Sd-peep	6.754195	9.505998	NaN	NaN	45.443803	0.000000
47	Spectrogram 1	1	389.860000	389.900000	4000.000000	18000.000000	8000.000000	Phee	5.216365	9.276464	NaN	NaN	45.539412	0.000000
48	Spectrogram 1	1	390.250000	390.300000	4000.000000	18000.000000	8000.000000	Trillphee	4.579644	9.194819	NaN	NaN	49.969221	0.000000
49	Spectrogram 1	1	404.960000	405.580000	4000.000000	18000.000000	8000.000000	Phee	4.097866	14.124377	NaN	NaN	41.178254	0.000000
50	Spectrogram 1	1	409.100000	409.560000	4000.000000	18000.000000	8000.000000	Trillphee	4.090561	11.110748	NaN	NaN	45.040030	0.000000
51	Spectrogram 1	1	418.400000	418.450000	4000.000000	18000.000000	8000.000000	Phee	4.343288	11.118505	NaN	NaN	35.461731	0.000000
52	Spectrogram 1	1	419.660000	419.750000	4000.000000	18000.000000	8000.000000	Phee	4.211546	7.029894	NaN	NaN	35.118501	0.000000
53	Spectrogram 1	1	421.340000	421.420000	4000.000000	18000.000000	8000.000000	Trill	7.401881	12.820002	NaN	NaN	31.173494	0.000000
54	Spectrogram 1	1	421.670000	421.780000	4000.000000	18000.000000	8000.000000	Trill	5.074586	11.752485	NaN	NaN	33.233666	0.000000
55	Spectrogram 1	1	422.010000	422.150000	4000.000000	18000.000000	8000.000000	Phee	4.484316	10.258812	NaN	NaN	34.665437	0.000000
56	Spectrogram 1	1	426.660000	426.710000	4000.000000	18000.000000	8000.000000	Phee	4.654567	9.004628	NaN	NaN	54.067932	0.000000
57	Spectrogram 1	1	427.800000	427.860000	4000.000000	18000.000000	8000.000000	Trillphee	4.365469	11.110843	NaN	NaN	58.805642	0.000000
58	Spectrogram 1	1	431.360000	431.670000	4000.000000	18000.000000	8000.000000	Trill	16.356418	30.000000	NaN	NaN	129.658187	0.000000
59	Spectrogram 1	1	435.920000	435.970000	4000.000000	18000.000000	8000.000000	Trill	4.280848	7.426712	NaN	NaN	38.818601	0.000000
60	Spectrogram 1	1	437.850000	437.940000	4000.000000	18000.000000	8000.000000	Phee	4.086882	10.646813	NaN	NaN	43.826710	0.000000
61	Spectrogram 1	1	438.930000	438.950000	4000.000000	18000.000000	8000.000000	Sd-peep	9.472727	12.678295	NaN	NaN	34.432687	0.000000
62	Spectrogram 1	1	441.090000	441.140000	4000.000000	18000.000000	8000.000000	Phee	8.498950	9.059295	NaN	NaN	42.210034	0.000000
63	Spectrogram 1	1	444.850000	444.930000	4000.000000	18000.000000	8000.000000	Phee	4.004496	10.587141	NaN	NaN	37.027857	0.000000
64	Spectrogram 1	1	445.590000	445.690000	4000.000000	18000.000000	8000.000000	Phee	4.601458	9.435348	NaN	NaN	38.637617	0.000000
65	Spectrogram 1	1	450.230000	450.260000	4000.000000	18000.000000	8000.000000	Trill	4.239143	8.714388	NaN	NaN	43.878423	0.000000
66	Spectrogram 1	1	450.410000	450.450000	4000.000000	18000.000000	8000.000000	Phee	4.665662	10.887100	NaN	NaN	41.028738	0.000000
67	Spectrogram 1	1	459.730000	460.580000	4000.000000	18000.000000	8000.000000	Phee	5.060722	13.698217	NaN	NaN	40.023821	0.000000
68	Spectrogram 1	1	462.290000	462.420000	4000.000000	18000.000000	8000.000000	Phee	4.434194	8.994663	NaN	NaN	32.907874	0.000000
69	Spectrogram 1	1	464.770000	464.850000	4000.000000	18000.000000	8000.000000	Trill	8.310197	10.252948	NaN	NaN	29.954625	0.000000
70	Spectrogram 1	1	465.690000	465.720000	4000.000000	18000.000000	8000.000000	Twitter	5.037807	11.322743	NaN	NaN	36.169449	0.000000
71	Spectrogram 1	1	465.880000	465.970000	4000.000000	18000.000000	8000.000000	Trillphee	4.157157	11.040338	NaN	NaN	47.427935	0.000000
72	Spectrogram 1	1	475.050000	475.120000	4000.000000	18000.000000	8000.000000	Phee	4.558090	9.578009	NaN	NaN	48.841895	0.000000
73	Spectrogram 1	1	476.860000	476.890000	4000.000000	18000.000000	8000.000000	Trill	6.824945	11.429434	NaN	NaN	32.699359	0.000000
74	Spectrogram 1	1	480.020000	480.120000	4000.000000	18000.000000	8000.000000	Trillphee	5.734771	12.468661	NaN	NaN	38.879327	0.000000
75	Spectrogram 1	1	498.660000	498.710000	4000.000000	18000.000000	8000.000000	Trillphee	6.555811	10.144768	NaN	NaN	68.627375	0.000000
76	Spectrogram 1	1	509.170000	509.720000	4000.000000	18000.000000	8000.000000	Trillphee	4.240391	16.890374	NaN	NaN	101.382890	0.000000
77	Spectrogram 1	1	520.630000	520.670000	4000.000000	18000.000000	8000.000000	Trill	4.867780	11.177228	NaN	NaN	47.195416	0.000000
78	Spectrogram 1	1	544.300000	544.360000	4000.000000	18000.000000	8000.000000	Trill	5.497052	9.877125	NaN	NaN	55.076777	0.000000
79	Spectrogram 1	1	547.830000	547.860000	4000.000000	18000.000000	8000.000000	Sd-peep	4.028588	10.155799	NaN	NaN	36.817106	0.000000
80	Spectrogram 1	1	548.180000	548.240000	4000.000000	18000.000000	8000.000000	Trill	4.524318	10.359401	NaN	NaN	54.219142	0.000000
81	Spectrogram 1	1	578.200000	578.250000	4000.000000	18000.000000	8000.000000	Trill	4.766397	10.430956	NaN	NaN	46.980077	0.000000
82	Spectrogram 1	1	578.520000	578.840000	4000.000000	18000.000000	8000.000000	Phee	4.249313	12.625060	NaN	NaN	45.376874	0.000000
83	Spectrogram 1	1	594.260000	594.280000	4000.000000	18000.000000	8000.000000	Sd-peep	6.985956	13.851180	NaN	NaN	83.201086	0.000000
84	Spectrogram 1	1	603.270000	603.700000	4000.000000	18000.000000	8000.000000	Phee	4.675135	13.182494	NaN	NaN	73.566358	0.000000
85	Spectrogram 1	1	614.680000	614.760000	4000.000000	18000.000000	8000.000000	Phee	4.214383	9.950746	NaN	NaN	36.111896	0.000000
86	Spectrogram 1	1	614.810000	614.890000	4000.000000	18000.000000	8000.000000	Phee	4.382183	9.572167	NaN	NaN	36.998042	0.000000
87	Spectrogram 1	1	620.700000	620.720000	4000.000000	18000.000000	8000.000000	Sd-peep	6.167499	14.014535	NaN	NaN	43.789619	0.000000
88	Spectrogram 1	1	630.100000	631.150000	4000.000000	18000.000000	8000.000000	Phee	8.215288	28.263823	NaN	NaN	47.193458	0.000000
89	Spectrogram 1	1	631.750000	632.650000	4000.000000	18000.000000	8000.000000	Phee	7.917142	27.784269	NaN	NaN	37.692102	0.000000
90	Spectrogram 1	1	632.840000	633.650000	4000.000000	18000.000000	8000.000000	Phee	7.256314	30.000000	NaN	NaN	48.912705	0.000000
91	Spectrogram 1	1	633.930000	634.750000	4000.000000	18000.000000	8000.000000	Phee	6.879524	28.400768	NaN	NaN	52.929089	0.000000
92	Spectrogram 1	1	650.900000	650.960000	4000.000000	18000.000000	8000.000000	Trillphee	5.152924	9.868961	NaN	NaN	53.491698	0.000000
93	Spectrogram 1	1	672.560000	674.160000	4000.000000	18000.000000	8000.000000	Phee	10.899387	30.000000	NaN	NaN	81.758703	0.000000
94	Spectrogram 1	1	674.380000	675.390000	4000.000000	18000.000000	8000.000000	Phee	10.949044	30.000000	NaN	NaN	52.770184	0.000000
95	Spectrogram 1	1	676.770000	677.610000	4000.000000	18000.000000	8000.000000	Phee	11.081742	30.000000	NaN	NaN	30.245508	0.000000
96	Spectrogram 1	1	677.700000	677.730000	4000.000000	18000.000000	8000.000000	Sd-peep	5.135669	14.923622	NaN	NaN	64.684325	0.000000
97	Spectrogram 1	1	677.780000	678.540000	4000.000000	18000.000000	8000.000000	Phee	12.043633	30.000000	NaN	NaN	29.626715	0.000000
98	Spectrogram 1	1	680.990000	681.160000	4000.000000	18000.000000	8000.000000	Phee	4.351257	11.876731	NaN	NaN	45.211143	0.000000
99	Spectrogram 1	1	690.100000	690.280000	4000.000000	18000.000000	8000.000000	Phee	5.430399	14.942059	NaN	NaN	97.993706	0.000000
100	Spectrogram 1	1	690.320000	690.480000	4000.000000	18000.000000	8000.000000	Phee	4.209403	19.710413	NaN	NaN	101.395656	0.000000
101	Spectrogram 1	1	693.040000	693.970000	4000.000000	18000.000000	8000.000000	Phee	10.702002	30.000000	NaN	NaN	42.787885	0.000000
102	Spectrogram 1	1	694.050000	694.680000	4000.000000	18000.000000	8000.000000	Phee	13.125446	30.000000	NaN	NaN	209.507918	0.000000
103	Spectrogram 1	1	694.750000	694.960000	4000.000000	18000.000000	8000.000000	Phee	17.326717	30.000000	NaN	NaN	194.179405	0.000000
104	Spectrogram 1	1	695.260000	696.090000	4000.000000	18000.000000	8000.000000	Phee	10.743413	30.000000	NaN	NaN	33.477846	0.000000
105	Spectrogram 1	1	696.300000	697.110000	4000.000000	18000.000000	8000.000000	Phee	10.570653	30.000000	NaN	NaN	30.574572	0.000000
106	Spectrogram 1	1	697.370000	698.170000	4000.000000	18000.000000	8000.000000	Phee	10.561117	30.000000	NaN	NaN	31.824417	0.000000
107	Spectrogram 1	1	704.930000	705.200000	4000.000000	18000.000000	8000.000000	Phee	4.080736	12.250937	NaN	NaN	46.745411	0.000000
108	Spectrogram 1	1	711.050000	711.090000	4000.000000	18000.000000	8000.000000	Phee	4.363756	10.830976	NaN	NaN	38.335681	0.000000
109	Spectrogram 1	1	711.460000	711.560000	4000.000000	18000.000000	8000.000000	Phee	5.103089	12.061263	NaN	NaN	36.601874	0.000000
110	Spectrogram 1	1	721.460000	721.490000	4000.000000	18000.000000	8000.000000	Trillphee	4.356342	7.295830	NaN	NaN	37.967326	0.000000
111	Spectrogram 1	1	731.080000	731.180000	4000.000000	18000.000000	8000.000000	Trill	4.392440	11.476350	NaN	NaN	56.766676	0.000000
112	Spectrogram 1	1	732.180000	732.250000	4000.000000	18000.000000	8000.000000	Phee	6.947815	7.987754	NaN	NaN	55.640071	0.000000
113	Spectrogram 1	1	736.790000	736.820000	4000.000000	18000.000000	8000.000000	Trill	8.945739	9.189670	NaN	NaN	34.548741	0.000000
114	Spectrogram 1	1	737.100000	737.150000	4000.000000	18000.000000	8000.000000	Trill	9.419320	8.356337	NaN	NaN	33.877840	0.000000
115	Spectrogram 1	1	747.810000	747.850000	4000.000000	18000.000000	8000.000000	Trill	11.077020	12.047026	NaN	NaN	41.701411	0.000000
116	Spectrogram 1	1	748.010000	748.040000	4000.000000	18000.000000	8000.000000	Sd-peep	4.510456	9.196177	NaN	NaN	42.601876	0.000000
117	Spectrogram 1	1	751.040000	751.140000	4000.000000	18000.000000	8000.000000	Trill	6.654916	13.667726	NaN	NaN	48.270231	0.000000
118	Spectrogram 1	1	751.410000	751.460000	4000.000000	18000.000000	8000.000000	Trill	5.331073	10.563189	NaN	NaN	38.062818	0.000000
119	Spectrogram 1	1	758.190000	758.500000	4000.000000	18000.000000	8000.000000	Phee	4.129084	10.169345	NaN	NaN	45.947835	0.000000
120	Spectrogram 1	1	761.200000	761.350000	4000.000000	18000.000000	8000.000000	Phee	5.352839	19.317935	NaN	NaN	96.530619	0.000000
121	Spectrogram 1	1	765.510000	765.530000	4000.000000	18000.000000	8000.000000	Sd-peep	5.313628	7.251093	NaN	NaN	40.815886	0.000000
122	Spectrogram 1	1	780.230000	780.280000	4000.000000	18000.000000	8000.000000	Phee	4.238727	9.127001	NaN	NaN	39.074810	0.000000
123	Spectrogram 1	1	782.090000	782.290000	4000.000000	18000.000000	8000.000000	Trill	11.480097	16.374044	NaN	NaN	33.627026	0.000000
124	Spectrogram 1	1	782.370000	783.280000	4000.000000	18000.000000	8000.000000	Trillphee	4.004886	19.063741	NaN	NaN	94.343557	0.000000
125	Spectrogram 1	1	783.790000	784.540000	4000.000000	18000.000000	8000.000000	Trillphee	4.415998	21.457039	NaN	NaN	114.929645	0.000000
126	Spectrogram 1	1	792.580000	792.640000	4000.000000	18000.000000	8000.000000	Phee	5.582520	11.024935	NaN	NaN	58.304994	0.000000
127	Spectrogram 1	1	820.810000	820.870000	4000.000000	18000.000000	8000.000000	Trill	4.964442	13.226514	NaN	NaN	40.830281	0.000000
128	Spectrogram 1	1	828.060000	828.120000	4000.000000	18000.000000	8000.000000	Trill	5.394242	13.254340	NaN	NaN	45.757796	0.000000
129	Spectrogram 1	1	828.210000	828.280000	4000.000000	18000.000000	8000.000000	Trill	4.733476	11.053219	NaN	NaN	36.133719	0.000000
130	Spectrogram 1	1	831.700000	831.730000	4000.000000	18000.000000	8000.000000	Trill	4.123887	12.925568	NaN	NaN	48.147199	0.000000
131	Spectrogram 1	1	831.830000	831.880000	4000.000000	18000.000000	8000.000000	Trill	5.725215	13.744186	NaN	NaN	42.141540	0.000000
132	Spectrogram 1	1	836.290000	836.380000	4000.000000	18000.000000	8000.000000	Phee	4.033874	13.165063	NaN	NaN	37.461466	0.000000
133	Spectrogram 1	1	838.040000	838.060000	4000.000000	18000.000000	8000.000000	Sd-peep	5.170819	8.977258	NaN	NaN	40.927939	0.000000
134	Spectrogram 1	1	841.980000	842.000000	4000.000000	18000.000000	8000.000000	Sd-peep	4.814073	8.489071	NaN	NaN	43.208248	0.000000
135	Spectrogram 1	1	843.980000	844.090000	4000.000000	18000.000000	8000.000000	Phee	4.919197	12.167393	NaN	NaN	43.634769	0.000000
136	Spectrogram 1	1	847.140000	847.180000	4000.000000	18000.000000	8000.000000	Sd-peep	4.971563	11.329791	NaN	NaN	45.454074	0.000000
137	Spectrogram 1	1	850.130000	850.220000	4000.000000	18000.000000	8000.000000	Phee	5.375385	13.257269	NaN	NaN	61.596149	0.000000
138	Spectrogram 1	1	857.020000	857.040000	4000.000000	18000.000000	8000.000000	Sd-peep	4.559143	6.797516	NaN	NaN	39.594151	0.000000
139	Spectrogram 1	1	870.140000	870.170000	4000.000000	18000.000000	8000.000000	Trill	4.128928	10.694864	NaN	NaN	43.445951	0.000000
140	Spectrogram 1	1	872.150000	872.170000	4000.000000	18000.000000	8000.000000	Sd-peep	5.249034	11.581590	NaN	NaN	57.576135	0.000000
141	Spectrogram 1	1	872.440000	872.460000	4000.000000	18000.000000	8000.000000	Sd-peep	5.816731	12.933298	NaN	NaN	44.453186	0.000000
142	Spectrogram 1	1	880.370000	880.390000	4000.000000	18000.000000	8000.000000	Sd-peep	4.174439	11.176509	NaN	NaN	43.821413	0.000000
143	Spectrogram 1	1	880.450000	880.530000	4000.000000	18000.000000	8000.000000	Phee	4.107292	11.463124	NaN	NaN	48.653752	0.000000
144	Spectrogram 1	1	886.570000	886.640000	4000.000000	18000.000000	8000.000000	Phee	4.102532	12.999910	NaN	NaN	33.961267	0.000000
145	Spectrogram 1	1	898.910000	899.010000	4000.000000	18000.000000	8000.000000	Phee	4.934798	12.222850	NaN	NaN	40.610119	0.000000
146	Spectrogram 1	1	905.600000	905.650000	4000.000000	18000.000000	8000.000000	Trillphee	7.894523	8.119701	NaN	NaN	46.403535	0.000000
147	Spectrogram 1	1	920.940000	921.040000	4000.000000	18000.000000	8000.000000	Phee	5.810127	12.820654	NaN	NaN	51.349062	0.000000
148	Spectrogram 1	1	923.470000	923.490000	4000.000000	18000.000000	8000.000000	Sd-peep	5.336112	16.961924	NaN	NaN	154.357924	0.000000
149	Spectrogram 1	1	939.020000	939.320000	4000.000000	18000.000000	8000.000000	Phee	4.333980	11.637738	NaN	NaN	39.403608	0.000000
150	Spectrogram 1	1	939.400000	939.510000	4000.000000	18000.000000	8000.000000	Trillphee	7.905522	13.391138	NaN	NaN	37.295798	0.000000
151	Spectrogram 1	1	940.020000	940.100000	4000.000000	18000.000000	8000.000000	Phee	5.483315	12.056147	NaN	NaN	48.644703	0.000000
152	Spectrogram 1	1	940.150000	940.470000	4000.000000	18000.000000	8000.000000	Phee	4.846772	11.725081	NaN	NaN	62.885962	0.000000
153	Spectrogram 1	1	940.650000	940.700000	4000.000000	18000.000000	8000.000000	Trill	5.365973	11.426868	NaN	NaN	44.923235	0.000000
154	Spectrogram 1	1	944.470000	944.490000	4000.000000	18000.000000	8000.000000	Sd-peep	4.156004	10.946152	NaN	NaN	37.954018	0.000000
155	Spectrogram 1	1	952.270000	952.360000	4000.000000	18000.000000	8000.000000	Trillphee	4.715695	13.508196	NaN	NaN	31.181709	0.000000
156	Spectrogram 1	1	976.720000	976.950000	4000.000000	18000.000000	8000.000000	Trillphee	4.029018	11.395101	NaN	NaN	40.884850	0.000000
157	Spectrogram 1	1	977.590000	977.700000	4000.000000	18000.000000	8000.000000	Trill	4.018964	8.635189	NaN	NaN	38.410102	0.000000
158	Spectrogram 1	1	978.070000	978.150000	4000.000000	18000.000000	8000.000000	Phee	4.251160	10.018695	NaN	NaN	40.970899	0.000000
159	Spectrogram 1	1	979.070000	979.100000	4000.000000	18000.000000	8000.000000	Sd-peep	5.183513	9.578277	NaN	NaN	45.895885	0.000000
160	Spectrogram 1	1	981.130000	981.150000	4000.000000	18000.000000	8000.000000	Sd-peep	9.153955	9.267668	NaN	NaN	46.839712	0.000000
161	Spectrogram 1	1	990.460000	990.490000	4000.000000	18000.000000	8000.000000	Trill	4.634274	12.036032	NaN	NaN	62.746718	0.000000
162	Spectrogram 1	1	990.800000	990.830000	4000.000000	18000.000000	8000.000000	Trill	5.813483	7.103670	NaN	NaN	31.424875	0.000000
163	Spectrogram 1	1	993.690000	993.710000	4000.000000	18000.000000	8000.000000	Sd-peep	5.108480	10.346392	NaN	NaN	39.836662	0.000000
164	Spectrogram 1	1	1009.980000	1011.130000	4000.000000	18000.000000	8000.000000	Phee	6.971884	26.775259	NaN	NaN	54.566049	0.000000
165	Spectrogram 1	1	1011.520000	1012.620000	4000.000000	18000.000000	8000.000000	Phee	5.013852	26.022844	NaN	NaN	48.666315	0.000000
166	Spectrogram 1	1	1012.660000	1013.680000	4000.000000	18000.000000	8000.000000	Phee	5.616978	26.248872	NaN	NaN	53.241679	0.000000
167	Spectrogram 1	1	1021.570000	1021.600000	4000.000000	18000.000000	8000.000000	Trill	4.096004	11.112073	NaN	NaN	40.730728	0.000000
168	Spectrogram 1	1	1021.880000	1022.120000	4000.000000	18000.000000	8000.000000	Phee	4.404831	11.474161	NaN	NaN	37.536156	0.000000
169	Spectrogram 1	1	1024.570000	1024.610000	4000.000000	18000.000000	8000.000000	Phee	4.012973	10.260850	NaN	NaN	51.358893	0.000000
170	Spectrogram 1	1	1025.450000	1025.480000	4000.000000	18000.000000	8000.000000	Trill	4.875249	10.213904	NaN	NaN	51.941837	0.000000
171	Spectrogram 1	1	1030.060000	1030.140000	4000.000000	18000.000000	8000.000000	Trillphee	5.535019	15.917581	NaN	NaN	75.018019	0.000000
172	Spectrogram 1	1	1052.630000	1052.810000	4000.000000	18000.000000	8000.000000	Phee	4.180096	11.030801	NaN	NaN	44.248493	0.000000
173	Spectrogram 1	1	1069.560000	1069.780000	4000.000000	18000.000000	8000.000000	Trillphee	4.587027	10.922479	NaN	NaN	36.093852	0.000000
174	Spectrogram 1	1	1073.210000	1073.330000	4000.000000	18000.000000	8000.000000	Trillphee	9.848101	18.575656	NaN	NaN	30.482563	0.000000
175	Spectrogram 1	1	1075.790000	1075.830000	4000.000000	18000.000000	8000.000000	Trill	6.128607	12.315159	NaN	NaN	57.635065	0.000000
176	Spectrogram 1	1	1081.900000	1082.010000	4000.000000	18000.000000	8000.000000	Trill	4.252058	10.734603	NaN	NaN	38.593338	0.000000
177	Spectrogram 1	1	1090.070000	1090.220000	4000.000000	18000.000000	8000.000000	Phee	5.240643	10.436770	NaN	NaN	34.524993	0.000000
178	Spectrogram 1	1	1090.440000	1090.460000	4000.000000	18000.000000	8000.000000	Sd-peep	5.868121	9.923365	NaN	NaN	43.868856	0.000000
179	Spectrogram 1	1	1125.110000	1125.200000	4000.000000	18000.000000	8000.000000	Phee	4.260489	11.174287	NaN	NaN	45.233501	0.000000
180	Spectrogram 1	1	1188.400000	1188.430000	4000.000000	18000.000000	8000.000000	Sd-peep	4.675442	6.779702	NaN	NaN	52.839563	0.000000
181	Spectrogram 1	1	1190.760000	1191.390000	4000.000000	18000.000000	8000.000000	Trill	15.246918	30.000000	NaN	NaN	215.397078	0.000000
182	Spectrogram 1	1	1214.770000	1214.950000	4000.000000	18000.000000	8000.000000	Phee	4.484602	9.200015	NaN	NaN	44.697780	0.000000
183	Spectrogram 1	1	1224.140000	1224.160000	4000.000000	18000.000000	8000.000000	Sd-peep	4.383750	10.949153	NaN	NaN	35.038783	0.000000
184	Spectrogram 1	1	1235.170000	1236.330000	4000.000000	18000.000000	8000.000000	Phee	10.954888	30.000000	NaN	NaN	64.902310	0.000000
185	Spectrogram 1	1	1236.460000	1236.740000	4000.000000	18000.000000	8000.000000	Phee	11.475401	28.777081	NaN	NaN	165.181682	0.000000
186	Spectrogram 1	1	1236.920000	1237.060000	4000.000000	18000.000000	8000.000000	Phee	16.366505	24.712245	NaN	NaN	155.992894	0.000000
187	Spectrogram 1	1	1237.300000	1238.250000	4000.000000	18000.000000	8000.000000	Phee	10.652135	30.000000	NaN	NaN	30.515846	0.000000
188	Spectrogram 1	1	1238.420000	1239.360000	4000.000000	18000.000000	8000.000000	Phee	11.947784	30.000000	NaN	NaN	43.200016	0.000000
189	Spectrogram 1	1	1252.500000	1253.400000	4000.000000	18000.000000	8000.000000	Phee	12.490982	30.000000	NaN	NaN	47.761649	0.000000
190	Spectrogram 1	1	1253.540000	1253.620000	4000.000000	18000.000000	8000.000000	Trill	11.942804	16.074103	NaN	NaN	48.075668	0.000000
191	Spectrogram 1	1	1253.860000	1254.910000	4000.000000	18000.000000	8000.000000	Phee	13.628818	30.000000	NaN	NaN	78.939128	0.000000
192	Spectrogram 1	1	1255.220000	1256.020000	4000.000000	18000.000000	8000.000000	Phee	12.826129	30.000000	NaN	NaN	39.792011	0.000000
193	Spectrogram 1	1	1256.280000	1258.080000	4000.000000	18000.000000	8000.000000	Phee	11.148142	27.909313	NaN	NaN	38.606388	0.000000
194	Spectrogram 1	1	1263.690000	1263.710000	4000.000000	18000.000000	8000.000000	Sd-peep	4.580785	9.688761	NaN	NaN	37.604040	0.000000
195	Spectrogram 1	1	1276.740000	1278.110000	4000.000000	18000.000000	8000.000000	Trillphee	6.716795	21.956871	NaN	NaN	38.546221	0.000000
196	Spectrogram 1	1	1278.350000	1279.190000	4000.000000	18000.000000	8000.000000	Phee	7.472572	26.765549	NaN	NaN	38.488815	0.000000
197	Spectrogram 1	1	1279.420000	1279.450000	4000.000000	18000.000000	8000.000000	Trill	7.700406	20.237394	NaN	NaN	98.898042	0.000000
198	Spectrogram 1	1	1279.780000	1280.640000	4000.000000	18000.000000	8000.000000	Phee	8.238959	27.510066	NaN	NaN	40.115093	0.000000
199	Spectrogram 1	1	1280.920000	1281.720000	4000.000000	18000.000000	8000.000000	Phee	8.282920	29.145936	NaN	NaN	43.384699	0.000000
200	Spectrogram 1	1	1286.710000	1286.740000	4000.000000	18000.000000	8000.000000	Trill	4.023225	6.033331	NaN	NaN	43.940366	0.000000
201	Spectrogram 1	1	1290.220000	1290.830000	4000.000000	18000.000000	8000.000000	Phee	4.685833	11.706458	NaN	NaN	38.543333	0.000000
202	Spectrogram 1	1	1305.290000	1305.310000	4000.000000	18000.000000	8000.000000	Sd-peep	5.053854	9.318686	NaN	NaN	34.307660	0.000000
203	Spectrogram 1	1	1317.260000	1317.410000	4000.000000	18000.000000	8000.000000	Phee	4.267179	9.920286	NaN	NaN	43.960811	0.000000
204	Spectrogram 1	1	1336.450000	1336.470000	4000.000000	18000.000000	8000.000000	Sd-peep	4.576435	9.831698	NaN	NaN	42.682631	0.000000
205	Spectrogram 1	1	1343.690000	1343.800000	4000.000000	18000.000000	8000.000000	Phee	4.296526	10.919274	NaN	NaN	42.703141	0.000000
206	Spectrogram 1	1	1362.050000	1362.100000	4000.000000	18000.000000	8000.000000	Trill	4.192215	6.543597	NaN	NaN	41.757987	0.000000
207	Spectrogram 1	1	1363.840000	1363.880000	4000.000000	18000.000000	8000.000000	Phee	5.861057	12.575132	NaN	NaN	89.857246	0.000000
208	Spectrogram 1	1	1394.640000	1394.970000	4000.000000	18000.000000	8000.000000	Trill	5.415515	18.212587	NaN	NaN	69.305218	0.000000
209	Spectrogram 1	1	1401.250000	1401.270000	4000.000000	18000.000000	8000.000000	Sd-peep	7.917852	7.024936	NaN	NaN	47.547495	0.000000
210	Spectrogram 1	1	1413.850000	1413.900000	4000.000000	18000.000000	8000.000000	Trillphee	5.126121	10.672716	NaN	NaN	45.107824	0.000000
211	Spectrogram 1	1	1414.020000	1414.080000	4000.000000	18000.000000	8000.000000	Phee	5.174662	11.251154	NaN	NaN	41.719241	0.000000
212	Spectrogram 1	1	1414.880000	1415.000000	4000.000000	18000.000000	8000.000000	Trill	5.798897	11.873156	NaN	NaN	45.157497	0.000000
213	Spectrogram 1	1	1415.070000	1415.240000	4000.000000	18000.000000	8000.000000	Phee	4.131363	9.303884	NaN	NaN	38.930300	0.000000
214	Spectrogram 1	1	1416.090000	1416.130000	4000.000000	18000.000000	8000.000000	Trill	4.433580	7.374149	NaN	NaN	39.246187	0.000000
215	Spectrogram 1	1	1432.650000	1432.670000	4000.000000	18000.000000	8000.000000	Sd-peep	5.432875	12.791722	NaN	NaN	65.780846	0.000000
216	Spectrogram 1	1	1435.100000	1435.390000	4000.000000	18000.000000	8000.000000	Phee	4.081381	9.056777	NaN	NaN	39.888108	0.000000
217	Spectrogram 1	1	1435.680000	1435.750000	4000.000000	18000.000000	8000.000000	Phee	4.434147	9.512234	NaN	NaN	32.253672	0.000000
218	Spectrogram 1	1	1436.330000	1436.370000	4000.000000	18000.000000	8000.000000	Phee	5.078552	9.957952	NaN	NaN	42.546249	0.000000
219	Spectrogram 1	1	1445.200000	1445.280000	4000.000000	18000.000000	8000.000000	Trill	4.747808	12.590611	NaN	NaN	30.989438	0.000000
220	Spectrogram 1	1	1449.920000	1449.980000	4000.000000	18000.000000	8000.000000	Trill	4.702378	12.546509	NaN	NaN	33.912043	0.000000
221	Spectrogram 1	1	1471.690000	1471.830000	4000.000000	18000.000000	8000.000000	Phee	4.347738	10.120306	NaN	NaN	41.635644	0.000000
222	Spectrogram 1	1	1472.560000	1472.590000	4000.000000	18000.000000	8000.000000	Sd-peep	5.066830	9.709443	NaN	NaN	50.841881	0.000000
223	Spectrogram 1	1	1474.920000	1475.370000	4000.000000	18000.000000	8000.000000	Trill	13.917785	27.575798	NaN	NaN	104.228906	0.000000
224	Spectrogram 1	1	1484.200000	1484.230000	4000.000000	18000.000000	8000.000000	Trill	7.270885	7.874443	NaN	NaN	38.320486	0.000000
225	Spectrogram 1	1	1486.450000	1486.490000	4000.000000	18000.000000	8000.000000	Trill	10.660928	12.588012	NaN	NaN	33.894551	0.000000
226	Spectrogram 1	1	1487.830000	1487.850000	4000.000000	18000.000000	8000.000000	Sd-peep	4.516228	6.445714	NaN	NaN	42.073826	0.000000
227	Spectrogram 1	1	1495.970000	1496.200000	4000.000000	18000.000000	8000.000000	Phee	5.054253	9.884183	NaN	NaN	31.412418	0.000000
228	Spectrogram 1	1	1500.930000	1500.950000	4000.000000	18000.000000	8000.000000	Sd-peep	4.252650	7.390189	NaN	NaN	57.164965	0.000000
229	Spectrogram 1	1	1516.600000	1516.680000	4000.000000	18000.000000	8000.000000	Trill	11.151885	14.219889	NaN	NaN	28.207410	0.000000
230	Spectrogram 1	1	1517.140000	1517.180000	4000.000000	18000.000000	8000.000000	Trill	10.579946	10.065147	NaN	NaN	42.807555	0.000000
231	Spectrogram 1	1	1521.820000	1521.850000	4000.000000	18000.000000	8000.000000	Trill	8.450889	12.409426	NaN	NaN	35.065989	0.000000
232	Spectrogram 1	1	1528.390000	1528.420000	4000.000000	18000.000000	8000.000000	Trill	11.599095	12.446981	NaN	NaN	50.254636	0.000000
233	Spectrogram 1	1	1536.790000	1537.160000	4000.000000	18000.000000	8000.000000	Trill	11.935092	23.132869	NaN	NaN	109.025056	0.000000
234	Spectrogram 1	1	1541.140000	1541.170000	4000.000000	18000.000000	8000.000000	Trill	4.294621	5.052963	NaN	NaN	49.274227	0.000000
235	Spectrogram 1	1	1567.040000	1567.290000	4000.000000	18000.000000	8000.000000	Trill	11.475883	25.435233	NaN	NaN	133.932732	0.000000
236	Spectrogram 1	1	1567.340000	1568.560000	4000.000000	18000.000000	8000.000000	Twitter	8.765993	23.076678	NaN	NaN	48.470182	0.000000
237	Spectrogram 1	1	1576.000000	1576.080000	4000.000000	18000.000000	8000.000000	Trill	4.655865	5.796740	NaN	NaN	38.973784	0.000000
238	Spectrogram 1	1	1576.520000	1576.560000	4000.000000	18000.000000	8000.000000	Trill	10.303574	11.204300	NaN	NaN	47.287298	0.000000
239	Spectrogram 1	1	1596.480000	1596.530000	4000.000000	18000.000000	8000.000000	Trill	5.051972	8.658765	NaN	NaN	46.370815	0.000000
240	Spectrogram 1	1	1603.640000	1603.670000	4000.000000	18000.000000	8000.000000	Trill	4.200737	9.847240	NaN	NaN	36.851079	0.000000
241	Spectrogram 1	1	1619.640000	1619.670000	4000.000000	18000.000000	8000.000000	Sd-peep	5.355029	13.816436	NaN	NaN	35.321689	0.000000
242	Spectrogram 1	1	1620.450000	1620.500000	4000.000000	18000.000000	8000.000000	Sd-peep	5.306008	12.132081	NaN	NaN	31.223238	0.000000
243	Spectrogram 1	1	1649.930000	1649.950000	4000.000000	18000.000000	8000.000000	Sd-peep	4.923518	18.855743	NaN	NaN	71.825856	0.000000
244	Spectrogram 1	1	1656.010000	1656.030000	4000.000000	18000.000000	8000.000000	Sd-peep	4.385621	14.369301	NaN	NaN	54.282558	0.000000
245	Spectrogram 1	1	1656.660000	1656.840000	4000.000000	18000.000000	8000.000000	Trillphee	5.660101	11.004106	NaN	NaN	31.743301	0.000000
246	Spectrogram 1	1	1664.610000	1664.750000	4000.000000	18000.000000	8000.000000	Trill	7.089350	10.444701	NaN	NaN	33.868854	0.000000
247	Spectrogram 1	1	1683.290000	1683.320000	4000.000000	18000.000000	8000.000000	Sd-peep	4.861655	7.210355	NaN	NaN	40.633593	0.000000
248	Spectrogram 1	1	1683.980000	1684.040000	4000.000000	18000.000000	8000.000000	Trill	6.094897	8.083110	NaN	NaN	41.566629	0.000000
249	Spectrogram 1	1	1684.260000	1684.300000	4000.000000	18000.000000	8000.000000	Trill	5.714661	6.716380	NaN	NaN	43.032560	0.000000
250	Spectrogram 1	1	1695.630000	1695.690000	4000.000000	18000.000000	8000.000000	Trillphee	6.006795	7.028603	NaN	NaN	54.065115	0.000000
251	Spectrogram 1	1	1699.520000	1699.540000	4000.000000	18000.000000	8000.000000	Sd-peep	11.653650	10.200163	NaN	NaN	29.094400	0.000000
252	Spectrogram 1	1	1709.390000	1709.410000	4000.000000	18000.000000	8000.000000	Sd-peep	9.721645	12.159989	NaN	NaN	34.833462	0.000000
253	Spectrogram 1	1	1717.980000	1718.010000	4000.000000	18000.000000	8000.000000	Twitter	4.369900	20.602741	NaN	NaN	40.966201	0.000000
254	Spectrogram 1	1	1723.480000	1723.610000	4000.000000	18000.000000	8000.000000	Phee	4.307335	10.514583	NaN	NaN	51.037833	0.000000
255	Spectrogram 1	1	1736.580000	1736.740000	4000.000000	18000.000000	8000.000000	Trillphee	7.553225	17.452071	NaN	NaN	121.160996	0.000000
256	Spectrogram 1	1	1741.900000	1741.960000	4000.000000	18000.000000	8000.000000	Phee	5.428969	6.966494	NaN	NaN	49.151279	0.000000
257	Spectrogram 1	1	1768.430000	1768.500000	4000.000000	18000.000000	8000.000000	Trillphee	7.853762	7.889923	NaN	NaN	29.056543	0.000000
258	Spectrogram 1	1	1771.550000	1772.190000	4000.000000	18000.000000	8000.000000	Trill	5.815334	22.824079	NaN	NaN	78.551507	0.000000
259	Spectrogram 1	1	1772.310000	1772.930000	4000.000000	18000.000000	8000.000000	Trill	4.617309	19.564665	NaN	NaN	66.019541	0.000000
260	Spectrogram 1	1	1783.950000	1784.120000	4000.000000	18000.000000	8000.000000	Phee	6.696995	11.928907	NaN	NaN	92.754846	0.000000
261	Spectrogram 1	1	1799.840000	1799.900000	4000.000000	18000.000000	8000.000000	Trillphee	4.833798	12.022819	NaN	NaN	43.619761	0.000000
262	Spectrogram 1	1	1801.160000	1801.260000	4000.000000	18000.000000	8000.000000	Trill	6.783917	9.976156	NaN	NaN	37.571444	0.000000
263	Spectrogram 1	1	1809.840000	1809.870000	4000.000000	18000.000000	8000.000000	Twitter	4.191094	16.150997	NaN	NaN	78.854428	0.000000
264	Spectrogram 1	1	1810.460000	1810.510000	4000.000000	18000.000000	8000.000000	Phee	4.177178	6.988923	NaN	NaN	54.708788	0.000000
265	Spectrogram 1	1	1816.090000	1816.120000	4000.000000	18000.000000	8000.000000	Sd-peep	4.051796	8.807308	NaN	NaN	49.236250	0.000000
266	Spectrogram 1	1	1817.960000	1818.010000	4000.000000	18000.000000	8000.000000	Trill	4.309758	10.117714	NaN	NaN	33.719522	0.000000
267	Spectrogram 1	1	1821.680000	1821.700000	4000.000000	18000.000000	8000.000000	Sd-peep	4.291877	11.005655	NaN	NaN	36.668241	0.000000
268	Spectrogram 1	1	1824.940000	1825.000000	4000.000000	18000.000000	8000.000000	Phee	8.075654	10.593277	NaN	NaN	87.701056	0.000000
269	Spectrogram 1	1	1853.520000	1853.640000	4000.000000	18000.000000	8000.000000	Trill	7.288493	13.014207	NaN	NaN	33.395213	0.000000
270	Spectrogram 1	1	1856.240000	1856.980000	4000.000000	18000.000000	8000.000000	Trill	6.187748	20.537344	NaN	NaN	79.646600	0.000000
271	Spectrogram 1	1	1857.650000	1857.670000	4000.000000	18000.000000	8000.000000	Sd-peep	4.361931	6.285727	NaN	NaN	45.350566	0.000000
272	Spectrogram 1	1	1867.020000	1867.560000	4000.000000	18000.000000	8000.000000	Trill	7.617928	17.698632	NaN	NaN	31.142017	0.000000
273	Spectrogram 1	1	1924.670000	1924.700000	4000.000000	18000.000000	8000.000000	Twitter	6.419625	16.814119	NaN	NaN	35.501966	0.000000
274	Spectrogram 1	1	1933.820000	1933.860000	4000.000000	18000.000000	8000.000000	Sd-peep	4.659316	20.384158	NaN	NaN	65.208041	0.000000
275	Spectrogram 1	1	1947.350000	1947.420000	4000.000000	18000.000000	8000.000000	Trill	4.756334	10.599128	NaN	NaN	46.992349	0.000000
276	Spectrogram 1	1	1947.490000	1947.570000	4000.000000	18000.000000	8000.000000	Trill	4.117003	9.106353	NaN	NaN	36.149218	0.000000
277	Spectrogram 1	1	1947.870000	1947.920000	4000.000000	18000.000000	8000.000000	Trill	4.950860	8.835044	NaN	NaN	37.338713	0.000000
278	Spectrogram 1	1	1950.550000	1950.580000	4000.000000	18000.000000	8000.000000	Sd-peep	4.063087	7.271690	NaN	NaN	39.793671	0.000000
279	Spectrogram 1	1	1983.370000	1983.430000	4000.000000	18000.000000	8000.000000	Trill	10.268929	12.249263	NaN	NaN	29.437692	0.000000
280	Spectrogram 1	1	2013.620000	2013.660000	4000.000000	18000.000000	8000.000000	Phee	4.950882	26.905396	NaN	NaN	156.251925	0.000000
281	Spectrogram 1	1	2029.250000	2029.310000	4000.000000	18000.000000	8000.000000	Trill	5.490808	8.530900	NaN	NaN	41.147383	0.000000
282	Spectrogram 1	1	2029.540000	2029.560000	4000.000000	18000.000000	8000.000000	Sd-peep	5.747704	7.311132	NaN	NaN	36.139562	0.000000
283	Spectrogram 1	1	2053.930000	2054.270000	4000.000000	18000.000000	8000.000000	Trill	5.308552	18.631711	NaN	NaN	50.079722	0.000000
284	Spectrogram 1	1	2062.500000	2063.780000	4000.000000	18000.000000	8000.000000	Twitter	7.291839	23.348468	NaN	NaN	52.524319	0.000000
285	Spectrogram 1	1	2063.830000	2063.870000	4000.000000	18000.000000	8000.000000	Trill	7.319939	12.913195	NaN	NaN	101.485082	0.000000
286	Spectrogram 1	1	2069.600000	2069.630000	4000.000000	18000.000000	8000.000000	Trill	4.747418	14.050166	NaN	NaN	72.524445	0.000000
287	Spectrogram 1	1	2070.780000	2070.850000	4000.000000	18000.000000	8000.000000	Trill	4.422932	10.871857	NaN	NaN	31.947222	0.000000
288	Spectrogram 1	1	2081.450000	2081.610000	4000.000000	18000.000000	8000.000000	Trill	4.702498	6.945948	NaN	NaN	54.862873	0.000000
289	Spectrogram 1	1	2082.240000	2082.290000	4000.000000	18000.000000	8000.000000	Trill	4.900232	6.510904	NaN	NaN	40.342343	0.000000
290	Spectrogram 1	1	2084.940000	2084.960000	4000.000000	18000.000000	8000.000000	Sd-peep	4.128051	7.802476	NaN	NaN	37.189738	0.000000
291	Spectrogram 1	1	2124.190000	2124.250000	4000.000000	18000.000000	8000.000000	Trillphee	4.432528	9.724409	NaN	NaN	56.627758	0.000000
292	Spectrogram 1	1	2135.330000	2135.490000	4000.000000	18000.000000	8000.000000	Phee	4.903467	9.871340	NaN	NaN	38.458915	0.000000
293	Spectrogram 1	1	2139.150000	2139.320000	4000.000000	18000.000000	8000.000000	Trill	5.320155	11.754380	NaN	NaN	37.518734	0.000000
294	Spectrogram 1	1	2161.520000	2161.540000	4000.000000	18000.000000	8000.000000	Sd-peep	5.746539	13.424510	NaN	NaN	91.900345	0.000000
295	Spectrogram 1	1	2190.470000	2190.490000	4000.000000	18000.000000	8000.000000	Sd-peep	10.359620	12.720381	NaN	NaN	31.019166	0.000000
296	Spectrogram 1	1	2205.430000	2205.460000	4000.000000	18000.000000	8000.000000	Trill	7.069239	9.713350	NaN	NaN	39.206921	0.000000
297	Spectrogram 1	1	2214.510000	2214.560000	4000.000000	18000.000000	8000.000000	Twitter	4.010565	23.999816	NaN	NaN	35.955243	0.000000
298	Spectrogram 1	1	2223.960000	2224.750000	4000.000000	18000.000000	8000.000000	Trill	6.258696	20.887183	NaN	NaN	75.880590	0.000000
299	Spectrogram 1	1	2226.490000	2226.560000	4000.000000	18000.000000	8000.000000	Trill	4.021431	8.620785	NaN	NaN	39.838347	0.000000
300	Spectrogram 1	1	2234.570000	2234.730000	4000.000000	18000.000000	8000.000000	Phee	6.248706	10.546675	NaN	NaN	78.502584	0.000000
301	Spectrogram 1	1	2240.380000	2240.600000	4000.000000	18000.000000	8000.000000	Trill	6.318361	14.522737	NaN	NaN	35.959508	0.000000
302	Spectrogram 1	1	2257.190000	2257.210000	4000.000000	18000.000000	8000.000000	Sd-peep	7.641238	7.948116	NaN	NaN	37.004359	0.000000
303	Spectrogram 1	1	2258.510000	2258.530000	4000.000000	18000.000000	8000.000000	Sd-peep	9.498099	10.333682	NaN	NaN	33.488974	0.000000
304	Spectrogram 1	1	2258.600000	2258.630000	4000.000000	18000.000000	8000.000000	Trill	11.634927	11.357566	NaN	NaN	30.808475	0.000000
305	Spectrogram 1	1	2261.410000	2262.040000	4000.000000	18000.000000	8000.000000	Trill	15.919393	30.000000	NaN	NaN	217.451167	0.000000
306	Spectrogram 1	1	2279.530000	2279.930000	4000.000000	18000.000000	8000.000000	Trill	4.543223	12.992788	NaN	NaN	59.347647	0.000000
307	Spectrogram 1	1	2304.570000	2304.590000	4000.000000	18000.000000	8000.000000	Sd-peep	4.400624	7.739290	NaN	NaN	33.471989	0.000000
308	Spectrogram 1	1	2314.880000	2314.920000	4000.000000	18000.000000	8000.000000	Trill	4.595629	8.040178	NaN	NaN	45.017485	0.000000
309	Spectrogram 1	1	2320.210000	2321.380000	4000.000000	18000.000000	8000.000000	Trill	12.290568	27.638960	NaN	NaN	95.785097	0.000000
310	Spectrogram 1	1	2335.320000	2335.760000	4000.000000	18000.000000	8000.000000	Trill	6.126200	15.102038	NaN	NaN	44.168745	0.000000
311	Spectrogram 1	1	2335.820000	2335.870000	4000.000000	18000.000000	8000.000000	Trill	5.014702	9.211654	NaN	NaN	42.907177	0.000000
312	Spectrogram 1	1	2337.980000	2338.050000	4000.000000	18000.000000	8000.000000	Trill	6.672177	10.344073	NaN	NaN	29.599725	0.000000
313	Spectrogram 1	1	2348.990000	2349.050000	4000.000000	18000.000000	8000.000000	Trill	4.078875	13.186722	NaN	NaN	33.859691	0.000000
314	Spectrogram 1	1	2355.550000	2355.600000	4000.000000	18000.000000	8000.000000	Phee	7.521518	10.418707	NaN	NaN	70.296049	0.000000
315	Spectrogram 1	1	2392.610000	2393.370000	4000.000000	18000.000000	8000.000000	Trill	8.175046	20.216895	NaN	NaN	87.530551	0.000000
316	Spectrogram 1	1	2395.190000	2395.250000	4000.000000	18000.000000	8000.000000	Trill	4.754720	11.778738	NaN	NaN	58.166475	0.000000
317	Spectrogram 1	1	2403.050000	2403.150000	4000.000000	18000.000000	8000.000000	Twitter	4.754875	24.470900	NaN	NaN	82.241692	0.000000
318	Spectrogram 1	1	2403.200000	2404.120000	4000.000000	18000.000000	8000.000000	Trill	4.381891	17.007388	NaN	NaN	43.807455	0.000000
319	Spectrogram 1	1	2413.200000	2413.230000	4000.000000	18000.000000	8000.000000	Trill	5.564420	9.574151	NaN	NaN	47.492732	0.000000
320	Spectrogram 1	1	2413.830000	2413.860000	4000.000000	18000.000000	8000.000000	Trill	5.484108	7.738245	NaN	NaN	66.513746	0.000000
321	Spectrogram 1	1	2414.100000	2414.140000	4000.000000	18000.000000	8000.000000	Trill	7.311459	8.355762	NaN	NaN	30.339733	0.000000
322	Spectrogram 1	1	2423.520000	2424.340000	4000.000000	18000.000000	8000.000000	Trill	12.913965	30.000000	NaN	NaN	151.138396	0.000000
323	Spectrogram 1	1	2424.490000	2425.070000	4000.000000	18000.000000	8000.000000	Trill	14.836185	30.000000	NaN	NaN	221.940961	0.000000
324	Spectrogram 1	1	2458.450000	2459.360000	4000.000000	18000.000000	8000.000000	Trill	5.994848	20.167857	NaN	NaN	41.467634	0.000000
325	Spectrogram 1	1	2464.970000	2465.500000	4000.000000	18000.000000	8000.000000	Trill	11.620149	25.995844	NaN	NaN	119.723781	0.000000
326	Spectrogram 1	1	2472.560000	2472.890000	4000.000000	18000.000000	8000.000000	Trillphee	7.727769	17.284551	NaN	NaN	46.908075	0.000000
327	Spectrogram 1	1	2474.470000	2474.500000	4000.000000	18000.000000	8000.000000	Trill	6.371046	10.198047	NaN	NaN	37.251986	0.000000
328	Spectrogram 1	1	2477.390000	2478.190000	4000.000000	18000.000000	8000.000000	Trill	13.760436	30.000000	NaN	NaN	145.933196	0.000000
329	Spectrogram 1	1	2508.910000	2509.310000	4000.000000	18000.000000	8000.000000	Trill	14.213551	27.845102	NaN	NaN	145.581001	0.000000
330	Spectrogram 1	1	2518.750000	2518.800000	4000.000000	18000.000000	8000.000000	Phee	4.036471	7.701073	NaN	NaN	50.182119	0.000000
331	Spectrogram 1	1	2519.470000	2519.570000	4000.000000	18000.000000	8000.000000	Twitter	15.171917	32.048478	NaN	NaN	162.151594	0.000000
332	Spectrogram 1	1	2519.620000	2519.980000	4000.000000	18000.000000	8000.000000	Twitter	9.260658	23.022247	NaN	NaN	42.388424	0.000000
333	Spectrogram 1	1	2520.010000	2521.010000	4000.000000	18000.000000	8000.000000	Twitter	9.484178	24.178312	NaN	NaN	52.813607	0.000000
334	Spectrogram 1	1	2537.590000	2539.040000	4000.000000	18000.000000	8000.000000	Phee	13.854737	30.000000	NaN	NaN	77.562772	0.000000
335	Spectrogram 1	1	2539.290000	2540.220000	4000.000000	18000.000000	8000.000000	Phee	15.565967	30.000000	NaN	NaN	58.098288	0.000000
336	Spectrogram 1	1	2540.460000	2541.310000	4000.000000	18000.000000	8000.000000	Phee	13.425001	30.000000	NaN	NaN	49.871713	0.000000
337	Spectrogram 1	1	2541.550000	2542.410000	4000.000000	18000.000000	8000.000000	Phee	12.972575	30.000000	NaN	NaN	60.248341	0.000000
338	Spectrogram 1	1	2552.120000	2552.140000	4000.000000	18000.000000	8000.000000	Sd-peep	7.032990	10.889767	NaN	NaN	36.583429	0.000000
339	Spectrogram 1	1	2593.710000	2593.760000	4000.000000	18000.000000	8000.000000	Trill	4.561036	9.251642	NaN	NaN	52.645839	0.000000
340	Spectrogram 1	1	2604.940000	2605.050000	4000.000000	18000.000000	8000.000000	Trill	6.227221	13.170777	NaN	NaN	34.724096	0.000000
341	Spectrogram 1	1	2626.880000	2627.150000	4000.000000	18000.000000	8000.000000	Twitter	9.434945	24.516893	NaN	NaN	69.661168	0.000000
342	Spectrogram 1	1	2627.190000	2628.340000	4000.000000	18000.000000	8000.000000	Twitter	9.432414	24.870121	NaN	NaN	48.389777	0.000000
343	Spectrogram 1	1	2633.890000	2633.930000	4000.000000	18000.000000	8000.000000	Trill	4.014277	23.083833	NaN	NaN	99.537052	0.000000
344	Spectrogram 1	1	2634.190000	2634.230000	4000.000000	18000.000000	8000.000000	Trill	5.255920	21.096848	NaN	NaN	89.176135	0.000000
345	Spectrogram 1	1	2635.420000	2636.600000	4000.000000	18000.000000	8000.000000	Trill	4.633254	30.000000	NaN	NaN	111.987336	0.000000
346	Spectrogram 1	1	2644.110000	2644.170000	4000.000000	18000.000000	8000.000000	Phee	4.540642	8.421911	NaN	NaN	32.947726	0.000000
347	Spectrogram 1	1	2658.530000	2658.990000	4000.000000	18000.000000	8000.000000	Trill	10.483174	23.916828	NaN	NaN	103.157336	0.000000
348	Spectrogram 1	1	2666.120000	2667.400000	4000.000000	18000.000000	8000.000000	Phee	5.190164	30.000000	NaN	NaN	132.493083	0.000000
349	Spectrogram 1	1	2667.830000	2667.870000	4000.000000	18000.000000	8000.000000	Trill	6.349678	21.865429	NaN	NaN	92.802642	0.000000
350	Spectrogram 1	1	2668.150000	2668.230000	4000.000000	18000.000000	8000.000000	Trill	7.817590	18.262030	NaN	NaN	48.304934	0.000000
351	Spectrogram 1	1	2668.750000	2669.930000	4000.000000	18000.000000	8000.000000	Trill	5.136782	27.965443	NaN	NaN	90.504357	0.000000
352	Spectrogram 1	1	2671.590000	2671.660000	4000.000000	18000.000000	8000.000000	Trill	6.007083	12.995508	NaN	NaN	32.674104	0.000000
353	Spectrogram 1	1	2685.260000	2685.300000	4000.000000	18000.000000	8000.000000	Trill	8.718426	8.454218	NaN	NaN	50.791158	0.000000
354	Spectrogram 1	1	2688.100000	2688.150000	4000.000000	18000.000000	8000.000000	Trill	8.710629	9.360474	NaN	NaN	43.918172	0.000000
355	Spectrogram 1	1	2703.160000	2704.400000	4000.000000	18000.000000	8000.000000	Trillphee	13.980538	31.871127	NaN	NaN	82.079946	0.000000
356	Spectrogram 1	1	2704.720000	2705.600000	4000.000000	18000.000000	8000.000000	Phee	14.291485	30.000000	NaN	NaN	61.808210	0.000000
357	Spectrogram 1	1	2705.850000	2706.700000	4000.000000	18000.000000	8000.000000	Phee	14.104217	29.550391	NaN	NaN	62.311541	0.000000
358	Spectrogram 1	1	2707.160000	2707.240000	4000.000000	18000.000000	8000.000000	Phee	4.123211	9.068952	NaN	NaN	76.755268	0.000000
359	Spectrogram 1	1	2712.560000	2712.610000	4000.000000	18000.000000	8000.000000	Trill	4.559591	12.755860	NaN	NaN	52.868727	0.000000
360	Spectrogram 1	1	2725.510000	2725.540000	4000.000000	18000.000000	8000.000000	Trill	7.418033	10.335069	NaN	NaN	31.850715	0.000000
361	Spectrogram 1	1	2728.440000	2728.500000	4000.000000	18000.000000	8000.000000	Trill	12.767636	13.012682	NaN	NaN	41.856490	0.000000
362	Spectrogram 1	1	2730.170000	2730.200000	4000.000000	18000.000000	8000.000000	Trill	8.894459	9.747851	NaN	NaN	32.629103	0.000000
363	Spectrogram 1	1	2767.830000	2767.860000	4000.000000	18000.000000	8000.000000	Trill	4.093105	5.631621	NaN	NaN	39.862203	0.000000
364	Spectrogram 1	1	2774.540000	2774.570000	4000.000000	18000.000000	8000.000000	Trill	5.315543	6.323325	NaN	NaN	43.258272	0.000000
365	Spectrogram 1	1	2799.870000	2799.910000	4000.000000	18000.000000	8000.000000	Phee	4.833255	6.606289	NaN	NaN	32.305589	0.000000
366	Spectrogram 1	1	2800.400000	2800.420000	4000.000000	18000.000000	8000.000000	Sd-peep	10.500283	10.935291	NaN	NaN	54.814532	0.000000
367	Spectrogram 1	1	2800.610000	2801.200000	4000.000000	18000.000000	8000.000000	Trill	12.957445	26.780808	NaN	NaN	120.436135	0.000000
368	Spectrogram 1	1	2806.610000	2806.740000	4000.000000	18000.000000	8000.000000	Twitter	12.500531	27.118865	NaN	NaN	87.060051	0.000000
369	Spectrogram 1	1	2806.780000	2808.170000	4000.000000	18000.000000	8000.000000	Twitter	9.298238	25.182221	NaN	NaN	45.754232	0.000000
370	Spectrogram 1	1	2822.340000	2822.370000	4000.000000	18000.000000	8000.000000	Trill	5.712110	8.225757	NaN	NaN	78.532790	0.000000
371	Spectrogram 1	1	2824.170000	2824.220000	4000.000000	18000.000000	8000.000000	Trill	4.628412	7.116361	NaN	NaN	39.217091	0.000000
372	Spectrogram 1	1	2827.060000	2827.130000	4000.000000	18000.000000	8000.000000	Phee	4.916050	6.367516	NaN	NaN	42.711072	0.000000
373	Spectrogram 1	1	2834.640000	2834.870000	4000.000000	18000.000000	8000.000000	Trillphee	4.060579	17.826049	NaN	NaN	93.988541	0.000000
374	Spectrogram 1	1	2835.280000	2835.320000	4000.000000	18000.000000	8000.000000	Trill	4.927500	11.835612	NaN	NaN	86.855516	0.000000
375	Spectrogram 1	1	2837.680000	2837.700000	4000.000000	18000.000000	8000.000000	Sd-peep	4.647365	7.862383	NaN	NaN	37.848964	0.000000
376	Spectrogram 1	1	2840.640000	2842.520000	4000.000000	18000.000000	8000.000000	Phee	4.746803	30.000000	NaN	NaN	166.232528	0.000000
377	Spectrogram 1	1	2847.170000	2847.500000	4000.000000	18000.000000	8000.000000	Trill	8.472102	20.724695	NaN	NaN	68.297183	0.000000
378	Spectrogram 1	1	2849.390000	2849.410000	4000.000000	18000.000000	8000.000000	Sd-peep	5.935156	10.853313	NaN	NaN	68.916868	0.000000
379	Spectrogram 1	1	2859.990000	2860.020000	4000.000000	18000.000000	8000.000000	Phee	5.810105	7.827693	NaN	NaN	35.810831	0.000000
380	Spectrogram 1	1	2860.150000	2860.170000	4000.000000	18000.000000	8000.000000	Sd-peep	5.356806	16.476809	NaN	NaN	85.783527	0.000000
381	Spectrogram 1	1	2898.090000	2898.160000	4000.000000	18000.000000	8000.000000	Trill	4.644153	11.727550	NaN	NaN	36.292791	0.000000
382	Spectrogram 1	1	2898.220000	2898.300000	4000.000000	18000.000000	8000.000000	Trill	4.266783	11.547728	NaN	NaN	42.582001	0.000000
383	Spectrogram 1	1	2898.510000	2898.730000	4000.000000	18000.000000	8000.000000	Trill	4.147377	12.117730	NaN	NaN	33.761758	0.000000
384	Spectrogram 1	1	2900.660000	2900.680000	4000.000000	18000.000000	8000.000000	Sd-peep	4.054268	7.775348	NaN	NaN	51.106018	0.000000
385	Spectrogram 1	1	2901.630000	2901.900000	4000.000000	18000.000000	8000.000000	Trill	6.401391	10.081467	NaN	NaN	33.580118	0.000000
386	Spectrogram 1	1	2903.520000	2903.960000	4000.000000	18000.000000	8000.000000	Trill	4.441718	16.137368	NaN	NaN	60.264407	0.000000
387	Spectrogram 1	1	2909.280000	2910.350000	4000.000000	18000.000000	8000.000000	Phee	4.290054	26.731959	NaN	NaN	42.038047	0.000000
388	Spectrogram 1	1	2910.620000	2911.530000	4000.000000	18000.000000	8000.000000	Phee	4.266154	26.035567	NaN	NaN	34.419790	0.000000
389	Spectrogram 1	1	2912.850000	2913.720000	4000.000000	18000.000000	8000.000000	Phee	4.475667	25.525254	NaN	NaN	48.059471	0.000000
390	Spectrogram 1	1	2930.950000	2931.040000	4000.000000	18000.000000	8000.000000	Trill	8.480339	16.884825	NaN	NaN	39.744329	0.000000
391	Spectrogram 1	1	2934.040000	2934.060000	4000.000000	18000.000000	8000.000000	Sd-peep	6.230129	9.433954	NaN	NaN	31.548566	0.000000
392	Spectrogram 1	1	2934.450000	2934.490000	4000.000000	18000.000000	8000.000000	Trill	9.348047	12.135841	NaN	NaN	38.244897	0.000000
393	Spectrogram 1	1	2934.910000	2934.970000	4000.000000	18000.000000	8000.000000	Trill	11.507264	12.472595	NaN	NaN	35.799746	0.000000
394	Spectrogram 1	1	2937.550000	2937.590000	4000.000000	18000.000000	8000.000000	Trill	4.647759	12.729258	NaN	NaN	61.440863	0.000000
395	Spectrogram 1	1	2937.700000	2937.740000	4000.000000	18000.000000	8000.000000	Trill	4.237038	8.417958	NaN	NaN	42.754341	0.000000
396	Spectrogram 1	1	2939.640000	2939.710000	4000.000000	18000.000000	8000.000000	Phee	4.034817	7.188262	NaN	NaN	36.624873	0.000000
397	Spectrogram 1	1	2974.250000	2974.280000	4000.000000	18000.000000	8000.000000	Trill	8.147900	10.470736	NaN	NaN	28.848972	0.000000
398	Spectrogram 1	1	2985.970000	2985.990000	4000.000000	18000.000000	8000.000000	Sd-peep	4.716205	6.132273	NaN	NaN	34.560788	0.000000
399	Spectrogram 1	1	3003.500000	3003.550000	4000.000000	18000.000000	8000.000000	Phee	4.940910	9.747590	NaN	NaN	48.110002	0.000000
400	Spectrogram 1	1	3007.280000	3007.310000	4000.000000	18000.000000	8000.000000	Trill	4.576213	12.148226	NaN	NaN	71.408222	0.000000
401	Spectrogram 1	1	3033.040000	3033.070000	4000.000000	18000.000000	8000.000000	Sd-peep	4.320425	11.929461	NaN	NaN	47.065751	0.000000
402	Spectrogram 1	1	3034.850000	3034.910000	4000.000000	18000.000000	8000.000000	Trillphee	4.209363	9.435243	NaN	NaN	35.319720	0.000000
403	Spectrogram 1	1	3039.900000	3039.970000	4000.000000	18000.000000	8000.000000	Phee	4.320437	8.226477	NaN	NaN	35.719905	0.000000
404	Spectrogram 1	1	3050.970000	3050.990000	4000.000000	18000.000000	8000.000000	Sd-peep	4.223591	6.820921	NaN	NaN	43.493143	0.000000
405	Spectrogram 1	1	3065.660000	3065.710000	4000.000000	18000.000000	8000.000000	Phee	4.021675	6.076513	NaN	NaN	39.565016	0.000000
406	Spectrogram 1	1	3076.270000	3076.320000	4000.000000	18000.000000	8000.000000	Trill	7.961945	9.214757	NaN	NaN	37.823572	0.000000
407	Spectrogram 1	1	3076.950000	3076.970000	4000.000000	18000.000000	8000.000000	Sd-peep	7.650527	10.642065	NaN	NaN	38.796827	0.000000
408	Spectrogram 1	1	3078.610000	3078.630000	4000.000000	18000.000000	8000.000000	Sd-peep	8.443604	10.656198	NaN	NaN	29.671861	0.000000
409	Spectrogram 1	1	3081.700000	3081.780000	4000.000000	18000.000000	8000.000000	Trill	6.234972	10.810967	NaN	NaN	31.336826	0.000000
410	Spectrogram 1	1	3089.870000	3090.920000	4000.000000	18000.000000	8000.000000	Phee	8.917695	30.000000	NaN	NaN	50.202360	0.000000
411	Spectrogram 1	1	3091.130000	3091.200000	4000.000000	18000.000000	8000.000000	Trill	4.633169	15.250061	NaN	NaN	61.779534	0.000000
412	Spectrogram 1	1	3091.500000	3092.890000	4000.000000	18000.000000	8000.000000	Phee	9.347115	28.726913	NaN	NaN	77.698160	0.000000
413	Spectrogram 1	1	3093.140000	3093.850000	4000.000000	18000.000000	8000.000000	Phee	8.534601	30.000000	NaN	NaN	47.199212	0.000000
414	Spectrogram 1	1	3094.110000	3094.980000	4000.000000	18000.000000	8000.000000	Phee	8.705652	30.000000	NaN	NaN	44.874436	0.000000
415	Spectrogram 1	1	3096.620000	3096.650000	4000.000000	18000.000000	8000.000000	Trill	4.111784	13.598665	NaN	NaN	39.665298	0.000000
416	Spectrogram 1	1	3108.760000	3109.680000	4000.000000	18000.000000	8000.000000	Phee	9.610098	28.391660	NaN	NaN	36.501710	0.000000
417	Spectrogram 1	1	3109.870000	3110.700000	4000.000000	18000.000000	8000.000000	Phee	9.384137	29.257639	NaN	NaN	34.287783	0.000000
418	Spectrogram 1	1	3110.910000	3111.730000	4000.000000	18000.000000	8000.000000	Phee	9.397907	28.750922	NaN	NaN	39.173470	0.000000
419	Spectrogram 1	1	3111.990000	3112.940000	4000.000000	18000.000000	8000.000000	Phee	7.851918	25.929497	NaN	NaN	39.230387	0.000000
420	Spectrogram 1	1	3132.530000	3133.090000	4000.000000	18000.000000	8000.000000	Phee	4.332299	26.700370	NaN	NaN	139.665655	0.000000
421	Spectrogram 1	1	3149.090000	3149.130000	4000.000000	18000.000000	8000.000000	Twitter	4.604833	12.337040	NaN	NaN	36.816344	0.000000
422	Spectrogram 1	1	3154.190000	3154.350000	4000.000000	18000.000000	8000.000000	Trill	5.134319	14.067959	NaN	NaN	35.668455	0.000000
423	Spectrogram 1	1	3170.430000	3170.860000	4000.000000	18000.000000	8000.000000	Phee	4.128164	10.564612	NaN	NaN	39.069280	0.000000
424	Spectrogram 1	1	3219.240000	3219.280000	4000.000000	18000.000000	8000.000000	Trill	4.798969	10.149016	NaN	NaN	32.366417	0.000000
425	Spectrogram 1	1	3223.120000	3223.180000	4000.000000	18000.000000	8000.000000	Trill	4.297696	13.864108	NaN	NaN	33.759278	0.000000
426	Spectrogram 1	1	3233.690000	3233.750000	4000.000000	18000.000000	8000.000000	Trill	4.030331	9.654157	NaN	NaN	39.219778	0.000000
427	Spectrogram 1	1	3260.360000	3260.430000	4000.000000	18000.000000	8000.000000	Trill	4.684785	8.401829	NaN	NaN	34.221386	0.000000
428	Spectrogram 1	1	3267.720000	3267.890000	4000.000000	18000.000000	8000.000000	Trill	4.738586	12.718782	NaN	NaN	72.053535	0.000000
429	Spectrogram 1	1	3288.570000	3288.630000	4000.000000	18000.000000	8000.000000	Trillphee	4.932636	9.433250	NaN	NaN	39.823713	0.000000
430	Spectrogram 1	1	3295.280000	3295.380000	4000.000000	18000.000000	8000.000000	Trill	4.385539	5.736328	NaN	NaN	34.424881	0.000000
431	Spectrogram 1	1	3299.650000	3299.690000	4000.000000	18000.000000	8000.000000	Trill	6.271240	10.895544	NaN	NaN	36.564116	0.000000
432	Spectrogram 1	1	3301.020000	3301.040000	4000.000000	18000.000000	8000.000000	Sd-peep	6.050601	7.038337	NaN	NaN	30.594114	0.000000
433	Spectrogram 1	1	3312.870000	3313.020000	4000.000000	18000.000000	8000.000000	Phee	4.218871	10.327398	NaN	NaN	43.038258	0.000000
434	Spectrogram 1	1	3313.680000	3313.730000	4000.000000	18000.000000	8000.000000	Trill	4.969417	12.439796	NaN	NaN	31.109946	0.000000
435	Spectrogram 1	1	3328.820000	3328.840000	4000.000000	18000.000000	8000.000000	Sd-peep	8.850806	9.364018	NaN	NaN	32.478105	0.000000
436	Spectrogram 1	1	3344.050000	3344.380000	4000.000000	18000.000000	8000.000000	Trill	14.248454	28.803442	NaN	NaN	132.072453	0.000000
437	Spectrogram 1	1	3350.940000	3350.980000	4000.000000	18000.000000	8000.000000	Trill	4.981504	12.166767	NaN	NaN	54.103237	0.000000
438	Spectrogram 1	1	3360.800000	3360.820000	4000.000000	18000.000000	8000.000000	Sd-peep	4.615604	11.399470	NaN	NaN	31.883669	0.000000
439	Spectrogram 1	1	3415.950000	3415.980000	4000.000000	18000.000000	8000.000000	Trill	4.503379	5.436321	NaN	NaN	34.050109	0.000000
440	Spectrogram 1	1	3442.690000	3443.930000	4000.000000	18000.000000	8000.000000	Phee	7.111123	27.570005	NaN	NaN	61.430313	0.000000
441	Spectrogram 1	1	3444.120000	3444.960000	4000.000000	18000.000000	8000.000000	Phee	8.937917	29.228936	NaN	NaN	49.144685	0.000000
442	Spectrogram 1	1	3445.220000	3446.060000	4000.000000	18000.000000	8000.000000	Phee	8.672377	28.325526	NaN	NaN	46.576879	0.000000
443	Spectrogram 1	1	3446.240000	3447.040000	4000.000000	18000.000000	8000.000000	Phee	8.330662	28.660624	NaN	NaN	50.691848	0.000000
444	Spectrogram 1	1	3448.870000	3448.910000	4000.000000	18000.000000	8000.000000	Trillphee	4.289365	7.934903	NaN	NaN	41.368837	0.000000
445	Spectrogram 1	1	3503.040000	3503.160000	4000.000000	18000.000000	8000.000000	Phee	4.000045	19.631518	NaN	NaN	101.789807	0.000000
446	Spectrogram 1	1	3505.540000	3505.960000	4000.000000	18000.000000	8000.000000	Trill	14.168516	26.802421	NaN	NaN	134.929479	0.000000
447	Spectrogram 1	1	3506.620000	3506.650000	4000.000000	18000.000000	8000.000000	Trill	4.577474	13.349028	NaN	NaN	50.940414	0.000000
448	Spectrogram 1	1	3509.700000	3509.750000	4000.000000	18000.000000	8000.000000	Trill	4.706772	7.027776	NaN	NaN	37.472763	0.000000
449	Spectrogram 1	1	3551.810000	3551.850000	4000.000000	18000.000000	8000.000000	Trill	7.052012	7.643231	NaN	NaN	55.870752	0.000000
450	Spectrogram 1	1	3566.030000	3566.430000	4000.000000	18000.000000	8000.000000	Trill	5.588273	11.005409	NaN	NaN	32.586529	0.000000
451	Spectrogram 1	1	3566.970000	3567.490000	4000.000000	18000.000000	8000.000000	Trill	6.006879	14.421611	NaN	NaN	69.177727	0.000000
452	Spectrogram 1	1	3570.120000	3570.600000	4000.000000	18000.000000	8000.000000	Trill	6.763705	17.602760	NaN	NaN	71.416068	0.000000
453	Spectrogram 1	1	3573.040000	3573.100000	4000.000000	18000.000000	8000.000000	Trill	4.839881	11.890002	NaN	NaN	45.461467	0.000000
454	Spectrogram 1	1	3600.920000	3601.010000	4000.000000	18000.000000	8000.000000	Trill	5.609708	20.226624	NaN	NaN	33.292208	0.000000
455	Spectrogram 1	1	3652.920000	3653.060000	4000.000000	18000.000000	8000.000000	Trill	6.876869	10.173200	NaN	NaN	29.948757	0.000000
456	Spectrogram 1	1	3680.230000	3680.380000	4000.000000	18000.000000	8000.000000	Trill	6.549344	11.410064	NaN	NaN	32.244766	0.000000
457	Spectrogram 1	1	3686.080000	3686.370000	4000.000000	18000.000000	8000.000000	Trillphee	5.502696	14.009833	NaN	NaN	60.267293	0.000000
458	Spectrogram 1	1	3696.970000	3698.080000	4000.000000	18000.000000	8000.000000	Trill	9.244773	30.000000	NaN	NaN	95.175665	0.000000
459	Spectrogram 1	1	3698.620000	3699.470000	4000.000000	18000.000000	8000.000000	Phee	8.122951	27.501780	NaN	NaN	57.510482	0.000000
460	Spectrogram 1	1	3699.670000	3700.450000	4000.000000	18000.000000	8000.000000	Phee	9.589041	29.623567	NaN	NaN	46.138281	0.000000
461	Spectrogram 1	1	3720.640000	3720.670000	4000.000000	18000.000000	8000.000000	Trill	5.301641	9.292246	NaN	NaN	51.343471	0.000000
462	Spectrogram 1	1	3751.310000	3751.340000	4000.000000	18000.000000	8000.000000	Trill	5.037552	8.381929	NaN	NaN	58.581540	0.000000
463	Spectrogram 1	1	3763.620000	3763.650000	4000.000000	18000.000000	8000.000000	Phee	4.162639	18.500634	NaN	NaN	72.672333	0.000000
464	Spectrogram 1	1	3778.740000	3779.880000	4000.000000	18000.000000	8000.000000	Twitter	6.806618	22.161020	NaN	NaN	39.088613	0.000000
465	Spectrogram 1	1	3802.860000	3802.880000	4000.000000	18000.000000	8000.000000	Sd-peep	5.688587	10.381207	NaN	NaN	53.769246	0.000000
466	Spectrogram 1	1	3816.230000	3816.280000	4000.000000	18000.000000	8000.000000	Trill	5.778201	9.352121	NaN	NaN	39.582453	0.000000
467	Spectrogram 1	1	3882.240000	3883.640000	4000.000000	18000.000000	8000.000000	Trillphee	18.046694	35.278284	NaN	NaN	100.068839	0.000000
468	Spectrogram 1	1	3883.830000	3884.770000	4000.000000	18000.000000	8000.000000	Phee	15.414463	30.000000	NaN	NaN	96.307267	0.000000
469	Spectrogram 1	1	3965.570000	3965.680000	4000.000000	18000.000000	8000.000000	Trill	4.175476	8.998654	NaN	NaN	59.397333	0.000000
470	Spectrogram 1	1	3991.880000	3991.950000	4000.000000	18000.000000	8000.000000	Phee	4.343832	9.560633	NaN	NaN	45.532978	0.000000
471	Spectrogram 1	1	3993.360000	3993.440000	4000.000000	18000.000000	8000.000000	Phee	4.319045	10.173410	NaN	NaN	51.356469	0.000000
472	Spectrogram 1	1	4001.060000	4002.070000	4000.000000	18000.000000	8000.000000	Phee	16.551228	30.000000	NaN	NaN	65.874306	0.000000
473	Spectrogram 1	1	4002.150000	4002.290000	4000.000000	18000.000000	8000.000000	Phee	15.391453	30.000000	NaN	NaN	347.285249	0.000000
474	Spectrogram 1	1	4002.430000	4002.480000	4000.000000	18000.000000	8000.000000	Trill	11.349390	14.588121	NaN	NaN	71.845722	0.000000
475	Spectrogram 1	1	4002.820000	4003.710000	4000.000000	18000.000000	8000.000000	Phee	13.559928	30.000000	NaN	NaN	64.639978	0.000000
476	Spectrogram 1	1	4003.980000	4004.980000	4000.000000	18000.000000	8000.000000	Phee	17.378824	30.000000	NaN	NaN	39.407311	0.000000
477	Spectrogram 1	1	4031.440000	4031.470000	4000.000000	18000.000000	8000.000000	Sd-peep	6.584665	9.588250	NaN	NaN	30.906968	0.000000
478	Spectrogram 1	1	4031.940000	4032.060000	4000.000000	18000.000000	8000.000000	Trill	6.935331	9.031660	NaN	NaN	29.705635	0.000000
479	Spectrogram 1	1	4043.230000	4043.350000	4000.000000	18000.000000	8000.000000	Phee	5.252054	9.634097	NaN	NaN	31.548782	0.000000
480	Spectrogram 1	1	4059.030000	4060.360000	4000.000000	18000.000000	8000.000000	Twitter	8.945145	24.199515	NaN	NaN	50.146328	0.000000
481	Spectrogram 1	1	4070.820000	4071.080000	4000.000000	18000.000000	8000.000000	Phee	4.045509	7.504231	NaN	NaN	53.085827	0.000000
482	Spectrogram 1	1	4091.320000	4091.360000	4000.000000	18000.000000	8000.000000	Trill	4.426674	7.535970	NaN	NaN	50.852310	0.000000
483	Spectrogram 1	1	4092.670000	4092.700000	4000.000000	18000.000000	8000.000000	Sd-peep	6.133079	10.000798	NaN	NaN	49.533886	0.000000
484	Spectrogram 1	1	4101.410000	4101.450000	4000.000000	18000.000000	8000.000000	Trill	4.310512	7.096360	NaN	NaN	35.040004	0.000000
485	Spectrogram 1	1	4109.470000	4109.500000	4000.000000	18000.000000	8000.000000	Trill	5.298801	10.333572	NaN	NaN	62.244948	0.000000
486	Spectrogram 1	1	4119.760000	4119.810000	4000.000000	18000.000000	8000.000000	Trill	6.225088	6.970077	NaN	NaN	38.589703	0.000000
487	Spectrogram 1	1	4130.270000	4131.360000	4000.000000	18000.000000	8000.000000	Phee	6.683800	25.797015	NaN	NaN	45.181223	0.000000
488	Spectrogram 1	1	4131.430000	4131.510000	4000.000000	18000.000000	8000.000000	Trill	8.201076	18.566665	NaN	NaN	161.336667	0.000000
489	Spectrogram 1	1	4131.870000	4132.770000	4000.000000	18000.000000	8000.000000	Phee	6.904376	27.952527	NaN	NaN	42.459477	0.000000
490	Spectrogram 1	1	4133.000000	4133.960000	4000.000000	18000.000000	8000.000000	Phee	5.057172	24.138271	NaN	NaN	43.122660	0.000000
491	Spectrogram 1	1	4143.850000	4144.050000	4000.000000	18000.000000	8000.000000	Phee	4.595871	8.727579	NaN	NaN	34.889741	0.000000
492	Spectrogram 1	1	4183.050000	4183.090000	4000.000000	18000.000000	8000.000000	Trill	10.796875	13.390778	NaN	NaN	29.258787	0.000000
493	Spectrogram 1	1	4195.550000	4196.190000	4000.000000	18000.000000	8000.000000	Trill	12.693119	26.535714	NaN	NaN	141.955504	0.000000
494	Spectrogram 1	1	4224.200000	4224.220000	4000.000000	18000.000000	8000.000000	Sd-peep	4.278070	8.129043	NaN	NaN	46.996232	0.000000
495	Spectrogram 1	1	4229.920000	4229.950000	4000.000000	18000.000000	8000.000000	Trill	5.081408	9.089392	NaN	NaN	35.881111	0.000000
496	Spectrogram 1	1	4232.280000	4232.570000	4000.000000	18000.000000	8000.000000	Phee	5.337246	10.069531	NaN	NaN	40.560511	0.000000
497	Spectrogram 1	1	4257.330000	4257.450000	4000.000000	18000.000000	8000.000000	Phee	5.644456	12.036513	NaN	NaN	57.748185	0.000000
498	Spectrogram 1	1	4257.550000	4257.750000	4000.000000	18000.000000	8000.000000	Phee	5.085550	8.517726	NaN	NaN	32.313731	0.000000
499	Spectrogram 1	1	4258.340000	4258.470000	4000.000000	18000.000000	8000.000000	Twitter	4.130381	22.221501	NaN	NaN	52.723770	0.000000
500	Spectrogram 1	1	4356.260000	4356.300000	4000.000000	18000.000000	8000.000000	Phee	4.901653	6.653803	NaN	NaN	55.789856	0.000000
501	Spectrogram 1	1	4375.930000	4376.010000	4000.000000	18000.000000	8000.000000	Trill	5.061425	11.526658	NaN	NaN	40.662847	0.000000
502	Spectrogram 1	1	4377.290000	4377.480000	4000.000000	18000.000000	8000.000000	Trill	5.574664	16.602520	NaN	NaN	57.798424	0.000000
503	Spectrogram 1	1	4377.520000	4377.820000	4000.000000	18000.000000	8000.000000	Phee	5.723777	14.894815	NaN	NaN	45.663551	0.000000
504	Spectrogram 1	1	4410.400000	4410.440000	4000.000000	18000.000000	8000.000000	Trill	8.837928	11.797932	NaN	NaN	29.025909	0.000000
505	Spectrogram 1	1	4420.620000	4420.660000	4000.000000	18000.000000	8000.000000	Phee	4.155713	6.870300	NaN	NaN	41.684253	0.000000
506	Spectrogram 1	1	4436.560000	4436.620000	4000.000000	18000.000000	8000.000000	Trill	10.180825	11.477380	NaN	NaN	70.425349	0.000000
507	Spectrogram 1	1	4445.670000	4445.710000	4000.000000	18000.000000	8000.000000	Trill	4.168360	7.023757	NaN	NaN	43.201473	0.000000
508	Spectrogram 1	1	4449.870000	4449.980000	4000.000000	18000.000000	8000.000000	Phee	NaN	NaN	NaN	NaN	47.192413	0.000000
509	Spectrogram 1	1	4458.500000	4458.520000	4000.000000	18000.000000	8000.000000	Sd-peep	4.888057	5.794207	NaN	NaN	33.627863	0.000000
510	Spectrogram 1	1	4462.310000	4463.640000	4000.000000	18000.000000	8000.000000	Twitter	7.807114	22.414256	NaN	NaN	51.725902	0.000000
511	Spectrogram 1	1	4476.820000	4476.880000	4000.000000	18000.000000	8000.000000	Phee	4.058776	8.200687	NaN	NaN	37.506137	0.000000
512	Spectrogram 1	1	4504.590000	4504.660000	4000.000000	18000.000000	8000.000000	Phee	4.729149	10.582304	NaN	NaN	43.622718	0.000000
513	Spectrogram 1	1	4516.160000	4516.850000	4000.000000	18000.000000	8000.000000	Trill	5.026540	14.527611	NaN	NaN	59.441166	0.000000
