Selection	View	Channel	Begin Time (s)	End Time (s)	Low Freq (Hz)	High Freq (Hz)	Max Freq (Hz)	Call Type	Energy Diff	Energy Par	Energy Diff (wl)	Energy Par (wl)	AHR	Exception
1	Spectrogram 1	1	122.110000	122.190000	4000.000000	18000.000000	8000.000000	Trillphee	4.117424	13.134867	NaN	NaN	47.566590	0.000000
2	Spectrogram 1	1	127.150000	127.190000	4000.000000	18000.000000	8000.000000	Trill	11.149160	11.990619	NaN	NaN	37.721128	0.000000
3	Spectrogram 1	1	137.300000	137.340000	4000.000000	18000.000000	8000.000000	Trill	4.414050	14.517758	NaN	NaN	60.876938	0.000000
4	Spectrogram 1	1	184.800000	184.820000	4000.000000	18000.000000	8000.000000	Sd-peep	9.084772	9.764394	NaN	NaN	31.072136	0.000000
5	Spectrogram 1	1	184.970000	184.990000	4000.000000	18000.000000	8000.000000	Sd-peep	10.117291	10.007233	NaN	NaN	36.621314	0.000000
6	Spectrogram 1	1	191.940000	191.980000	4000.000000	18000.000000	8000.000000	Phee	5.003673	15.841958	NaN	NaN	52.872322	0.000000
7	Spectrogram 1	1	205.290000	205.310000	4000.000000	18000.000000	8000.000000	Sd-peep	6.359082	8.059322	NaN	NaN	35.334831	0.000000
8	Spectrogram 1	1	212.910000	213.030000	4000.000000	18000.000000	8000.000000	Trill	5.419905	10.864629	NaN	NaN	30.348757	0.000000
9	Spectrogram 1	1	217.620000	217.650000	4000.000000	18000.000000	8000.000000	Phee	4.958534	13.498717	NaN	NaN	59.591524	0.000000
10	Spectrogram 1	1	236.420000	238.060000	4000.000000	18000.000000	8000.000000	Trillphee	4.496680	16.379912	NaN	NaN	37.939145	0.000000
11	Spectrogram 1	1	238.120000	238.160000	4000.000000	18000.000000	8000.000000	Twitter	12.756349	15.202873	NaN	NaN	33.688370	0.000000
12	Spectrogram 1	1	239.380000	239.650000	4000.000000	18000.000000	8000.000000	Trill	5.217985	10.821795	NaN	NaN	31.269497	0.000000
13	Spectrogram 1	1	239.720000	239.750000	4000.000000	18000.000000	8000.000000	Sd-peep	13.042399	14.487677	NaN	NaN	35.004829	0.000000
14	Spectrogram 1	1	348.780000	348.840000	4000.000000	18000.000000	8000.000000	Trill	4.271873	22.244925	NaN	NaN	65.559514	0.000000
15	Spectrogram 1	1	424.570000	424.600000	4000.000000	18000.000000	8000.000000	Trill	8.981303	13.051048	NaN	NaN	29.280675	0.000000
16	Spectrogram 1	1	431.190000	431.220000	4000.000000	18000.000000	8000.000000	Trill	7.406643	12.515631	NaN	NaN	29.584830	0.000000
17	Spectrogram 1	1	442.360000	442.620000	4000.000000	18000.000000	8000.000000	Trill	5.165436	12.639903	NaN	NaN	30.876386	0.000000
18	Spectrogram 1	1	479.230000	479.510000	4000.000000	18000.000000	8000.000000	Trill	7.112886	16.994760	NaN	NaN	62.292023	0.000000
19	Spectrogram 1	1	500.260000	500.540000	4000.000000	18000.000000	8000.000000	Trill	7.581684	18.616079	NaN	NaN	67.071772	0.000000
20	Spectrogram 1	1	509.410000	509.430000	4000.000000	18000.000000	8000.000000	Sd-peep	8.621049	9.097935	NaN	NaN	31.652796	0.000000
21	Spectrogram 1	1	509.590000	509.610000	4000.000000	18000.000000	8000.000000	Sd-peep	9.753520	9.674032	NaN	NaN	46.292059	0.000000
22	Spectrogram 1	1	529.300000	529.770000	4000.000000	18000.000000	8000.000000	Phee	6.075662	21.928676	NaN	NaN	109.600552	0.000000
23	Spectrogram 1	1	536.520000	536.710000	4000.000000	18000.000000	8000.000000	Trill	10.299668	12.312090	NaN	NaN	28.755059	0.000000
24	Spectrogram 1	1	536.910000	536.970000	4000.000000	18000.000000	8000.000000	Trill	6.695395	10.253062	NaN	NaN	34.355332	0.000000
25	Spectrogram 1	1	546.800000	547.210000	4000.000000	18000.000000	8000.000000	Trill	12.716990	22.766435	NaN	NaN	103.899977	0.000000
26	Spectrogram 1	1	551.990000	552.040000	4000.000000	18000.000000	8000.000000	Phee	12.320487	12.188861	NaN	NaN	34.041777	0.000000
27	Spectrogram 1	1	592.180000	592.320000	4000.000000	18000.000000	8000.000000	Trill	4.161194	15.246155	NaN	NaN	43.419894	0.000000
28	Spectrogram 1	1	592.400000	592.920000	4000.000000	18000.000000	8000.000000	Trill	4.381529	14.889842	NaN	NaN	55.179937	0.000000
29	Spectrogram 1	1	609.170000	609.410000	4000.000000	18000.000000	8000.000000	Trill	6.730314	16.575841	NaN	NaN	62.010972	0.000000
30	Spectrogram 1	1	636.390000	636.420000	4000.000000	18000.000000	8000.000000	Phee	4.169172	12.513043	NaN	NaN	72.245288	0.000000
31	Spectrogram 1	1	668.820000	668.910000	4000.000000	18000.000000	8000.000000	Trill	10.829260	12.538236	NaN	NaN	28.516001	0.000000
32	Spectrogram 1	1	677.880000	677.900000	4000.000000	18000.000000	8000.000000	Sd-peep	14.393898	13.687859	NaN	NaN	35.985638	0.000000
33	Spectrogram 1	1	710.680000	710.740000	4000.000000	18000.000000	8000.000000	Trill	9.843600	14.059583	NaN	NaN	29.087344	0.000000
34	Spectrogram 1	1	711.170000	711.250000	4000.000000	18000.000000	8000.000000	Trill	4.387196	8.735538	NaN	NaN	32.598371	0.000000
35	Spectrogram 1	1	728.330000	728.380000	4000.000000	18000.000000	8000.000000	Trill	4.212130	7.893617	NaN	NaN	45.037284	0.000000
36	Spectrogram 1	1	728.860000	729.130000	4000.000000	18000.000000	8000.000000	Trill	4.316515	14.636573	NaN	NaN	51.622143	0.000000
37	Spectrogram 1	1	734.410000	734.610000	4000.000000	18000.000000	8000.000000	Trill	5.881078	18.850680	NaN	NaN	50.494138	0.000000
38	Spectrogram 1	1	737.280000	737.630000	4000.000000	18000.000000	8000.000000	Trill	4.644150	15.608553	NaN	NaN	53.094366	0.000000
39	Spectrogram 1	1	744.000000	744.040000	4000.000000	18000.000000	8000.000000	Trill	8.905930	9.580810	NaN	NaN	29.701782	0.000000
40	Spectrogram 1	1	761.420000	761.850000	4000.000000	18000.000000	8000.000000	Trill	10.994793	20.732847	NaN	NaN	83.419138	0.000000
41	Spectrogram 1	1	772.360000	772.740000	4000.000000	18000.000000	8000.000000	Trill	11.119037	20.901455	NaN	NaN	94.890539	0.000000
42	Spectrogram 1	1	806.810000	806.890000	4000.000000	18000.000000	8000.000000	Phee	4.088511	25.580749	NaN	NaN	44.017129	0.000000
43	Spectrogram 1	1	824.900000	825.120000	4000.000000	18000.000000	8000.000000	Trill	6.793184	13.612235	NaN	NaN	45.919368	0.000000
44	Spectrogram 1	1	855.020000	855.040000	4000.000000	18000.000000	8000.000000	Sd-peep	6.247420	7.824812	NaN	NaN	29.974773	0.000000
45	Spectrogram 1	1	855.110000	855.140000	4000.000000	18000.000000	8000.000000	Trill	13.637567	12.265335	NaN	NaN	32.454396	0.000000
46	Spectrogram 1	1	856.840000	857.110000	4000.000000	18000.000000	8000.000000	Trill	10.643901	20.329475	NaN	NaN	76.694779	0.000000
47	Spectrogram 1	1	857.960000	858.040000	4000.000000	18000.000000	8000.000000	Phee	4.350449	7.615558	NaN	NaN	41.219711	0.000000
48	Spectrogram 1	1	860.730000	860.750000	4000.000000	18000.000000	8000.000000	Sd-peep	4.488432	12.865171	NaN	NaN	31.397335	0.000000
49	Spectrogram 1	1	860.840000	860.870000	4000.000000	18000.000000	8000.000000	Trill	6.222525	13.338578	NaN	NaN	43.057008	0.000000
50	Spectrogram 1	1	864.870000	864.910000	4000.000000	18000.000000	8000.000000	Trill	13.170161	13.060316	NaN	NaN	45.779749	0.000000
51	Spectrogram 1	1	867.090000	867.120000	4000.000000	18000.000000	8000.000000	Trill	10.548416	11.613209	NaN	NaN	38.112671	0.000000
52	Spectrogram 1	1	909.950000	909.990000	4000.000000	18000.000000	8000.000000	Trill	8.064299	11.519582	NaN	NaN	32.374941	0.000000
53	Spectrogram 1	1	911.140000	911.190000	4000.000000	18000.000000	8000.000000	Trill	4.254484	12.534224	NaN	NaN	87.848381	0.000000
54	Spectrogram 1	1	914.280000	914.420000	4000.000000	18000.000000	8000.000000	Trillphee	5.628144	18.980041	NaN	NaN	60.271511	0.000000
55	Spectrogram 1	1	925.840000	926.190000	4000.000000	18000.000000	8000.000000	Trill	12.443139	24.749323	NaN	NaN	83.102988	0.000000
56	Spectrogram 1	1	941.620000	942.040000	4000.000000	18000.000000	8000.000000	Trill	14.117445	23.117602	NaN	NaN	123.992418	0.000000
57	Spectrogram 1	1	947.700000	947.790000	4000.000000	18000.000000	8000.000000	Twitter	7.876867	25.958950	NaN	NaN	85.017588	0.000000
58	Spectrogram 1	1	947.830000	947.920000	4000.000000	18000.000000	8000.000000	Twitter	7.083955	22.774148	NaN	NaN	46.583321	0.000000
59	Spectrogram 1	1	947.960000	948.510000	4000.000000	18000.000000	8000.000000	Twitter	6.696396	19.784199	NaN	NaN	49.535102	0.000000
60	Spectrogram 1	1	968.550000	968.620000	4000.000000	18000.000000	8000.000000	Twitter	4.075475	21.781450	NaN	NaN	38.680445	0.000000
61	Spectrogram 1	1	1029.530000	1029.600000	4000.000000	18000.000000	8000.000000	Trill	5.319094	10.046039	NaN	NaN	31.496962	0.000000
62	Spectrogram 1	1	1043.020000	1043.040000	4000.000000	18000.000000	8000.000000	Sd-peep	7.025185	9.089389	NaN	NaN	31.200247	0.000000
63	Spectrogram 1	1	1061.210000	1061.480000	4000.000000	18000.000000	8000.000000	Trill	4.144279	12.915509	NaN	NaN	51.032179	0.000000
64	Spectrogram 1	1	1095.110000	1095.220000	4000.000000	18000.000000	8000.000000	Trill	6.731345	15.129911	NaN	NaN	43.243317	0.000000
65	Spectrogram 1	1	1106.550000	1106.610000	4000.000000	18000.000000	8000.000000	Trill	7.200086	22.311591	NaN	NaN	78.414918	0.000000
66	Spectrogram 1	1	1123.920000	1124.230000	4000.000000	18000.000000	8000.000000	Trill	6.187887	14.313053	NaN	NaN	68.774503	0.000000
67	Spectrogram 1	1	1157.870000	1157.930000	4000.000000	18000.000000	8000.000000	Trill	10.784468	10.357226	NaN	NaN	28.869452	0.000000
68	Spectrogram 1	1	1158.410000	1158.440000	4000.000000	18000.000000	8000.000000	Trill	9.866963	14.273511	NaN	NaN	37.156379	0.000000
69	Spectrogram 1	1	1169.670000	1169.940000	4000.000000	18000.000000	8000.000000	Trill	16.106431	26.998395	NaN	NaN	124.355704	0.000000
70	Spectrogram 1	1	1182.010000	1182.140000	4000.000000	18000.000000	8000.000000	Phee	4.467071	8.751742	NaN	NaN	37.520438	0.000000
71	Spectrogram 1	1	1201.770000	1201.870000	4000.000000	18000.000000	8000.000000	Trill	5.054768	8.183886	NaN	NaN	32.702266	0.000000
72	Spectrogram 1	1	1201.940000	1201.960000	4000.000000	18000.000000	8000.000000	Sd-peep	5.531410	9.048283	NaN	NaN	33.522453	0.000000
73	Spectrogram 1	1	1230.100000	1230.160000	4000.000000	18000.000000	8000.000000	Trill	4.329838	10.853071	NaN	NaN	35.221703	0.000000
74	Spectrogram 1	1	1249.550000	1249.890000	4000.000000	18000.000000	8000.000000	Trill	10.075744	20.417803	NaN	NaN	84.303067	0.000000
75	Spectrogram 1	1	1252.630000	1252.770000	4000.000000	18000.000000	8000.000000	Phee	5.007575	13.457924	NaN	NaN	38.021021	0.000000
76	Spectrogram 1	1	1292.990000	1293.030000	4000.000000	18000.000000	8000.000000	Twitter	9.922983	13.631810	NaN	NaN	33.190977	0.000000
77	Spectrogram 1	1	1306.240000	1306.290000	4000.000000	18000.000000	8000.000000	Trill	11.100682	10.874817	NaN	NaN	33.991946	0.000000
78	Spectrogram 1	1	1306.340000	1306.410000	4000.000000	18000.000000	8000.000000	Trill	9.750503	9.509037	NaN	NaN	37.156986	0.000000
79	Spectrogram 1	1	1329.950000	1330.070000	4000.000000	18000.000000	8000.000000	Trillphee	5.170322	10.801077	NaN	NaN	42.703047	0.000000
80	Spectrogram 1	1	1360.300000	1360.350000	4000.000000	18000.000000	8000.000000	Trill	4.195913	10.602744	NaN	NaN	58.435426	0.000000
81	Spectrogram 1	1	1390.030000	1390.120000	4000.000000	18000.000000	8000.000000	Twitter	5.604671	23.067122	NaN	NaN	87.499759	0.000000
82	Spectrogram 1	1	1411.340000	1411.360000	4000.000000	18000.000000	8000.000000	Sd-peep	4.882389	8.329207	NaN	NaN	35.102469	0.000000
83	Spectrogram 1	1	1457.010000	1457.040000	4000.000000	18000.000000	8000.000000	Trillphee	6.474760	11.948191	NaN	NaN	58.927637	0.000000
84	Spectrogram 1	1	1481.750000	1481.780000	4000.000000	18000.000000	8000.000000	Trill	13.626464	13.797988	NaN	NaN	36.040884	0.000000
85	Spectrogram 1	1	1496.360000	1496.400000	4000.000000	18000.000000	8000.000000	Trill	12.906747	13.264847	NaN	NaN	31.722760	0.000000
86	Spectrogram 1	1	1498.260000	1498.490000	4000.000000	18000.000000	8000.000000	Trill	15.780338	25.120722	NaN	NaN	118.040018	0.000000
87	Spectrogram 1	1	1499.880000	1499.980000	4000.000000	18000.000000	8000.000000	Trill	14.109645	30.000000	NaN	NaN	118.656313	0.000000
88	Spectrogram 1	1	1500.010000	1500.430000	4000.000000	18000.000000	8000.000000	Trill	16.401575	29.860108	NaN	NaN	113.936894	0.000000
89	Spectrogram 1	1	1500.810000	1500.840000	4000.000000	18000.000000	8000.000000	Trill	8.948367	10.657460	NaN	NaN	36.449205	0.000000
90	Spectrogram 1	1	1524.810000	1525.190000	4000.000000	18000.000000	8000.000000	Trill	10.644133	19.645692	NaN	NaN	58.491966	0.000000
91	Spectrogram 1	1	1526.480000	1526.500000	4000.000000	18000.000000	8000.000000	Sd-peep	13.216245	13.559662	NaN	NaN	34.524278	0.000000
92	Spectrogram 1	1	1538.040000	1538.110000	4000.000000	18000.000000	8000.000000	Trill	8.140058	18.117725	NaN	NaN	69.242156	0.000000
93	Spectrogram 1	1	1557.480000	1557.540000	4000.000000	18000.000000	8000.000000	Trill	5.978462	14.613077	NaN	NaN	44.353244	0.000000
94	Spectrogram 1	1	1566.700000	1566.760000	4000.000000	18000.000000	8000.000000	Trill	9.761328	10.850789	NaN	NaN	31.666932	0.000000
95	Spectrogram 1	1	1597.230000	1597.270000	4000.000000	18000.000000	8000.000000	Phee	4.090706	9.985630	NaN	NaN	75.131124	0.000000
96	Spectrogram 1	1	1624.430000	1625.030000	4000.000000	18000.000000	8000.000000	Trill	4.328131	17.988260	NaN	NaN	48.758617	0.000000
97	Spectrogram 1	1	1625.120000	1625.150000	4000.000000	18000.000000	8000.000000	Twitter	5.447589	21.883879	NaN	NaN	88.895685	0.000000
98	Spectrogram 1	1	1625.210000	1625.510000	4000.000000	18000.000000	8000.000000	Trill	4.610045	19.801902	NaN	NaN	63.131633	0.000000
99	Spectrogram 1	1	1651.640000	1651.950000	4000.000000	18000.000000	8000.000000	Trill	16.515246	25.768262	NaN	NaN	104.124949	0.000000
100	Spectrogram 1	1	1656.690000	1656.790000	4000.000000	18000.000000	8000.000000	Trill	6.664795	10.783903	NaN	NaN	30.093626	0.000000
101	Spectrogram 1	1	1669.140000	1669.430000	4000.000000	18000.000000	8000.000000	Trill	5.845610	16.368404	NaN	NaN	46.943553	0.000000
102	Spectrogram 1	1	1694.520000	1694.760000	4000.000000	18000.000000	8000.000000	Trill	8.498758	17.507269	NaN	NaN	61.041093	0.000000
103	Spectrogram 1	1	1733.020000	1733.500000	4000.000000	18000.000000	8000.000000	Trillphee	4.946455	10.226813	NaN	NaN	34.821203	0.000000
104	Spectrogram 1	1	1735.560000	1735.930000	4000.000000	18000.000000	8000.000000	Trill	6.460823	17.306471	NaN	NaN	64.314058	0.000000
105	Spectrogram 1	1	1749.280000	1749.570000	4000.000000	18000.000000	8000.000000	Trill	5.258563	15.252995	NaN	NaN	54.124652	0.000000
106	Spectrogram 1	1	1764.060000	1764.130000	4000.000000	18000.000000	8000.000000	Trill	7.105550	10.850879	NaN	NaN	29.282979	0.000000
107	Spectrogram 1	1	1767.640000	1767.970000	4000.000000	18000.000000	8000.000000	Trill	7.427484	16.564294	NaN	NaN	75.896344	0.000000
108	Spectrogram 1	1	1768.050000	1768.070000	4000.000000	18000.000000	8000.000000	Sd-peep	8.026526	9.861837	NaN	NaN	61.953794	0.000000
109	Spectrogram 1	1	1774.780000	1774.820000	4000.000000	18000.000000	8000.000000	Trill	12.080040	12.000242	NaN	NaN	33.072439	0.000000
110	Spectrogram 1	1	1784.160000	1784.210000	4000.000000	18000.000000	8000.000000	Trill	10.087404	10.390901	NaN	NaN	29.136757	0.000000
111	Spectrogram 1	1	1803.080000	1804.110000	4000.000000	18000.000000	8000.000000	Trill	5.657923	27.366882	NaN	NaN	92.642833	0.000000
112	Spectrogram 1	1	1804.450000	1805.270000	4000.000000	18000.000000	8000.000000	Phee	6.032705	29.698000	NaN	NaN	60.367015	0.000000
113	Spectrogram 1	1	1805.620000	1806.520000	4000.000000	18000.000000	8000.000000	Trillphee	6.182194	29.477587	NaN	NaN	58.653484	0.000000
114	Spectrogram 1	1	1817.510000	1817.560000	4000.000000	18000.000000	8000.000000	Twitter	4.515436	14.902932	NaN	NaN	46.275253	0.000000
115	Spectrogram 1	1	1844.190000	1844.220000	4000.000000	18000.000000	8000.000000	Phee	4.090085	13.471520	NaN	NaN	35.174783	0.000000
116	Spectrogram 1	1	1849.680000	1850.080000	4000.000000	18000.000000	8000.000000	Trill	4.565188	13.686454	NaN	NaN	45.048204	0.000000
117	Spectrogram 1	1	1862.540000	1862.580000	4000.000000	18000.000000	8000.000000	Trill	7.881798	13.045310	NaN	NaN	41.739729	0.000000
118	Spectrogram 1	1	1891.740000	1891.780000	4000.000000	18000.000000	8000.000000	Phee	5.117786	17.189511	NaN	NaN	43.014057	0.000000
119	Spectrogram 1	1	1919.750000	1919.980000	4000.000000	18000.000000	8000.000000	Trill	5.499152	15.201211	NaN	NaN	40.291840	0.000000
120	Spectrogram 1	1	1920.160000	1920.230000	4000.000000	18000.000000	8000.000000	Trillphee	4.887764	8.961569	NaN	NaN	51.049303	0.000000
121	Spectrogram 1	1	1936.070000	1936.110000	4000.000000	18000.000000	8000.000000	Phee	7.239427	12.427455	NaN	NaN	38.054130	0.000000
122	Spectrogram 1	1	1945.410000	1945.460000	4000.000000	18000.000000	8000.000000	Trillphee	4.291592	21.718220	NaN	NaN	122.149000	0.000000
123	Spectrogram 1	1	1950.000000	1950.360000	4000.000000	18000.000000	8000.000000	Trill	15.421251	29.504697	NaN	NaN	102.152795	0.000000
124	Spectrogram 1	1	1963.520000	1963.770000	4000.000000	18000.000000	8000.000000	Trill	8.166537	16.174644	NaN	NaN	53.385013	0.000000
125	Spectrogram 1	1	1964.590000	1964.660000	4000.000000	18000.000000	8000.000000	Phee	4.944823	14.075289	NaN	NaN	50.955254	0.000000
126	Spectrogram 1	1	1971.590000	1971.660000	4000.000000	18000.000000	8000.000000	Trill	7.801656	12.606191	NaN	NaN	31.799251	0.000000
127	Spectrogram 1	1	1975.680000	1976.010000	4000.000000	18000.000000	8000.000000	Trill	4.595179	13.978853	NaN	NaN	35.162189	0.000000
128	Spectrogram 1	1	1985.000000	1985.100000	4000.000000	18000.000000	8000.000000	Phee	4.319023	11.257004	NaN	NaN	44.046737	0.000000
129	Spectrogram 1	1	1985.490000	1985.530000	4000.000000	18000.000000	8000.000000	Phee	4.876829	11.959742	NaN	NaN	42.590068	0.000000
130	Spectrogram 1	1	1993.950000	1994.050000	4000.000000	18000.000000	8000.000000	Twitter	7.246169	19.596434	NaN	NaN	74.588778	0.000000
131	Spectrogram 1	1	1995.170000	1995.200000	4000.000000	18000.000000	8000.000000	Sd-peep	4.079741	11.724055	NaN	NaN	40.567231	0.000000
132	Spectrogram 1	1	2001.500000	2001.520000	4000.000000	18000.000000	8000.000000	Sd-peep	11.166981	13.695635	NaN	NaN	46.133353	0.000000
133	Spectrogram 1	1	2001.820000	2001.840000	4000.000000	18000.000000	8000.000000	Sd-peep	9.948996	13.476614	NaN	NaN	46.778743	0.000000
134	Spectrogram 1	1	2008.170000	2008.240000	4000.000000	18000.000000	8000.000000	Trill	5.546233	9.114647	NaN	NaN	30.511967	0.000000
135	Spectrogram 1	1	2036.490000	2036.730000	4000.000000	18000.000000	8000.000000	Trill	8.213032	16.826024	NaN	NaN	42.370468	0.000000
136	Spectrogram 1	1	2051.360000	2051.520000	4000.000000	18000.000000	8000.000000	Trillphee	4.612793	24.855366	NaN	NaN	125.730780	0.000000
137	Spectrogram 1	1	2059.260000	2059.300000	4000.000000	18000.000000	8000.000000	Trill	4.955534	9.987415	NaN	NaN	69.317915	0.000000
138	Spectrogram 1	1	2078.680000	2078.890000	4000.000000	18000.000000	8000.000000	Trill	7.531015	17.500180	NaN	NaN	57.241531	0.000000
139	Spectrogram 1	1	2091.760000	2091.820000	4000.000000	18000.000000	8000.000000	Phee	4.924012	8.684230	NaN	NaN	65.720155	0.000000
140	Spectrogram 1	1	2091.900000	2091.920000	4000.000000	18000.000000	8000.000000	Sd-peep	4.858896	7.911104	NaN	NaN	54.221920	0.000000
141	Spectrogram 1	1	2092.240000	2092.320000	4000.000000	18000.000000	8000.000000	Phee	4.913431	9.350767	NaN	NaN	68.494235	0.000000
142	Spectrogram 1	1	2093.240000	2093.590000	4000.000000	18000.000000	8000.000000	Trill	4.007042	15.615472	NaN	NaN	52.982500	0.000000
143	Spectrogram 1	1	2100.530000	2100.550000	4000.000000	18000.000000	8000.000000	Sd-peep	4.836359	7.694539	NaN	NaN	35.920122	0.000000
144	Spectrogram 1	1	2131.540000	2131.850000	4000.000000	18000.000000	8000.000000	Trill	7.166683	16.394260	NaN	NaN	53.572457	0.000000
145	Spectrogram 1	1	2132.820000	2133.100000	4000.000000	18000.000000	8000.000000	Trill	9.677726	17.128975	NaN	NaN	76.082823	0.000000
146	Spectrogram 1	1	2141.920000	2141.950000	4000.000000	18000.000000	8000.000000	Trill	9.978153	9.997314	NaN	NaN	30.795668	0.000000
147	Spectrogram 1	1	2146.670000	2146.940000	4000.000000	18000.000000	8000.000000	Trill	11.684752	22.915450	NaN	NaN	98.377764	0.000000
148	Spectrogram 1	1	2169.790000	2170.070000	4000.000000	18000.000000	8000.000000	Trill	10.391351	21.732285	NaN	NaN	63.404461	0.000000
149	Spectrogram 1	1	2175.380000	2175.410000	4000.000000	18000.000000	8000.000000	Trill	4.071614	8.192416	NaN	NaN	55.260880	0.000000
150	Spectrogram 1	1	2183.860000	2184.140000	4000.000000	18000.000000	8000.000000	Trill	5.181462	18.364071	NaN	NaN	51.964988	0.000000
151	Spectrogram 1	1	2190.210000	2190.440000	4000.000000	18000.000000	8000.000000	Trill	4.957910	14.695044	NaN	NaN	53.105825	0.000000
152	Spectrogram 1	1	2193.640000	2193.670000	4000.000000	18000.000000	8000.000000	Phee	4.173842	12.784600	NaN	NaN	47.692517	0.000000
153	Spectrogram 1	1	2205.230000	2205.260000	4000.000000	18000.000000	8000.000000	Trill	8.331313	9.228167	NaN	NaN	30.351803	0.000000
154	Spectrogram 1	1	2211.330000	2211.380000	4000.000000	18000.000000	8000.000000	Trill	7.001741	11.636881	NaN	NaN	29.745365	0.000000
155	Spectrogram 1	1	2214.090000	2214.400000	4000.000000	18000.000000	8000.000000	Trill	15.140496	25.527901	NaN	NaN	99.598897	0.000000
156	Spectrogram 1	1	2230.100000	2230.140000	4000.000000	18000.000000	8000.000000	Phee	4.138880	13.758735	NaN	NaN	53.892777	0.000000
157	Spectrogram 1	1	2241.300000	2241.470000	4000.000000	18000.000000	8000.000000	Trill	6.770917	13.379622	NaN	NaN	51.288799	0.000000
158	Spectrogram 1	1	2247.900000	2247.960000	4000.000000	18000.000000	8000.000000	Trill	7.999982	12.225213	NaN	NaN	33.943171	0.000000
159	Spectrogram 1	1	2272.610000	2272.940000	4000.000000	18000.000000	8000.000000	Trill	10.483151	21.013008	NaN	NaN	77.101266	0.000000
160	Spectrogram 1	1	2290.020000	2290.050000	4000.000000	18000.000000	8000.000000	Trill	13.798253	13.122270	NaN	NaN	32.736187	0.000000
161	Spectrogram 1	1	2323.990000	2324.230000	4000.000000	18000.000000	8000.000000	Trill	6.000636	16.579768	NaN	NaN	70.591083	0.000000
162	Spectrogram 1	1	2340.640000	2340.930000	4000.000000	18000.000000	8000.000000	Trill	6.478286	16.965287	NaN	NaN	70.654024	0.000000
163	Spectrogram 1	1	2342.690000	2342.930000	4000.000000	18000.000000	8000.000000	Trill	4.198469	15.838845	NaN	NaN	34.229330	0.000000
164	Spectrogram 1	1	2344.890000	2344.910000	4000.000000	18000.000000	8000.000000	Sd-peep	8.642467	14.007808	NaN	NaN	33.857494	0.000000
165	Spectrogram 1	1	2378.240000	2378.580000	4000.000000	18000.000000	8000.000000	Trill	9.615099	19.226843	NaN	NaN	48.127405	0.000000
166	Spectrogram 1	1	2380.440000	2380.460000	4000.000000	18000.000000	8000.000000	Sd-peep	12.804141	11.227049	NaN	NaN	31.475232	0.000000
167	Spectrogram 1	1	2384.950000	2385.900000	4000.000000	18000.000000	8000.000000	Trill	8.042810	26.115987	NaN	NaN	103.754591	0.000000
168	Spectrogram 1	1	2415.010000	2415.410000	4000.000000	18000.000000	8000.000000	Trill	15.192147	27.393951	NaN	NaN	144.526293	0.000000
169	Spectrogram 1	1	2423.770000	2423.840000	4000.000000	18000.000000	8000.000000	Trill	8.298552	9.841829	NaN	NaN	33.747891	0.000000
170	Spectrogram 1	1	2423.910000	2423.930000	4000.000000	18000.000000	8000.000000	Sd-peep	8.366603	9.654948	NaN	NaN	29.945925	0.000000
171	Spectrogram 1	1	2456.590000	2456.730000	4000.000000	18000.000000	8000.000000	Phee	5.387466	12.796320	NaN	NaN	64.636465	0.000000
172	Spectrogram 1	1	2469.590000	2469.700000	4000.000000	18000.000000	8000.000000	Twitter	9.469847	27.721958	NaN	NaN	79.865140	0.000000
173	Spectrogram 1	1	2469.760000	2470.930000	4000.000000	18000.000000	8000.000000	Twitter	7.637870	22.626880	NaN	NaN	42.097662	0.000000
174	Spectrogram 1	1	2480.980000	2481.010000	4000.000000	18000.000000	8000.000000	Trill	6.595022	11.380438	NaN	NaN	30.574638	0.000000
175	Spectrogram 1	1	2502.290000	2502.590000	4000.000000	18000.000000	8000.000000	Trill	14.117034	26.134860	NaN	NaN	114.653177	0.000000
176	Spectrogram 1	1	2525.520000	2525.580000	4000.000000	18000.000000	8000.000000	Trill	4.707633	16.321440	NaN	NaN	47.249886	0.000000
177	Spectrogram 1	1	2527.650000	2527.900000	4000.000000	18000.000000	8000.000000	Trill	7.001166	15.585165	NaN	NaN	53.900134	0.000000
178	Spectrogram 1	1	2532.970000	2533.090000	4000.000000	18000.000000	8000.000000	Trill	4.712062	14.299602	NaN	NaN	60.183404	0.000000
179	Spectrogram 1	1	2539.820000	2539.910000	4000.000000	18000.000000	8000.000000	Trill	4.909486	10.215233	NaN	NaN	31.471529	0.000000
180	Spectrogram 1	1	2561.550000	2561.590000	4000.000000	18000.000000	8000.000000	Trill	5.979409	14.020715	NaN	NaN	63.472606	0.000000
181	Spectrogram 1	1	2562.690000	2562.880000	4000.000000	18000.000000	8000.000000	Trillphee	4.092921	13.027126	NaN	NaN	34.926585	0.000000
182	Spectrogram 1	1	2566.380000	2566.410000	4000.000000	18000.000000	8000.000000	Trill	4.839011	14.997931	NaN	NaN	49.983679	0.000000
183	Spectrogram 1	1	2573.080000	2573.320000	4000.000000	18000.000000	8000.000000	Trillphee	5.260991	13.722263	NaN	NaN	59.079180	0.000000
184	Spectrogram 1	1	2573.530000	2573.560000	4000.000000	18000.000000	8000.000000	Trillphee	7.160102	14.599941	NaN	NaN	81.708170	0.000000
185	Spectrogram 1	1	2573.740000	2573.810000	4000.000000	18000.000000	8000.000000	Trillphee	4.816332	11.992978	NaN	NaN	67.936295	0.000000
186	Spectrogram 1	1	2607.550000	2607.900000	4000.000000	18000.000000	8000.000000	Trill	9.240459	18.397043	NaN	NaN	69.387487	0.000000
187	Spectrogram 1	1	2608.970000	2609.130000	4000.000000	18000.000000	8000.000000	Trill	8.157438	16.045906	NaN	NaN	56.915286	0.000000
188	Spectrogram 1	1	2619.040000	2619.070000	4000.000000	18000.000000	8000.000000	Trill	7.183275	11.351189	NaN	NaN	42.211730	0.000000
189	Spectrogram 1	1	2635.620000	2635.880000	4000.000000	18000.000000	8000.000000	Trill	11.909762	21.910441	NaN	NaN	107.273779	0.000000
190	Spectrogram 1	1	2642.390000	2643.300000	4000.000000	18000.000000	8000.000000	Phee	5.296422	19.442928	NaN	NaN	43.031963	0.000000
191	Spectrogram 1	1	2649.280000	2649.660000	4000.000000	18000.000000	8000.000000	Trill	18.237285	30.000000	NaN	NaN	139.580766	0.000000
192	Spectrogram 1	1	2651.500000	2651.790000	4000.000000	18000.000000	8000.000000	Trill	17.332714	27.456563	NaN	NaN	141.528580	0.000000
193	Spectrogram 1	1	2656.270000	2656.290000	4000.000000	18000.000000	8000.000000	Sd-peep	7.683794	8.432272	NaN	NaN	39.661293	0.000000
194	Spectrogram 1	1	2661.890000	2661.920000	4000.000000	18000.000000	8000.000000	Phee	4.124129	26.311770	NaN	NaN	40.950766	0.000000
195	Spectrogram 1	1	2666.730000	2667.060000	4000.000000	18000.000000	8000.000000	Trill	16.095744	26.176580	NaN	NaN	88.154869	0.000000
196	Spectrogram 1	1	2674.210000	2674.240000	4000.000000	18000.000000	8000.000000	Trill	7.041604	11.582916	NaN	NaN	32.595212	0.000000
197	Spectrogram 1	1	2678.990000	2679.020000	4000.000000	18000.000000	8000.000000	Trill	4.466987	8.392086	NaN	NaN	40.679978	0.000000
198	Spectrogram 1	1	2679.080000	2679.400000	4000.000000	18000.000000	8000.000000	Trill	8.254340	16.355923	NaN	NaN	77.133463	0.000000
199	Spectrogram 1	1	2723.660000	2723.740000	4000.000000	18000.000000	8000.000000	Trill	7.921147	13.787776	NaN	NaN	32.569789	0.000000
200	Spectrogram 1	1	2732.010000	2732.030000	4000.000000	18000.000000	8000.000000	Sd-peep	9.992231	13.382298	NaN	NaN	37.350001	0.000000
201	Spectrogram 1	1	2747.280000	2747.560000	4000.000000	18000.000000	8000.000000	Trillphee	4.163382	18.062119	NaN	NaN	73.912905	0.000000
202	Spectrogram 1	1	2752.470000	2752.860000	4000.000000	18000.000000	8000.000000	Trill	11.991914	25.369959	NaN	NaN	82.797796	0.000000
203	Spectrogram 1	1	2758.110000	2758.490000	4000.000000	18000.000000	8000.000000	Trill	10.669950	20.114005	NaN	NaN	81.629502	0.000000
204	Spectrogram 1	1	2783.420000	2783.620000	4000.000000	18000.000000	8000.000000	Trill	10.458177	11.747616	NaN	NaN	29.460147	0.000000
205	Spectrogram 1	1	2799.420000	2799.490000	4000.000000	18000.000000	8000.000000	Phee	6.158036	10.801436	NaN	NaN	82.844098	0.000000
206	Spectrogram 1	1	2801.530000	2801.570000	4000.000000	18000.000000	8000.000000	Trill	8.296494	12.423905	NaN	NaN	31.803590	0.000000
207	Spectrogram 1	1	2807.130000	2807.390000	4000.000000	18000.000000	8000.000000	Trill	4.107022	15.497001	NaN	NaN	44.486604	0.000000
208	Spectrogram 1	1	2811.620000	2811.720000	4000.000000	18000.000000	8000.000000	Trill	6.552738	14.014792	NaN	NaN	30.363530	0.000000
209	Spectrogram 1	1	2824.170000	2824.420000	4000.000000	18000.000000	8000.000000	Trill	7.515942	17.870476	NaN	NaN	56.982595	0.000000
210	Spectrogram 1	1	2839.270000	2839.300000	4000.000000	18000.000000	8000.000000	Trill	4.945442	13.549011	NaN	NaN	84.732786	0.000000
211	Spectrogram 1	1	2844.460000	2844.750000	4000.000000	18000.000000	8000.000000	Trill	5.182979	15.407320	NaN	NaN	47.682408	0.000000
212	Spectrogram 1	1	2845.910000	2845.970000	4000.000000	18000.000000	8000.000000	Trill	12.617044	12.673969	NaN	NaN	29.614153	0.000000
213	Spectrogram 1	1	2852.690000	2852.710000	4000.000000	18000.000000	8000.000000	Sd-peep	6.967205	7.903108	NaN	NaN	39.950750	0.000000
214	Spectrogram 1	1	2852.870000	2852.900000	4000.000000	18000.000000	8000.000000	Trill	13.762636	12.501700	NaN	NaN	28.613140	0.000000
215	Spectrogram 1	1	2859.620000	2859.830000	4000.000000	18000.000000	8000.000000	Trill	6.347785	16.704722	NaN	NaN	61.596096	0.000000
216	Spectrogram 1	1	2882.250000	2882.280000	4000.000000	18000.000000	8000.000000	Phee	4.273039	15.939147	NaN	NaN	87.194473	0.000000
217	Spectrogram 1	1	2901.520000	2901.600000	4000.000000	18000.000000	8000.000000	Phee	4.155303	9.322546	NaN	NaN	68.756670	0.000000
218	Spectrogram 1	1	2901.750000	2901.890000	4000.000000	18000.000000	8000.000000	Phee	4.343020	14.646834	NaN	NaN	89.686882	0.000000
219	Spectrogram 1	1	2906.700000	2906.760000	4000.000000	18000.000000	8000.000000	Trill	4.012633	14.900617	NaN	NaN	35.997757	0.000000
220	Spectrogram 1	1	2909.240000	2909.480000	4000.000000	18000.000000	8000.000000	Trill	4.803520	16.035421	NaN	NaN	59.184884	0.000000
221	Spectrogram 1	1	2910.170000	2910.440000	4000.000000	18000.000000	8000.000000	Trill	5.528857	15.612665	NaN	NaN	59.192355	0.000000
222	Spectrogram 1	1	2913.130000	2913.470000	4000.000000	18000.000000	8000.000000	Trill	4.609086	15.097290	NaN	NaN	57.633962	0.000000
223	Spectrogram 1	1	2927.400000	2927.440000	4000.000000	18000.000000	8000.000000	Trill	9.400333	14.557222	NaN	NaN	31.242509	0.000000
224	Spectrogram 1	1	2934.290000	2934.580000	4000.000000	18000.000000	8000.000000	Trill	5.397557	15.317910	NaN	NaN	56.984684	0.000000
225	Spectrogram 1	1	2936.030000	2936.250000	4000.000000	18000.000000	8000.000000	Trill	5.416553	15.791687	NaN	NaN	40.800143	0.000000
226	Spectrogram 1	1	2958.350000	2958.380000	4000.000000	18000.000000	8000.000000	Phee	5.507479	12.727337	NaN	NaN	80.816861	0.000000
227	Spectrogram 1	1	2968.490000	2968.520000	4000.000000	18000.000000	8000.000000	Trill	6.178959	11.433066	NaN	NaN	46.942617	0.000000
228	Spectrogram 1	1	2971.290000	2971.550000	4000.000000	18000.000000	8000.000000	Trill	8.303082	20.273645	NaN	NaN	77.341945	0.000000
229	Spectrogram 1	1	2973.800000	2973.850000	4000.000000	18000.000000	8000.000000	Trill	13.337281	13.533656	NaN	NaN	30.498389	0.000000
230	Spectrogram 1	1	2973.900000	2973.940000	4000.000000	18000.000000	8000.000000	Trill	7.945185	9.625508	NaN	NaN	39.578040	0.000000
231	Spectrogram 1	1	2974.080000	2974.100000	4000.000000	18000.000000	8000.000000	Sd-peep	5.310828	7.083268	NaN	NaN	30.901256	0.000000
232	Spectrogram 1	1	2979.260000	2979.310000	4000.000000	18000.000000	8000.000000	Trill	6.955719	12.954900	NaN	NaN	31.595325	0.000000
233	Spectrogram 1	1	2982.020000	2982.230000	4000.000000	18000.000000	8000.000000	Trill	5.264909	9.640070	NaN	NaN	38.694818	0.000000
234	Spectrogram 1	1	2982.560000	2982.590000	4000.000000	18000.000000	8000.000000	Trill	13.426548	12.624970	NaN	NaN	35.127370	0.000000
235	Spectrogram 1	1	2982.830000	2982.850000	4000.000000	18000.000000	8000.000000	Sd-peep	7.589060	10.951190	NaN	NaN	42.424664	0.000000
236	Spectrogram 1	1	2982.900000	2982.920000	4000.000000	18000.000000	8000.000000	Sd-peep	11.412178	13.956988	NaN	NaN	30.542330	0.000000
237	Spectrogram 1	1	2989.920000	2990.210000	4000.000000	18000.000000	8000.000000	Trill	9.662591	19.097829	NaN	NaN	69.013827	0.000000
238	Spectrogram 1	1	2996.740000	2996.820000	4000.000000	18000.000000	8000.000000	Trill	6.364495	10.257512	NaN	NaN	33.466956	0.000000
239	Spectrogram 1	1	3004.000000	3004.350000	4000.000000	18000.000000	8000.000000	Trill	5.153430	15.390178	NaN	NaN	56.418889	0.000000
240	Spectrogram 1	1	3014.390000	3014.520000	4000.000000	18000.000000	8000.000000	Trill	14.941866	13.896652	NaN	NaN	28.528194	0.000000
241	Spectrogram 1	1	3014.690000	3014.710000	4000.000000	18000.000000	8000.000000	Sd-peep	9.451450	9.248436	NaN	NaN	32.776809	0.000000
242	Spectrogram 1	1	3017.920000	3018.240000	4000.000000	18000.000000	8000.000000	Trill	11.352808	20.413449	NaN	NaN	90.307202	0.000000
243	Spectrogram 1	1	3028.290000	3028.440000	4000.000000	18000.000000	8000.000000	Trill	8.806873	18.050721	NaN	NaN	62.172370	0.000000
244	Spectrogram 1	1	3030.470000	3030.490000	4000.000000	18000.000000	8000.000000	Sd-peep	8.510204	13.834559	NaN	NaN	45.748720	0.000000
245	Spectrogram 1	1	3039.570000	3039.700000	4000.000000	18000.000000	8000.000000	Trill	17.714904	25.012936	NaN	NaN	97.200703	0.000000
246	Spectrogram 1	1	3068.490000	3068.750000	4000.000000	18000.000000	8000.000000	Trill	5.756689	15.671093	NaN	NaN	50.969812	0.000000
247	Spectrogram 1	1	3071.050000	3071.110000	4000.000000	18000.000000	8000.000000	Trill	4.122146	10.403448	NaN	NaN	42.162734	0.000000
248	Spectrogram 1	1	3071.300000	3071.370000	4000.000000	18000.000000	8000.000000	Trill	7.407438	11.330015	NaN	NaN	29.106001	0.000000
249	Spectrogram 1	1	3071.750000	3072.060000	4000.000000	18000.000000	8000.000000	Trill	5.428997	14.509668	NaN	NaN	30.290640	0.000000
250	Spectrogram 1	1	3076.610000	3076.630000	4000.000000	18000.000000	8000.000000	Sd-peep	7.731796	7.847733	NaN	NaN	30.868535	0.000000
251	Spectrogram 1	1	3085.730000	3085.760000	4000.000000	18000.000000	8000.000000	Trill	15.048581	15.540169	NaN	NaN	32.563885	0.000000
252	Spectrogram 1	1	3088.810000	3088.940000	4000.000000	18000.000000	8000.000000	Trillphee	5.027626	22.833106	NaN	NaN	93.834863	0.000000
253	Spectrogram 1	1	3089.020000	3089.120000	4000.000000	18000.000000	8000.000000	Trillphee	6.214940	18.247558	NaN	NaN	79.399252	0.000000
254	Spectrogram 1	1	3092.790000	3093.060000	4000.000000	18000.000000	8000.000000	Trill	7.954756	19.112333	NaN	NaN	67.831286	0.000000
255	Spectrogram 1	1	3109.600000	3109.680000	4000.000000	18000.000000	8000.000000	Trill	4.314064	14.406902	NaN	NaN	45.446022	0.000000
256	Spectrogram 1	1	3113.350000	3113.760000	4000.000000	18000.000000	8000.000000	Trillphee	4.588346	20.544153	NaN	NaN	62.903442	0.000000
257	Spectrogram 1	1	3117.350000	3117.600000	4000.000000	18000.000000	8000.000000	Trill	7.739744	18.048265	NaN	NaN	51.369600	0.000000
258	Spectrogram 1	1	3119.830000	3119.980000	4000.000000	18000.000000	8000.000000	Trill	5.716719	16.393498	NaN	NaN	43.630425	0.000000
259	Spectrogram 1	1	3138.790000	3138.830000	4000.000000	18000.000000	8000.000000	Trill	11.995704	12.570079	NaN	NaN	34.145578	0.000000
260	Spectrogram 1	1	3140.490000	3140.550000	4000.000000	18000.000000	8000.000000	Trill	9.576163	10.988392	NaN	NaN	29.054439	0.000000
261	Spectrogram 1	1	3140.840000	3140.860000	4000.000000	18000.000000	8000.000000	Sd-peep	9.064652	9.784329	NaN	NaN	41.507279	0.000000
262	Spectrogram 1	1	3152.800000	3152.820000	4000.000000	18000.000000	8000.000000	Sd-peep	5.177241	9.378886	NaN	NaN	54.121620	0.000000
263	Spectrogram 1	1	3155.660000	3155.690000	4000.000000	18000.000000	8000.000000	Trill	10.115323	10.326103	NaN	NaN	33.543950	0.000000
264	Spectrogram 1	1	3155.740000	3155.780000	4000.000000	18000.000000	8000.000000	Trill	13.053286	11.851295	NaN	NaN	31.449793	0.000000
265	Spectrogram 1	1	3162.910000	3162.940000	4000.000000	18000.000000	8000.000000	Trill	8.767668	14.087549	NaN	NaN	30.681701	0.000000
266	Spectrogram 1	1	3174.550000	3174.600000	4000.000000	18000.000000	8000.000000	Trillphee	5.810738	13.897441	NaN	NaN	61.818521	0.000000
267	Spectrogram 1	1	3191.560000	3191.830000	4000.000000	18000.000000	8000.000000	Trill	12.224578	22.386381	NaN	NaN	92.401203	0.000000
268	Spectrogram 1	1	3197.470000	3197.510000	4000.000000	18000.000000	8000.000000	Phee	4.853997	8.923496	NaN	NaN	46.057731	0.000000
269	Spectrogram 1	1	3213.510000	3213.810000	4000.000000	18000.000000	8000.000000	Trill	14.303683	26.395085	NaN	NaN	105.728810	0.000000
270	Spectrogram 1	1	3224.750000	3224.810000	4000.000000	18000.000000	8000.000000	Trill	7.897331	19.501787	NaN	NaN	36.792864	0.000000
271	Spectrogram 1	1	3224.890000	3225.060000	4000.000000	18000.000000	8000.000000	Trill	5.475689	13.326988	NaN	NaN	41.283017	0.000000
272	Spectrogram 1	1	3229.520000	3229.660000	4000.000000	18000.000000	8000.000000	Phee	4.787858	19.766365	NaN	NaN	48.969123	0.000000
273	Spectrogram 1	1	3229.710000	3230.900000	4000.000000	18000.000000	8000.000000	Phee	4.666850	20.226051	NaN	NaN	45.482538	0.000000
274	Spectrogram 1	1	3242.470000	3242.660000	4000.000000	18000.000000	8000.000000	Trill	10.603543	19.861712	NaN	NaN	41.621654	0.000000
275	Spectrogram 1	1	3244.930000	3244.990000	4000.000000	18000.000000	8000.000000	Trill	13.252420	12.167749	NaN	NaN	33.008586	0.000000
276	Spectrogram 1	1	3246.320000	3246.410000	4000.000000	18000.000000	8000.000000	Trill	6.702359	12.884382	NaN	NaN	40.450566	0.000000
277	Spectrogram 1	1	3248.820000	3248.870000	4000.000000	18000.000000	8000.000000	Trill	4.699511	7.669266	NaN	NaN	36.391750	0.000000
278	Spectrogram 1	1	3259.870000	3259.930000	4000.000000	18000.000000	8000.000000	Twitter	8.327847	10.565203	NaN	NaN	33.977661	0.000000
279	Spectrogram 1	1	3260.510000	3260.560000	4000.000000	18000.000000	8000.000000	Trill	12.306644	13.649083	NaN	NaN	35.631951	0.000000
280	Spectrogram 1	1	3261.150000	3261.190000	4000.000000	18000.000000	8000.000000	Trill	4.049568	7.758095	NaN	NaN	35.374215	0.000000
281	Spectrogram 1	1	3271.540000	3271.700000	4000.000000	18000.000000	8000.000000	Trill	8.708682	16.629808	NaN	NaN	29.437802	0.000000
282	Spectrogram 1	1	3272.280000	3272.310000	4000.000000	18000.000000	8000.000000	Sd-peep	4.420291	8.362831	NaN	NaN	35.429809	0.000000
283	Spectrogram 1	1	3287.560000	3287.810000	4000.000000	18000.000000	8000.000000	Trill	12.690986	25.070990	NaN	NaN	109.552476	0.000000
284	Spectrogram 1	1	3310.420000	3310.740000	4000.000000	18000.000000	8000.000000	Trill	6.596754	17.537578	NaN	NaN	41.938343	0.000000
285	Spectrogram 1	1	3331.240000	3331.560000	4000.000000	18000.000000	8000.000000	Trill	5.637237	17.404676	NaN	NaN	58.283559	0.000000
286	Spectrogram 1	1	3356.570000	3356.790000	4000.000000	18000.000000	8000.000000	Trill	12.264852	21.559872	NaN	NaN	82.216403	0.000000
287	Spectrogram 1	1	3363.900000	3364.020000	4000.000000	18000.000000	8000.000000	Trill	8.083500	14.096149	NaN	NaN	29.211951	0.000000
288	Spectrogram 1	1	3366.030000	3366.340000	4000.000000	18000.000000	8000.000000	Trill	8.004824	17.912649	NaN	NaN	68.008388	0.000000
289	Spectrogram 1	1	3373.830000	3374.200000	4000.000000	18000.000000	8000.000000	Trill	6.737920	17.980514	NaN	NaN	66.967733	0.000000
290	Spectrogram 1	1	3396.820000	3396.860000	4000.000000	18000.000000	8000.000000	Twitter	13.991635	14.758238	NaN	NaN	30.642630	0.000000
291	Spectrogram 1	1	3396.940000	3396.960000	4000.000000	18000.000000	8000.000000	Sd-peep	9.482647	10.228000	NaN	NaN	32.253562	0.000000
292	Spectrogram 1	1	3397.460000	3397.490000	4000.000000	18000.000000	8000.000000	Trill	6.955734	9.473850	NaN	NaN	33.828058	0.000000
293	Spectrogram 1	1	3398.560000	3398.590000	4000.000000	18000.000000	8000.000000	Twitter	10.770843	13.430664	NaN	NaN	33.270815	0.000000
294	Spectrogram 1	1	3399.610000	3399.680000	4000.000000	18000.000000	8000.000000	Phee	4.525655	15.412400	NaN	NaN	66.593183	0.000000
295	Spectrogram 1	1	3403.140000	3403.370000	4000.000000	18000.000000	8000.000000	Trill	8.689450	17.183892	NaN	NaN	64.280738	0.000000
296	Spectrogram 1	1	3407.230000	3407.540000	4000.000000	18000.000000	8000.000000	Trill	12.146361	24.524550	NaN	NaN	90.690774	0.000000
297	Spectrogram 1	1	3409.950000	3409.980000	4000.000000	18000.000000	8000.000000	Trill	4.357891	15.003214	NaN	NaN	64.233451	0.000000
298	Spectrogram 1	1	3410.070000	3410.120000	4000.000000	18000.000000	8000.000000	Trill	6.692745	13.569269	NaN	NaN	35.763498	0.000000
299	Spectrogram 1	1	3422.590000	3422.620000	4000.000000	18000.000000	8000.000000	Trill	4.576329	16.363887	NaN	NaN	33.822698	0.000000
300	Spectrogram 1	1	3435.110000	3435.130000	4000.000000	18000.000000	8000.000000	Sd-peep	9.278263	9.949865	NaN	NaN	31.972777	0.000000
301	Spectrogram 1	1	3471.130000	3471.170000	4000.000000	18000.000000	8000.000000	Trill	4.895967	17.275664	NaN	NaN	87.472170	0.000000
302	Spectrogram 1	1	3521.190000	3522.180000	4000.000000	18000.000000	8000.000000	Trill	8.596694	24.304736	NaN	NaN	94.676682	0.000000
303	Spectrogram 1	1	3522.430000	3522.900000	4000.000000	18000.000000	8000.000000	Trill	6.481324	20.959664	NaN	NaN	71.996521	0.000000
304	Spectrogram 1	1	3523.040000	3523.510000	4000.000000	18000.000000	8000.000000	Trill	8.701973	25.948110	NaN	NaN	92.698153	0.000000
305	Spectrogram 1	1	3539.410000	3539.750000	4000.000000	18000.000000	8000.000000	Trill	15.374927	21.980262	NaN	NaN	123.355236	0.000000
306	Spectrogram 1	1	3545.390000	3545.890000	4000.000000	18000.000000	8000.000000	Trill	17.572755	25.818532	NaN	NaN	114.495225	0.000000
307	Spectrogram 1	1	3570.000000	3570.090000	4000.000000	18000.000000	8000.000000	Trill	5.853308	11.964485	NaN	NaN	31.080984	0.000000
308	Spectrogram 1	1	3572.220000	3572.300000	4000.000000	18000.000000	8000.000000	Trill	9.698433	14.585143	NaN	NaN	32.458479	0.000000
309	Spectrogram 1	1	3632.350000	3632.650000	4000.000000	18000.000000	8000.000000	Trill	10.381373	18.107296	NaN	NaN	83.242975	0.000000
310	Spectrogram 1	1	3639.790000	3639.920000	4000.000000	18000.000000	8000.000000	Trill	7.978523	15.846895	NaN	NaN	65.599466	0.000000
311	Spectrogram 1	1	3660.310000	3660.660000	4000.000000	18000.000000	8000.000000	Trill	12.119076	23.351284	NaN	NaN	87.668756	0.000000
312	Spectrogram 1	1	3668.460000	3668.530000	4000.000000	18000.000000	8000.000000	Trill	12.163862	16.818986	NaN	NaN	76.543113	0.000000
313	Spectrogram 1	1	3682.910000	3682.930000	4000.000000	18000.000000	8000.000000	Sd-peep	8.292266	10.879555	NaN	NaN	37.718368	0.000000
314	Spectrogram 1	1	3685.830000	3686.060000	4000.000000	18000.000000	8000.000000	Trill	11.628385	19.903818	NaN	NaN	77.444630	0.000000
315	Spectrogram 1	1	3698.970000	3699.010000	4000.000000	18000.000000	8000.000000	Trill	13.601477	13.487764	NaN	NaN	33.756521	0.000000
316	Spectrogram 1	1	3703.700000	3703.900000	4000.000000	18000.000000	8000.000000	Trill	7.109778	16.800902	NaN	NaN	53.242229	0.000000
317	Spectrogram 1	1	3714.870000	3714.960000	4000.000000	18000.000000	8000.000000	Trill	4.686896	15.485625	NaN	NaN	42.606287	0.000000
318	Spectrogram 1	1	3715.020000	3715.070000	4000.000000	18000.000000	8000.000000	Trill	5.678534	12.285919	NaN	NaN	45.859434	0.000000
319	Spectrogram 1	1	3721.250000	3721.300000	4000.000000	18000.000000	8000.000000	Trill	4.130303	8.463912	NaN	NaN	47.173640	0.000000
320	Spectrogram 1	1	3721.360000	3721.450000	4000.000000	18000.000000	8000.000000	Trill	5.123432	10.930995	NaN	NaN	37.542669	0.000000
321	Spectrogram 1	1	3723.140000	3723.520000	4000.000000	18000.000000	8000.000000	Trill	6.516874	15.349946	NaN	NaN	59.796591	0.000000
322	Spectrogram 1	1	3773.210000	3773.250000	4000.000000	18000.000000	8000.000000	Trill	4.529825	15.970327	NaN	NaN	42.935131	0.000000
323	Spectrogram 1	1	3795.240000	3795.360000	4000.000000	18000.000000	8000.000000	Trill	11.087350	11.360399	NaN	NaN	29.868236	0.000000
324	Spectrogram 1	1	3795.520000	3795.540000	4000.000000	18000.000000	8000.000000	Sd-peep	5.985731	8.735323	NaN	NaN	41.900981	0.000000
325	Spectrogram 1	1	3795.610000	3795.770000	4000.000000	18000.000000	8000.000000	Trill	8.038710	10.004077	NaN	NaN	29.799447	0.000000
326	Spectrogram 1	1	3804.770000	3804.790000	4000.000000	18000.000000	8000.000000	Sd-peep	7.387704	9.004178	NaN	NaN	41.206672	0.000000
327	Spectrogram 1	1	3815.440000	3815.460000	4000.000000	18000.000000	8000.000000	Sd-peep	6.437599	11.625610	NaN	NaN	45.152508	0.000000
328	Spectrogram 1	1	3860.260000	3860.290000	4000.000000	18000.000000	8000.000000	Trill	6.261578	18.406923	NaN	NaN	83.777323	0.000000
329	Spectrogram 1	1	3875.910000	3875.940000	4000.000000	18000.000000	8000.000000	Twitter	10.029589	10.127625	NaN	NaN	34.424308	0.000000
330	Spectrogram 1	1	3898.900000	3898.930000	4000.000000	18000.000000	8000.000000	Twitter	12.290208	12.270008	NaN	NaN	29.596839	0.000000
331	Spectrogram 1	1	3906.610000	3906.640000	4000.000000	18000.000000	8000.000000	Sd-peep	8.195878	8.432951	NaN	NaN	32.492422	0.000000
332	Spectrogram 1	1	3909.070000	3909.360000	4000.000000	18000.000000	8000.000000	Trill	11.840662	21.495976	NaN	NaN	91.736792	0.000000
333	Spectrogram 1	1	3929.740000	3929.770000	4000.000000	18000.000000	8000.000000	Phee	5.449931	8.639395	NaN	NaN	61.795596	0.000000
334	Spectrogram 1	1	3931.200000	3931.240000	4000.000000	18000.000000	8000.000000	Phee	4.972216	8.459553	NaN	NaN	30.876944	0.000000
335	Spectrogram 1	1	3933.840000	3934.030000	4000.000000	18000.000000	8000.000000	Trill	6.799995	19.331686	NaN	NaN	66.291068	0.000000
336	Spectrogram 1	1	3937.180000	3937.220000	4000.000000	18000.000000	8000.000000	Trill	4.617415	7.733179	NaN	NaN	35.582122	0.000000
337	Spectrogram 1	1	3957.330000	3958.360000	4000.000000	18000.000000	8000.000000	Trillphee	4.110327	19.567590	NaN	NaN	61.305318	0.000000
338	Spectrogram 1	1	3960.910000	3961.100000	4000.000000	18000.000000	8000.000000	Trill	6.684842	13.771295	NaN	NaN	57.581411	0.000000
339	Spectrogram 1	1	3983.450000	3983.580000	4000.000000	18000.000000	8000.000000	Trill	11.394950	10.656233	NaN	NaN	31.053089	0.000000
340	Spectrogram 1	1	3983.850000	3983.920000	4000.000000	18000.000000	8000.000000	Trill	9.944177	10.496162	NaN	NaN	32.934014	0.000000
341	Spectrogram 1	1	3988.880000	3988.900000	4000.000000	18000.000000	8000.000000	Sd-peep	5.697815	10.036809	NaN	NaN	37.580850	0.000000
342	Spectrogram 1	1	4004.490000	4004.540000	4000.000000	18000.000000	8000.000000	Trill	5.948193	10.720602	NaN	NaN	36.149495	0.000000
343	Spectrogram 1	1	4006.860000	4007.090000	4000.000000	18000.000000	8000.000000	Trill	7.923202	16.962559	NaN	NaN	49.468737	0.000000
344	Spectrogram 1	1	4012.890000	4012.920000	4000.000000	18000.000000	8000.000000	Trill	5.349945	8.855905	NaN	NaN	36.927358	0.000000
345	Spectrogram 1	1	4012.960000	4013.040000	4000.000000	18000.000000	8000.000000	Trill	6.761248	10.771623	NaN	NaN	31.920566	0.000000
346	Spectrogram 1	1	4015.390000	4015.440000	4000.000000	18000.000000	8000.000000	Trill	7.317493	18.234580	NaN	NaN	51.405422	0.000000
347	Spectrogram 1	1	4022.130000	4022.230000	4000.000000	18000.000000	8000.000000	Trill	11.317094	15.029701	NaN	NaN	34.293847	0.000000
348	Spectrogram 1	1	4030.330000	4030.360000	4000.000000	18000.000000	8000.000000	Trill	12.066004	13.133352	NaN	NaN	31.626537	0.000000
349	Spectrogram 1	1	4051.860000	4051.900000	4000.000000	18000.000000	8000.000000	Trillphee	5.182049	13.738854	NaN	NaN	58.173555	0.000000
350	Spectrogram 1	1	4053.640000	4053.690000	4000.000000	18000.000000	8000.000000	Trill	12.627011	12.553964	NaN	NaN	32.781294	0.000000
351	Spectrogram 1	1	4053.900000	4053.920000	4000.000000	18000.000000	8000.000000	Sd-peep	12.284759	11.288218	NaN	NaN	28.111794	0.000000
352	Spectrogram 1	1	4053.990000	4054.080000	4000.000000	18000.000000	8000.000000	Trill	12.313258	12.252104	NaN	NaN	39.596713	0.000000
353	Spectrogram 1	1	4079.820000	4079.980000	4000.000000	18000.000000	8000.000000	Trill	5.299405	20.129040	NaN	NaN	72.032919	0.000000
354	Spectrogram 1	1	4080.010000	4080.120000	4000.000000	18000.000000	8000.000000	Trill	6.436872	16.022109	NaN	NaN	69.470420	0.000000
355	Spectrogram 1	1	4086.070000	4086.390000	4000.000000	18000.000000	8000.000000	Trill	6.228289	16.510784	NaN	NaN	66.514273	0.000000
356	Spectrogram 1	1	4102.590000	4102.860000	4000.000000	18000.000000	8000.000000	Trill	5.198137	16.653321	NaN	NaN	59.814546	0.000000
