Selection	View	Channel	Begin Time (s)	End Time (s)	Low Freq (Hz)	High Freq (Hz)	Max Freq (Hz)	Call Type	Energy Diff	Energy Par	Energy Diff (wl)	Energy Par (wl)	AHR	Exception
1	Spectrogram 1	1	9.380000	9.420000	4000.000000	18000.000000	8000.000000	Trill	9.569084	13.130795	NaN	NaN	29.760249	0.000000
2	Spectrogram 1	1	22.910000	23.380000	4000.000000	18000.000000	8000.000000	Trill	14.282721	25.659626	NaN	NaN	104.779271	0.000000
3	Spectrogram 1	1	34.430000	34.850000	4000.000000	18000.000000	8000.000000	Trill	9.089706	23.238510	NaN	NaN	56.548692	0.000000
4	Spectrogram 1	1	55.900000	56.010000	4000.000000	18000.000000	8000.000000	Twitter	5.970866	29.446146	NaN	NaN	42.554885	0.000000
5	Spectrogram 1	1	142.220000	142.270000	4000.000000	18000.000000	8000.000000	Trillphee	4.225842	8.589755	NaN	NaN	55.347369	0.000000
6	Spectrogram 1	1	194.290000	194.990000	4000.000000	18000.000000	8000.000000	Trill	6.930406	23.954143	NaN	NaN	39.119787	0.000000
7	Spectrogram 1	1	195.080000	195.540000	4000.000000	18000.000000	8000.000000	Trill	7.376837	24.646729	NaN	NaN	52.568967	0.000000
8	Spectrogram 1	1	195.650000	196.060000	4000.000000	18000.000000	8000.000000	Trill	4.991806	21.168348	NaN	NaN	46.256426	0.000000
9	Spectrogram 1	1	198.360000	199.100000	4000.000000	18000.000000	8000.000000	Trill	7.716940	26.429822	NaN	NaN	58.993209	0.000000
10	Spectrogram 1	1	199.140000	199.740000	4000.000000	18000.000000	8000.000000	Trill	9.105055	27.658044	NaN	NaN	64.506864	0.000000
11	Spectrogram 1	1	199.820000	200.350000	4000.000000	18000.000000	8000.000000	Trill	9.316110	26.146229	NaN	NaN	75.914614	0.000000
12	Spectrogram 1	1	200.400000	200.670000	4000.000000	18000.000000	8000.000000	Phee	8.513774	25.570328	NaN	NaN	98.340343	0.000000
13	Spectrogram 1	1	215.450000	216.620000	4000.000000	18000.000000	8000.000000	Trill	7.873830	30.000000	NaN	NaN	77.523134	0.000000
14	Spectrogram 1	1	216.750000	217.420000	4000.000000	18000.000000	8000.000000	Trill	8.808707	30.000000	NaN	NaN	85.403978	0.000000
15	Spectrogram 1	1	217.510000	218.170000	4000.000000	18000.000000	8000.000000	Trill	5.853193	21.422784	NaN	NaN	39.805431	0.000000
16	Spectrogram 1	1	221.040000	221.150000	4000.000000	18000.000000	8000.000000	Sd-peep	6.410459	22.588869	NaN	NaN	34.451276	0.000000
17	Spectrogram 1	1	221.930000	222.020000	4000.000000	18000.000000	8000.000000	Trill	10.487467	12.907447	NaN	NaN	35.155811	0.000000
18	Spectrogram 1	1	238.330000	238.370000	4000.000000	18000.000000	8000.000000	Twitter	12.629935	16.363109	NaN	NaN	29.609819	0.000000
19	Spectrogram 1	1	241.050000	241.090000	4000.000000	18000.000000	8000.000000	Twitter	8.230698	12.640557	NaN	NaN	33.444362	0.000000
20	Spectrogram 1	1	254.860000	255.320000	4000.000000	18000.000000	8000.000000	Trill	10.168245	24.014470	NaN	NaN	54.569046	0.000000
21	Spectrogram 1	1	267.290000	268.030000	4000.000000	18000.000000	8000.000000	Trill	10.238947	28.362431	NaN	NaN	80.784525	0.000000
22	Spectrogram 1	1	268.110000	268.580000	4000.000000	18000.000000	8000.000000	Trill	8.955645	24.736224	NaN	NaN	84.717434	0.000000
23	Spectrogram 1	1	268.660000	268.960000	4000.000000	18000.000000	8000.000000	Trill	5.405197	19.311910	NaN	NaN	43.338014	0.000000
24	Spectrogram 1	1	298.700000	299.250000	4000.000000	18000.000000	8000.000000	Trill	7.014537	25.633859	NaN	NaN	81.856982	0.000000
25	Spectrogram 1	1	299.300000	299.830000	4000.000000	18000.000000	8000.000000	Trill	7.109872	28.221436	NaN	NaN	94.826989	0.000000
26	Spectrogram 1	1	299.930000	299.980000	4000.000000	18000.000000	8000.000000	Twitter	7.665079	24.461068	NaN	NaN	85.563797	0.000000
27	Spectrogram 1	1	300.010000	300.390000	4000.000000	18000.000000	8000.000000	Trill	8.366507	28.232276	NaN	NaN	86.475743	0.000000
28	Spectrogram 1	1	300.490000	300.910000	4000.000000	18000.000000	8000.000000	Trill	6.653921	23.268660	NaN	NaN	74.899191	0.000000
29	Spectrogram 1	1	340.400000	340.420000	4000.000000	18000.000000	8000.000000	Trill	9.428861	15.314057	NaN	NaN	29.710335	0.000000
30	Spectrogram 1	1	343.190000	343.360000	4000.000000	18000.000000	8000.000000	Trill	4.768358	7.022898	NaN	NaN	49.121470	0.000000
31	Spectrogram 1	1	367.760000	368.450000	4000.000000	18000.000000	8000.000000	Trill	7.083289	21.920807	NaN	NaN	54.673942	0.000000
32	Spectrogram 1	1	380.510000	381.120000	4000.000000	18000.000000	8000.000000	Trill	10.354360	30.000000	NaN	NaN	97.386369	0.000000
33	Spectrogram 1	1	381.200000	381.880000	4000.000000	18000.000000	8000.000000	Trill	6.449781	25.401865	NaN	NaN	62.603417	0.000000
34	Spectrogram 1	1	381.990000	382.530000	4000.000000	18000.000000	8000.000000	Trill	7.067698	25.799874	NaN	NaN	78.508432	0.000000
35	Spectrogram 1	1	382.620000	382.880000	4000.000000	18000.000000	8000.000000	Phee	6.943357	24.557369	NaN	NaN	86.462391	0.000000
36	Spectrogram 1	1	386.960000	387.490000	4000.000000	18000.000000	8000.000000	Trill	9.935560	27.517301	NaN	NaN	73.499662	0.000000
37	Spectrogram 1	1	387.590000	388.010000	4000.000000	18000.000000	8000.000000	Trill	8.632030	26.844590	NaN	NaN	69.054943	0.000000
38	Spectrogram 1	1	388.060000	388.480000	4000.000000	18000.000000	8000.000000	Trill	8.490026	27.843430	NaN	NaN	78.672296	0.000000
39	Spectrogram 1	1	388.570000	388.860000	4000.000000	18000.000000	8000.000000	Trill	8.933933	29.632874	NaN	NaN	90.364916	0.000000
40	Spectrogram 1	1	430.780000	431.650000	4000.000000	18000.000000	8000.000000	Trill	8.177027	30.000000	NaN	NaN	70.623672	0.000000
41	Spectrogram 1	1	431.820000	432.630000	4000.000000	18000.000000	8000.000000	Trill	8.679667	30.000000	NaN	NaN	58.711103	0.000000
42	Spectrogram 1	1	432.770000	433.280000	4000.000000	18000.000000	8000.000000	Trill	8.606111	26.371582	NaN	NaN	52.658482	0.000000
43	Spectrogram 1	1	443.810000	443.970000	4000.000000	18000.000000	8000.000000	Sd-peep	6.812418	30.008492	NaN	NaN	35.357960	0.000000
44	Spectrogram 1	1	467.010000	467.130000	4000.000000	18000.000000	8000.000000	Sd-peep	7.896429	27.258933	NaN	NaN	41.677646	0.000000
45	Spectrogram 1	1	467.190000	467.220000	4000.000000	18000.000000	8000.000000	Sd-peep	10.216806	17.258258	NaN	NaN	45.968983	0.000000
46	Spectrogram 1	1	467.450000	467.570000	4000.000000	18000.000000	8000.000000	Sd-peep	8.276946	22.330863	NaN	NaN	58.816163	0.000000
47	Spectrogram 1	1	467.740000	467.860000	4000.000000	18000.000000	8000.000000	Sd-peep	8.008440	23.109809	NaN	NaN	68.228379	0.000000
48	Spectrogram 1	1	468.120000	468.260000	4000.000000	18000.000000	8000.000000	Sd-peep	6.258620	19.524951	NaN	NaN	54.449891	0.000000
49	Spectrogram 1	1	495.300000	495.370000	4000.000000	18000.000000	8000.000000	Trill	4.222849	9.851261	NaN	NaN	51.997314	0.000000
50	Spectrogram 1	1	497.840000	497.860000	4000.000000	18000.000000	8000.000000	Sd-peep	5.913244	10.041834	NaN	NaN	31.416397	0.000000
51	Spectrogram 1	1	574.290000	574.310000	4000.000000	18000.000000	8000.000000	Sd-peep	5.788459	10.654472	NaN	NaN	34.327771	0.000000
52	Spectrogram 1	1	574.470000	574.490000	4000.000000	18000.000000	8000.000000	Sd-peep	4.145644	5.169130	NaN	NaN	33.390937	0.000000
53	Spectrogram 1	1	578.390000	578.440000	4000.000000	18000.000000	8000.000000	Phee	6.108168	13.789252	NaN	NaN	98.117321	0.000000
54	Spectrogram 1	1	605.600000	605.710000	4000.000000	18000.000000	8000.000000	Trill	4.674446	11.170228	NaN	NaN	44.551394	0.000000
55	Spectrogram 1	1	703.750000	704.010000	4000.000000	18000.000000	8000.000000	Trill	4.507650	19.478667	NaN	NaN	57.093428	0.000000
56	Spectrogram 1	1	705.290000	705.310000	4000.000000	18000.000000	8000.000000	Twitter	4.169718	11.283268	NaN	NaN	68.085971	0.000000
57	Spectrogram 1	1	710.690000	710.710000	4000.000000	18000.000000	8000.000000	Trill	4.388017	6.409966	NaN	NaN	43.851761	0.000000
58	Spectrogram 1	1	743.220000	743.560000	4000.000000	18000.000000	8000.000000	Trill	6.258107	20.447740	NaN	NaN	45.808383	0.000000
59	Spectrogram 1	1	775.320000	775.400000	4000.000000	18000.000000	8000.000000	Trill	4.218886	10.242855	NaN	NaN	36.976474	0.000000
60	Spectrogram 1	1	809.880000	810.680000	4000.000000	18000.000000	8000.000000	Twitter	7.211972	24.926776	NaN	NaN	36.463414	0.000000
61	Spectrogram 1	1	844.250000	844.940000	4000.000000	18000.000000	8000.000000	Trill	6.954821	19.293778	NaN	NaN	34.023972	0.000000
62	Spectrogram 1	1	922.860000	923.380000	4000.000000	18000.000000	8000.000000	Trill	14.427141	27.448545	NaN	NaN	95.228431	0.000000
63	Spectrogram 1	1	963.440000	963.770000	4000.000000	18000.000000	8000.000000	Trill	5.465038	18.876985	NaN	NaN	44.513792	0.000000
64	Spectrogram 1	1	1036.270000	1036.320000	4000.000000	18000.000000	8000.000000	Phee	6.109447	9.261156	NaN	NaN	34.025571	0.000000
65	Spectrogram 1	1	1045.600000	1046.260000	4000.000000	18000.000000	8000.000000	Trill	9.753739	28.932558	NaN	NaN	93.027745	0.000000
66	Spectrogram 1	1	1046.380000	1047.040000	4000.000000	18000.000000	8000.000000	Trill	9.367713	28.918603	NaN	NaN	94.284973	0.000000
67	Spectrogram 1	1	1047.170000	1047.630000	4000.000000	18000.000000	8000.000000	Trill	9.615103	28.333227	NaN	NaN	101.477424	0.000000
68	Spectrogram 1	1	1047.710000	1047.800000	4000.000000	18000.000000	8000.000000	Trill	7.291275	16.565823	NaN	NaN	89.235917	0.000000
69	Spectrogram 1	1	1049.750000	1049.910000	4000.000000	18000.000000	8000.000000	Trill	6.970412	13.588723	NaN	NaN	29.686762	0.000000
70	Spectrogram 1	1	1051.310000	1051.390000	4000.000000	18000.000000	8000.000000	Twitter	9.714343	28.391206	NaN	NaN	62.424306	0.000000
71	Spectrogram 1	1	1074.750000	1074.820000	4000.000000	18000.000000	8000.000000	Phee	5.453996	8.045997	NaN	NaN	71.091546	0.000000
72	Spectrogram 1	1	1146.200000	1146.260000	4000.000000	18000.000000	8000.000000	Trill	7.749597	10.315765	NaN	NaN	29.238673	0.000000
73	Spectrogram 1	1	1201.950000	1201.970000	4000.000000	18000.000000	8000.000000	Sd-peep	6.509111	5.327064	NaN	NaN	31.066460	0.000000
74	Spectrogram 1	1	1225.610000	1225.630000	4000.000000	18000.000000	8000.000000	Sd-peep	5.671807	6.299020	NaN	NaN	38.906275	0.000000
75	Spectrogram 1	1	1255.500000	1255.850000	4000.000000	18000.000000	8000.000000	Trill	7.240002	22.224618	NaN	NaN	56.849261	0.000000
76	Spectrogram 1	1	1265.860000	1265.890000	4000.000000	18000.000000	8000.000000	Trill	9.695409	15.077299	NaN	NaN	31.551141	0.000000
77	Spectrogram 1	1	1269.730000	1270.040000	4000.000000	18000.000000	8000.000000	Trill	8.461197	23.660719	NaN	NaN	54.257780	0.000000
78	Spectrogram 1	1	1301.470000	1301.490000	4000.000000	18000.000000	8000.000000	Trill	9.187660	13.684881	NaN	NaN	31.542826	0.000000
79	Spectrogram 1	1	1367.820000	1367.940000	4000.000000	18000.000000	8000.000000	Twitter	9.421637	13.457626	NaN	NaN	30.584066	0.000000
80	Spectrogram 1	1	1368.120000	1368.160000	4000.000000	18000.000000	8000.000000	Trill	4.365498	8.077310	NaN	NaN	32.427090	0.000000
81	Spectrogram 1	1	1370.280000	1371.580000	4000.000000	18000.000000	8000.000000	Twitter	7.057027	26.517170	NaN	NaN	35.692734	0.000000
82	Spectrogram 1	1	1503.850000	1504.200000	4000.000000	18000.000000	8000.000000	Trill	4.895840	11.452434	NaN	NaN	36.162041	0.000000
83	Spectrogram 1	1	1530.530000	1530.570000	4000.000000	18000.000000	8000.000000	Sd-peep	10.694562	12.755710	NaN	NaN	32.096984	0.000000
84	Spectrogram 1	1	1558.440000	1558.540000	4000.000000	18000.000000	8000.000000	Trill	4.361851	12.600763	NaN	NaN	32.349228	0.000000
85	Spectrogram 1	1	1578.070000	1578.090000	4000.000000	18000.000000	8000.000000	Sd-peep	6.944204	17.802512	NaN	NaN	39.025389	0.000000
86	Spectrogram 1	1	1584.770000	1584.870000	4000.000000	18000.000000	8000.000000	Trill	4.109071	11.449731	NaN	NaN	38.969417	0.000000
87	Spectrogram 1	1	1596.830000	1597.610000	4000.000000	18000.000000	8000.000000	Trill	4.072201	20.326214	NaN	NaN	55.543018	0.000000
88	Spectrogram 1	1	1634.450000	1634.540000	4000.000000	18000.000000	8000.000000	Trill	4.890486	10.045405	NaN	NaN	61.963119	0.000000
89	Spectrogram 1	1	1648.680000	1649.070000	4000.000000	18000.000000	8000.000000	Trill	7.389712	21.162036	NaN	NaN	71.225759	0.000000
90	Spectrogram 1	1	1655.440000	1655.590000	4000.000000	18000.000000	8000.000000	Trill	4.661086	17.489095	NaN	NaN	41.473757	0.000000
91	Spectrogram 1	1	1681.210000	1681.230000	4000.000000	18000.000000	8000.000000	Sd-peep	4.680728	5.094244	NaN	NaN	43.029610	0.000000
92	Spectrogram 1	1	1682.060000	1682.130000	4000.000000	18000.000000	8000.000000	Phee	4.267693	7.684925	NaN	NaN	81.100213	0.000000
93	Spectrogram 1	1	1684.260000	1684.280000	4000.000000	18000.000000	8000.000000	Sd-peep	11.442829	12.861813	NaN	NaN	51.549333	0.000000
94	Spectrogram 1	1	1821.200000	1821.220000	4000.000000	18000.000000	8000.000000	Sd-peep	4.070030	6.858064	NaN	NaN	39.781584	0.000000
95	Spectrogram 1	1	1822.430000	1822.480000	4000.000000	18000.000000	8000.000000	Trill	6.921541	8.255392	NaN	NaN	40.518444	0.000000
96	Spectrogram 1	1	1825.710000	1825.750000	4000.000000	18000.000000	8000.000000	Trill	8.264053	11.414382	NaN	NaN	29.222821	0.000000
97	Spectrogram 1	1	1826.910000	1826.930000	4000.000000	18000.000000	8000.000000	Sd-peep	4.801722	6.678920	NaN	NaN	33.858034	0.000000
98	Spectrogram 1	1	1869.070000	1869.460000	4000.000000	18000.000000	8000.000000	Trill	10.515060	25.710960	NaN	NaN	77.478825	0.000000
99	Spectrogram 1	1	1877.790000	1877.820000	4000.000000	18000.000000	8000.000000	Trill	8.578920	14.639305	NaN	NaN	30.042930	0.000000
100	Spectrogram 1	1	1934.660000	1934.900000	4000.000000	18000.000000	8000.000000	Trill	8.184232	23.759563	NaN	NaN	58.644716	0.000000
101	Spectrogram 1	1	1939.490000	1939.570000	4000.000000	18000.000000	8000.000000	Trill	8.064407	15.427737	NaN	NaN	29.320900	0.000000
102	Spectrogram 1	1	1947.480000	1947.620000	4000.000000	18000.000000	8000.000000	Twitter	7.434528	30.459554	NaN	NaN	50.363880	0.000000
103	Spectrogram 1	1	2030.240000	2030.530000	4000.000000	18000.000000	8000.000000	Trill	5.167376	19.941895	NaN	NaN	47.758289	0.000000
104	Spectrogram 1	1	2050.370000	2050.950000	4000.000000	18000.000000	8000.000000	Trill	8.667527	21.734478	NaN	NaN	62.944483	0.000000
105	Spectrogram 1	1	2063.650000	2063.690000	4000.000000	18000.000000	8000.000000	Trill	10.219566	8.596627	NaN	NaN	34.349959	0.000000
106	Spectrogram 1	1	2063.730000	2063.810000	4000.000000	18000.000000	8000.000000	Phee	15.939269	14.766900	NaN	NaN	36.424292	0.000000
107	Spectrogram 1	1	2103.170000	2103.190000	4000.000000	18000.000000	8000.000000	Sd-peep	8.031241	13.944602	NaN	NaN	32.611676	0.000000
108	Spectrogram 1	1	2128.470000	2128.530000	4000.000000	18000.000000	8000.000000	Trill	9.093837	11.434324	NaN	NaN	35.531368	0.000000
109	Spectrogram 1	1	2140.860000	2140.900000	4000.000000	18000.000000	8000.000000	Trill	6.615890	10.190616	NaN	NaN	37.384091	0.000000
110	Spectrogram 1	1	2141.720000	2141.770000	4000.000000	18000.000000	8000.000000	Trill	4.551745	5.370307	NaN	NaN	44.516984	0.000000
111	Spectrogram 1	1	2160.550000	2161.180000	4000.000000	18000.000000	8000.000000	Trill	8.085026	22.608944	NaN	NaN	54.777049	0.000000
112	Spectrogram 1	1	2192.380000	2192.640000	4000.000000	18000.000000	8000.000000	Trill	4.365915	10.941589	NaN	NaN	46.884599	0.000000
113	Spectrogram 1	1	2195.040000	2195.210000	4000.000000	18000.000000	8000.000000	Trill	5.443375	12.367220	NaN	NaN	52.958867	0.000000
114	Spectrogram 1	1	2220.830000	2221.290000	4000.000000	18000.000000	8000.000000	Trill	9.193253	22.558458	NaN	NaN	54.438448	0.000000
115	Spectrogram 1	1	2337.280000	2337.320000	4000.000000	18000.000000	8000.000000	Twitter	11.161942	16.980728	NaN	NaN	30.224931	0.000000
116	Spectrogram 1	1	2367.140000	2367.500000	4000.000000	18000.000000	8000.000000	Trill	8.026602	21.310693	NaN	NaN	54.781938	0.000000
117	Spectrogram 1	1	2397.180000	2397.210000	4000.000000	18000.000000	8000.000000	Trill	6.877174	12.028419	NaN	NaN	31.137575	0.000000
118	Spectrogram 1	1	2428.660000	2428.680000	4000.000000	18000.000000	8000.000000	Sd-peep	4.091251	9.347863	NaN	NaN	55.821398	0.000000
119	Spectrogram 1	1	2441.230000	2441.290000	4000.000000	18000.000000	8000.000000	Trill	4.052456	9.151727	NaN	NaN	37.419162	0.000000
120	Spectrogram 1	1	2455.340000	2455.610000	4000.000000	18000.000000	8000.000000	Trill	5.021771	13.188221	NaN	NaN	31.718263	0.000000
121	Spectrogram 1	1	2533.400000	2533.430000	4000.000000	18000.000000	8000.000000	Trill	4.935378	11.286562	NaN	NaN	31.367140	0.000000
122	Spectrogram 1	1	2560.930000	2562.650000	4000.000000	18000.000000	8000.000000	Phee	6.228015	27.382647	NaN	NaN	38.985754	0.000000
123	Spectrogram 1	1	2562.820000	2563.850000	4000.000000	18000.000000	8000.000000	Phee	5.720220	27.070453	NaN	NaN	40.677341	0.000000
124	Spectrogram 1	1	2713.300000	2713.330000	4000.000000	18000.000000	8000.000000	Trill	9.150799	14.775310	NaN	NaN	29.275337	0.000000
125	Spectrogram 1	1	2721.490000	2721.590000	4000.000000	18000.000000	8000.000000	Twitter	5.333255	24.408022	NaN	NaN	35.123179	0.000000
126	Spectrogram 1	1	2734.930000	2734.980000	4000.000000	18000.000000	8000.000000	Trill	5.222598	7.430569	NaN	NaN	32.086502	0.000000
127	Spectrogram 1	1	2735.120000	2735.160000	4000.000000	18000.000000	8000.000000	Trill	11.459999	12.092646	NaN	NaN	32.950719	0.000000
128	Spectrogram 1	1	2736.800000	2736.890000	4000.000000	18000.000000	8000.000000	Trill	4.659926	10.843138	NaN	NaN	64.350458	0.000000
129	Spectrogram 1	1	2742.940000	2743.270000	4000.000000	18000.000000	8000.000000	Trill	4.768827	20.665347	NaN	NaN	39.912438	0.000000
130	Spectrogram 1	1	2799.020000	2799.050000	4000.000000	18000.000000	8000.000000	Trill	5.824866	16.051431	NaN	NaN	71.230317	0.000000
131	Spectrogram 1	1	2804.000000	2804.240000	4000.000000	18000.000000	8000.000000	Trill	4.250246	19.571799	NaN	NaN	42.878315	0.000000
132	Spectrogram 1	1	2830.000000	2830.190000	4000.000000	18000.000000	8000.000000	Trill	5.700446	13.306700	NaN	NaN	39.595055	0.000000
133	Spectrogram 1	1	2889.380000	2889.410000	4000.000000	18000.000000	8000.000000	Phee	4.055239	7.169809	NaN	NaN	43.934987	0.000000
134	Spectrogram 1	1	2901.170000	2902.180000	4000.000000	18000.000000	8000.000000	Trill	6.852022	20.070168	NaN	NaN	65.693028	0.000000
135	Spectrogram 1	1	2933.290000	2933.940000	4000.000000	18000.000000	8000.000000	Trill	7.396023	24.070776	NaN	NaN	51.929884	0.000000
136	Spectrogram 1	1	2934.070000	2934.440000	4000.000000	18000.000000	8000.000000	Trill	4.605332	21.288731	NaN	NaN	46.105564	0.000000
137	Spectrogram 1	1	2943.670000	2943.780000	4000.000000	18000.000000	8000.000000	Sd-peep	7.135936	23.496302	NaN	NaN	29.632731	0.000000
138	Spectrogram 1	1	2943.860000	2944.630000	4000.000000	18000.000000	8000.000000	Trill	9.206659	30.000000	NaN	NaN	70.625929	0.000000
139	Spectrogram 1	1	2944.740000	2945.410000	4000.000000	18000.000000	8000.000000	Trill	9.901165	30.000000	NaN	NaN	74.639882	0.000000
140	Spectrogram 1	1	2945.520000	2946.010000	4000.000000	18000.000000	8000.000000	Trill	7.929327	27.503006	NaN	NaN	57.567114	0.000000
141	Spectrogram 1	1	2946.070000	2946.420000	4000.000000	18000.000000	8000.000000	Trill	6.966570	25.941112	NaN	NaN	40.879523	0.000000
142	Spectrogram 1	1	2953.380000	2954.030000	4000.000000	18000.000000	8000.000000	Trill	7.240522	20.921752	NaN	NaN	37.507532	0.000000
143	Spectrogram 1	1	2956.400000	2956.470000	4000.000000	18000.000000	8000.000000	Sd-peep	5.819779	23.840165	NaN	NaN	38.837917	0.000000
144	Spectrogram 1	1	2956.590000	2957.070000	4000.000000	18000.000000	8000.000000	Trill	10.016380	22.291782	NaN	NaN	51.178087	0.000000
145	Spectrogram 1	1	2968.060000	2968.710000	4000.000000	18000.000000	8000.000000	Trill	5.267314	18.079727	NaN	NaN	42.000844	0.000000
146	Spectrogram 1	1	2987.900000	2988.750000	4000.000000	18000.000000	8000.000000	Twitter	5.781139	22.894958	NaN	NaN	35.933597	0.000000
147	Spectrogram 1	1	3010.010000	3010.530000	4000.000000	18000.000000	8000.000000	Trill	6.397081	27.760910	NaN	NaN	71.095556	0.000000
148	Spectrogram 1	1	3010.640000	3011.320000	4000.000000	18000.000000	8000.000000	Trill	7.340880	29.750783	NaN	NaN	90.243331	0.000000
149	Spectrogram 1	1	3011.390000	3011.840000	4000.000000	18000.000000	8000.000000	Trill	8.348716	30.000000	NaN	NaN	100.206900	0.000000
150	Spectrogram 1	1	3055.040000	3055.540000	4000.000000	18000.000000	8000.000000	Trill	9.773978	26.144530	NaN	NaN	57.754158	0.000000
151	Spectrogram 1	1	3067.410000	3067.440000	4000.000000	18000.000000	8000.000000	Sd-peep	4.264198	15.856187	NaN	NaN	95.605173	0.000000
152	Spectrogram 1	1	3069.050000	3069.140000	4000.000000	18000.000000	8000.000000	Twitter	4.503814	20.243312	NaN	NaN	35.833712	0.000000
153	Spectrogram 1	1	3143.440000	3144.370000	4000.000000	18000.000000	8000.000000	Twitter	5.901308	23.781532	NaN	NaN	34.577674	0.000000
154	Spectrogram 1	1	3144.410000	3144.490000	4000.000000	18000.000000	8000.000000	Twitter	4.939403	10.509929	NaN	NaN	41.650129	0.000000
155	Spectrogram 1	1	3191.150000	3191.620000	4000.000000	18000.000000	8000.000000	Trill	10.030556	23.081196	NaN	NaN	82.336658	0.000000
156	Spectrogram 1	1	3200.890000	3200.920000	4000.000000	18000.000000	8000.000000	Trill	9.028495	9.445079	NaN	NaN	30.950953	0.000000
157	Spectrogram 1	1	3205.090000	3205.110000	4000.000000	18000.000000	8000.000000	Trill	6.015365	7.822516	NaN	NaN	35.013897	0.000000
158	Spectrogram 1	1	3219.320000	3219.370000	4000.000000	18000.000000	8000.000000	Phee	5.636873	10.857346	NaN	NaN	67.917745	0.000000
159	Spectrogram 1	1	3249.440000	3249.460000	4000.000000	18000.000000	8000.000000	Sd-peep	4.372842	8.779972	NaN	NaN	44.466981	0.000000
160	Spectrogram 1	1	3254.810000	3255.350000	4000.000000	18000.000000	8000.000000	Trill	9.581108	23.299343	NaN	NaN	86.993701	0.000000
161	Spectrogram 1	1	3255.460000	3255.750000	4000.000000	18000.000000	8000.000000	Trill	8.577301	26.650094	NaN	NaN	76.460286	0.000000
162	Spectrogram 1	1	3255.850000	3256.180000	4000.000000	18000.000000	8000.000000	Trill	8.333384	26.920326	NaN	NaN	95.959883	0.000000
163	Spectrogram 1	1	3256.280000	3256.600000	4000.000000	18000.000000	8000.000000	Trill	7.631755	26.187042	NaN	NaN	85.546943	0.000000
164	Spectrogram 1	1	3256.690000	3256.960000	4000.000000	18000.000000	8000.000000	Trill	7.654242	25.962514	NaN	NaN	81.459533	0.000000
165	Spectrogram 1	1	3257.080000	3257.180000	4000.000000	18000.000000	8000.000000	Twitter	5.382223	15.486802	NaN	NaN	90.707347	0.000000
166	Spectrogram 1	1	3261.850000	3262.250000	4000.000000	18000.000000	8000.000000	Trill	12.518969	23.014437	NaN	NaN	66.248625	0.000000
167	Spectrogram 1	1	3263.550000	3263.600000	4000.000000	18000.000000	8000.000000	Trill	10.533562	12.190143	NaN	NaN	30.783641	0.000000
168	Spectrogram 1	1	3272.270000	3272.350000	4000.000000	18000.000000	8000.000000	Trill	5.984414	20.362127	NaN	NaN	88.564075	0.000000
169	Spectrogram 1	1	3346.720000	3346.740000	4000.000000	18000.000000	8000.000000	Trill	5.513122	11.087098	NaN	NaN	31.120141	0.000000
170	Spectrogram 1	1	3357.320000	3358.000000	4000.000000	18000.000000	8000.000000	Phee	9.990843	30.000000	NaN	NaN	92.853875	0.000000
171	Spectrogram 1	1	3358.100000	3358.830000	4000.000000	18000.000000	8000.000000	Trill	9.237429	30.000000	NaN	NaN	89.542758	0.000000
172	Spectrogram 1	1	3358.950000	3359.980000	4000.000000	18000.000000	8000.000000	Phee	6.488858	26.297979	NaN	NaN	58.508570	0.000000
173	Spectrogram 1	1	3395.810000	3395.960000	4000.000000	18000.000000	8000.000000	Twitter	5.977903	27.073539	NaN	NaN	67.011095	0.000000
174	Spectrogram 1	1	3400.400000	3401.060000	4000.000000	18000.000000	8000.000000	Trill	10.756496	22.787608	NaN	NaN	74.595578	0.000000
175	Spectrogram 1	1	3410.100000	3410.210000	4000.000000	18000.000000	8000.000000	Sd-peep	5.041844	16.986443	NaN	NaN	44.901219	0.000000
176	Spectrogram 1	1	3410.300000	3410.410000	4000.000000	18000.000000	8000.000000	Trill	6.817119	19.465855	NaN	NaN	38.771910	0.000000
177	Spectrogram 1	1	3410.490000	3411.080000	4000.000000	18000.000000	8000.000000	Trill	7.450719	23.859611	NaN	NaN	75.250582	0.000000
178	Spectrogram 1	1	3411.160000	3411.580000	4000.000000	18000.000000	8000.000000	Trill	7.306814	26.794272	NaN	NaN	82.610053	0.000000
179	Spectrogram 1	1	3411.660000	3412.080000	4000.000000	18000.000000	8000.000000	Trill	7.843917	28.150813	NaN	NaN	87.394762	0.000000
180	Spectrogram 1	1	3412.200000	3412.640000	4000.000000	18000.000000	8000.000000	Trill	8.008861	27.156491	NaN	NaN	91.943878	0.000000
181	Spectrogram 1	1	3415.040000	3415.150000	4000.000000	18000.000000	8000.000000	Sd-peep	5.280353	24.892892	NaN	NaN	35.932771	0.000000
182	Spectrogram 1	1	3415.320000	3415.860000	4000.000000	18000.000000	8000.000000	Trill	9.940155	20.143589	NaN	NaN	61.520624	0.000000
183	Spectrogram 1	1	3461.690000	3461.850000	4000.000000	18000.000000	8000.000000	Twitter	5.623833	25.580704	NaN	NaN	51.647419	0.000000
184	Spectrogram 1	1	3514.560000	3514.930000	4000.000000	18000.000000	8000.000000	Trill	11.081193	22.736286	NaN	NaN	70.150973	0.000000
185	Spectrogram 1	1	3550.160000	3550.930000	4000.000000	18000.000000	8000.000000	Trill	9.590321	29.906488	NaN	NaN	109.532325	0.000000
186	Spectrogram 1	1	3551.060000	3551.530000	4000.000000	18000.000000	8000.000000	Trill	9.709739	30.000000	NaN	NaN	106.491111	0.000000
187	Spectrogram 1	1	3551.620000	3552.390000	4000.000000	18000.000000	8000.000000	Phee	10.485794	29.677596	NaN	NaN	133.956059	0.000000
188	Spectrogram 1	1	3598.200000	3598.230000	4000.000000	18000.000000	8000.000000	Twitter	10.275718	14.445952	NaN	NaN	33.557517	0.000000
189	Spectrogram 1	1	3598.300000	3598.340000	4000.000000	18000.000000	8000.000000	Trill	6.531624	12.350380	NaN	NaN	31.584518	0.000000
190	Spectrogram 1	1	3629.660000	3630.160000	4000.000000	18000.000000	8000.000000	Trill	9.736253	19.569614	NaN	NaN	107.793933	0.000000
191	Spectrogram 1	1	3630.330000	3630.410000	4000.000000	18000.000000	8000.000000	Trill	10.170102	17.371012	NaN	NaN	120.203053	0.000000
192	Spectrogram 1	1	3680.290000	3680.800000	4000.000000	18000.000000	8000.000000	Trill	8.641819	18.622346	NaN	NaN	81.062044	0.000000
193	Spectrogram 1	1	3701.270000	3702.120000	4000.000000	18000.000000	8000.000000	Trill	10.585394	27.422322	NaN	NaN	103.232436	0.000000
194	Spectrogram 1	1	3702.230000	3702.890000	4000.000000	18000.000000	8000.000000	Trill	10.408946	30.000000	NaN	NaN	84.148964	0.000000
195	Spectrogram 1	1	3702.990000	3703.520000	4000.000000	18000.000000	8000.000000	Phee	9.685002	28.995424	NaN	NaN	71.494779	0.000000
196	Spectrogram 1	1	3703.580000	3703.980000	4000.000000	18000.000000	8000.000000	Phee	10.948768	30.000000	NaN	NaN	108.035298	0.000000
197	Spectrogram 1	1	3704.020000	3704.090000	4000.000000	18000.000000	8000.000000	Trill	10.740523	26.447566	NaN	NaN	87.210795	0.000000
198	Spectrogram 1	1	3705.560000	3705.920000	4000.000000	18000.000000	8000.000000	Sd-peep	5.696772	19.488519	NaN	NaN	38.530240	0.000000
199	Spectrogram 1	1	3706.000000	3706.090000	4000.000000	18000.000000	8000.000000	Sd-peep	8.099627	21.469042	NaN	NaN	41.779790	0.000000
200	Spectrogram 1	1	3706.190000	3706.240000	4000.000000	18000.000000	8000.000000	Sd-peep	9.658842	17.743872	NaN	NaN	64.332764	0.000000
201	Spectrogram 1	1	3711.880000	3712.240000	4000.000000	18000.000000	8000.000000	Trill	10.800094	21.300276	NaN	NaN	67.210776	0.000000
202	Spectrogram 1	1	3727.130000	3727.680000	4000.000000	18000.000000	8000.000000	Trill	10.209221	20.687947	NaN	NaN	80.475257	0.000000
203	Spectrogram 1	1	3733.390000	3733.430000	4000.000000	18000.000000	8000.000000	Sd-peep	7.405070	8.414757	NaN	NaN	31.813162	0.000000
204	Spectrogram 1	1	3743.730000	3744.110000	4000.000000	18000.000000	8000.000000	Trill	9.647806	25.023950	NaN	NaN	94.507610	0.000000
205	Spectrogram 1	1	3744.250000	3744.720000	4000.000000	18000.000000	8000.000000	Trill	8.166971	27.925400	NaN	NaN	95.172734	0.000000
206	Spectrogram 1	1	3744.840000	3745.200000	4000.000000	18000.000000	8000.000000	Trill	6.858528	26.572745	NaN	NaN	101.748793	0.000000
207	Spectrogram 1	1	3745.290000	3745.600000	4000.000000	18000.000000	8000.000000	Trill	8.736571	28.578253	NaN	NaN	137.244358	0.000000
208	Spectrogram 1	1	3745.730000	3745.900000	4000.000000	18000.000000	8000.000000	Trillphee	9.944539	23.345483	NaN	NaN	172.624021	0.000000
