Selection	View	Channel	Begin Time (s)	End Time (s)	Low Freq (Hz)	High Freq (Hz)	Max Freq (Hz)	Call Type	Energy Diff	Energy Par	Energy Diff (wl)	Energy Par (wl)	AHR	Exception
1	Spectrogram 1	1	0.080000	0.250000	4000.000000	18000.000000	8000.000000	Trill	8.924110	13.107978	NaN	NaN	38.577449	0.000000
2	Spectrogram 1	1	5.580000	5.670000	4000.000000	18000.000000	8000.000000	Trill	5.429744	13.661334	NaN	NaN	58.375509	0.000000
3	Spectrogram 1	1	5.780000	5.870000	4000.000000	18000.000000	8000.000000	Trill	5.496227	10.114710	NaN	NaN	70.757434	0.000000
4	Spectrogram 1	1	13.790000	13.850000	4000.000000	18000.000000	8000.000000	Trill	7.904463	13.877302	NaN	NaN	63.774485	0.000000
5	Spectrogram 1	1	18.680000	18.720000	4000.000000	18000.000000	8000.000000	Trill	10.123067	11.125705	NaN	NaN	31.841102	0.000000
6	Spectrogram 1	1	19.300000	19.540000	4000.000000	18000.000000	8000.000000	Trill	11.910351	22.639954	NaN	NaN	76.930932	0.000000
7	Spectrogram 1	1	29.740000	29.930000	4000.000000	18000.000000	8000.000000	Trill	4.380891	11.211175	NaN	NaN	37.881129	0.000000
8	Spectrogram 1	1	31.700000	31.720000	4000.000000	18000.000000	8000.000000	Sd-peep	4.299731	8.467581	NaN	NaN	42.308729	0.000000
9	Spectrogram 1	1	31.910000	32.000000	4000.000000	18000.000000	8000.000000	Trill	5.169364	14.065295	NaN	NaN	38.478057	0.000000
10	Spectrogram 1	1	33.020000	33.220000	4000.000000	18000.000000	8000.000000	Trill	6.023939	10.731442	NaN	NaN	51.103141	0.000000
11	Spectrogram 1	1	51.440000	51.460000	4000.000000	18000.000000	8000.000000	Trill	10.292423	12.755156	NaN	NaN	28.727915	0.000000
12	Spectrogram 1	1	64.350000	64.450000	4000.000000	18000.000000	8000.000000	Trill	11.112258	13.717965	NaN	NaN	33.092309	0.000000
13	Spectrogram 1	1	67.280000	67.340000	4000.000000	18000.000000	8000.000000	Trill	7.643951	11.888890	NaN	NaN	33.286760	0.000000
14	Spectrogram 1	1	87.760000	88.090000	4000.000000	18000.000000	8000.000000	Trill	8.550628	21.571415	NaN	NaN	68.315449	0.000000
15	Spectrogram 1	1	88.970000	88.990000	4000.000000	18000.000000	8000.000000	Trill	6.248949	9.195976	NaN	NaN	59.953455	0.000000
16	Spectrogram 1	1	94.200000	94.340000	4000.000000	18000.000000	8000.000000	Trill	4.480602	9.508749	NaN	NaN	53.841201	0.000000
17	Spectrogram 1	1	95.780000	96.090000	4000.000000	18000.000000	8000.000000	Trill	6.325662	11.295398	NaN	NaN	43.148169	0.000000
18	Spectrogram 1	1	96.340000	96.680000	4000.000000	18000.000000	8000.000000	Trill	4.412931	13.793782	NaN	NaN	52.065663	0.000000
19	Spectrogram 1	1	103.710000	104.170000	4000.000000	18000.000000	8000.000000	Trill	5.550893	12.191478	NaN	NaN	30.512893	0.000000
20	Spectrogram 1	1	127.500000	127.660000	4000.000000	18000.000000	8000.000000	Trill	5.094979	10.591833	NaN	NaN	47.315478	0.000000
21	Spectrogram 1	1	137.040000	137.570000	4000.000000	18000.000000	8000.000000	Trill	5.324193	19.058611	NaN	NaN	51.470932	0.000000
22	Spectrogram 1	1	151.850000	152.080000	4000.000000	18000.000000	8000.000000	Trill	10.103509	13.410981	NaN	NaN	95.819290	0.000000
23	Spectrogram 1	1	153.600000	153.670000	4000.000000	18000.000000	8000.000000	Trillphee	7.030925	11.033303	NaN	NaN	29.611135	0.000000
24	Spectrogram 1	1	160.110000	160.600000	4000.000000	18000.000000	8000.000000	Trill	13.022873	27.021517	NaN	NaN	99.131753	0.000000
25	Spectrogram 1	1	168.910000	169.250000	4000.000000	18000.000000	8000.000000	Trill	10.843899	21.504966	NaN	NaN	84.960672	0.000000
26	Spectrogram 1	1	185.430000	185.830000	4000.000000	18000.000000	8000.000000	Trill	10.657811	25.465264	NaN	NaN	76.127940	0.000000
27	Spectrogram 1	1	191.020000	191.060000	4000.000000	18000.000000	8000.000000	Trill	4.716123	7.406452	NaN	NaN	50.358187	0.000000
28	Spectrogram 1	1	267.230000	267.260000	4000.000000	18000.000000	8000.000000	Trill	7.565397	9.364057	NaN	NaN	30.771945	0.000000
29	Spectrogram 1	1	290.940000	291.100000	4000.000000	18000.000000	8000.000000	Trill	12.134676	17.058657	NaN	NaN	28.735233	0.000000
30	Spectrogram 1	1	320.560000	320.750000	4000.000000	18000.000000	8000.000000	Trill	5.149405	17.242534	NaN	NaN	41.719868	0.000000
31	Spectrogram 1	1	341.750000	342.080000	4000.000000	18000.000000	8000.000000	Trill	4.199052	10.021929	NaN	NaN	43.029234	0.000000
32	Spectrogram 1	1	344.960000	345.250000	4000.000000	18000.000000	8000.000000	Trill	8.987086	21.761535	NaN	NaN	42.915387	0.000000
33	Spectrogram 1	1	348.580000	348.820000	4000.000000	18000.000000	8000.000000	Trill	8.733794	21.699540	NaN	NaN	47.857769	0.000000
34	Spectrogram 1	1	375.210000	375.440000	4000.000000	18000.000000	8000.000000	Trill	5.501736	17.860587	NaN	NaN	45.344753	0.000000
35	Spectrogram 1	1	376.750000	376.840000	4000.000000	18000.000000	8000.000000	Phee	4.142175	27.734337	NaN	NaN	73.781774	0.000000
36	Spectrogram 1	1	376.980000	377.550000	4000.000000	18000.000000	8000.000000	Phee	4.214221	22.088274	NaN	NaN	109.754099	0.000000
37	Spectrogram 1	1	392.210000	392.470000	4000.000000	18000.000000	8000.000000	Trill	7.300368	17.346287	NaN	NaN	34.699276	0.000000
38	Spectrogram 1	1	417.370000	417.650000	4000.000000	18000.000000	8000.000000	Trill	10.982742	23.802347	NaN	NaN	56.879693	0.000000
39	Spectrogram 1	1	462.190000	462.460000	4000.000000	18000.000000	8000.000000	Trill	13.681487	25.343792	NaN	NaN	80.108441	0.000000
40	Spectrogram 1	1	470.820000	470.850000	4000.000000	18000.000000	8000.000000	Trill	7.322496	14.282653	NaN	NaN	97.731336	0.000000
41	Spectrogram 1	1	471.330000	471.380000	4000.000000	18000.000000	8000.000000	Trill	8.111422	10.507347	NaN	NaN	33.009650	0.000000
42	Spectrogram 1	1	479.920000	479.980000	4000.000000	18000.000000	8000.000000	Trill	4.064867	9.978909	NaN	NaN	47.185877	0.000000
43	Spectrogram 1	1	527.700000	527.890000	4000.000000	18000.000000	8000.000000	Trill	8.890257	10.525259	NaN	NaN	31.333982	0.000000
44	Spectrogram 1	1	538.510000	538.530000	4000.000000	18000.000000	8000.000000	Trill	9.649182	11.014887	NaN	NaN	32.298918	0.000000
45	Spectrogram 1	1	548.780000	548.870000	4000.000000	18000.000000	8000.000000	Trill	11.402301	13.765197	NaN	NaN	30.691685	0.000000
46	Spectrogram 1	1	564.740000	565.150000	4000.000000	18000.000000	8000.000000	Trill	6.439741	17.855870	NaN	NaN	46.027659	0.000000
47	Spectrogram 1	1	633.790000	634.110000	4000.000000	18000.000000	8000.000000	Trill	16.835504	30.000000	NaN	NaN	124.746505	0.000000
48	Spectrogram 1	1	639.760000	640.130000	4000.000000	18000.000000	8000.000000	Trill	11.643618	25.318104	NaN	NaN	58.541172	0.000000
49	Spectrogram 1	1	648.260000	648.290000	4000.000000	18000.000000	8000.000000	Trill	12.029255	13.759547	NaN	NaN	35.610826	0.000000
50	Spectrogram 1	1	648.350000	648.390000	4000.000000	18000.000000	8000.000000	Trill	10.345469	10.098600	NaN	NaN	32.031221	0.000000
51	Spectrogram 1	1	676.820000	676.950000	4000.000000	18000.000000	8000.000000	Trill	5.147259	10.476378	NaN	NaN	31.955452	0.000000
52	Spectrogram 1	1	706.900000	707.110000	4000.000000	18000.000000	8000.000000	Trill	5.167806	9.271467	NaN	NaN	31.820975	0.000000
53	Spectrogram 1	1	710.520000	711.740000	4000.000000	18000.000000	8000.000000	Phee	12.689650	30.000000	NaN	NaN	41.251900	0.000000
54	Spectrogram 1	1	711.880000	712.010000	4000.000000	18000.000000	8000.000000	Trill	12.737967	14.703383	NaN	NaN	36.835410	0.000000
55	Spectrogram 1	1	712.240000	713.280000	4000.000000	18000.000000	8000.000000	Phee	14.636015	30.000000	NaN	NaN	32.757639	0.000000
56	Spectrogram 1	1	713.410000	714.360000	4000.000000	18000.000000	8000.000000	Phee	14.235354	30.000000	NaN	NaN	29.973096	0.000000
57	Spectrogram 1	1	715.540000	715.560000	4000.000000	18000.000000	8000.000000	Sd-peep	8.622831	8.674486	NaN	NaN	28.729524	0.000000
58	Spectrogram 1	1	732.830000	732.870000	4000.000000	18000.000000	8000.000000	Trill	12.878525	15.647425	NaN	NaN	28.058632	0.000000
59	Spectrogram 1	1	748.820000	748.840000	4000.000000	18000.000000	8000.000000	Twitter	6.423640	28.524156	NaN	NaN	87.563921	0.000000
60	Spectrogram 1	1	749.070000	749.150000	4000.000000	18000.000000	8000.000000	Phee	5.332234	27.538003	NaN	NaN	91.462503	0.000000
61	Spectrogram 1	1	749.760000	749.820000	4000.000000	18000.000000	8000.000000	Phee	9.367851	21.995200	NaN	NaN	70.590048	0.000000
62	Spectrogram 1	1	749.870000	750.050000	4000.000000	18000.000000	8000.000000	Phee	7.580658	25.801018	NaN	NaN	130.997751	0.000000
63	Spectrogram 1	1	778.830000	778.850000	4000.000000	18000.000000	8000.000000	Sd-peep	7.846823	7.527738	NaN	NaN	31.497267	0.000000
64	Spectrogram 1	1	779.270000	779.300000	4000.000000	18000.000000	8000.000000	Trill	8.994992	8.332413	NaN	NaN	33.372867	0.000000
65	Spectrogram 1	1	788.070000	788.120000	4000.000000	18000.000000	8000.000000	Trillphee	9.806648	13.903269	NaN	NaN	28.777268	0.000000
66	Spectrogram 1	1	788.320000	788.370000	4000.000000	18000.000000	8000.000000	Trillphee	9.006497	12.621636	NaN	NaN	30.237855	0.000000
67	Spectrogram 1	1	792.870000	793.010000	4000.000000	18000.000000	8000.000000	Trill	11.850163	15.397590	NaN	NaN	28.332340	0.000000
68	Spectrogram 1	1	793.920000	794.120000	4000.000000	18000.000000	8000.000000	Trill	4.147176	10.837180	NaN	NaN	35.255007	0.000000
69	Spectrogram 1	1	805.900000	805.950000	4000.000000	18000.000000	8000.000000	Trill	9.219652	7.842853	NaN	NaN	31.767184	0.000000
70	Spectrogram 1	1	806.060000	806.090000	4000.000000	18000.000000	8000.000000	Trill	11.572494	15.684243	NaN	NaN	37.693560	0.000000
71	Spectrogram 1	1	806.370000	806.480000	4000.000000	18000.000000	8000.000000	Trill	4.601529	7.004753	NaN	NaN	34.569453	0.000000
72	Spectrogram 1	1	806.620000	806.690000	4000.000000	18000.000000	8000.000000	Trill	7.934420	7.189266	NaN	NaN	34.616297	0.000000
73	Spectrogram 1	1	878.580000	878.910000	4000.000000	18000.000000	8000.000000	Trill	4.172708	17.931476	NaN	NaN	50.375183	0.000000
74	Spectrogram 1	1	896.690000	896.710000	4000.000000	18000.000000	8000.000000	Phee	4.102507	7.382595	NaN	NaN	46.570153	0.000000
75	Spectrogram 1	1	911.250000	911.540000	4000.000000	18000.000000	8000.000000	Trill	6.580824	19.179099	NaN	NaN	37.366493	0.000000
76	Spectrogram 1	1	945.260000	945.510000	4000.000000	18000.000000	8000.000000	Trill	8.292297	12.876907	NaN	NaN	33.317100	0.000000
77	Spectrogram 1	1	945.550000	945.590000	4000.000000	18000.000000	8000.000000	Phee	4.441167	6.487442	NaN	NaN	41.948921	0.000000
78	Spectrogram 1	1	976.060000	976.320000	4000.000000	18000.000000	8000.000000	Trill	5.552902	19.157228	NaN	NaN	37.317903	0.000000
79	Spectrogram 1	1	988.140000	988.160000	4000.000000	18000.000000	8000.000000	Sd-peep	4.035975	13.953397	NaN	NaN	37.110975	0.000000
80	Spectrogram 1	1	992.460000	992.500000	4000.000000	18000.000000	8000.000000	Trill	9.670712	9.874289	NaN	NaN	32.812032	0.000000
81	Spectrogram 1	1	1002.090000	1002.180000	4000.000000	18000.000000	8000.000000	Trill	8.680962	11.850309	NaN	NaN	29.041622	0.000000
82	Spectrogram 1	1	1023.900000	1024.120000	4000.000000	18000.000000	8000.000000	Trill	9.421145	20.499952	NaN	NaN	74.438854	0.000000
83	Spectrogram 1	1	1028.270000	1028.610000	4000.000000	18000.000000	8000.000000	Trill	13.038486	27.490919	NaN	NaN	81.213049	0.000000
84	Spectrogram 1	1	1032.480000	1032.530000	4000.000000	18000.000000	8000.000000	Trill	10.872511	10.777617	NaN	NaN	34.437767	0.000000
85	Spectrogram 1	1	1075.010000	1076.100000	4000.000000	18000.000000	8000.000000	Phee	5.357053	29.705586	NaN	NaN	30.685459	0.000000
86	Spectrogram 1	1	1076.310000	1076.370000	4000.000000	18000.000000	8000.000000	Trill	6.332307	15.398755	NaN	NaN	32.584207	0.000000
87	Spectrogram 1	1	1082.600000	1082.640000	4000.000000	18000.000000	8000.000000	Trill	8.457781	11.844767	NaN	NaN	41.613203	0.000000
88	Spectrogram 1	1	1090.410000	1090.460000	4000.000000	18000.000000	8000.000000	Trill	4.754186	8.679636	NaN	NaN	40.953858	0.000000
89	Spectrogram 1	1	1133.990000	1134.020000	4000.000000	18000.000000	8000.000000	Trill	5.369595	4.759230	NaN	NaN	33.141315	0.000000
90	Spectrogram 1	1	1362.140000	1362.170000	4000.000000	18000.000000	8000.000000	Trill	7.102774	13.262770	NaN	NaN	31.401956	0.000000
91	Spectrogram 1	1	1390.020000	1390.050000	4000.000000	18000.000000	8000.000000	Trill	9.502575	15.464595	NaN	NaN	32.757506	0.000000
92	Spectrogram 1	1	1392.310000	1392.530000	4000.000000	18000.000000	8000.000000	Trill	12.410202	26.416259	NaN	NaN	83.123230	0.000000
93	Spectrogram 1	1	1397.020000	1397.270000	4000.000000	18000.000000	8000.000000	Trill	8.986831	21.700390	NaN	NaN	48.145551	0.000000
94	Spectrogram 1	1	1403.920000	1404.000000	4000.000000	18000.000000	8000.000000	Trill	6.969542	8.795393	NaN	NaN	31.230556	0.000000
95	Spectrogram 1	1	1453.620000	1454.050000	4000.000000	18000.000000	8000.000000	Trill	7.229062	17.631642	NaN	NaN	64.423284	0.000000
96	Spectrogram 1	1	1475.360000	1475.650000	4000.000000	18000.000000	8000.000000	Trill	11.785019	24.513526	NaN	NaN	82.623727	0.000000
97	Spectrogram 1	1	1506.070000	1506.110000	4000.000000	18000.000000	8000.000000	Trill	4.015515	11.959077	NaN	NaN	61.127665	0.000000
98	Spectrogram 1	1	1513.170000	1513.630000	4000.000000	18000.000000	8000.000000	Trill	9.842727	22.756924	NaN	NaN	72.634694	0.000000
99	Spectrogram 1	1	1516.030000	1516.340000	4000.000000	18000.000000	8000.000000	Trill	11.964777	24.966184	NaN	NaN	60.098802	0.000000
100	Spectrogram 1	1	1525.600000	1526.110000	4000.000000	18000.000000	8000.000000	Trill	6.160315	18.477096	NaN	NaN	80.725468	0.000000
101	Spectrogram 1	1	1530.600000	1531.310000	4000.000000	18000.000000	8000.000000	Trill	NaN	NaN	NaN	NaN	47.320129	0.000000
102	Spectrogram 1	1	1540.480000	1541.080000	4000.000000	18000.000000	8000.000000	Trill	6.928045	15.700383	NaN	NaN	37.311859	0.000000
103	Spectrogram 1	1	1555.410000	1556.040000	4000.000000	18000.000000	8000.000000	Phee	5.446405	15.095783	NaN	NaN	39.379929	0.000000
104	Spectrogram 1	1	1570.590000	1571.320000	4000.000000	18000.000000	8000.000000	Trill	5.213742	14.660783	NaN	NaN	44.559503	0.000000
105	Spectrogram 1	1	1574.170000	1574.900000	4000.000000	18000.000000	8000.000000	Trill	4.413599	17.127854	NaN	NaN	40.008633	0.000000
106	Spectrogram 1	1	1586.220000	1586.240000	4000.000000	18000.000000	8000.000000	Sd-peep	9.072989	11.487323	NaN	NaN	30.619784	0.000000
107	Spectrogram 1	1	1613.470000	1613.500000	4000.000000	18000.000000	8000.000000	Trill	10.480865	12.317595	NaN	NaN	29.955659	0.000000
108	Spectrogram 1	1	1623.630000	1623.910000	4000.000000	18000.000000	8000.000000	Trill	4.864739	16.322267	NaN	NaN	37.251533	0.000000
109	Spectrogram 1	1	1645.740000	1645.980000	4000.000000	18000.000000	8000.000000	Trill	4.378170	16.965775	NaN	NaN	47.682026	0.000000
110	Spectrogram 1	1	1646.660000	1646.690000	4000.000000	18000.000000	8000.000000	Trill	4.769659	9.424185	NaN	NaN	57.218108	0.000000
111	Spectrogram 1	1	1661.030000	1662.210000	4000.000000	18000.000000	8000.000000	Phee	11.701738	29.203259	NaN	NaN	38.698338	0.000000
112	Spectrogram 1	1	1662.520000	1663.520000	4000.000000	18000.000000	8000.000000	Phee	10.932676	30.000000	NaN	NaN	31.740127	0.000000
113	Spectrogram 1	1	1701.030000	1701.070000	4000.000000	18000.000000	8000.000000	Trill	6.287445	5.691285	NaN	NaN	31.215146	0.000000
114	Spectrogram 1	1	1752.470000	1752.560000	4000.000000	18000.000000	8000.000000	Trill	5.341098	12.383816	NaN	NaN	35.473102	0.000000
115	Spectrogram 1	1	1770.380000	1770.430000	4000.000000	18000.000000	8000.000000	Trill	8.664420	9.318927	NaN	NaN	28.810997	0.000000
116	Spectrogram 1	1	1771.760000	1771.820000	4000.000000	18000.000000	8000.000000	Trill	7.298977	6.917096	NaN	NaN	30.142331	0.000000
117	Spectrogram 1	1	1790.970000	1791.000000	4000.000000	18000.000000	8000.000000	Trill	8.035539	8.213409	NaN	NaN	29.545736	0.000000
118	Spectrogram 1	1	1815.490000	1815.930000	4000.000000	18000.000000	8000.000000	Trill	6.167180	11.236087	NaN	NaN	74.087371	0.000000
119	Spectrogram 1	1	1818.360000	1818.670000	4000.000000	18000.000000	8000.000000	Trill	8.197092	19.753045	NaN	NaN	54.782760	0.000000
120	Spectrogram 1	1	1857.270000	1857.320000	4000.000000	18000.000000	8000.000000	Trill	5.734353	6.489473	NaN	NaN	34.175550	0.000000
121	Spectrogram 1	1	1887.780000	1887.860000	4000.000000	18000.000000	8000.000000	Trill	6.592075	10.132711	NaN	NaN	33.386598	0.000000
122	Spectrogram 1	1	1898.280000	1898.710000	4000.000000	18000.000000	8000.000000	Trill	6.725208	11.655254	NaN	NaN	63.025820	0.000000
123	Spectrogram 1	1	1902.600000	1902.630000	4000.000000	18000.000000	8000.000000	Trill	5.092985	6.846287	NaN	NaN	45.833464	0.000000
124	Spectrogram 1	1	1908.120000	1908.230000	4000.000000	18000.000000	8000.000000	Trill	6.041461	11.603265	NaN	NaN	30.095504	0.000000
125	Spectrogram 1	1	1909.220000	1909.560000	4000.000000	18000.000000	8000.000000	Trill	15.546687	28.718397	NaN	NaN	84.271054	0.000000
126	Spectrogram 1	1	1949.270000	1949.390000	4000.000000	18000.000000	8000.000000	Trill	6.520669	8.515748	NaN	NaN	31.765155	0.000000
127	Spectrogram 1	1	1960.340000	1960.390000	4000.000000	18000.000000	8000.000000	Trill	10.858121	13.029525	NaN	NaN	28.797061	0.000000
128	Spectrogram 1	1	1970.520000	1970.750000	4000.000000	18000.000000	8000.000000	Trill	14.538238	26.971117	NaN	NaN	69.962467	0.000000
129	Spectrogram 1	1	1980.040000	1980.100000	4000.000000	18000.000000	8000.000000	Trill	11.977495	14.534415	NaN	NaN	28.336153	0.000000
130	Spectrogram 1	1	1982.480000	1982.500000	4000.000000	18000.000000	8000.000000	Sd-peep	4.581367	11.101138	NaN	NaN	38.153143	0.000000
131	Spectrogram 1	1	1984.010000	1984.410000	4000.000000	18000.000000	8000.000000	Trill	4.736874	15.647553	NaN	NaN	32.298706	0.000000
132	Spectrogram 1	1	2021.750000	2021.800000	4000.000000	18000.000000	8000.000000	Trill	6.917352	6.563746	NaN	NaN	31.377967	0.000000
133	Spectrogram 1	1	2038.790000	2038.810000	4000.000000	18000.000000	8000.000000	Sd-peep	4.808479	11.793032	NaN	NaN	31.633558	0.000000
134	Spectrogram 1	1	2041.870000	2042.160000	4000.000000	18000.000000	8000.000000	Trill	12.138387	23.210406	NaN	NaN	96.739407	0.000000
135	Spectrogram 1	1	2105.600000	2105.990000	4000.000000	18000.000000	8000.000000	Trill	12.057118	24.463234	NaN	NaN	68.665150	0.000000
136	Spectrogram 1	1	2118.410000	2118.520000	4000.000000	18000.000000	8000.000000	Trill	6.570946	9.754667	NaN	NaN	29.588687	0.000000
137	Spectrogram 1	1	2143.020000	2143.230000	4000.000000	18000.000000	8000.000000	Trill	6.351995	16.652445	NaN	NaN	52.249183	0.000000
138	Spectrogram 1	1	2149.150000	2149.180000	4000.000000	18000.000000	8000.000000	Twitter	7.973216	10.009559	NaN	NaN	38.078250	0.000000
139	Spectrogram 1	1	2161.720000	2161.770000	4000.000000	18000.000000	8000.000000	Trill	10.312252	12.090964	NaN	NaN	28.924048	0.000000
140	Spectrogram 1	1	2162.560000	2162.600000	4000.000000	18000.000000	8000.000000	Trill	11.912456	14.117060	NaN	NaN	36.167983	0.000000
141	Spectrogram 1	1	2180.710000	2180.830000	4000.000000	18000.000000	8000.000000	Trill	10.775686	13.867296	NaN	NaN	31.257012	0.000000
142	Spectrogram 1	1	2191.050000	2191.070000	4000.000000	18000.000000	8000.000000	Phee	4.378888	8.278360	NaN	NaN	86.632427	0.000000
143	Spectrogram 1	1	2230.050000	2230.480000	4000.000000	18000.000000	8000.000000	Trill	17.492922	30.000000	NaN	NaN	142.681730	0.000000
144	Spectrogram 1	1	2233.840000	2233.870000	4000.000000	18000.000000	8000.000000	Phee	5.202525	7.858382	NaN	NaN	54.954810	0.000000
145	Spectrogram 1	1	2250.800000	2250.830000	4000.000000	18000.000000	8000.000000	Trill	4.789422	8.187116	NaN	NaN	47.023399	0.000000
146	Spectrogram 1	1	2254.000000	2254.030000	4000.000000	18000.000000	8000.000000	Trill	4.429446	6.524371	NaN	NaN	38.112857	0.000000
147	Spectrogram 1	1	2255.410000	2255.440000	4000.000000	18000.000000	8000.000000	Twitter	10.376278	15.376539	NaN	NaN	38.071332	0.000000
148	Spectrogram 1	1	2272.270000	2272.300000	4000.000000	18000.000000	8000.000000	Trill	4.684741	13.242348	NaN	NaN	64.870508	0.000000
149	Spectrogram 1	1	2311.750000	2311.780000	4000.000000	18000.000000	8000.000000	Twitter	5.259348	12.504817	NaN	NaN	46.172181	0.000000
150	Spectrogram 1	1	2312.030000	2312.060000	4000.000000	18000.000000	8000.000000	Twitter	5.254048	8.726345	NaN	NaN	45.701834	0.000000
151	Spectrogram 1	1	2332.290000	2332.610000	4000.000000	18000.000000	8000.000000	Trill	12.650285	24.867364	NaN	NaN	88.854330	0.000000
152	Spectrogram 1	1	2367.140000	2367.490000	4000.000000	18000.000000	8000.000000	Trill	4.310156	15.199332	NaN	NaN	50.822577	0.000000
153	Spectrogram 1	1	2385.520000	2385.910000	4000.000000	18000.000000	8000.000000	Trill	15.327003	27.536713	NaN	NaN	99.833879	0.000000
154	Spectrogram 1	1	2402.490000	2402.830000	4000.000000	18000.000000	8000.000000	Trill	12.320147	25.353654	NaN	NaN	66.430207	0.000000
155	Spectrogram 1	1	2409.980000	2410.040000	4000.000000	18000.000000	8000.000000	Trill	10.351932	10.662879	NaN	NaN	36.188483	0.000000
156	Spectrogram 1	1	2410.420000	2410.500000	4000.000000	18000.000000	8000.000000	Trill	10.242654	10.275542	NaN	NaN	35.014505	0.000000
157	Spectrogram 1	1	2413.490000	2413.540000	4000.000000	18000.000000	8000.000000	Trill	4.336593	6.693681	NaN	NaN	34.174293	0.000000
158	Spectrogram 1	1	2434.950000	2435.150000	4000.000000	18000.000000	8000.000000	Trill	6.313641	11.728871	NaN	NaN	79.442143	0.000000
159	Spectrogram 1	1	2442.700000	2442.820000	4000.000000	18000.000000	8000.000000	Trill	5.811073	13.474684	NaN	NaN	86.219339	0.000000
160	Spectrogram 1	1	2459.690000	2459.980000	4000.000000	18000.000000	8000.000000	Trill	11.635341	20.832738	NaN	NaN	81.648744	0.000000
161	Spectrogram 1	1	2461.060000	2461.550000	4000.000000	18000.000000	8000.000000	Trill	5.318049	13.245866	NaN	NaN	73.275914	0.000000
162	Spectrogram 1	1	2466.440000	2466.470000	4000.000000	18000.000000	8000.000000	Trill	8.260495	8.955590	NaN	NaN	29.893136	0.000000
163	Spectrogram 1	1	2470.070000	2470.100000	4000.000000	18000.000000	8000.000000	Trill	7.748125	10.925178	NaN	NaN	33.410241	0.000000
164	Spectrogram 1	1	2487.300000	2487.790000	4000.000000	18000.000000	8000.000000	Trill	6.556171	20.394139	NaN	NaN	48.298569	0.000000
165	Spectrogram 1	1	2488.340000	2488.360000	4000.000000	18000.000000	8000.000000	Sd-peep	4.204522	12.674159	NaN	NaN	78.297046	0.000000
166	Spectrogram 1	1	2517.650000	2517.700000	4000.000000	18000.000000	8000.000000	Phee	6.300379	11.860435	NaN	NaN	47.057370	0.000000
167	Spectrogram 1	1	2539.260000	2539.310000	4000.000000	18000.000000	8000.000000	Trill	8.931179	7.929677	NaN	NaN	32.881371	0.000000
168	Spectrogram 1	1	2540.840000	2540.860000	4000.000000	18000.000000	8000.000000	Twitter	5.745235	10.490127	NaN	NaN	30.490466	0.000000
169	Spectrogram 1	1	2546.120000	2547.070000	4000.000000	18000.000000	8000.000000	Trill	4.158574	14.331427	NaN	NaN	43.858668	0.000000
170	Spectrogram 1	1	2603.770000	2603.790000	4000.000000	18000.000000	8000.000000	Trill	10.928505	11.703666	NaN	NaN	29.460927	0.000000
171	Spectrogram 1	1	2604.790000	2604.880000	4000.000000	18000.000000	8000.000000	Trill	8.384271	7.841012	NaN	NaN	29.993772	0.000000
172	Spectrogram 1	1	2605.260000	2605.290000	4000.000000	18000.000000	8000.000000	Phee	6.227118	6.112870	NaN	NaN	37.510921	0.000000
173	Spectrogram 1	1	2606.160000	2606.180000	4000.000000	18000.000000	8000.000000	Trill	7.385186	11.714274	NaN	NaN	47.049875	0.000000
174	Spectrogram 1	1	2606.300000	2606.320000	4000.000000	18000.000000	8000.000000	Trill	10.247536	11.744008	NaN	NaN	28.731646	0.000000
175	Spectrogram 1	1	2610.550000	2610.890000	4000.000000	18000.000000	8000.000000	Trill	7.581830	22.163298	NaN	NaN	54.347213	0.000000
176	Spectrogram 1	1	2613.920000	2615.590000	4000.000000	18000.000000	8000.000000	Phee	10.016473	30.000000	NaN	NaN	61.670488	0.000000
177	Spectrogram 1	1	2615.880000	2616.780000	4000.000000	18000.000000	8000.000000	Phee	11.298563	30.000000	NaN	NaN	33.385252	0.000000
178	Spectrogram 1	1	2617.060000	2617.970000	4000.000000	18000.000000	8000.000000	Phee	11.032717	30.000000	NaN	NaN	30.738273	0.000000
179	Spectrogram 1	1	2623.610000	2624.050000	4000.000000	18000.000000	8000.000000	Trill	5.722750	13.433858	NaN	NaN	91.941596	0.000000
180	Spectrogram 1	1	2632.170000	2632.310000	4000.000000	18000.000000	8000.000000	Trill	4.953969	9.200509	NaN	NaN	34.099776	0.000000
181	Spectrogram 1	1	2634.540000	2634.560000	4000.000000	18000.000000	8000.000000	Phee	6.844968	7.902114	NaN	NaN	56.624070	0.000000
182	Spectrogram 1	1	2634.610000	2634.800000	4000.000000	18000.000000	8000.000000	Trill	4.673492	14.537027	NaN	NaN	35.985864	0.000000
183	Spectrogram 1	1	2640.580000	2640.600000	4000.000000	18000.000000	8000.000000	Sd-peep	7.470872	11.482418	NaN	NaN	33.306720	0.000000
184	Spectrogram 1	1	2672.860000	2673.290000	4000.000000	18000.000000	8000.000000	Trill	6.836523	17.573720	NaN	NaN	55.445685	0.000000
185	Spectrogram 1	1	2675.600000	2675.900000	4000.000000	18000.000000	8000.000000	Trill	5.425968	12.394952	NaN	NaN	58.244012	0.000000
186	Spectrogram 1	1	2682.000000	2682.510000	4000.000000	18000.000000	8000.000000	Trill	4.072251	21.774711	NaN	NaN	72.083341	0.000000
187	Spectrogram 1	1	2831.730000	2832.210000	4000.000000	18000.000000	8000.000000	Trill	5.988902	19.054694	NaN	NaN	49.176278	0.000000
188	Spectrogram 1	1	2839.060000	2839.660000	4000.000000	18000.000000	8000.000000	Trill	7.018093	21.420474	NaN	NaN	41.414187	0.000000
189	Spectrogram 1	1	2883.680000	2883.740000	4000.000000	18000.000000	8000.000000	Sd-peep	4.106047	18.721677	NaN	NaN	48.418673	0.000000
190	Spectrogram 1	1	2886.980000	2887.630000	4000.000000	18000.000000	8000.000000	Trill	6.721652	23.098390	NaN	NaN	35.815147	0.000000
191	Spectrogram 1	1	2916.050000	2916.090000	4000.000000	18000.000000	8000.000000	Sd-peep	5.699884	13.310731	NaN	NaN	35.808488	0.000000
192	Spectrogram 1	1	2993.310000	2993.840000	4000.000000	18000.000000	8000.000000	Trill	7.597664	26.047236	NaN	NaN	62.831475	0.000000
193	Spectrogram 1	1	2993.890000	2994.470000	4000.000000	18000.000000	8000.000000	Trill	5.762628	25.021712	NaN	NaN	64.597439	0.000000
194	Spectrogram 1	1	2994.590000	2995.110000	4000.000000	18000.000000	8000.000000	Trill	6.048100	22.832446	NaN	NaN	73.528103	0.000000
195	Spectrogram 1	1	2995.190000	2995.470000	4000.000000	18000.000000	8000.000000	Trill	5.807720	19.429016	NaN	NaN	56.769009	0.000000
196	Spectrogram 1	1	3004.450000	3004.520000	4000.000000	18000.000000	8000.000000	Trill	4.894417	17.361670	NaN	NaN	69.653775	0.000000
197	Spectrogram 1	1	3038.470000	3038.500000	4000.000000	18000.000000	8000.000000	Sd-peep	9.451635	12.110766	NaN	NaN	32.835886	0.000000
198	Spectrogram 1	1	3047.590000	3047.630000	4000.000000	18000.000000	8000.000000	Trill	6.653538	10.992514	NaN	NaN	56.595634	0.000000
199	Spectrogram 1	1	3051.440000	3051.460000	4000.000000	18000.000000	8000.000000	Trill	10.178409	13.457126	NaN	NaN	39.748533	0.000000
200	Spectrogram 1	1	3062.250000	3062.310000	4000.000000	18000.000000	8000.000000	Trill	7.196812	6.303942	NaN	NaN	36.120549	0.000000
201	Spectrogram 1	1	3103.670000	3103.870000	4000.000000	18000.000000	8000.000000	Phee	4.146748	30.000000	NaN	NaN	102.621138	0.000000
202	Spectrogram 1	1	3109.890000	3110.360000	4000.000000	18000.000000	8000.000000	Sd-peep	4.880553	19.522351	NaN	NaN	39.948999	0.000000
203	Spectrogram 1	1	3110.400000	3110.470000	4000.000000	18000.000000	8000.000000	Sd-peep	6.340516	19.644820	NaN	NaN	40.212522	0.000000
204	Spectrogram 1	1	3110.530000	3110.600000	4000.000000	18000.000000	8000.000000	Sd-peep	5.261939	18.772380	NaN	NaN	37.818398	0.000000
205	Spectrogram 1	1	3110.640000	3110.730000	4000.000000	18000.000000	8000.000000	Trill	7.070536	19.837009	NaN	NaN	49.608123	0.000000
206	Spectrogram 1	1	3110.830000	3110.970000	4000.000000	18000.000000	8000.000000	Sd-peep	5.892459	21.655976	NaN	NaN	42.297650	0.000000
207	Spectrogram 1	1	3119.600000	3119.710000	4000.000000	18000.000000	8000.000000	Sd-peep	6.861399	23.189982	NaN	NaN	37.950724	0.000000
208	Spectrogram 1	1	3130.950000	3131.130000	4000.000000	18000.000000	8000.000000	Trill	4.059201	9.186024	NaN	NaN	70.777423	0.000000
209	Spectrogram 1	1	3165.310000	3165.340000	4000.000000	18000.000000	8000.000000	Trill	10.224608	14.876925	NaN	NaN	31.189262	0.000000
210	Spectrogram 1	1	3182.900000	3182.920000	4000.000000	18000.000000	8000.000000	Sd-peep	8.389571	12.894562	NaN	NaN	30.407387	0.000000
211	Spectrogram 1	1	3198.280000	3198.320000	4000.000000	18000.000000	8000.000000	Trill	14.290307	16.522699	NaN	NaN	33.932822	0.000000
212	Spectrogram 1	1	3202.170000	3202.450000	4000.000000	18000.000000	8000.000000	Trill	9.765105	20.786107	NaN	NaN	78.426133	0.000000
213	Spectrogram 1	1	3205.440000	3205.470000	4000.000000	18000.000000	8000.000000	Trill	4.954921	8.146695	NaN	NaN	65.965144	0.000000
214	Spectrogram 1	1	3219.370000	3219.390000	4000.000000	18000.000000	8000.000000	Trill	6.395368	5.854267	NaN	NaN	36.548386	0.000000
215	Spectrogram 1	1	3232.190000	3232.460000	4000.000000	18000.000000	8000.000000	Trill	15.538760	27.553887	NaN	NaN	85.514323	0.000000
216	Spectrogram 1	1	3248.660000	3248.690000	4000.000000	18000.000000	8000.000000	Trill	10.174674	12.755830	NaN	NaN	29.917929	0.000000
217	Spectrogram 1	1	3278.860000	3279.200000	4000.000000	18000.000000	8000.000000	Trill	5.866365	19.548586	NaN	NaN	45.408066	0.000000
218	Spectrogram 1	1	3319.050000	3319.090000	4000.000000	18000.000000	8000.000000	Phee	11.525145	14.015928	NaN	NaN	33.638175	0.000000
219	Spectrogram 1	1	3341.830000	3341.850000	4000.000000	18000.000000	8000.000000	Sd-peep	9.974985	14.893643	NaN	NaN	36.287815	0.000000
220	Spectrogram 1	1	3345.060000	3345.280000	4000.000000	18000.000000	8000.000000	Trill	7.635552	20.806711	NaN	NaN	52.830929	0.000000
221	Spectrogram 1	1	3351.180000	3351.540000	4000.000000	18000.000000	8000.000000	Trill	6.488957	21.381903	NaN	NaN	66.626371	0.000000
222	Spectrogram 1	1	3524.790000	3524.810000	4000.000000	18000.000000	8000.000000	Twitter	4.251353	9.779768	NaN	NaN	53.094029	0.000000
223	Spectrogram 1	1	3533.960000	3534.340000	4000.000000	18000.000000	8000.000000	Trill	7.339297	17.387243	NaN	NaN	51.809860	0.000000
224	Spectrogram 1	1	3538.230000	3538.620000	4000.000000	18000.000000	8000.000000	Trill	4.318173	17.846125	NaN	NaN	38.986036	0.000000
225	Spectrogram 1	1	3543.220000	3543.590000	4000.000000	18000.000000	8000.000000	Trill	5.753450	18.428067	NaN	NaN	55.018545	0.000000
226	Spectrogram 1	1	3543.660000	3543.700000	4000.000000	18000.000000	8000.000000	Trill	4.314999	6.080401	NaN	NaN	33.684213	0.000000
227	Spectrogram 1	1	3558.790000	3558.820000	4000.000000	18000.000000	8000.000000	Trill	10.078414	14.586339	NaN	NaN	35.813228	0.000000
228	Spectrogram 1	1	3575.630000	3575.990000	4000.000000	18000.000000	8000.000000	Trill	7.353716	19.280676	NaN	NaN	48.998688	0.000000
229	Spectrogram 1	1	3600.220000	3600.360000	4000.000000	18000.000000	8000.000000	Trill	5.115726	11.127577	NaN	NaN	56.314012	0.000000
230	Spectrogram 1	1	3621.850000	3621.930000	4000.000000	18000.000000	8000.000000	Trill	12.231608	12.217638	NaN	NaN	28.497873	0.000000
231	Spectrogram 1	1	3622.020000	3622.040000	4000.000000	18000.000000	8000.000000	Sd-peep	6.265750	5.976543	NaN	NaN	29.573715	0.000000
232	Spectrogram 1	1	3632.940000	3633.220000	4000.000000	18000.000000	8000.000000	Trill	6.510242	19.959030	NaN	NaN	48.599476	0.000000
233	Spectrogram 1	1	3653.820000	3653.870000	4000.000000	18000.000000	8000.000000	Trill	6.268096	5.829234	NaN	NaN	33.764448	0.000000
234	Spectrogram 1	1	3654.560000	3654.590000	4000.000000	18000.000000	8000.000000	Trill	10.977007	12.500170	NaN	NaN	35.004980	0.000000
235	Spectrogram 1	1	3660.030000	3660.230000	4000.000000	18000.000000	8000.000000	Trill	11.426967	21.399178	NaN	NaN	65.903310	0.000000
236	Spectrogram 1	1	3660.590000	3660.610000	4000.000000	18000.000000	8000.000000	Sd-peep	11.634436	14.022150	NaN	NaN	30.580215	0.000000
237	Spectrogram 1	1	3661.320000	3661.340000	4000.000000	18000.000000	8000.000000	Trill	7.228044	16.861400	NaN	NaN	56.467496	0.000000
238	Spectrogram 1	1	3661.750000	3662.120000	4000.000000	18000.000000	8000.000000	Trill	10.768309	21.329043	NaN	NaN	54.142257	0.000000
239	Spectrogram 1	1	3672.840000	3673.140000	4000.000000	18000.000000	8000.000000	Trill	10.447951	22.749084	NaN	NaN	74.187560	0.000000
240	Spectrogram 1	1	3713.590000	3713.750000	4000.000000	18000.000000	8000.000000	Trill	6.351427	18.347545	NaN	NaN	51.139129	0.000000
241	Spectrogram 1	1	3727.510000	3727.530000	4000.000000	18000.000000	8000.000000	Trill	9.494338	10.665875	NaN	NaN	31.453909	0.000000
242	Spectrogram 1	1	3741.450000	3741.680000	4000.000000	18000.000000	8000.000000	Trill	9.078244	17.952829	NaN	NaN	75.291649	0.000000
243	Spectrogram 1	1	3744.220000	3744.240000	4000.000000	18000.000000	8000.000000	Trill	10.449176	10.232893	NaN	NaN	32.870283	0.000000
244	Spectrogram 1	1	3752.380000	3752.410000	4000.000000	18000.000000	8000.000000	Phee	4.406383	8.780554	NaN	NaN	63.241074	0.000000
245	Spectrogram 1	1	3755.550000	3755.600000	4000.000000	18000.000000	8000.000000	Twitter	4.561208	15.609373	NaN	NaN	37.693453	0.000000
246	Spectrogram 1	1	3760.290000	3760.310000	4000.000000	18000.000000	8000.000000	Sd-peep	4.455710	5.066484	NaN	NaN	39.650288	0.000000
247	Spectrogram 1	1	3772.890000	3772.920000	4000.000000	18000.000000	8000.000000	Trill	12.400950	15.070000	NaN	NaN	28.405575	0.000000
248	Spectrogram 1	1	3774.290000	3774.320000	4000.000000	18000.000000	8000.000000	Trill	11.806592	14.097214	NaN	NaN	30.567898	0.000000
249	Spectrogram 1	1	3775.830000	3775.910000	4000.000000	18000.000000	8000.000000	Trill	5.251763	11.080063	NaN	NaN	30.811061	0.000000
250	Spectrogram 1	1	3776.470000	3776.490000	4000.000000	18000.000000	8000.000000	Sd-peep	10.390370	14.407783	NaN	NaN	44.380263	0.000000
251	Spectrogram 1	1	3780.380000	3780.410000	4000.000000	18000.000000	8000.000000	Trill	13.618753	14.221691	NaN	NaN	30.003568	0.000000
252	Spectrogram 1	1	3780.600000	3780.800000	4000.000000	18000.000000	8000.000000	Trill	12.071156	23.168250	NaN	NaN	101.900359	0.000000
253	Spectrogram 1	1	3783.760000	3784.010000	4000.000000	18000.000000	8000.000000	Trill	15.550268	28.561194	NaN	NaN	128.851884	0.000000
254	Spectrogram 1	1	3790.030000	3790.250000	4000.000000	18000.000000	8000.000000	Trill	9.414956	18.984665	NaN	NaN	80.704803	0.000000
255	Spectrogram 1	1	3798.800000	3799.130000	4000.000000	18000.000000	8000.000000	Trill	11.861236	23.313055	NaN	NaN	92.933757	0.000000
256	Spectrogram 1	1	3818.170000	3818.200000	4000.000000	18000.000000	8000.000000	Trill	10.461200	13.565359	NaN	NaN	35.069242	0.000000
257	Spectrogram 1	1	3829.340000	3829.590000	4000.000000	18000.000000	8000.000000	Trill	7.401026	19.116708	NaN	NaN	63.540242	0.000000
258	Spectrogram 1	1	3831.380000	3831.710000	4000.000000	18000.000000	8000.000000	Trill	7.831348	19.537828	NaN	NaN	59.312852	0.000000
259	Spectrogram 1	1	3861.940000	3862.060000	4000.000000	18000.000000	8000.000000	Trill	6.432179	6.695097	NaN	NaN	32.134871	0.000000
260	Spectrogram 1	1	3862.130000	3862.290000	4000.000000	18000.000000	8000.000000	Trill	6.812507	6.514607	NaN	NaN	35.745324	0.000000
261	Spectrogram 1	1	3863.460000	3863.490000	4000.000000	18000.000000	8000.000000	Trill	11.943001	12.153196	NaN	NaN	28.410282	0.000000
262	Spectrogram 1	1	3863.660000	3863.760000	4000.000000	18000.000000	8000.000000	Trill	10.557283	12.522079	NaN	NaN	29.827040	0.000000
263	Spectrogram 1	1	3883.870000	3883.890000	4000.000000	18000.000000	8000.000000	Trill	11.345575	14.895199	NaN	NaN	32.819988	0.000000
264	Spectrogram 1	1	3891.110000	3891.210000	4000.000000	18000.000000	8000.000000	Trill	7.600150	21.052564	NaN	NaN	61.056743	0.000000
265	Spectrogram 1	1	3901.940000	3902.130000	4000.000000	18000.000000	8000.000000	Trill	8.812568	19.992041	NaN	NaN	75.489630	0.000000
266	Spectrogram 1	1	3904.030000	3904.070000	4000.000000	18000.000000	8000.000000	Trill	5.363358	12.006570	NaN	NaN	75.471402	0.000000
267	Spectrogram 1	1	3904.660000	3904.700000	4000.000000	18000.000000	8000.000000	Trill	8.734098	14.956914	NaN	NaN	102.256485	0.000000
268	Spectrogram 1	1	3917.640000	3917.840000	4000.000000	18000.000000	8000.000000	Trill	4.516596	16.533862	NaN	NaN	49.537631	0.000000
269	Spectrogram 1	1	3927.740000	3927.840000	4000.000000	18000.000000	8000.000000	Trill	7.279278	9.731922	NaN	NaN	34.419273	0.000000
270	Spectrogram 1	1	3928.380000	3928.400000	4000.000000	18000.000000	8000.000000	Trill	8.309736	11.087950	NaN	NaN	45.701686	0.000000
271	Spectrogram 1	1	3928.470000	3928.490000	4000.000000	18000.000000	8000.000000	Sd-peep	10.835815	13.528875	NaN	NaN	35.874907	0.000000
272	Spectrogram 1	1	3978.470000	3978.770000	4000.000000	18000.000000	8000.000000	Trill	8.577906	20.155739	NaN	NaN	53.863409	0.000000
273	Spectrogram 1	1	3994.170000	3994.480000	4000.000000	18000.000000	8000.000000	Trill	6.652946	18.158926	NaN	NaN	58.752076	0.000000
274	Spectrogram 1	1	4003.010000	4003.400000	4000.000000	18000.000000	8000.000000	Trill	9.453117	20.336968	NaN	NaN	67.863413	0.000000
275	Spectrogram 1	1	4015.010000	4015.030000	4000.000000	18000.000000	8000.000000	Sd-peep	11.775252	13.742116	NaN	NaN	30.146453	0.000000
276	Spectrogram 1	1	4020.330000	4020.570000	4000.000000	18000.000000	8000.000000	Trill	6.465128	18.075060	NaN	NaN	45.145187	0.000000
277	Spectrogram 1	1	4024.000000	4024.190000	4000.000000	18000.000000	8000.000000	Trill	7.666336	16.467492	NaN	NaN	38.430095	0.000000
278	Spectrogram 1	1	4061.110000	4061.230000	4000.000000	18000.000000	8000.000000	Trill	10.612576	11.296886	NaN	NaN	28.841670	0.000000
279	Spectrogram 1	1	4081.440000	4081.530000	4000.000000	18000.000000	8000.000000	Trill	6.086055	7.728840	NaN	NaN	43.661361	0.000000
280	Spectrogram 1	1	4082.050000	4082.070000	4000.000000	18000.000000	8000.000000	Trill	5.222000	11.030502	NaN	NaN	41.571149	0.000000
281	Spectrogram 1	1	4085.990000	4086.140000	4000.000000	18000.000000	8000.000000	Trill	5.739915	18.109582	NaN	NaN	49.755686	0.000000
282	Spectrogram 1	1	4091.140000	4091.210000	4000.000000	18000.000000	8000.000000	Trill	11.847338	13.464742	NaN	NaN	28.700541	0.000000
283	Spectrogram 1	1	4092.110000	4092.190000	4000.000000	18000.000000	8000.000000	Trill	5.158916	8.259547	NaN	NaN	33.292778	0.000000
284	Spectrogram 1	1	4097.680000	4097.700000	4000.000000	18000.000000	8000.000000	Trill	10.256073	10.917098	NaN	NaN	29.610056	0.000000
285	Spectrogram 1	1	4100.790000	4100.820000	4000.000000	18000.000000	8000.000000	Trill	9.530290	11.908323	NaN	NaN	30.736415	0.000000
286	Spectrogram 1	1	4112.470000	4112.770000	4000.000000	18000.000000	8000.000000	Trill	13.926357	20.283618	NaN	NaN	84.827590	0.000000
287	Spectrogram 1	1	4113.620000	4113.640000	4000.000000	18000.000000	8000.000000	Sd-peep	10.269000	9.951719	NaN	NaN	34.312553	0.000000
288	Spectrogram 1	1	4116.330000	4116.650000	4000.000000	18000.000000	8000.000000	Trill	15.356476	25.597903	NaN	NaN	123.157274	0.000000
289	Spectrogram 1	1	4122.670000	4122.760000	4000.000000	18000.000000	8000.000000	Trill	9.258854	10.029011	NaN	NaN	28.736581	0.000000
