Selection	View	Channel	Begin Time (s)	End Time (s)	Low Freq (Hz)	High Freq (Hz)	Max Freq (Hz)	Call Type	Energy Diff	Energy Par	Energy Diff (wl)	Energy Par (wl)	AHR	Exception
1	Spectrogram 1	1	2.110000	2.170000	4000.000000	18000.000000	8000.000000	Trill	4.689352	4.858859	NaN	NaN	39.942353	0.000000
2	Spectrogram 1	1	55.470000	55.500000	4000.000000	18000.000000	8000.000000	Sd-peep	4.532700	6.549892	NaN	NaN	43.321405	0.000000
3	Spectrogram 1	1	55.560000	55.590000	4000.000000	18000.000000	8000.000000	Trill	7.457317	9.851999	NaN	NaN	35.440326	0.000000
4	Spectrogram 1	1	55.670000	55.740000	4000.000000	18000.000000	8000.000000	Trill	5.097677	7.619942	NaN	NaN	36.380591	0.000000
5	Spectrogram 1	1	89.390000	89.510000	4000.000000	18000.000000	8000.000000	Trill	5.830716	11.196798	NaN	NaN	32.373830	0.000000
6	Spectrogram 1	1	99.440000	99.460000	4000.000000	18000.000000	8000.000000	Sd-peep	5.373837	6.313585	NaN	NaN	41.776885	0.000000
7	Spectrogram 1	1	161.700000	162.380000	4000.000000	18000.000000	8000.000000	Trill	9.860461	29.528013	NaN	NaN	114.516458	0.000000
8	Spectrogram 1	1	195.420000	195.450000	4000.000000	18000.000000	8000.000000	Trill	5.240500	6.642240	NaN	NaN	33.371778	0.000000
9	Spectrogram 1	1	201.180000	201.210000	4000.000000	18000.000000	8000.000000	Sd-peep	6.907570	12.327807	NaN	NaN	118.074527	0.000000
10	Spectrogram 1	1	212.910000	212.950000	4000.000000	18000.000000	8000.000000	Trill	4.796781	7.684964	NaN	NaN	31.319775	0.000000
11	Spectrogram 1	1	231.660000	231.710000	4000.000000	18000.000000	8000.000000	Trill	4.259063	7.644234	NaN	NaN	32.996668	0.000000
12	Spectrogram 1	1	234.400000	234.430000	4000.000000	18000.000000	8000.000000	Sd-peep	9.653865	13.656235	NaN	NaN	30.427060	0.000000
13	Spectrogram 1	1	254.370000	254.420000	4000.000000	18000.000000	8000.000000	Trill	9.027606	13.426302	NaN	NaN	34.862890	0.000000
14	Spectrogram 1	1	264.250000	264.330000	4000.000000	18000.000000	8000.000000	Trill	4.717046	11.790414	NaN	NaN	33.944810	0.000000
15	Spectrogram 1	1	288.650000	288.670000	4000.000000	18000.000000	8000.000000	Sd-peep	4.069123	8.802832	NaN	NaN	48.709933	0.000000
16	Spectrogram 1	1	324.030000	324.080000	4000.000000	18000.000000	8000.000000	Phee	NaN	NaN	NaN	NaN	42.455903	0.000000
17	Spectrogram 1	1	359.870000	359.980000	4000.000000	18000.000000	8000.000000	Trill	6.479521	13.171411	NaN	NaN	72.910254	0.000000
18	Spectrogram 1	1	366.230000	366.800000	4000.000000	18000.000000	8000.000000	Trill	7.821825	21.101967	NaN	NaN	89.444420	0.000000
19	Spectrogram 1	1	366.900000	367.200000	4000.000000	18000.000000	8000.000000	Trill	10.818307	19.018931	NaN	NaN	49.426857	0.000000
20	Spectrogram 1	1	369.780000	370.130000	4000.000000	18000.000000	8000.000000	Trill	5.930686	17.447499	NaN	NaN	32.085520	0.000000
21	Spectrogram 1	1	373.910000	373.970000	4000.000000	18000.000000	8000.000000	Sd-peep	4.447944	21.816658	NaN	NaN	51.525576	0.000000
22	Spectrogram 1	1	374.090000	374.480000	4000.000000	18000.000000	8000.000000	Trill	4.016390	14.860738	NaN	NaN	68.899030	0.000000
23	Spectrogram 1	1	375.970000	376.330000	4000.000000	18000.000000	8000.000000	Trill	5.969941	16.521736	NaN	NaN	34.964737	0.000000
24	Spectrogram 1	1	378.560000	379.050000	4000.000000	18000.000000	8000.000000	Trill	5.496301	14.098429	NaN	NaN	43.239168	0.000000
25	Spectrogram 1	1	379.350000	379.650000	4000.000000	18000.000000	8000.000000	Trill	4.608353	14.106008	NaN	NaN	62.993839	0.000000
26	Spectrogram 1	1	380.870000	381.050000	4000.000000	18000.000000	8000.000000	Trill	5.489072	15.782673	NaN	NaN	49.215187	0.000000
27	Spectrogram 1	1	387.160000	387.280000	4000.000000	18000.000000	8000.000000	Twitter	6.032003	26.791542	NaN	NaN	47.215717	0.000000
28	Spectrogram 1	1	387.330000	388.640000	4000.000000	18000.000000	8000.000000	Twitter	6.821901	26.044479	NaN	NaN	33.335978	0.000000
29	Spectrogram 1	1	397.840000	397.870000	4000.000000	18000.000000	8000.000000	Trill	8.751552	11.822317	NaN	NaN	28.838284	0.000000
30	Spectrogram 1	1	406.250000	406.320000	4000.000000	18000.000000	8000.000000	Trill	4.879608	6.463808	NaN	NaN	39.359353	0.000000
31	Spectrogram 1	1	410.710000	410.770000	4000.000000	18000.000000	8000.000000	Twitter	6.215188	11.860050	NaN	NaN	59.760234	0.000000
32	Spectrogram 1	1	412.820000	412.850000	4000.000000	18000.000000	8000.000000	Trill	8.330685	7.988170	NaN	NaN	38.112343	0.000000
33	Spectrogram 1	1	418.590000	418.630000	4000.000000	18000.000000	8000.000000	Twitter	6.651666	18.291837	NaN	NaN	52.753343	0.000000
34	Spectrogram 1	1	418.870000	418.990000	4000.000000	18000.000000	8000.000000	Trill	5.321728	8.486318	NaN	NaN	38.345236	0.000000
35	Spectrogram 1	1	424.760000	425.320000	4000.000000	18000.000000	8000.000000	Trill	4.127646	9.617070	NaN	NaN	41.273666	0.000000
36	Spectrogram 1	1	430.750000	431.380000	4000.000000	18000.000000	8000.000000	Trill	4.315206	10.348302	NaN	NaN	46.904394	0.000000
37	Spectrogram 1	1	447.090000	447.520000	4000.000000	18000.000000	8000.000000	Trill	4.985939	15.458493	NaN	NaN	53.470812	0.000000
38	Spectrogram 1	1	447.630000	447.680000	4000.000000	18000.000000	8000.000000	Trillphee	9.565525	17.605585	NaN	NaN	33.800976	0.000000
39	Spectrogram 1	1	451.710000	451.940000	4000.000000	18000.000000	8000.000000	Trill	7.658759	13.709519	NaN	NaN	100.972505	0.000000
40	Spectrogram 1	1	454.390000	454.630000	4000.000000	18000.000000	8000.000000	Trill	7.694274	15.345367	NaN	NaN	109.258461	0.000000
41	Spectrogram 1	1	456.680000	456.760000	4000.000000	18000.000000	8000.000000	Trill	7.302583	9.932386	NaN	NaN	35.752653	0.000000
42	Spectrogram 1	1	463.480000	463.840000	4000.000000	18000.000000	8000.000000	Trill	4.310643	11.804674	NaN	NaN	56.876792	0.000000
43	Spectrogram 1	1	469.510000	470.470000	4000.000000	18000.000000	8000.000000	Phee	10.846964	27.592764	NaN	NaN	30.797316	0.000000
44	Spectrogram 1	1	470.670000	470.740000	4000.000000	18000.000000	8000.000000	Trill	11.279425	16.738096	NaN	NaN	42.081112	0.000000
45	Spectrogram 1	1	470.980000	471.900000	4000.000000	18000.000000	8000.000000	Phee	10.754380	29.585548	NaN	NaN	37.408672	0.000000
46	Spectrogram 1	1	472.100000	472.150000	4000.000000	18000.000000	8000.000000	Trill	12.382181	16.639569	NaN	NaN	44.278343	0.000000
47	Spectrogram 1	1	472.470000	473.310000	4000.000000	18000.000000	8000.000000	Phee	11.425413	28.494122	NaN	NaN	39.593840	0.000000
48	Spectrogram 1	1	473.610000	474.480000	4000.000000	18000.000000	8000.000000	Phee	NaN	NaN	NaN	NaN	40.136734	0.000000
49	Spectrogram 1	1	496.110000	497.110000	4000.000000	18000.000000	8000.000000	Phee	8.855979	29.573060	NaN	NaN	34.842398	0.000000
50	Spectrogram 1	1	497.920000	498.040000	4000.000000	18000.000000	8000.000000	Trill	8.992999	20.488989	NaN	NaN	88.353910	0.000000
51	Spectrogram 1	1	498.300000	499.300000	4000.000000	18000.000000	8000.000000	Phee	NaN	NaN	NaN	NaN	36.999977	0.000000
52	Spectrogram 1	1	500.690000	501.610000	4000.000000	18000.000000	8000.000000	Phee	NaN	NaN	NaN	NaN	40.788497	0.000000
53	Spectrogram 1	1	503.660000	503.680000	4000.000000	18000.000000	8000.000000	Sd-peep	6.507264	9.299696	NaN	NaN	66.648933	0.000000
54	Spectrogram 1	1	511.260000	511.290000	4000.000000	18000.000000	8000.000000	Sd-peep	5.638818	11.739187	NaN	NaN	88.758850	0.000000
55	Spectrogram 1	1	522.420000	522.480000	4000.000000	18000.000000	8000.000000	Trill	7.150120	16.917091	NaN	NaN	172.662944	0.000000
56	Spectrogram 1	1	523.630000	523.730000	4000.000000	18000.000000	8000.000000	Trill	5.991004	6.553652	NaN	NaN	51.163866	0.000000
57	Spectrogram 1	1	526.170000	526.250000	4000.000000	18000.000000	8000.000000	Trill	5.455130	13.419789	NaN	NaN	80.448868	0.000000
58	Spectrogram 1	1	527.510000	527.530000	4000.000000	18000.000000	8000.000000	Sd-peep	6.197481	10.295383	NaN	NaN	81.835871	0.000000
59	Spectrogram 1	1	532.180000	532.250000	4000.000000	18000.000000	8000.000000	Trillphee	4.294445	11.034634	NaN	NaN	51.361405	0.000000
60	Spectrogram 1	1	533.360000	533.410000	4000.000000	18000.000000	8000.000000	Trill	6.809644	14.911618	NaN	NaN	84.985101	0.000000
61	Spectrogram 1	1	534.150000	534.170000	4000.000000	18000.000000	8000.000000	Sd-peep	4.085227	18.745539	NaN	NaN	89.143794	0.000000
62	Spectrogram 1	1	534.540000	534.560000	4000.000000	18000.000000	8000.000000	Trill	8.512801	8.268427	NaN	NaN	45.961208	0.000000
63	Spectrogram 1	1	536.060000	536.240000	4000.000000	18000.000000	8000.000000	Trill	6.609054	16.345321	NaN	NaN	35.678068	0.000000
64	Spectrogram 1	1	536.430000	536.490000	4000.000000	18000.000000	8000.000000	Trill	4.981742	14.157884	NaN	NaN	60.704229	0.000000
65	Spectrogram 1	1	538.430000	538.460000	4000.000000	18000.000000	8000.000000	Twitter	5.145615	10.335566	NaN	NaN	60.539203	0.000000
66	Spectrogram 1	1	545.370000	545.400000	4000.000000	18000.000000	8000.000000	Phee	4.442417	7.200912	NaN	NaN	42.805275	0.000000
67	Spectrogram 1	1	547.810000	547.840000	4000.000000	18000.000000	8000.000000	Twitter	5.101442	6.756608	NaN	NaN	32.033957	0.000000
68	Spectrogram 1	1	550.110000	550.140000	4000.000000	18000.000000	8000.000000	Trill	11.194166	14.066827	NaN	NaN	35.202122	0.000000
69	Spectrogram 1	1	550.620000	550.650000	4000.000000	18000.000000	8000.000000	Phee	4.818439	9.174996	NaN	NaN	48.133457	0.000000
70	Spectrogram 1	1	551.900000	551.930000	4000.000000	18000.000000	8000.000000	Sd-peep	10.477879	12.025325	NaN	NaN	29.662555	0.000000
71	Spectrogram 1	1	553.450000	553.760000	4000.000000	18000.000000	8000.000000	Trill	7.523393	13.986799	NaN	NaN	90.458956	0.000000
72	Spectrogram 1	1	570.380000	570.410000	4000.000000	18000.000000	8000.000000	Trill	4.076475	7.742583	NaN	NaN	46.033706	0.000000
73	Spectrogram 1	1	574.040000	574.240000	4000.000000	18000.000000	8000.000000	Phee	5.890220	9.851541	NaN	NaN	33.643240	0.000000
74	Spectrogram 1	1	581.570000	581.600000	4000.000000	18000.000000	8000.000000	Trill	4.568970	8.197933	NaN	NaN	57.715359	0.000000
75	Spectrogram 1	1	597.090000	597.130000	4000.000000	18000.000000	8000.000000	Twitter	NaN	NaN	NaN	NaN	17.558275	0.000000
76	Spectrogram 1	1	601.680000	601.700000	4000.000000	18000.000000	8000.000000	Phee	4.137376	5.307952	NaN	NaN	51.810814	0.000000
77	Spectrogram 1	1	612.300000	612.330000	4000.000000	18000.000000	8000.000000	Sd-peep	9.709675	17.442543	NaN	NaN	122.602008	0.000000
78	Spectrogram 1	1	615.080000	615.110000	4000.000000	18000.000000	8000.000000	Twitter	9.906565	17.275568	NaN	NaN	93.437510	0.000000
79	Spectrogram 1	1	615.610000	615.650000	4000.000000	18000.000000	8000.000000	Trill	5.649762	10.192727	NaN	NaN	58.491489	0.000000
80	Spectrogram 1	1	617.790000	617.880000	4000.000000	18000.000000	8000.000000	Trill	10.528818	15.573159	NaN	NaN	55.180330	0.000000
81	Spectrogram 1	1	643.170000	644.140000	4000.000000	18000.000000	8000.000000	Phee	NaN	NaN	NaN	NaN	35.472188	0.000000
82	Spectrogram 1	1	644.600000	645.560000	4000.000000	18000.000000	8000.000000	Phee	4.719711	26.276753	NaN	NaN	36.183581	0.000000
83	Spectrogram 1	1	654.470000	654.500000	4000.000000	18000.000000	8000.000000	Trill	6.684631	7.477433	NaN	NaN	35.478303	0.000000
84	Spectrogram 1	1	656.140000	656.200000	4000.000000	18000.000000	8000.000000	Trill	11.612053	14.609500	NaN	NaN	28.656062	0.000000
85	Spectrogram 1	1	656.710000	656.740000	4000.000000	18000.000000	8000.000000	Trill	9.212199	12.386757	NaN	NaN	33.288461	0.000000
86	Spectrogram 1	1	671.210000	671.390000	4000.000000	18000.000000	8000.000000	Trill	7.135396	7.986696	NaN	NaN	55.828332	0.000000
87	Spectrogram 1	1	684.550000	684.570000	4000.000000	18000.000000	8000.000000	Sd-peep	8.199150	7.567252	NaN	NaN	30.363115	0.000000
88	Spectrogram 1	1	713.410000	713.450000	4000.000000	18000.000000	8000.000000	Trill	14.107439	17.672371	NaN	NaN	30.508693	0.000000
89	Spectrogram 1	1	715.200000	715.630000	4000.000000	18000.000000	8000.000000	Trill	NaN	NaN	NaN	NaN	141.010013	0.000000
90	Spectrogram 1	1	737.910000	737.960000	4000.000000	18000.000000	8000.000000	Trill	9.387497	14.363164	NaN	NaN	29.781315	0.000000
91	Spectrogram 1	1	749.570000	749.590000	4000.000000	18000.000000	8000.000000	Sd-peep	5.082168	11.733175	NaN	NaN	82.545992	0.000000
92	Spectrogram 1	1	753.190000	753.290000	4000.000000	18000.000000	8000.000000	Trill	4.593138	8.029825	NaN	NaN	47.189918	0.000000
93	Spectrogram 1	1	758.110000	758.220000	4000.000000	18000.000000	8000.000000	Trill	4.220908	9.627319	NaN	NaN	68.572975	0.000000
94	Spectrogram 1	1	758.280000	758.450000	4000.000000	18000.000000	8000.000000	Trill	4.643804	8.739054	NaN	NaN	69.946146	0.000000
95	Spectrogram 1	1	763.740000	763.800000	4000.000000	18000.000000	8000.000000	Trillphee	5.204540	7.217927	NaN	NaN	48.656532	0.000000
96	Spectrogram 1	1	766.720000	766.780000	4000.000000	18000.000000	8000.000000	Trill	5.672513	8.979971	NaN	NaN	63.205129	0.000000
97	Spectrogram 1	1	768.910000	769.010000	4000.000000	18000.000000	8000.000000	Trill	6.541834	7.416499	NaN	NaN	29.706469	0.000000
98	Spectrogram 1	1	776.050000	776.630000	4000.000000	18000.000000	8000.000000	Trill	14.434319	27.687713	NaN	NaN	119.055493	0.000000
99	Spectrogram 1	1	776.680000	776.890000	4000.000000	18000.000000	8000.000000	Trill	4.894798	12.376097	NaN	NaN	76.269826	0.000000
100	Spectrogram 1	1	788.170000	788.220000	4000.000000	18000.000000	8000.000000	Twitter	6.569932	24.971264	NaN	NaN	63.588708	0.000000
101	Spectrogram 1	1	788.340000	788.410000	4000.000000	18000.000000	8000.000000	Twitter	4.194664	18.001166	NaN	NaN	49.513511	0.000000
102	Spectrogram 1	1	788.870000	788.960000	4000.000000	18000.000000	8000.000000	Twitter	4.041706	12.382162	NaN	NaN	54.490964	0.000000
103	Spectrogram 1	1	789.010000	789.090000	4000.000000	18000.000000	8000.000000	Twitter	4.831072	11.799490	NaN	NaN	62.800030	0.000000
104	Spectrogram 1	1	789.170000	789.220000	4000.000000	18000.000000	8000.000000	Twitter	4.933532	10.490018	NaN	NaN	57.480623	0.000000
105	Spectrogram 1	1	792.020000	792.040000	4000.000000	18000.000000	8000.000000	Sd-peep	5.844658	8.390846	NaN	NaN	39.741402	0.000000
106	Spectrogram 1	1	794.320000	794.390000	4000.000000	18000.000000	8000.000000	Twitter	4.398298	15.875135	NaN	NaN	43.081323	0.000000
107	Spectrogram 1	1	802.100000	802.140000	4000.000000	18000.000000	8000.000000	Trill	5.784858	4.501810	NaN	NaN	46.530281	0.000000
108	Spectrogram 1	1	802.250000	802.440000	4000.000000	18000.000000	8000.000000	Trill	5.614208	8.758972	NaN	NaN	57.456484	0.000000
109	Spectrogram 1	1	806.950000	807.030000	4000.000000	18000.000000	8000.000000	Trill	6.984922	9.369482	NaN	NaN	71.379665	0.000000
110	Spectrogram 1	1	807.140000	807.180000	4000.000000	18000.000000	8000.000000	Phee	5.033516	7.864929	NaN	NaN	39.834283	0.000000
111	Spectrogram 1	1	807.280000	807.340000	4000.000000	18000.000000	8000.000000	Trill	6.542283	9.795109	NaN	NaN	67.573380	0.000000
112	Spectrogram 1	1	814.700000	814.800000	4000.000000	18000.000000	8000.000000	Phee	5.566042	11.501326	NaN	NaN	48.896897	0.000000
113	Spectrogram 1	1	820.030000	820.100000	4000.000000	18000.000000	8000.000000	Twitter	6.746509	15.351628	NaN	NaN	49.752407	0.000000
114	Spectrogram 1	1	824.110000	824.280000	4000.000000	18000.000000	8000.000000	Trill	5.142190	8.987774	NaN	NaN	57.766576	0.000000
115	Spectrogram 1	1	826.710000	826.750000	4000.000000	18000.000000	8000.000000	Trill	6.136246	6.612334	NaN	NaN	34.697244	0.000000
116	Spectrogram 1	1	840.310000	840.340000	4000.000000	18000.000000	8000.000000	Sd-peep	4.036879	9.387367	NaN	NaN	82.300474	0.000000
117	Spectrogram 1	1	848.710000	848.900000	4000.000000	18000.000000	8000.000000	Trill	8.033203	14.401660	NaN	NaN	29.998272	0.000000
118	Spectrogram 1	1	851.350000	851.380000	4000.000000	18000.000000	8000.000000	Phee	6.660503	6.357735	NaN	NaN	44.806955	0.000000
119	Spectrogram 1	1	851.620000	851.980000	4000.000000	18000.000000	8000.000000	Trill	7.151974	9.780023	NaN	NaN	69.250983	0.000000
120	Spectrogram 1	1	852.680000	852.820000	4000.000000	18000.000000	8000.000000	Trill	6.821427	12.439238	NaN	NaN	49.212441	0.000000
121	Spectrogram 1	1	852.880000	853.000000	4000.000000	18000.000000	8000.000000	Trill	10.521426	16.418134	NaN	NaN	56.651147	0.000000
122	Spectrogram 1	1	853.910000	854.010000	4000.000000	18000.000000	8000.000000	Trill	7.673068	11.111771	NaN	NaN	56.367528	0.000000
123	Spectrogram 1	1	854.100000	854.260000	4000.000000	18000.000000	8000.000000	Trill	7.811063	10.155597	NaN	NaN	52.171058	0.000000
124	Spectrogram 1	1	854.610000	854.900000	4000.000000	18000.000000	8000.000000	Trill	NaN	NaN	NaN	NaN	82.550855	0.000000
125	Spectrogram 1	1	855.500000	855.710000	4000.000000	18000.000000	8000.000000	Trill	6.018996	13.910547	NaN	NaN	62.521445	0.000000
126	Spectrogram 1	1	856.330000	856.670000	4000.000000	18000.000000	8000.000000	Trill	6.894274	9.956786	NaN	NaN	37.569626	0.000000
127	Spectrogram 1	1	857.080000	857.270000	4000.000000	18000.000000	8000.000000	Trill	4.303302	9.202634	NaN	NaN	41.859804	0.000000
128	Spectrogram 1	1	857.520000	857.580000	4000.000000	18000.000000	8000.000000	Trill	9.241387	14.327470	NaN	NaN	30.757570	0.000000
129	Spectrogram 1	1	857.840000	857.920000	4000.000000	18000.000000	8000.000000	Trill	6.092075	10.742600	NaN	NaN	31.059011	0.000000
130	Spectrogram 1	1	857.960000	858.030000	4000.000000	18000.000000	8000.000000	Trill	8.988950	12.281106	NaN	NaN	31.198410	0.000000
131	Spectrogram 1	1	858.260000	858.430000	4000.000000	18000.000000	8000.000000	Trill	5.566670	10.916783	NaN	NaN	48.988961	0.000000
132	Spectrogram 1	1	859.660000	859.820000	4000.000000	18000.000000	8000.000000	Trill	6.297998	10.352919	NaN	NaN	64.681094	0.000000
133	Spectrogram 1	1	860.290000	860.750000	4000.000000	18000.000000	8000.000000	Trill	8.243132	11.477478	NaN	NaN	42.444174	0.000000
134	Spectrogram 1	1	860.910000	860.990000	4000.000000	18000.000000	8000.000000	Trillphee	6.416872	9.876259	NaN	NaN	43.758594	0.000000
135	Spectrogram 1	1	861.040000	861.170000	4000.000000	18000.000000	8000.000000	Trill	7.435197	11.382265	NaN	NaN	54.500482	0.000000
136	Spectrogram 1	1	862.290000	862.310000	4000.000000	18000.000000	8000.000000	Phee	NaN	NaN	NaN	NaN	71.102925	0.000000
137	Spectrogram 1	1	865.540000	865.560000	4000.000000	18000.000000	8000.000000	Sd-peep	10.489260	15.216915	NaN	NaN	29.723894	0.000000
138	Spectrogram 1	1	865.910000	866.090000	4000.000000	18000.000000	8000.000000	Trill	5.745479	16.687742	NaN	NaN	76.023320	0.000000
139	Spectrogram 1	1	869.690000	869.770000	4000.000000	18000.000000	8000.000000	Trill	5.504753	12.416518	NaN	NaN	63.972147	0.000000
140	Spectrogram 1	1	869.880000	869.960000	4000.000000	18000.000000	8000.000000	Phee	5.978039	8.335581	NaN	NaN	41.366668	0.000000
141	Spectrogram 1	1	873.620000	873.650000	4000.000000	18000.000000	8000.000000	Twitter	4.122624	9.372367	NaN	NaN	41.219432	0.000000
142	Spectrogram 1	1	873.750000	873.780000	4000.000000	18000.000000	8000.000000	Twitter	5.250618	10.179535	NaN	NaN	33.764386	0.000000
143	Spectrogram 1	1	876.570000	876.860000	4000.000000	18000.000000	8000.000000	Trill	6.329258	10.971592	NaN	NaN	34.422751	0.000000
144	Spectrogram 1	1	877.080000	877.340000	4000.000000	18000.000000	8000.000000	Trill	NaN	NaN	NaN	NaN	78.061590	0.000000
145	Spectrogram 1	1	877.690000	877.750000	4000.000000	18000.000000	8000.000000	Twitter	4.722610	12.116087	NaN	NaN	60.817525	0.000000
146	Spectrogram 1	1	877.980000	878.020000	4000.000000	18000.000000	8000.000000	Phee	4.825458	7.658639	NaN	NaN	33.360698	0.000000
147	Spectrogram 1	1	879.520000	879.900000	4000.000000	18000.000000	8000.000000	Trill	5.865200	12.232808	NaN	NaN	35.949811	0.000000
148	Spectrogram 1	1	879.940000	880.150000	4000.000000	18000.000000	8000.000000	Trill	5.415564	9.578147	NaN	NaN	31.655032	0.000000
149	Spectrogram 1	1	880.360000	880.550000	4000.000000	18000.000000	8000.000000	Trill	5.304227	13.034911	NaN	NaN	64.831683	0.000000
150	Spectrogram 1	1	880.600000	880.650000	4000.000000	18000.000000	8000.000000	Trill	6.949441	13.924475	NaN	NaN	31.514508	0.000000
151	Spectrogram 1	1	882.770000	882.920000	4000.000000	18000.000000	8000.000000	Trill	6.086044	13.893478	NaN	NaN	51.663074	0.000000
152	Spectrogram 1	1	883.870000	883.960000	4000.000000	18000.000000	8000.000000	Twitter	4.553140	21.141161	NaN	NaN	78.501472	0.000000
153	Spectrogram 1	1	884.020000	884.410000	4000.000000	18000.000000	8000.000000	Trill	8.733901	15.268458	NaN	NaN	42.517877	0.000000
154	Spectrogram 1	1	885.460000	885.490000	4000.000000	18000.000000	8000.000000	Phee	6.829609	9.507541	NaN	NaN	102.911091	0.000000
155	Spectrogram 1	1	887.480000	887.800000	4000.000000	18000.000000	8000.000000	Phee	8.588182	17.520201	NaN	NaN	30.324525	0.000000
156	Spectrogram 1	1	894.200000	894.440000	4000.000000	18000.000000	8000.000000	Trill	9.116558	11.952246	NaN	NaN	82.854449	0.000000
157	Spectrogram 1	1	897.940000	898.430000	4000.000000	18000.000000	8000.000000	Trill	NaN	NaN	NaN	NaN	40.628156	0.000000
158	Spectrogram 1	1	904.850000	905.010000	4000.000000	18000.000000	8000.000000	Trill	4.153285	7.288032	NaN	NaN	60.198538	0.000000
159	Spectrogram 1	1	942.240000	942.300000	4000.000000	18000.000000	8000.000000	Trill	4.487673	11.964743	NaN	NaN	48.791850	0.000000
160	Spectrogram 1	1	942.610000	942.640000	4000.000000	18000.000000	8000.000000	Trill	6.189575	11.877052	NaN	NaN	58.459437	0.000000
161	Spectrogram 1	1	965.540000	965.570000	4000.000000	18000.000000	8000.000000	Trill	6.907277	9.803018	NaN	NaN	36.180425	0.000000
162	Spectrogram 1	1	970.040000	970.070000	4000.000000	18000.000000	8000.000000	Trill	6.534615	5.029554	NaN	NaN	45.834743	0.000000
163	Spectrogram 1	1	977.130000	977.180000	4000.000000	18000.000000	8000.000000	Trill	4.122233	10.574449	NaN	NaN	59.292293	0.000000
164	Spectrogram 1	1	987.290000	987.800000	4000.000000	18000.000000	8000.000000	Trill	9.009638	20.567318	NaN	NaN	75.893860	0.000000
165	Spectrogram 1	1	989.090000	989.130000	4000.000000	18000.000000	8000.000000	Trill	4.435319	9.148175	NaN	NaN	55.782824	0.000000
166	Spectrogram 1	1	990.810000	990.880000	4000.000000	18000.000000	8000.000000	Trill	6.964167	6.866015	NaN	NaN	54.902788	0.000000
167	Spectrogram 1	1	991.360000	991.580000	4000.000000	18000.000000	8000.000000	Trill	7.451234	11.254965	NaN	NaN	44.980990	0.000000
168	Spectrogram 1	1	993.250000	993.360000	4000.000000	18000.000000	8000.000000	Trill	4.472810	10.061397	NaN	NaN	57.708369	0.000000
169	Spectrogram 1	1	1057.650000	1057.700000	4000.000000	18000.000000	8000.000000	Twitter	4.152026	11.315006	NaN	NaN	59.440069	0.000000
170	Spectrogram 1	1	1068.430000	1068.910000	4000.000000	18000.000000	8000.000000	Trill	5.927721	18.374961	NaN	NaN	51.413268	0.000000
171	Spectrogram 1	1	1074.010000	1074.030000	4000.000000	18000.000000	8000.000000	Trill	4.516813	8.100653	NaN	NaN	37.589024	0.000000
172	Spectrogram 1	1	1076.730000	1077.290000	4000.000000	18000.000000	8000.000000	Trill	8.484655	23.760595	NaN	NaN	71.690814	0.000000
173	Spectrogram 1	1	1077.970000	1077.990000	4000.000000	18000.000000	8000.000000	Sd-peep	7.917217	11.108030	NaN	NaN	33.287919	0.000000
174	Spectrogram 1	1	1096.930000	1098.020000	4000.000000	18000.000000	8000.000000	Phee	9.626752	30.000000	NaN	NaN	32.593157	0.000000
175	Spectrogram 1	1	1098.250000	1098.440000	4000.000000	18000.000000	8000.000000	Phee	10.388354	30.000000	NaN	NaN	180.133699	0.000000
176	Spectrogram 1	1	1098.480000	1098.640000	4000.000000	18000.000000	8000.000000	Trill	4.196984	22.464311	NaN	NaN	76.661639	0.000000
177	Spectrogram 1	1	1098.680000	1098.740000	4000.000000	18000.000000	8000.000000	Trill	9.291178	17.627409	NaN	NaN	55.999134	0.000000
178	Spectrogram 1	1	1099.050000	1100.020000	4000.000000	18000.000000	8000.000000	Phee	11.133832	30.000000	NaN	NaN	33.908714	0.000000
179	Spectrogram 1	1	1100.290000	1101.240000	4000.000000	18000.000000	8000.000000	Phee	10.464435	30.000000	NaN	NaN	35.439169	0.000000
180	Spectrogram 1	1	1107.500000	1107.520000	4000.000000	18000.000000	8000.000000	Sd-peep	4.121777	5.446548	NaN	NaN	58.218327	0.000000
181	Spectrogram 1	1	1121.780000	1121.850000	4000.000000	18000.000000	8000.000000	Trill	4.515588	11.000842	NaN	NaN	39.876546	0.000000
182	Spectrogram 1	1	1123.020000	1123.320000	4000.000000	18000.000000	8000.000000	Trill	4.175407	10.818992	NaN	NaN	51.419625	0.000000
183	Spectrogram 1	1	1178.930000	1179.020000	4000.000000	18000.000000	8000.000000	Trill	NaN	NaN	NaN	NaN	93.783262	0.000000
184	Spectrogram 1	1	1183.050000	1183.170000	4000.000000	18000.000000	8000.000000	Trill	4.153579	6.317453	NaN	NaN	34.811963	0.000000
185	Spectrogram 1	1	1183.230000	1183.320000	4000.000000	18000.000000	8000.000000	Phee	5.573325	8.804421	NaN	NaN	49.557962	0.000000
186	Spectrogram 1	1	1186.980000	1187.080000	4000.000000	18000.000000	8000.000000	Trill	5.188781	9.643539	NaN	NaN	53.806796	0.000000
187	Spectrogram 1	1	1194.720000	1194.800000	4000.000000	18000.000000	8000.000000	Trill	4.237237	6.228993	NaN	NaN	44.693651	0.000000
188	Spectrogram 1	1	1196.530000	1196.580000	4000.000000	18000.000000	8000.000000	Trill	6.291353	11.153692	NaN	NaN	72.046009	0.000000
189	Spectrogram 1	1	1204.030000	1204.140000	4000.000000	18000.000000	8000.000000	Trill	NaN	NaN	NaN	NaN	69.056470	0.000000
190	Spectrogram 1	1	1211.170000	1211.420000	4000.000000	18000.000000	8000.000000	Trill	4.703263	8.190783	NaN	NaN	59.826456	0.000000
191	Spectrogram 1	1	1211.630000	1211.680000	4000.000000	18000.000000	8000.000000	Phee	5.537790	7.595391	NaN	NaN	56.799696	0.000000
192	Spectrogram 1	1	1212.100000	1212.170000	4000.000000	18000.000000	8000.000000	Trill	5.156187	7.135488	NaN	NaN	47.705109	0.000000
193	Spectrogram 1	1	1212.340000	1212.430000	4000.000000	18000.000000	8000.000000	Trill	5.519834	5.759097	NaN	NaN	41.553563	0.000000
194	Spectrogram 1	1	1223.260000	1223.320000	4000.000000	18000.000000	8000.000000	Trillphee	4.259291	7.769110	NaN	NaN	56.403842	0.000000
195	Spectrogram 1	1	1230.820000	1230.870000	4000.000000	18000.000000	8000.000000	Twitter	5.400509	12.728305	NaN	NaN	77.762634	0.000000
196	Spectrogram 1	1	1233.420000	1233.480000	4000.000000	18000.000000	8000.000000	Trill	7.713119	5.742863	NaN	NaN	50.452388	0.000000
197	Spectrogram 1	1	1235.560000	1235.630000	4000.000000	18000.000000	8000.000000	Trill	NaN	NaN	NaN	NaN	56.439250	0.000000
198	Spectrogram 1	1	1236.540000	1236.590000	4000.000000	18000.000000	8000.000000	Sd-peep	5.875458	10.177066	NaN	NaN	51.777347	0.000000
199	Spectrogram 1	1	1238.330000	1239.420000	4000.000000	18000.000000	8000.000000	Phee	5.639647	26.074239	NaN	NaN	32.652797	0.000000
200	Spectrogram 1	1	1239.670000	1239.720000	4000.000000	18000.000000	8000.000000	Trill	NaN	NaN	NaN	NaN	49.426760	0.000000
201	Spectrogram 1	1	1240.010000	1241.020000	4000.000000	18000.000000	8000.000000	Phee	NaN	NaN	NaN	NaN	35.313172	0.000000
202	Spectrogram 1	1	1241.310000	1242.230000	4000.000000	18000.000000	8000.000000	Phee	NaN	NaN	NaN	NaN	36.930394	0.000000
203	Spectrogram 1	1	1242.520000	1243.380000	4000.000000	18000.000000	8000.000000	Phee	6.897770	30.000000	NaN	NaN	37.660396	0.000000
204	Spectrogram 1	1	1256.880000	1256.930000	4000.000000	18000.000000	8000.000000	Phee	5.752212	7.037871	NaN	NaN	48.221356	0.000000
205	Spectrogram 1	1	1258.800000	1258.830000	4000.000000	18000.000000	8000.000000	Phee	4.261653	6.049507	NaN	NaN	41.490527	0.000000
206	Spectrogram 1	1	1259.240000	1259.270000	4000.000000	18000.000000	8000.000000	Phee	6.783266	7.345391	NaN	NaN	36.323664	0.000000
207	Spectrogram 1	1	1259.330000	1259.350000	4000.000000	18000.000000	8000.000000	Sd-peep	6.142425	6.274924	NaN	NaN	47.472204	0.000000
208	Spectrogram 1	1	1259.730000	1259.890000	4000.000000	18000.000000	8000.000000	Trill	4.442920	6.858521	NaN	NaN	52.817124	0.000000
209	Spectrogram 1	1	1260.260000	1260.370000	4000.000000	18000.000000	8000.000000	Trill	4.170238	7.427210	NaN	NaN	44.693439	0.000000
210	Spectrogram 1	1	1260.520000	1260.550000	4000.000000	18000.000000	8000.000000	Phee	4.626215	6.920767	NaN	NaN	50.403987	0.000000
211	Spectrogram 1	1	1266.670000	1266.790000	4000.000000	18000.000000	8000.000000	Trill	NaN	NaN	NaN	NaN	60.011749	0.000000
212	Spectrogram 1	1	1285.040000	1285.350000	4000.000000	18000.000000	8000.000000	Trill	4.480102	12.043830	NaN	NaN	39.361161	0.000000
213	Spectrogram 1	1	1294.140000	1294.450000	4000.000000	18000.000000	8000.000000	Trill	4.770041	10.079084	NaN	NaN	37.632870	0.000000
214	Spectrogram 1	1	1299.770000	1299.800000	4000.000000	18000.000000	8000.000000	Phee	NaN	NaN	NaN	NaN	55.408051	0.000000
215	Spectrogram 1	1	1300.510000	1300.550000	4000.000000	18000.000000	8000.000000	Phee	4.554374	8.882624	NaN	NaN	43.506271	0.000000
216	Spectrogram 1	1	1302.180000	1302.330000	4000.000000	18000.000000	8000.000000	Trill	8.007251	11.993170	NaN	NaN	49.901750	0.000000
217	Spectrogram 1	1	1302.390000	1302.770000	4000.000000	18000.000000	8000.000000	Trill	8.963855	13.408322	NaN	NaN	38.783851	0.000000
218	Spectrogram 1	1	1304.960000	1305.410000	4000.000000	18000.000000	8000.000000	Trill	5.543382	11.318182	NaN	NaN	34.560347	0.000000
219	Spectrogram 1	1	1306.090000	1306.720000	4000.000000	18000.000000	8000.000000	Trill	6.463275	11.087587	NaN	NaN	38.168712	0.000000
220	Spectrogram 1	1	1307.000000	1307.220000	4000.000000	18000.000000	8000.000000	Phee	5.687008	14.185547	NaN	NaN	73.160359	0.000000
221	Spectrogram 1	1	1307.600000	1307.660000	4000.000000	18000.000000	8000.000000	Twitter	4.305595	11.786186	NaN	NaN	34.471363	0.000000
222	Spectrogram 1	1	1315.230000	1315.770000	4000.000000	18000.000000	8000.000000	Trillphee	4.577926	14.873717	NaN	NaN	77.045410	0.000000
223	Spectrogram 1	1	1330.450000	1330.980000	4000.000000	18000.000000	8000.000000	Trill	NaN	NaN	NaN	NaN	77.556551	0.000000
224	Spectrogram 1	1	1332.170000	1332.920000	4000.000000	18000.000000	8000.000000	Trill	NaN	NaN	NaN	NaN	46.668161	0.000000
225	Spectrogram 1	1	1337.410000	1337.480000	4000.000000	18000.000000	8000.000000	Trill	NaN	NaN	NaN	NaN	43.994226	0.000000
226	Spectrogram 1	1	1343.290000	1343.320000	4000.000000	18000.000000	8000.000000	Sd-peep	7.569644	17.246556	NaN	NaN	47.068479	0.000000
227	Spectrogram 1	1	1355.080000	1355.160000	4000.000000	18000.000000	8000.000000	Trill	4.580208	10.539195	NaN	NaN	45.476736	0.000000
228	Spectrogram 1	1	1365.950000	1366.610000	4000.000000	18000.000000	8000.000000	Trill	4.893015	14.181752	NaN	NaN	31.067521	0.000000
229	Spectrogram 1	1	1393.620000	1393.730000	4000.000000	18000.000000	8000.000000	Twitter	NaN	NaN	NaN	NaN	34.707560	0.000000
230	Spectrogram 1	1	1395.020000	1395.120000	4000.000000	18000.000000	8000.000000	Twitter	NaN	NaN	NaN	NaN	48.167478	0.000000
231	Spectrogram 1	1	1410.870000	1410.900000	4000.000000	18000.000000	8000.000000	Twitter	5.668283	13.188968	NaN	NaN	54.638538	0.000000
232	Spectrogram 1	1	1411.640000	1411.990000	4000.000000	18000.000000	8000.000000	Trill	4.536434	12.066703	NaN	NaN	36.950960	0.000000
233	Spectrogram 1	1	1412.050000	1412.220000	4000.000000	18000.000000	8000.000000	Trill	5.701446	14.418991	NaN	NaN	34.442271	0.000000
234	Spectrogram 1	1	1424.730000	1424.920000	4000.000000	18000.000000	8000.000000	Trill	4.279402	11.979564	NaN	NaN	37.216607	0.000000
235	Spectrogram 1	1	1425.760000	1426.350000	4000.000000	18000.000000	8000.000000	Trill	4.574520	11.806200	NaN	NaN	34.950029	0.000000
236	Spectrogram 1	1	1426.950000	1427.040000	4000.000000	18000.000000	8000.000000	Trill	4.387589	8.399185	NaN	NaN	41.985016	0.000000
237	Spectrogram 1	1	1427.680000	1428.170000	4000.000000	18000.000000	8000.000000	Phee	4.722990	17.127053	NaN	NaN	72.855494	0.000000
238	Spectrogram 1	1	1429.040000	1429.060000	4000.000000	18000.000000	8000.000000	Sd-peep	11.392483	14.671545	NaN	NaN	36.373374	0.000000
239	Spectrogram 1	1	1429.730000	1430.120000	4000.000000	18000.000000	8000.000000	Trill	8.152900	13.627586	NaN	NaN	39.978828	0.000000
240	Spectrogram 1	1	1431.420000	1431.710000	4000.000000	18000.000000	8000.000000	Trill	4.116007	15.418808	NaN	NaN	85.540651	0.000000
241	Spectrogram 1	1	1432.470000	1432.490000	4000.000000	18000.000000	8000.000000	Sd-peep	4.120727	10.085214	NaN	NaN	55.686912	0.000000
242	Spectrogram 1	1	1432.530000	1432.670000	4000.000000	18000.000000	8000.000000	Trill	4.002119	11.215993	NaN	NaN	44.203321	0.000000
243	Spectrogram 1	1	1432.760000	1434.070000	4000.000000	18000.000000	8000.000000	Phee	13.021063	28.671059	NaN	NaN	37.712368	0.000000
244	Spectrogram 1	1	1434.240000	1434.730000	4000.000000	18000.000000	8000.000000	Phee	10.146362	26.744747	NaN	NaN	126.566032	0.000000
245	Spectrogram 1	1	1435.010000	1436.050000	4000.000000	18000.000000	8000.000000	Phee	14.266896	30.000000	NaN	NaN	34.675989	0.000000
246	Spectrogram 1	1	1436.320000	1437.250000	4000.000000	18000.000000	8000.000000	Phee	NaN	NaN	NaN	NaN	38.317655	0.000000
247	Spectrogram 1	1	1439.640000	1439.980000	4000.000000	18000.000000	8000.000000	Trill	NaN	NaN	NaN	NaN	36.406864	0.000000
248	Spectrogram 1	1	1443.910000	1443.950000	4000.000000	18000.000000	8000.000000	Twitter	5.802461	11.649415	NaN	NaN	56.750686	0.000000
249	Spectrogram 1	1	1444.630000	1444.970000	4000.000000	18000.000000	8000.000000	Trill	NaN	NaN	NaN	NaN	71.876022	0.000000
250	Spectrogram 1	1	1447.420000	1447.970000	4000.000000	18000.000000	8000.000000	Trill	4.642760	15.485236	NaN	NaN	31.261878	0.000000
251	Spectrogram 1	1	1448.620000	1449.440000	4000.000000	18000.000000	8000.000000	Trill	4.283006	20.033094	NaN	NaN	92.984267	0.000000
252	Spectrogram 1	1	1450.110000	1450.920000	4000.000000	18000.000000	8000.000000	Trill	7.868110	20.973004	NaN	NaN	30.766539	0.000000
253	Spectrogram 1	1	1451.020000	1451.100000	4000.000000	18000.000000	8000.000000	Twitter	4.580090	27.174985	NaN	NaN	90.756486	0.000000
254	Spectrogram 1	1	1452.450000	1452.480000	4000.000000	18000.000000	8000.000000	Trill	NaN	NaN	NaN	NaN	28.721344	0.000000
255	Spectrogram 1	1	1454.150000	1454.660000	4000.000000	18000.000000	8000.000000	Trill	6.745726	16.402324	NaN	NaN	92.929463	0.000000
256	Spectrogram 1	1	1464.390000	1465.110000	4000.000000	18000.000000	8000.000000	Trill	4.808928	14.530170	NaN	NaN	32.308815	0.000000
257	Spectrogram 1	1	1468.040000	1468.060000	4000.000000	18000.000000	8000.000000	Sd-peep	6.194121	14.789853	NaN	NaN	62.770162	0.000000
258	Spectrogram 1	1	1469.540000	1469.620000	4000.000000	18000.000000	8000.000000	Phee	4.592218	11.333663	NaN	NaN	86.877259	0.000000
259	Spectrogram 1	1	1470.430000	1470.480000	4000.000000	18000.000000	8000.000000	Trill	4.070171	12.943120	NaN	NaN	65.471300	0.000000
260	Spectrogram 1	1	1471.540000	1471.570000	4000.000000	18000.000000	8000.000000	Phee	4.752349	10.230129	NaN	NaN	51.476204	0.000000
261	Spectrogram 1	1	1472.030000	1472.100000	4000.000000	18000.000000	8000.000000	Trill	4.323753	14.799196	NaN	NaN	77.761867	0.000000
262	Spectrogram 1	1	1475.930000	1476.180000	4000.000000	18000.000000	8000.000000	Trill	4.174893	10.948157	NaN	NaN	32.749543	0.000000
263	Spectrogram 1	1	1476.230000	1476.600000	4000.000000	18000.000000	8000.000000	Trill	4.865094	13.967637	NaN	NaN	33.709810	0.000000
264	Spectrogram 1	1	1476.970000	1477.080000	4000.000000	18000.000000	8000.000000	Twitter	4.872157	16.192689	NaN	NaN	52.353329	0.000000
265	Spectrogram 1	1	1477.220000	1477.730000	4000.000000	18000.000000	8000.000000	Trill	7.368941	16.647902	NaN	NaN	35.082248	0.000000
266	Spectrogram 1	1	1489.780000	1489.810000	4000.000000	18000.000000	8000.000000	Trill	5.157686	7.201315	NaN	NaN	58.092550	0.000000
267	Spectrogram 1	1	1492.530000	1492.560000	4000.000000	18000.000000	8000.000000	Sd-peep	5.621079	14.435790	NaN	NaN	62.818286	0.000000
268	Spectrogram 1	1	1501.580000	1501.620000	4000.000000	18000.000000	8000.000000	Trill	6.217837	10.206921	NaN	NaN	95.864056	0.000000
269	Spectrogram 1	1	1504.990000	1505.060000	4000.000000	18000.000000	8000.000000	Trill	4.063108	8.675561	NaN	NaN	54.121531	0.000000
270	Spectrogram 1	1	1505.300000	1505.460000	4000.000000	18000.000000	8000.000000	Trill	4.331265	10.580836	NaN	NaN	74.648831	0.000000
271	Spectrogram 1	1	1509.680000	1509.730000	4000.000000	18000.000000	8000.000000	Phee	4.890649	11.099362	NaN	NaN	83.139510	0.000000
272	Spectrogram 1	1	1525.240000	1525.320000	4000.000000	18000.000000	8000.000000	Trill	5.961693	12.385536	NaN	NaN	83.552773	0.000000
273	Spectrogram 1	1	1542.870000	1542.940000	4000.000000	18000.000000	8000.000000	Trill	8.227826	13.864414	NaN	NaN	78.472737	0.000000
274	Spectrogram 1	1	1544.940000	1544.990000	4000.000000	18000.000000	8000.000000	Phee	4.370799	10.989750	NaN	NaN	33.888309	0.000000
275	Spectrogram 1	1	1546.820000	1546.850000	4000.000000	18000.000000	8000.000000	Twitter	NaN	NaN	NaN	NaN	20.717268	0.000000
276	Spectrogram 1	1	1547.040000	1547.100000	4000.000000	18000.000000	8000.000000	Twitter	5.341088	17.063216	NaN	NaN	33.106758	0.000000
277	Spectrogram 1	1	1547.160000	1547.230000	4000.000000	18000.000000	8000.000000	Twitter	6.428097	17.565080	NaN	NaN	35.290026	0.000000
278	Spectrogram 1	1	1547.410000	1548.010000	4000.000000	18000.000000	8000.000000	Twitter	4.369250	14.255364	NaN	NaN	37.891279	0.000000
279	Spectrogram 1	1	1550.410000	1550.440000	4000.000000	18000.000000	8000.000000	Trill	5.949944	8.432708	NaN	NaN	53.574350	0.000000
280	Spectrogram 1	1	1588.420000	1588.530000	4000.000000	18000.000000	8000.000000	Twitter	NaN	NaN	NaN	NaN	35.228095	0.000000
281	Spectrogram 1	1	1592.240000	1592.290000	4000.000000	18000.000000	8000.000000	Twitter	NaN	NaN	NaN	NaN	36.316388	0.000000
282	Spectrogram 1	1	1602.190000	1602.230000	4000.000000	18000.000000	8000.000000	Trill	5.205028	10.150602	NaN	NaN	30.902520	0.000000
283	Spectrogram 1	1	1620.420000	1620.510000	4000.000000	18000.000000	8000.000000	Trill	NaN	NaN	NaN	NaN	51.324477	0.000000
284	Spectrogram 1	1	1622.490000	1622.520000	4000.000000	18000.000000	8000.000000	Phee	6.394717	7.328484	NaN	NaN	31.100301	0.000000
285	Spectrogram 1	1	1633.960000	1634.190000	4000.000000	18000.000000	8000.000000	Trillphee	4.952754	9.697193	NaN	NaN	77.367115	0.000000
286	Spectrogram 1	1	1652.120000	1652.150000	4000.000000	18000.000000	8000.000000	Twitter	8.318920	13.568052	NaN	NaN	30.791843	0.000000
287	Spectrogram 1	1	1663.280000	1664.170000	4000.000000	18000.000000	8000.000000	Twitter	6.224624	23.361755	NaN	NaN	39.265421	0.000000
288	Spectrogram 1	1	1690.290000	1690.340000	4000.000000	18000.000000	8000.000000	Phee	4.050475	10.372439	NaN	NaN	38.961370	0.000000
289	Spectrogram 1	1	1690.400000	1690.460000	4000.000000	18000.000000	8000.000000	Phee	4.602769	12.140120	NaN	NaN	103.167678	0.000000
290	Spectrogram 1	1	1692.110000	1692.160000	4000.000000	18000.000000	8000.000000	Trill	5.406256	9.221309	NaN	NaN	35.623861	0.000000
291	Spectrogram 1	1	1713.690000	1713.770000	4000.000000	18000.000000	8000.000000	Trill	4.842017	10.067408	NaN	NaN	36.597876	0.000000
292	Spectrogram 1	1	1733.760000	1733.780000	4000.000000	18000.000000	8000.000000	Sd-peep	9.222918	10.783674	NaN	NaN	29.072723	0.000000
293	Spectrogram 1	1	1740.370000	1740.540000	4000.000000	18000.000000	8000.000000	Trill	4.461585	14.504090	NaN	NaN	48.301675	0.000000
294	Spectrogram 1	1	1748.640000	1748.710000	4000.000000	18000.000000	8000.000000	Trill	4.342813	7.194120	NaN	NaN	34.658837	0.000000
295	Spectrogram 1	1	1749.450000	1749.720000	4000.000000	18000.000000	8000.000000	Trill	4.471335	10.805924	NaN	NaN	49.681501	0.000000
296	Spectrogram 1	1	1754.260000	1754.330000	4000.000000	18000.000000	8000.000000	Trill	4.646324	9.418993	NaN	NaN	56.673845	0.000000
297	Spectrogram 1	1	1760.360000	1760.380000	4000.000000	18000.000000	8000.000000	Phee	5.071736	7.502467	NaN	NaN	58.025737	0.000000
298	Spectrogram 1	1	1777.870000	1777.950000	4000.000000	18000.000000	8000.000000	Trillphee	5.190103	6.167937	NaN	NaN	38.089618	0.000000
299	Spectrogram 1	1	1778.100000	1779.050000	4000.000000	18000.000000	8000.000000	Trill	NaN	NaN	NaN	NaN	121.299149	0.000000
300	Spectrogram 1	1	1782.020000	1782.120000	4000.000000	18000.000000	8000.000000	Trill	4.798081	8.401532	NaN	NaN	90.929972	0.000000
301	Spectrogram 1	1	1784.430000	1784.470000	4000.000000	18000.000000	8000.000000	Trill	11.951033	15.563264	NaN	NaN	33.729543	0.000000
302	Spectrogram 1	1	1793.240000	1793.450000	4000.000000	18000.000000	8000.000000	Trill	4.842668	10.750338	NaN	NaN	38.364061	0.000000
303	Spectrogram 1	1	1804.110000	1804.140000	4000.000000	18000.000000	8000.000000	Phee	4.292964	5.777943	NaN	NaN	35.878238	0.000000
304	Spectrogram 1	1	1806.540000	1806.750000	4000.000000	18000.000000	8000.000000	Trillphee	4.188918	8.198640	NaN	NaN	41.434588	0.000000
305	Spectrogram 1	1	1821.750000	1821.930000	4000.000000	18000.000000	8000.000000	Trill	5.314453	12.492101	NaN	NaN	32.718703	0.000000
306	Spectrogram 1	1	1822.480000	1822.670000	4000.000000	18000.000000	8000.000000	Trill	4.249165	15.101645	NaN	NaN	49.216678	0.000000
307	Spectrogram 1	1	1836.730000	1837.090000	4000.000000	18000.000000	8000.000000	Trill	4.322087	18.356383	NaN	NaN	56.247721	0.000000
308	Spectrogram 1	1	1840.010000	1840.160000	4000.000000	18000.000000	8000.000000	Trill	4.532273	14.262805	NaN	NaN	77.926627	0.000000
309	Spectrogram 1	1	1840.290000	1840.670000	4000.000000	18000.000000	8000.000000	Trill	6.421059	10.533744	NaN	NaN	40.236912	0.000000
310	Spectrogram 1	1	1843.760000	1843.900000	4000.000000	18000.000000	8000.000000	Trill	6.461543	11.386222	NaN	NaN	41.985956	0.000000
311	Spectrogram 1	1	1852.540000	1852.870000	4000.000000	18000.000000	8000.000000	Trill	13.274079	24.333270	NaN	NaN	81.096138	0.000000
312	Spectrogram 1	1	1853.930000	1854.120000	4000.000000	18000.000000	8000.000000	Trill	4.714743	12.575768	NaN	NaN	31.921867	0.000000
313	Spectrogram 1	1	1855.290000	1855.560000	4000.000000	18000.000000	8000.000000	Trill	4.486488	12.188793	NaN	NaN	74.665705	0.000000
314	Spectrogram 1	1	1888.610000	1888.860000	4000.000000	18000.000000	8000.000000	Trill	7.709494	10.705944	NaN	NaN	107.921374	0.000000
315	Spectrogram 1	1	1894.220000	1894.250000	4000.000000	18000.000000	8000.000000	Sd-peep	11.093013	15.007320	NaN	NaN	34.091265	0.000000
316	Spectrogram 1	1	1895.560000	1895.950000	4000.000000	18000.000000	8000.000000	Trill	5.611999	19.008621	NaN	NaN	59.175922	0.000000
317	Spectrogram 1	1	1899.440000	1899.900000	4000.000000	18000.000000	8000.000000	Trill	5.177155	18.149156	NaN	NaN	45.744962	0.000000
318	Spectrogram 1	1	1912.250000	1912.340000	4000.000000	18000.000000	8000.000000	Trill	4.753234	15.151105	NaN	NaN	85.721053	0.000000
319	Spectrogram 1	1	1936.940000	1936.970000	4000.000000	18000.000000	8000.000000	Trill	6.451690	13.792155	NaN	NaN	34.868299	0.000000
320	Spectrogram 1	1	1938.170000	1938.240000	4000.000000	18000.000000	8000.000000	Trill	4.489059	10.810541	NaN	NaN	57.872169	0.000000
321	Spectrogram 1	1	1939.590000	1939.960000	4000.000000	18000.000000	8000.000000	Trill	4.830067	11.081341	NaN	NaN	32.848620	0.000000
322	Spectrogram 1	1	1940.410000	1940.740000	4000.000000	18000.000000	8000.000000	Trill	6.529825	14.885124	NaN	NaN	37.616885	0.000000
323	Spectrogram 1	1	1944.110000	1944.160000	4000.000000	18000.000000	8000.000000	Trill	9.427071	10.783226	NaN	NaN	29.408981	0.000000
324	Spectrogram 1	1	1945.690000	1945.750000	4000.000000	18000.000000	8000.000000	Trill	9.915241	13.466770	NaN	NaN	29.879092	0.000000
325	Spectrogram 1	1	1978.500000	1978.530000	4000.000000	18000.000000	8000.000000	Trill	4.728980	13.884167	NaN	NaN	68.834253	0.000000
326	Spectrogram 1	1	1978.580000	1978.780000	4000.000000	18000.000000	8000.000000	Trill	5.474871	15.781734	NaN	NaN	81.063795	0.000000
327	Spectrogram 1	1	1995.860000	1996.580000	4000.000000	18000.000000	8000.000000	Trill	4.248497	13.254930	NaN	NaN	40.978068	0.000000
328	Spectrogram 1	1	2007.960000	2008.000000	4000.000000	18000.000000	8000.000000	Trill	10.309926	10.295969	NaN	NaN	37.773965	0.000000
329	Spectrogram 1	1	2009.140000	2009.160000	4000.000000	18000.000000	8000.000000	Sd-peep	10.689141	14.886267	NaN	NaN	30.022763	0.000000
330	Spectrogram 1	1	2019.450000	2019.500000	4000.000000	18000.000000	8000.000000	Trill	6.600866	11.201671	NaN	NaN	46.560116	0.000000
331	Spectrogram 1	1	2037.900000	2037.930000	4000.000000	18000.000000	8000.000000	Phee	4.120413	9.246162	NaN	NaN	43.119735	0.000000
332	Spectrogram 1	1	2057.160000	2057.180000	4000.000000	18000.000000	8000.000000	Phee	7.429995	12.262698	NaN	NaN	52.254761	0.000000
333	Spectrogram 1	1	2073.180000	2073.210000	4000.000000	18000.000000	8000.000000	Trill	5.805462	19.668792	NaN	NaN	83.046528	0.000000
334	Spectrogram 1	1	2105.800000	2105.830000	4000.000000	18000.000000	8000.000000	Phee	4.012388	12.100272	NaN	NaN	71.576072	0.000000
335	Spectrogram 1	1	2109.260000	2109.290000	4000.000000	18000.000000	8000.000000	Trill	8.095005	15.652803	NaN	NaN	106.941709	0.000000
336	Spectrogram 1	1	2112.340000	2112.700000	4000.000000	18000.000000	8000.000000	Trillphee	9.243944	18.835972	NaN	NaN	114.609705	0.000000
337	Spectrogram 1	1	2113.030000	2113.550000	4000.000000	18000.000000	8000.000000	Trill	9.952861	17.554120	NaN	NaN	34.380573	0.000000
338	Spectrogram 1	1	2128.050000	2128.230000	4000.000000	18000.000000	8000.000000	Trill	5.499242	7.196737	NaN	NaN	34.301833	0.000000
339	Spectrogram 1	1	2132.940000	2132.960000	4000.000000	18000.000000	8000.000000	Sd-peep	NaN	NaN	NaN	NaN	50.350186	0.000000
340	Spectrogram 1	1	2136.840000	2136.890000	4000.000000	18000.000000	8000.000000	Trillphee	5.487141	10.364833	NaN	NaN	53.469860	0.000000
341	Spectrogram 1	1	2138.690000	2138.720000	4000.000000	18000.000000	8000.000000	Trill	6.378102	5.664609	NaN	NaN	43.652172	0.000000
342	Spectrogram 1	1	2138.760000	2138.800000	4000.000000	18000.000000	8000.000000	Trill	5.791967	4.854556	NaN	NaN	47.978221	0.000000
343	Spectrogram 1	1	2141.190000	2141.270000	4000.000000	18000.000000	8000.000000	Trill	NaN	NaN	NaN	NaN	28.340271	0.000000
344	Spectrogram 1	1	2147.260000	2147.280000	4000.000000	18000.000000	8000.000000	Sd-peep	8.674081	7.821510	NaN	NaN	32.472000	0.000000
345	Spectrogram 1	1	2154.640000	2154.680000	4000.000000	18000.000000	8000.000000	Twitter	6.284903	10.421042	NaN	NaN	45.280564	0.000000
346	Spectrogram 1	1	2165.000000	2166.120000	4000.000000	18000.000000	8000.000000	Twitter	NaN	NaN	NaN	NaN	41.756975	0.000000
347	Spectrogram 1	1	2178.440000	2178.470000	4000.000000	18000.000000	8000.000000	Trill	NaN	NaN	NaN	NaN	48.733269	0.000000
348	Spectrogram 1	1	2183.700000	2183.760000	4000.000000	18000.000000	8000.000000	Trill	5.487569	10.876797	NaN	NaN	78.946798	0.000000
349	Spectrogram 1	1	2184.000000	2184.060000	4000.000000	18000.000000	8000.000000	Trill	4.545133	9.193477	NaN	NaN	68.127550	0.000000
350	Spectrogram 1	1	2186.310000	2186.370000	4000.000000	18000.000000	8000.000000	Trill	4.367275	9.445796	NaN	NaN	61.712220	0.000000
351	Spectrogram 1	1	2193.290000	2193.320000	4000.000000	18000.000000	8000.000000	Phee	4.999761	7.918258	NaN	NaN	64.315243	0.000000
352	Spectrogram 1	1	2197.440000	2197.460000	4000.000000	18000.000000	8000.000000	Sd-peep	7.334220	8.771280	NaN	NaN	34.590311	0.000000
353	Spectrogram 1	1	2199.600000	2199.710000	4000.000000	18000.000000	8000.000000	Trill	4.281777	7.987559	NaN	NaN	45.904774	0.000000
354	Spectrogram 1	1	2216.260000	2216.380000	4000.000000	18000.000000	8000.000000	Trillphee	5.982380	4.882169	NaN	NaN	54.222608	0.000000
355	Spectrogram 1	1	2217.570000	2217.700000	4000.000000	18000.000000	8000.000000	Trill	6.934915	10.791812	NaN	NaN	43.418382	0.000000
356	Spectrogram 1	1	2217.820000	2218.070000	4000.000000	18000.000000	8000.000000	Trill	6.240356	9.577395	NaN	NaN	37.725550	0.000000
357	Spectrogram 1	1	2219.030000	2219.250000	4000.000000	18000.000000	8000.000000	Trill	6.990769	10.144776	NaN	NaN	49.033834	0.000000
358	Spectrogram 1	1	2220.140000	2220.170000	4000.000000	18000.000000	8000.000000	Phee	5.438827	6.084936	NaN	NaN	48.559837	0.000000
359	Spectrogram 1	1	2221.100000	2221.120000	4000.000000	18000.000000	8000.000000	Sd-peep	5.116325	8.439868	NaN	NaN	49.984514	0.000000
360	Spectrogram 1	1	2222.280000	2223.540000	4000.000000	18000.000000	8000.000000	Phee	6.624475	28.322737	NaN	NaN	48.548763	0.000000
361	Spectrogram 1	1	2224.000000	2224.890000	4000.000000	18000.000000	8000.000000	Phee	7.158547	29.325074	NaN	NaN	42.908169	0.000000
362	Spectrogram 1	1	2237.540000	2237.590000	4000.000000	18000.000000	8000.000000	Twitter	5.543988	15.938907	NaN	NaN	33.030748	0.000000
363	Spectrogram 1	1	2237.670000	2237.740000	4000.000000	18000.000000	8000.000000	Twitter	4.547899	15.053758	NaN	NaN	36.045456	0.000000
364	Spectrogram 1	1	2237.790000	2237.830000	4000.000000	18000.000000	8000.000000	Twitter	4.847376	17.159552	NaN	NaN	34.177481	0.000000
365	Spectrogram 1	1	2238.140000	2238.200000	4000.000000	18000.000000	8000.000000	Twitter	4.284527	15.702228	NaN	NaN	34.053232	0.000000
366	Spectrogram 1	1	2244.620000	2245.340000	4000.000000	18000.000000	8000.000000	Trill	NaN	NaN	NaN	NaN	61.422532	0.000000
367	Spectrogram 1	1	2254.860000	2254.980000	4000.000000	18000.000000	8000.000000	Sd-peep	NaN	NaN	NaN	NaN	29.155842	0.000000
368	Spectrogram 1	1	2255.730000	2255.800000	4000.000000	18000.000000	8000.000000	Sd-peep	NaN	NaN	NaN	NaN	29.546029	0.000000
369	Spectrogram 1	1	2257.710000	2257.790000	4000.000000	18000.000000	8000.000000	Trillphee	NaN	NaN	NaN	NaN	26.312385	0.000000
370	Spectrogram 1	1	2258.020000	2258.070000	4000.000000	18000.000000	8000.000000	Trillphee	NaN	NaN	NaN	NaN	30.160683	0.000000
371	Spectrogram 1	1	2263.230000	2263.290000	4000.000000	18000.000000	8000.000000	Trill	4.326749	9.885720	NaN	NaN	33.404638	0.000000
372	Spectrogram 1	1	2267.830000	2268.070000	4000.000000	18000.000000	8000.000000	Trill	7.437081	9.959002	NaN	NaN	71.320994	0.000000
373	Spectrogram 1	1	2269.580000	2269.600000	4000.000000	18000.000000	8000.000000	Trill	11.088993	11.081566	NaN	NaN	90.146313	0.000000
374	Spectrogram 1	1	2289.830000	2289.870000	4000.000000	18000.000000	8000.000000	Trill	4.679607	6.492196	NaN	NaN	42.962056	0.000000
375	Spectrogram 1	1	2292.890000	2292.940000	4000.000000	18000.000000	8000.000000	Trill	5.978588	10.971356	NaN	NaN	33.128654	0.000000
376	Spectrogram 1	1	2330.010000	2330.030000	4000.000000	18000.000000	8000.000000	Sd-peep	10.180354	13.349037	NaN	NaN	28.865324	0.000000
377	Spectrogram 1	1	2370.500000	2370.560000	4000.000000	18000.000000	8000.000000	Trill	5.483308	8.155479	NaN	NaN	47.079111	0.000000
378	Spectrogram 1	1	2374.260000	2374.320000	4000.000000	18000.000000	8000.000000	Trill	4.236774	7.247236	NaN	NaN	42.069297	0.000000
379	Spectrogram 1	1	2389.880000	2389.940000	4000.000000	18000.000000	8000.000000	Phee	4.328563	10.791773	NaN	NaN	85.325569	0.000000
380	Spectrogram 1	1	2390.020000	2390.080000	4000.000000	18000.000000	8000.000000	Trillphee	7.801589	19.799205	NaN	NaN	88.309453	0.000000
381	Spectrogram 1	1	2390.160000	2390.260000	4000.000000	18000.000000	8000.000000	Phee	4.777390	14.051431	NaN	NaN	65.836126	0.000000
382	Spectrogram 1	1	2418.970000	2418.990000	4000.000000	18000.000000	8000.000000	Sd-peep	9.590482	15.584922	NaN	NaN	62.349243	0.000000
383	Spectrogram 1	1	2426.390000	2426.410000	4000.000000	18000.000000	8000.000000	Sd-peep	5.758078	6.556894	NaN	NaN	57.951238	0.000000
384	Spectrogram 1	1	2429.870000	2430.270000	4000.000000	18000.000000	8000.000000	Trill	10.306083	21.772957	NaN	NaN	53.085520	0.000000
385	Spectrogram 1	1	2433.440000	2433.560000	4000.000000	18000.000000	8000.000000	Trill	5.589564	16.431191	NaN	NaN	95.366481	0.000000
386	Spectrogram 1	1	2433.760000	2433.900000	4000.000000	18000.000000	8000.000000	Trill	NaN	NaN	NaN	NaN	67.713278	0.000000
387	Spectrogram 1	1	2437.240000	2437.270000	4000.000000	18000.000000	8000.000000	Phee	7.110078	20.153185	NaN	NaN	105.018324	0.000000
388	Spectrogram 1	1	2441.700000	2442.460000	4000.000000	18000.000000	8000.000000	Trillphee	4.394839	16.683986	NaN	NaN	101.086953	0.000000
389	Spectrogram 1	1	2444.330000	2444.380000	4000.000000	18000.000000	8000.000000	Trill	8.244293	9.992947	NaN	NaN	32.702804	0.000000
390	Spectrogram 1	1	2455.720000	2455.760000	4000.000000	18000.000000	8000.000000	Twitter	12.302021	14.753697	NaN	NaN	29.331796	0.000000
391	Spectrogram 1	1	2456.430000	2456.960000	4000.000000	18000.000000	8000.000000	Trill	14.421645	27.519844	NaN	NaN	110.636326	0.000000
392	Spectrogram 1	1	2466.730000	2466.760000	4000.000000	18000.000000	8000.000000	Trill	NaN	NaN	NaN	NaN	55.751610	0.000000
393	Spectrogram 1	1	2496.120000	2496.150000	4000.000000	18000.000000	8000.000000	Phee	4.816871	10.065546	NaN	NaN	111.417439	0.000000
394	Spectrogram 1	1	2497.450000	2497.520000	4000.000000	18000.000000	8000.000000	Trillphee	5.162850	5.899553	NaN	NaN	49.741347	0.000000
395	Spectrogram 1	1	2497.780000	2497.950000	4000.000000	18000.000000	8000.000000	Phee	4.036115	30.000000	NaN	NaN	156.736201	0.000000
396	Spectrogram 1	1	2510.280000	2510.340000	4000.000000	18000.000000	8000.000000	Trill	4.805380	7.249706	NaN	NaN	58.764691	0.000000
397	Spectrogram 1	1	2535.160000	2536.170000	4000.000000	18000.000000	8000.000000	Phee	5.585503	22.005378	NaN	NaN	53.778371	0.000000
398	Spectrogram 1	1	2538.020000	2538.490000	4000.000000	18000.000000	8000.000000	Trill	4.178452	16.258239	NaN	NaN	59.564502	0.000000
399	Spectrogram 1	1	2544.700000	2545.750000	4000.000000	18000.000000	8000.000000	Phee	4.383575	27.180127	NaN	NaN	38.394466	0.000000
400	Spectrogram 1	1	2558.180000	2558.240000	4000.000000	18000.000000	8000.000000	Trill	NaN	NaN	NaN	NaN	26.087775	0.000000
401	Spectrogram 1	1	2578.970000	2579.090000	4000.000000	18000.000000	8000.000000	Trill	8.820936	12.268073	NaN	NaN	28.879967	0.000000
402	Spectrogram 1	1	2583.290000	2583.380000	4000.000000	18000.000000	8000.000000	Trill	7.977241	10.020089	NaN	NaN	36.191316	0.000000
403	Spectrogram 1	1	2584.240000	2584.310000	4000.000000	18000.000000	8000.000000	Phee	4.102428	7.399655	NaN	NaN	38.669277	0.000000
404	Spectrogram 1	1	2626.640000	2627.550000	4000.000000	18000.000000	8000.000000	Phee	NaN	NaN	NaN	NaN	33.462054	0.000000
405	Spectrogram 1	1	2650.900000	2650.930000	4000.000000	18000.000000	8000.000000	Phee	5.038896	5.316178	NaN	NaN	43.903893	0.000000
406	Spectrogram 1	1	2652.480000	2652.550000	4000.000000	18000.000000	8000.000000	Phee	4.096206	9.791994	NaN	NaN	42.353028	0.000000
407	Spectrogram 1	1	2664.050000	2665.030000	4000.000000	18000.000000	8000.000000	Twitter	6.389946	26.841642	NaN	NaN	31.516181	0.000000
408	Spectrogram 1	1	2679.170000	2679.240000	4000.000000	18000.000000	8000.000000	Phee	4.553496	14.040485	NaN	NaN	99.450130	0.000000
409	Spectrogram 1	1	2684.860000	2684.910000	4000.000000	18000.000000	8000.000000	Trill	7.863099	9.632477	NaN	NaN	33.678561	0.000000
410	Spectrogram 1	1	2692.140000	2692.170000	4000.000000	18000.000000	8000.000000	Phee	4.447306	9.402674	NaN	NaN	72.411973	0.000000
411	Spectrogram 1	1	2702.610000	2702.630000	4000.000000	18000.000000	8000.000000	Sd-peep	6.181829	11.034102	NaN	NaN	73.087964	0.000000
412	Spectrogram 1	1	2718.020000	2718.050000	4000.000000	18000.000000	8000.000000	Twitter	4.728841	9.752636	NaN	NaN	68.316594	0.000000
413	Spectrogram 1	1	2734.860000	2734.900000	4000.000000	18000.000000	8000.000000	Sd-peep	6.507827	15.815976	NaN	NaN	62.100426	0.000000
414	Spectrogram 1	1	2738.250000	2738.280000	4000.000000	18000.000000	8000.000000	Twitter	6.138066	9.040866	NaN	NaN	68.218210	0.000000
415	Spectrogram 1	1	2739.220000	2739.290000	4000.000000	18000.000000	8000.000000	Trill	4.522497	19.775759	NaN	NaN	119.235013	0.000000
416	Spectrogram 1	1	2739.640000	2739.780000	4000.000000	18000.000000	8000.000000	Twitter	NaN	NaN	NaN	NaN	32.980930	0.000000
417	Spectrogram 1	1	2739.900000	2739.980000	4000.000000	18000.000000	8000.000000	Sd-peep	8.755609	15.414584	NaN	NaN	97.005250	0.000000
418	Spectrogram 1	1	2740.480000	2740.600000	4000.000000	18000.000000	8000.000000	Sd-peep	NaN	NaN	NaN	NaN	37.873044	0.000000
419	Spectrogram 1	1	2740.790000	2740.920000	4000.000000	18000.000000	8000.000000	Twitter	NaN	NaN	NaN	NaN	38.055174	0.000000
420	Spectrogram 1	1	2741.120000	2741.150000	4000.000000	18000.000000	8000.000000	Sd-peep	7.252970	15.500478	NaN	NaN	41.339677	0.000000
421	Spectrogram 1	1	2741.260000	2741.310000	4000.000000	18000.000000	8000.000000	Trill	6.559066	13.479015	NaN	NaN	59.581398	0.000000
422	Spectrogram 1	1	2742.190000	2742.260000	4000.000000	18000.000000	8000.000000	Sd-peep	NaN	NaN	NaN	NaN	41.479260	0.000000
423	Spectrogram 1	1	2742.360000	2742.430000	4000.000000	18000.000000	8000.000000	Sd-peep	4.896606	15.865706	NaN	NaN	33.693264	0.000000
424	Spectrogram 1	1	2744.320000	2744.380000	4000.000000	18000.000000	8000.000000	Sd-peep	4.802325	15.920672	NaN	NaN	61.011770	0.000000
425	Spectrogram 1	1	2744.470000	2744.570000	4000.000000	18000.000000	8000.000000	Sd-peep	NaN	NaN	NaN	NaN	41.457402	0.000000
426	Spectrogram 1	1	2748.800000	2748.910000	4000.000000	18000.000000	8000.000000	Twitter	4.014088	15.126162	NaN	NaN	48.604284	0.000000
427	Spectrogram 1	1	2799.290000	2799.810000	4000.000000	18000.000000	8000.000000	Trill	NaN	NaN	NaN	NaN	49.183703	0.000000
428	Spectrogram 1	1	2802.220000	2802.390000	4000.000000	18000.000000	8000.000000	Trill	4.208817	11.727579	NaN	NaN	32.488740	0.000000
429	Spectrogram 1	1	2803.260000	2803.490000	4000.000000	18000.000000	8000.000000	Trillphee	6.417464	10.116251	NaN	NaN	40.010733	0.000000
430	Spectrogram 1	1	2803.580000	2803.780000	4000.000000	18000.000000	8000.000000	Trill	7.203470	12.798232	NaN	NaN	39.223389	0.000000
431	Spectrogram 1	1	2809.080000	2809.500000	4000.000000	18000.000000	8000.000000	Trill	NaN	NaN	NaN	NaN	63.939916	0.000000
432	Spectrogram 1	1	2816.510000	2816.840000	4000.000000	18000.000000	8000.000000	Trill	NaN	NaN	NaN	NaN	79.716782	0.000000
433	Spectrogram 1	1	2817.570000	2817.630000	4000.000000	18000.000000	8000.000000	Trill	6.559840	7.604927	NaN	NaN	76.843721	0.000000
434	Spectrogram 1	1	2820.790000	2820.870000	4000.000000	18000.000000	8000.000000	Trill	5.569280	5.605320	NaN	NaN	56.223876	0.000000
435	Spectrogram 1	1	2821.750000	2822.830000	4000.000000	18000.000000	8000.000000	Phee	5.921287	26.356751	NaN	NaN	32.358370	0.000000
436	Spectrogram 1	1	2823.750000	2824.710000	4000.000000	18000.000000	8000.000000	Phee	7.634146	27.175576	NaN	NaN	31.286557	0.000000
437	Spectrogram 1	1	2824.850000	2825.750000	4000.000000	18000.000000	8000.000000	Phee	7.978745	27.630195	NaN	NaN	34.683989	0.000000
438	Spectrogram 1	1	2843.060000	2843.100000	4000.000000	18000.000000	8000.000000	Trill	7.780579	5.660144	NaN	NaN	40.595557	0.000000
439	Spectrogram 1	1	2844.740000	2845.740000	4000.000000	18000.000000	8000.000000	Phee	NaN	NaN	NaN	NaN	34.770612	0.000000
440	Spectrogram 1	1	2845.810000	2847.090000	4000.000000	18000.000000	8000.000000	Phee	13.091687	30.000000	NaN	NaN	166.492380	0.000000
441	Spectrogram 1	1	2847.320000	2848.290000	4000.000000	18000.000000	8000.000000	Phee	NaN	NaN	NaN	NaN	35.481638	0.000000
442	Spectrogram 1	1	2848.520000	2849.470000	4000.000000	18000.000000	8000.000000	Phee	15.008133	30.000000	NaN	NaN	43.538821	0.000000
443	Spectrogram 1	1	2849.710000	2850.550000	4000.000000	18000.000000	8000.000000	Phee	13.957625	30.000000	NaN	NaN	42.306569	0.000000
444	Spectrogram 1	1	2872.640000	2872.680000	4000.000000	18000.000000	8000.000000	Trill	7.109875	8.844495	NaN	NaN	77.965203	0.000000
445	Spectrogram 1	1	2878.170000	2878.200000	4000.000000	18000.000000	8000.000000	Trill	4.653752	5.898647	NaN	NaN	43.871083	0.000000
446	Spectrogram 1	1	2879.910000	2879.980000	4000.000000	18000.000000	8000.000000	Trillphee	5.526813	6.801887	NaN	NaN	65.479551	0.000000
447	Spectrogram 1	1	2896.140000	2897.270000	4000.000000	18000.000000	8000.000000	Phee	5.245122	24.605294	NaN	NaN	37.446054	0.000000
448	Spectrogram 1	1	2897.610000	2897.670000	4000.000000	18000.000000	8000.000000	Trill	7.169797	14.151193	NaN	NaN	39.857546	0.000000
449	Spectrogram 1	1	2897.940000	2898.830000	4000.000000	18000.000000	8000.000000	Phee	NaN	NaN	NaN	NaN	34.261653	0.000000
450	Spectrogram 1	1	2898.890000	2898.940000	4000.000000	18000.000000	8000.000000	Sd-peep	6.206827	14.847625	NaN	NaN	32.053894	0.000000
451	Spectrogram 1	1	2899.210000	2900.040000	4000.000000	18000.000000	8000.000000	Phee	NaN	NaN	NaN	NaN	36.847731	0.000000
452	Spectrogram 1	1	2900.360000	2901.190000	4000.000000	18000.000000	8000.000000	Phee	5.646859	25.427269	NaN	NaN	32.258639	0.000000
453	Spectrogram 1	1	2903.360000	2903.460000	4000.000000	18000.000000	8000.000000	Trill	NaN	NaN	NaN	NaN	89.015704	0.000000
454	Spectrogram 1	1	2905.250000	2905.270000	4000.000000	18000.000000	8000.000000	Sd-peep	NaN	NaN	NaN	NaN	28.770845	0.000000
455	Spectrogram 1	1	2905.370000	2905.430000	4000.000000	18000.000000	8000.000000	Trill	5.739123	9.640875	NaN	NaN	74.098726	0.000000
456	Spectrogram 1	1	2905.680000	2905.710000	4000.000000	18000.000000	8000.000000	Trill	5.583292	7.365349	NaN	NaN	72.643094	0.000000
457	Spectrogram 1	1	2907.570000	2907.760000	4000.000000	18000.000000	8000.000000	Trill	8.720942	10.230101	NaN	NaN	91.059783	0.000000
458	Spectrogram 1	1	2924.720000	2924.780000	4000.000000	18000.000000	8000.000000	Trill	NaN	NaN	NaN	NaN	26.300716	0.000000
459	Spectrogram 1	1	2927.870000	2927.910000	4000.000000	18000.000000	8000.000000	Trill	8.589704	13.846301	NaN	NaN	33.212212	0.000000
460	Spectrogram 1	1	2929.700000	2929.840000	4000.000000	18000.000000	8000.000000	Trill	5.666721	7.444495	NaN	NaN	64.141679	0.000000
461	Spectrogram 1	1	2941.750000	2941.770000	4000.000000	18000.000000	8000.000000	Sd-peep	4.389170	9.679114	NaN	NaN	62.262145	0.000000
462	Spectrogram 1	1	2941.970000	2942.040000	4000.000000	18000.000000	8000.000000	Phee	4.544764	10.271265	NaN	NaN	69.603689	0.000000
463	Spectrogram 1	1	2944.890000	2944.940000	4000.000000	18000.000000	8000.000000	Trill	4.829388	7.128522	NaN	NaN	49.790319	0.000000
464	Spectrogram 1	1	2945.040000	2945.080000	4000.000000	18000.000000	8000.000000	Twitter	4.236798	7.305489	NaN	NaN	43.774188	0.000000
465	Spectrogram 1	1	2947.730000	2947.800000	4000.000000	18000.000000	8000.000000	Trill	5.946844	7.917307	NaN	NaN	34.036811	0.000000
466	Spectrogram 1	1	2955.390000	2955.600000	4000.000000	18000.000000	8000.000000	Trill	4.503301	7.802074	NaN	NaN	41.201888	0.000000
467	Spectrogram 1	1	2959.390000	2959.420000	4000.000000	18000.000000	8000.000000	Trill	5.315236	9.739417	NaN	NaN	65.729788	0.000000
468	Spectrogram 1	1	2959.780000	2960.020000	4000.000000	18000.000000	8000.000000	Trill	4.286681	11.711721	NaN	NaN	61.306241	0.000000
469	Spectrogram 1	1	2960.370000	2960.420000	4000.000000	18000.000000	8000.000000	Trillphee	4.170241	7.507855	NaN	NaN	62.410532	0.000000
470	Spectrogram 1	1	2966.680000	2966.700000	4000.000000	18000.000000	8000.000000	Trill	8.977622	10.142045	NaN	NaN	31.752853	0.000000
471	Spectrogram 1	1	2973.700000	2973.780000	4000.000000	18000.000000	8000.000000	Trill	NaN	NaN	NaN	NaN	81.316296	0.000000
472	Spectrogram 1	1	2979.490000	2979.610000	4000.000000	18000.000000	8000.000000	Trill	6.716382	9.770232	NaN	NaN	47.238360	0.000000
473	Spectrogram 1	1	3030.310000	3030.340000	4000.000000	18000.000000	8000.000000	Phee	7.520892	8.515736	NaN	NaN	69.451409	0.000000
474	Spectrogram 1	1	3035.400000	3035.450000	4000.000000	18000.000000	8000.000000	Trill	4.924436	11.808859	NaN	NaN	32.618728	0.000000
475	Spectrogram 1	1	3042.100000	3042.130000	4000.000000	18000.000000	8000.000000	Trill	12.307187	14.027192	NaN	NaN	29.710390	0.000000
476	Spectrogram 1	1	3051.360000	3051.380000	4000.000000	18000.000000	8000.000000	Twitter	6.723390	7.650105	NaN	NaN	49.328794	0.000000
477	Spectrogram 1	1	3071.350000	3071.380000	4000.000000	18000.000000	8000.000000	Phee	4.180487	9.179978	NaN	NaN	77.931516	0.000000
478	Spectrogram 1	1	3104.720000	3104.740000	4000.000000	18000.000000	8000.000000	Trill	4.888880	9.070055	NaN	NaN	58.579005	0.000000
479	Spectrogram 1	1	3150.060000	3150.140000	4000.000000	18000.000000	8000.000000	Trill	5.130707	9.201247	NaN	NaN	36.372229	0.000000
480	Spectrogram 1	1	3161.010000	3161.130000	4000.000000	18000.000000	8000.000000	Twitter	5.639785	26.390544	NaN	NaN	45.783386	0.000000
481	Spectrogram 1	1	3174.660000	3174.700000	4000.000000	18000.000000	8000.000000	Phee	5.922252	11.254774	NaN	NaN	77.019278	0.000000
482	Spectrogram 1	1	3213.750000	3213.780000	4000.000000	18000.000000	8000.000000	Phee	4.579660	10.403948	NaN	NaN	62.010139	0.000000
483	Spectrogram 1	1	3214.250000	3214.360000	4000.000000	18000.000000	8000.000000	Trill	4.360648	10.817827	NaN	NaN	77.235976	0.000000
484	Spectrogram 1	1	3246.060000	3246.090000	4000.000000	18000.000000	8000.000000	Twitter	5.227579	13.754617	NaN	NaN	55.028675	0.000000
485	Spectrogram 1	1	3267.050000	3267.100000	4000.000000	18000.000000	8000.000000	Phee	5.644083	7.516518	NaN	NaN	56.229776	0.000000
486	Spectrogram 1	1	3278.160000	3278.520000	4000.000000	18000.000000	8000.000000	Trill	5.812082	11.826470	NaN	NaN	66.567456	0.000000
487	Spectrogram 1	1	3289.430000	3290.300000	4000.000000	18000.000000	8000.000000	Trill	11.099549	25.422201	NaN	NaN	140.661008	0.000000
488	Spectrogram 1	1	3300.710000	3300.730000	4000.000000	18000.000000	8000.000000	Trill	9.618165	11.024116	NaN	NaN	37.427608	0.000000
489	Spectrogram 1	1	3313.440000	3313.460000	4000.000000	18000.000000	8000.000000	Twitter	NaN	NaN	NaN	NaN	48.722120	0.000000
490	Spectrogram 1	1	3314.360000	3314.440000	4000.000000	18000.000000	8000.000000	Trill	7.008950	9.744838	NaN	NaN	52.626481	0.000000
491	Spectrogram 1	1	3346.870000	3346.900000	4000.000000	18000.000000	8000.000000	Phee	4.716127	13.684912	NaN	NaN	78.888201	0.000000
492	Spectrogram 1	1	3349.900000	3349.930000	4000.000000	18000.000000	8000.000000	Trill	7.401256	12.496932	NaN	NaN	29.170470	0.000000
493	Spectrogram 1	1	3364.050000	3364.070000	4000.000000	18000.000000	8000.000000	Phee	4.124169	6.833098	NaN	NaN	42.270387	0.000000
494	Spectrogram 1	1	3385.270000	3385.360000	4000.000000	18000.000000	8000.000000	Trill	NaN	NaN	NaN	NaN	60.766208	0.000000
495	Spectrogram 1	1	3430.160000	3430.370000	4000.000000	18000.000000	8000.000000	Trill	6.234799	16.240937	NaN	NaN	30.739217	0.000000
496	Spectrogram 1	1	3444.600000	3444.840000	4000.000000	18000.000000	8000.000000	Phee	4.252546	21.885975	NaN	NaN	77.072198	0.000000
497	Spectrogram 1	1	3460.310000	3460.370000	4000.000000	18000.000000	8000.000000	Phee	NaN	NaN	NaN	NaN	48.345487	0.000000
498	Spectrogram 1	1	3469.470000	3469.510000	4000.000000	18000.000000	8000.000000	Twitter	4.064869	11.468519	NaN	NaN	42.880237	0.000000
499	Spectrogram 1	1	3471.250000	3471.300000	4000.000000	18000.000000	8000.000000	Twitter	4.279588	8.312022	NaN	NaN	47.349525	0.000000
500	Spectrogram 1	1	3480.590000	3480.610000	4000.000000	18000.000000	8000.000000	Sd-peep	4.848616	6.518232	NaN	NaN	57.805451	0.000000
501	Spectrogram 1	1	3481.650000	3481.670000	4000.000000	18000.000000	8000.000000	Phee	6.151476	6.945327	NaN	NaN	56.502495	0.000000
502	Spectrogram 1	1	3484.100000	3484.130000	4000.000000	18000.000000	8000.000000	Sd-peep	9.657755	12.174802	NaN	NaN	31.239532	0.000000
503	Spectrogram 1	1	3486.060000	3486.090000	4000.000000	18000.000000	8000.000000	Sd-peep	4.042408	8.794904	NaN	NaN	47.008037	0.000000
504	Spectrogram 1	1	3496.090000	3496.110000	4000.000000	18000.000000	8000.000000	Sd-peep	9.800602	13.197625	NaN	NaN	28.844865	0.000000
505	Spectrogram 1	1	3509.810000	3509.920000	4000.000000	18000.000000	8000.000000	Trill	4.702032	8.857545	NaN	NaN	48.037711	0.000000
506	Spectrogram 1	1	3512.370000	3513.500000	4000.000000	18000.000000	8000.000000	Trill	7.705476	29.270719	NaN	NaN	116.681137	0.000000
507	Spectrogram 1	1	3566.570000	3566.600000	4000.000000	18000.000000	8000.000000	Phee	5.312326	8.499711	NaN	NaN	61.124377	0.000000
508	Spectrogram 1	1	3569.320000	3569.340000	4000.000000	18000.000000	8000.000000	Sd-peep	4.345111	6.605349	NaN	NaN	34.910654	0.000000
509	Spectrogram 1	1	3575.010000	3575.080000	4000.000000	18000.000000	8000.000000	Phee	4.824121	12.283702	NaN	NaN	65.095089	0.000000
510	Spectrogram 1	1	3576.310000	3576.390000	4000.000000	18000.000000	8000.000000	Phee	5.216314	13.705963	NaN	NaN	68.481861	0.000000
511	Spectrogram 1	1	3576.540000	3576.660000	4000.000000	18000.000000	8000.000000	Phee	NaN	NaN	NaN	NaN	83.364671	0.000000
512	Spectrogram 1	1	3576.870000	3576.940000	4000.000000	18000.000000	8000.000000	Trill	8.357621	15.890987	NaN	NaN	30.871753	0.000000
513	Spectrogram 1	1	3578.890000	3578.920000	4000.000000	18000.000000	8000.000000	Trill	10.930065	13.785264	NaN	NaN	30.576138	0.000000
514	Spectrogram 1	1	3599.650000	3599.790000	4000.000000	18000.000000	8000.000000	Trill	8.248579	13.018527	NaN	NaN	30.921899	0.000000
515	Spectrogram 1	1	3600.440000	3600.680000	4000.000000	18000.000000	8000.000000	Trill	4.118454	9.326489	NaN	NaN	34.748291	0.000000
516	Spectrogram 1	1	3602.130000	3602.190000	4000.000000	18000.000000	8000.000000	Trill	10.419064	14.036284	NaN	NaN	29.477815	0.000000
517	Spectrogram 1	1	3602.770000	3602.870000	4000.000000	18000.000000	8000.000000	Trill	5.355057	6.254017	NaN	NaN	38.244833	0.000000
518	Spectrogram 1	1	3607.590000	3607.640000	4000.000000	18000.000000	8000.000000	Twitter	5.043388	15.197000	NaN	NaN	41.156111	0.000000
519	Spectrogram 1	1	3607.750000	3607.800000	4000.000000	18000.000000	8000.000000	Twitter	5.479020	17.082007	NaN	NaN	47.761265	0.000000
520	Spectrogram 1	1	3607.880000	3607.970000	4000.000000	18000.000000	8000.000000	Twitter	4.055525	11.559754	NaN	NaN	42.223135	0.000000
521	Spectrogram 1	1	3608.020000	3608.070000	4000.000000	18000.000000	8000.000000	Twitter	6.376119	10.852184	NaN	NaN	53.253057	0.000000
522	Spectrogram 1	1	3610.220000	3610.270000	4000.000000	18000.000000	8000.000000	Twitter	6.195844	20.393775	NaN	NaN	50.789798	0.000000
523	Spectrogram 1	1	3610.380000	3610.450000	4000.000000	18000.000000	8000.000000	Twitter	4.789236	15.834106	NaN	NaN	33.622904	0.000000
524	Spectrogram 1	1	3615.380000	3615.490000	4000.000000	18000.000000	8000.000000	Twitter	4.941287	29.094520	NaN	NaN	41.083345	0.000000
525	Spectrogram 1	1	3617.200000	3617.220000	4000.000000	18000.000000	8000.000000	Sd-peep	7.315653	14.151930	NaN	NaN	34.966980	0.000000
526	Spectrogram 1	1	3623.220000	3623.250000	4000.000000	18000.000000	8000.000000	Phee	4.040307	5.710012	NaN	NaN	47.117051	0.000000
527	Spectrogram 1	1	3626.660000	3626.760000	4000.000000	18000.000000	8000.000000	Trill	6.203353	7.931471	NaN	NaN	51.320677	0.000000
528	Spectrogram 1	1	3631.090000	3631.160000	4000.000000	18000.000000	8000.000000	Phee	6.490843	11.161471	NaN	NaN	76.817362	0.000000
529	Spectrogram 1	1	3632.080000	3632.140000	4000.000000	18000.000000	8000.000000	Phee	4.443832	8.790421	NaN	NaN	60.199736	0.000000
530	Spectrogram 1	1	3632.820000	3633.090000	4000.000000	18000.000000	8000.000000	Phee	4.322757	18.704113	NaN	NaN	113.231180	0.000000
531	Spectrogram 1	1	3634.650000	3634.690000	4000.000000	18000.000000	8000.000000	Trill	4.699398	6.343385	NaN	NaN	57.148786	0.000000
532	Spectrogram 1	1	3665.800000	3665.820000	4000.000000	18000.000000	8000.000000	Phee	7.729812	7.853027	NaN	NaN	72.175286	0.000000
533	Spectrogram 1	1	3668.940000	3668.960000	4000.000000	18000.000000	8000.000000	Sd-peep	5.916667	6.863445	NaN	NaN	32.594021	0.000000
534	Spectrogram 1	1	3674.850000	3674.950000	4000.000000	18000.000000	8000.000000	Trill	8.155150	13.759086	NaN	NaN	42.349509	0.000000
535	Spectrogram 1	1	3678.590000	3678.680000	4000.000000	18000.000000	8000.000000	Trill	4.849218	6.925845	NaN	NaN	46.430241	0.000000
536	Spectrogram 1	1	3683.020000	3683.040000	4000.000000	18000.000000	8000.000000	Trill	8.606876	13.498776	NaN	NaN	31.701269	0.000000
537	Spectrogram 1	1	3688.140000	3688.260000	4000.000000	18000.000000	8000.000000	Trill	4.122812	8.136162	NaN	NaN	63.334097	0.000000
538	Spectrogram 1	1	3688.620000	3688.700000	4000.000000	18000.000000	8000.000000	Trill	4.820661	7.065692	NaN	NaN	63.247990	0.000000
539	Spectrogram 1	1	3706.510000	3707.090000	4000.000000	18000.000000	8000.000000	Trill	10.079173	20.641901	NaN	NaN	96.467247	0.000000
540	Spectrogram 1	1	3712.190000	3712.210000	4000.000000	18000.000000	8000.000000	Sd-peep	9.686997	13.697855	NaN	NaN	34.218532	0.000000
541	Spectrogram 1	1	3724.590000	3724.660000	4000.000000	18000.000000	8000.000000	Trill	4.793474	21.393127	NaN	NaN	121.473181	0.000000
542	Spectrogram 1	1	3728.800000	3729.020000	4000.000000	18000.000000	8000.000000	Phee	NaN	NaN	NaN	NaN	67.216700	0.000000
543	Spectrogram 1	1	3729.380000	3729.450000	4000.000000	18000.000000	8000.000000	Phee	5.558145	14.332423	NaN	NaN	77.491037	0.000000
544	Spectrogram 1	1	3750.570000	3750.590000	4000.000000	18000.000000	8000.000000	Phee	4.139513	6.593125	NaN	NaN	56.957127	0.000000
545	Spectrogram 1	1	3750.810000	3750.870000	4000.000000	18000.000000	8000.000000	Trill	12.608876	16.816637	NaN	NaN	30.391916	0.000000
546	Spectrogram 1	1	3779.390000	3779.980000	4000.000000	18000.000000	8000.000000	Phee	7.691597	30.000000	NaN	NaN	111.115084	0.000000
547	Spectrogram 1	1	3780.010000	3780.590000	4000.000000	18000.000000	8000.000000	Phee	4.910881	23.556469	NaN	NaN	48.754560	0.000000
548	Spectrogram 1	1	3780.860000	3781.780000	4000.000000	18000.000000	8000.000000	Phee	NaN	NaN	NaN	NaN	58.558901	0.000000
549	Spectrogram 1	1	3781.940000	3782.830000	4000.000000	18000.000000	8000.000000	Phee	5.910810	26.475788	NaN	NaN	50.339187	0.000000
