Selection	View	Channel	Begin Time (s)	End Time (s)	Low Freq (Hz)	High Freq (Hz)	Max Freq (Hz)	Call Type	Energy Diff	Energy Par	Energy Diff (wl)	Energy Par (wl)	AHR	Exception
1	Spectrogram 1	1	11.610000	11.630000	4000.000000	18000.000000	8000.000000	Twitter	4.565197	14.823577	NaN	NaN	96.522100	0.000000
2	Spectrogram 1	1	29.500000	29.520000	4000.000000	18000.000000	8000.000000	Sd-peep	4.443714	6.880743	NaN	NaN	52.032947	0.000000
3	Spectrogram 1	1	29.940000	30.190000	4000.000000	18000.000000	8000.000000	Trill	4.256896	6.244492	NaN	NaN	55.144383	0.000000
4	Spectrogram 1	1	32.340000	32.400000	4000.000000	18000.000000	8000.000000	Trill	4.243225	11.113430	NaN	NaN	87.912554	0.000000
5	Spectrogram 1	1	45.460000	45.530000	4000.000000	18000.000000	8000.000000	Twitter	10.765594	29.076380	NaN	NaN	97.261919	0.000000
6	Spectrogram 1	1	45.630000	46.780000	4000.000000	18000.000000	8000.000000	Twitter	6.646990	22.447425	NaN	NaN	31.858807	0.000000
7	Spectrogram 1	1	58.910000	59.010000	4000.000000	18000.000000	8000.000000	Twitter	12.839871	28.735815	NaN	NaN	76.441175	0.000000
8	Spectrogram 1	1	59.080000	59.980000	4000.000000	18000.000000	8000.000000	Twitter	8.396019	23.745234	NaN	NaN	40.650500	0.000000
9	Spectrogram 1	1	60.010000	60.220000	4000.000000	18000.000000	8000.000000	Twitter	9.030870	17.840190	NaN	NaN	82.483659	0.000000
10	Spectrogram 1	1	79.810000	79.870000	4000.000000	18000.000000	8000.000000	Trillphee	4.130870	9.392424	NaN	NaN	81.120478	0.000000
11	Spectrogram 1	1	81.820000	81.850000	4000.000000	18000.000000	8000.000000	Twitter	4.650913	8.621641	NaN	NaN	37.745347	0.000000
12	Spectrogram 1	1	120.710000	120.730000	4000.000000	18000.000000	8000.000000	Sd-peep	4.484414	6.007002	NaN	NaN	39.681954	0.000000
13	Spectrogram 1	1	144.320000	145.230000	4000.000000	18000.000000	8000.000000	Trill	6.189567	28.775140	NaN	NaN	68.971311	0.000000
14	Spectrogram 1	1	145.360000	145.810000	4000.000000	18000.000000	8000.000000	Trill	8.160551	30.000000	NaN	NaN	81.967768	0.000000
15	Spectrogram 1	1	145.920000	146.300000	4000.000000	18000.000000	8000.000000	Trill	6.810522	23.751540	NaN	NaN	74.345454	0.000000
16	Spectrogram 1	1	150.490000	150.530000	4000.000000	18000.000000	8000.000000	Trill	4.508883	17.493182	NaN	NaN	35.178579	0.000000
17	Spectrogram 1	1	173.150000	173.710000	4000.000000	18000.000000	8000.000000	Trill	5.209969	18.996003	NaN	NaN	48.957794	0.000000
18	Spectrogram 1	1	173.850000	174.340000	4000.000000	18000.000000	8000.000000	Trill	6.915470	27.184507	NaN	NaN	82.765024	0.000000
19	Spectrogram 1	1	174.460000	174.950000	4000.000000	18000.000000	8000.000000	Trill	4.176019	21.453269	NaN	NaN	50.165069	0.000000
20	Spectrogram 1	1	175.060000	175.440000	4000.000000	18000.000000	8000.000000	Trill	6.730818	25.763540	NaN	NaN	125.064774	0.000000
21	Spectrogram 1	1	175.510000	175.730000	4000.000000	18000.000000	8000.000000	Trillphee	6.975546	18.516024	NaN	NaN	158.433244	0.000000
22	Spectrogram 1	1	185.250000	185.820000	4000.000000	18000.000000	8000.000000	Trill	10.005750	30.000000	NaN	NaN	43.426392	0.000000
23	Spectrogram 1	1	185.880000	186.430000	4000.000000	18000.000000	8000.000000	Trill	8.342426	29.380567	NaN	NaN	50.160594	0.000000
24	Spectrogram 1	1	186.510000	186.900000	4000.000000	18000.000000	8000.000000	Trill	9.880612	30.000000	NaN	NaN	46.920203	0.000000
25	Spectrogram 1	1	186.940000	187.310000	4000.000000	18000.000000	8000.000000	Phee	10.930624	30.000000	NaN	NaN	77.907751	0.000000
26	Spectrogram 1	1	190.050000	190.130000	4000.000000	18000.000000	8000.000000	Twitter	7.887987	22.739783	NaN	NaN	44.943414	0.000000
27	Spectrogram 1	1	190.200000	190.240000	4000.000000	18000.000000	8000.000000	Trill	9.775875	14.707426	NaN	NaN	56.927054	0.000000
28	Spectrogram 1	1	190.610000	191.160000	4000.000000	18000.000000	8000.000000	Trill	6.358062	25.496503	NaN	NaN	60.211200	0.000000
29	Spectrogram 1	1	191.240000	191.820000	4000.000000	18000.000000	8000.000000	Trill	5.415084	28.573439	NaN	NaN	67.797659	0.000000
30	Spectrogram 1	1	191.920000	192.420000	4000.000000	18000.000000	8000.000000	Trill	5.917319	27.128620	NaN	NaN	72.673010	0.000000
31	Spectrogram 1	1	192.520000	192.830000	4000.000000	18000.000000	8000.000000	Trill	9.255099	29.852323	NaN	NaN	107.440567	0.000000
32	Spectrogram 1	1	192.930000	193.090000	4000.000000	18000.000000	8000.000000	Twitter	5.528500	17.881666	NaN	NaN	78.299709	0.000000
33	Spectrogram 1	1	196.460000	196.590000	4000.000000	18000.000000	8000.000000	Phee	7.000290	11.116559	NaN	NaN	39.665234	0.000000
34	Spectrogram 1	1	200.510000	200.560000	4000.000000	18000.000000	8000.000000	Trill	6.309194	6.751462	NaN	NaN	30.444677	0.000000
35	Spectrogram 1	1	200.820000	200.960000	4000.000000	18000.000000	8000.000000	Phee	8.018356	11.743527	NaN	NaN	34.678774	0.000000
36	Spectrogram 1	1	201.100000	201.130000	4000.000000	18000.000000	8000.000000	Sd-peep	7.656099	14.179779	NaN	NaN	35.187347	0.000000
37	Spectrogram 1	1	201.650000	201.810000	4000.000000	18000.000000	8000.000000	Sd-peep	4.647672	28.349426	NaN	NaN	39.715777	0.000000
38	Spectrogram 1	1	204.430000	204.570000	4000.000000	18000.000000	8000.000000	Phee	5.748865	12.887412	NaN	NaN	46.146004	0.000000
39	Spectrogram 1	1	204.630000	204.740000	4000.000000	18000.000000	8000.000000	Trill	6.795350	13.492299	NaN	NaN	39.348374	0.000000
40	Spectrogram 1	1	206.120000	206.210000	4000.000000	18000.000000	8000.000000	Phee	6.295935	11.913937	NaN	NaN	39.584510	0.000000
41	Spectrogram 1	1	206.280000	206.320000	4000.000000	18000.000000	8000.000000	Trill	5.640280	11.109468	NaN	NaN	32.608162	0.000000
42	Spectrogram 1	1	206.370000	206.400000	4000.000000	18000.000000	8000.000000	Sd-peep	6.679077	11.482544	NaN	NaN	41.514896	0.000000
43	Spectrogram 1	1	209.090000	209.210000	4000.000000	18000.000000	8000.000000	Phee	5.299694	13.301234	NaN	NaN	38.671950	0.000000
44	Spectrogram 1	1	209.270000	209.310000	4000.000000	18000.000000	8000.000000	Trill	8.095774	13.714118	NaN	NaN	45.549445	0.000000
45	Spectrogram 1	1	209.350000	209.390000	4000.000000	18000.000000	8000.000000	Trillphee	8.111001	13.950326	NaN	NaN	57.839206	0.000000
46	Spectrogram 1	1	209.510000	209.550000	4000.000000	18000.000000	8000.000000	Phee	8.517374	16.721013	NaN	NaN	40.330744	0.000000
47	Spectrogram 1	1	209.650000	210.210000	4000.000000	18000.000000	8000.000000	Trill	6.744459	25.626931	NaN	NaN	62.101564	0.000000
48	Spectrogram 1	1	210.320000	211.130000	4000.000000	18000.000000	8000.000000	Trill	5.999574	28.506795	NaN	NaN	66.968137	0.000000
49	Spectrogram 1	1	211.170000	211.670000	4000.000000	18000.000000	8000.000000	Trill	7.094577	29.462475	NaN	NaN	60.054592	0.000000
50	Spectrogram 1	1	211.800000	212.170000	4000.000000	18000.000000	8000.000000	Trill	7.213730	28.345635	NaN	NaN	57.038860	0.000000
51	Spectrogram 1	1	221.870000	221.990000	4000.000000	18000.000000	8000.000000	Trill	7.277654	11.203646	NaN	NaN	30.876695	0.000000
52	Spectrogram 1	1	222.690000	222.840000	4000.000000	18000.000000	8000.000000	Sd-peep	5.425996	31.104423	NaN	NaN	38.715509	0.000000
53	Spectrogram 1	1	222.880000	222.930000	4000.000000	18000.000000	8000.000000	Trill	8.095130	13.914246	NaN	NaN	36.144988	0.000000
54	Spectrogram 1	1	223.160000	223.340000	4000.000000	18000.000000	8000.000000	Sd-peep	7.354664	27.083078	NaN	NaN	46.596402	0.000000
55	Spectrogram 1	1	223.430000	223.460000	4000.000000	18000.000000	8000.000000	Trill	11.485389	12.627009	NaN	NaN	46.746613	0.000000
56	Spectrogram 1	1	223.750000	223.900000	4000.000000	18000.000000	8000.000000	Sd-peep	5.104398	24.294088	NaN	NaN	34.650903	0.000000
57	Spectrogram 1	1	226.550000	226.580000	4000.000000	18000.000000	8000.000000	Trill	10.100690	13.629981	NaN	NaN	53.031678	0.000000
58	Spectrogram 1	1	231.420000	231.460000	4000.000000	18000.000000	8000.000000	Trill	4.496876	9.931621	NaN	NaN	54.245083	0.000000
59	Spectrogram 1	1	232.070000	232.160000	4000.000000	18000.000000	8000.000000	Phee	7.015381	11.609660	NaN	NaN	40.820291	0.000000
60	Spectrogram 1	1	232.320000	232.360000	4000.000000	18000.000000	8000.000000	Trillphee	6.620737	11.818704	NaN	NaN	33.225404	0.000000
61	Spectrogram 1	1	232.480000	233.160000	4000.000000	18000.000000	8000.000000	Trill	5.107969	26.166057	NaN	NaN	71.539339	0.000000
62	Spectrogram 1	1	233.260000	233.940000	4000.000000	18000.000000	8000.000000	Trill	5.708298	30.000000	NaN	NaN	73.388952	0.000000
63	Spectrogram 1	1	234.040000	234.590000	4000.000000	18000.000000	8000.000000	Trill	6.034630	28.646473	NaN	NaN	68.789389	0.000000
64	Spectrogram 1	1	234.670000	235.230000	4000.000000	18000.000000	8000.000000	Trill	5.503696	24.972436	NaN	NaN	65.234649	0.000000
65	Spectrogram 1	1	235.270000	235.330000	4000.000000	18000.000000	8000.000000	Trill	6.069598	14.458215	NaN	NaN	72.521551	0.000000
66	Spectrogram 1	1	237.330000	237.360000	4000.000000	18000.000000	8000.000000	Sd-peep	5.194160	13.006025	NaN	NaN	33.722083	0.000000
67	Spectrogram 1	1	285.610000	286.260000	4000.000000	18000.000000	8000.000000	Trill	4.158745	21.982683	NaN	NaN	69.347298	0.000000
68	Spectrogram 1	1	290.780000	290.830000	4000.000000	18000.000000	8000.000000	Trill	10.932194	11.981192	NaN	NaN	29.476057	0.000000
69	Spectrogram 1	1	304.050000	304.100000	4000.000000	18000.000000	8000.000000	Twitter	NaN	NaN	NaN	NaN	37.591980	0.000000
70	Spectrogram 1	1	307.540000	307.620000	4000.000000	18000.000000	8000.000000	Sd-peep	5.147237	25.090050	NaN	NaN	33.753042	0.000000
71	Spectrogram 1	1	307.780000	307.880000	4000.000000	18000.000000	8000.000000	Sd-peep	7.288539	23.428449	NaN	NaN	56.650076	0.000000
72	Spectrogram 1	1	317.010000	317.150000	4000.000000	18000.000000	8000.000000	Sd-peep	5.484755	21.957595	NaN	NaN	54.373346	0.000000
73	Spectrogram 1	1	319.630000	320.300000	4000.000000	18000.000000	8000.000000	Trill	4.119830	19.807350	NaN	NaN	70.114679	0.000000
74	Spectrogram 1	1	320.560000	320.720000	4000.000000	18000.000000	8000.000000	Trill	5.221025	12.380953	NaN	NaN	52.210936	0.000000
75	Spectrogram 1	1	328.950000	329.080000	4000.000000	18000.000000	8000.000000	Sd-peep	5.345102	20.841802	NaN	NaN	49.996661	0.000000
76	Spectrogram 1	1	341.950000	341.990000	4000.000000	18000.000000	8000.000000	Phee	4.436811	8.367920	NaN	NaN	85.010838	0.000000
77	Spectrogram 1	1	353.800000	353.910000	4000.000000	18000.000000	8000.000000	Trillphee	5.416535	24.349922	NaN	NaN	103.553066	0.000000
78	Spectrogram 1	1	354.260000	354.730000	4000.000000	18000.000000	8000.000000	Trill	5.180528	26.561948	NaN	NaN	92.495092	0.000000
79	Spectrogram 1	1	354.870000	355.370000	4000.000000	18000.000000	8000.000000	Trill	4.300654	21.933621	NaN	NaN	56.920394	0.000000
80	Spectrogram 1	1	355.420000	355.810000	4000.000000	18000.000000	8000.000000	Trill	5.027669	23.676843	NaN	NaN	66.168159	0.000000
81	Spectrogram 1	1	355.860000	356.160000	4000.000000	18000.000000	8000.000000	Phee	6.585337	26.397512	NaN	NaN	86.708877	0.000000
82	Spectrogram 1	1	356.220000	356.300000	4000.000000	18000.000000	8000.000000	Trill	5.722085	17.229887	NaN	NaN	67.308748	0.000000
83	Spectrogram 1	1	357.290000	357.410000	4000.000000	18000.000000	8000.000000	Phee	4.453018	8.325739	NaN	NaN	48.795185	0.000000
84	Spectrogram 1	1	360.550000	360.600000	4000.000000	18000.000000	8000.000000	Twitter	4.134027	7.737577	NaN	NaN	48.776454	0.000000
85	Spectrogram 1	1	375.070000	375.130000	4000.000000	18000.000000	8000.000000	Trill	6.758511	7.697373	NaN	NaN	29.477690	0.000000
86	Spectrogram 1	1	376.360000	376.690000	4000.000000	18000.000000	8000.000000	Sd-peep	4.999174	21.110366	NaN	NaN	49.045468	0.000000
87	Spectrogram 1	1	389.580000	390.010000	4000.000000	18000.000000	8000.000000	Sd-peep	7.040778	17.873261	NaN	NaN	78.629685	0.000000
88	Spectrogram 1	1	390.330000	390.430000	4000.000000	18000.000000	8000.000000	Sd-peep	6.460168	18.475310	NaN	NaN	56.315302	0.000000
89	Spectrogram 1	1	390.580000	390.690000	4000.000000	18000.000000	8000.000000	Sd-peep	7.327165	19.936701	NaN	NaN	65.174141	0.000000
90	Spectrogram 1	1	390.880000	391.560000	4000.000000	18000.000000	8000.000000	Trill	7.669553	25.334470	NaN	NaN	98.458984	0.000000
91	Spectrogram 1	1	391.660000	392.180000	4000.000000	18000.000000	8000.000000	Phee	4.682575	27.201747	NaN	NaN	52.918314	0.000000
92	Spectrogram 1	1	392.220000	392.700000	4000.000000	18000.000000	8000.000000	Trill	8.833978	30.000000	NaN	NaN	68.984074	0.000000
93	Spectrogram 1	1	392.780000	392.860000	4000.000000	18000.000000	8000.000000	Twitter	8.483354	21.223693	NaN	NaN	148.484805	0.000000
94	Spectrogram 1	1	394.670000	394.770000	4000.000000	18000.000000	8000.000000	Trill	4.580464	6.549658	NaN	NaN	47.098164	0.000000
95	Spectrogram 1	1	397.690000	397.810000	4000.000000	18000.000000	8000.000000	Sd-peep	4.034122	20.348910	NaN	NaN	50.730338	0.000000
96	Spectrogram 1	1	403.510000	403.630000	4000.000000	18000.000000	8000.000000	Sd-peep	5.772317	27.498863	NaN	NaN	31.703347	0.000000
97	Spectrogram 1	1	409.080000	409.100000	4000.000000	18000.000000	8000.000000	Sd-peep	12.032719	14.261461	NaN	NaN	31.898592	0.000000
98	Spectrogram 1	1	414.420000	414.510000	4000.000000	18000.000000	8000.000000	Trill	4.976286	10.491393	NaN	NaN	40.908729	0.000000
99	Spectrogram 1	1	417.830000	418.000000	4000.000000	18000.000000	8000.000000	Phee	4.305018	24.800816	NaN	NaN	105.018147	0.000000
100	Spectrogram 1	1	418.890000	419.880000	4000.000000	18000.000000	8000.000000	Trill	8.497498	30.000000	NaN	NaN	40.207938	0.000000
101	Spectrogram 1	1	422.010000	422.040000	4000.000000	18000.000000	8000.000000	Phee	4.896181	10.935938	NaN	NaN	45.063596	0.000000
102	Spectrogram 1	1	441.160000	441.320000	4000.000000	18000.000000	8000.000000	Trill	4.672723	8.714968	NaN	NaN	48.374414	0.000000
103	Spectrogram 1	1	452.360000	452.410000	4000.000000	18000.000000	8000.000000	Sd-peep	4.899929	29.471633	NaN	NaN	126.247145	0.000000
104	Spectrogram 1	1	461.870000	461.890000	4000.000000	18000.000000	8000.000000	Sd-peep	5.331346	6.621003	NaN	NaN	31.724738	0.000000
105	Spectrogram 1	1	469.860000	469.960000	4000.000000	18000.000000	8000.000000	Sd-peep	10.222949	27.866000	NaN	NaN	66.611696	0.000000
106	Spectrogram 1	1	489.500000	489.610000	4000.000000	18000.000000	8000.000000	Trill	4.009383	8.025598	NaN	NaN	60.191860	0.000000
107	Spectrogram 1	1	493.600000	493.730000	4000.000000	18000.000000	8000.000000	Trill	4.417903	8.073490	NaN	NaN	34.919860	0.000000
108	Spectrogram 1	1	502.840000	502.930000	4000.000000	18000.000000	8000.000000	Sd-peep	10.605507	19.911929	NaN	NaN	77.865855	0.000000
109	Spectrogram 1	1	502.970000	503.830000	4000.000000	18000.000000	8000.000000	Trill	6.142865	22.511494	NaN	NaN	71.301102	0.000000
110	Spectrogram 1	1	503.950000	504.420000	4000.000000	18000.000000	8000.000000	Trill	6.856857	26.005074	NaN	NaN	99.025747	0.000000
111	Spectrogram 1	1	504.550000	505.230000	4000.000000	18000.000000	8000.000000	Trill	6.590517	25.581674	NaN	NaN	80.830427	0.000000
112	Spectrogram 1	1	505.360000	505.750000	4000.000000	18000.000000	8000.000000	Trill	9.976183	27.270782	NaN	NaN	155.417517	0.000000
113	Spectrogram 1	1	505.860000	506.070000	4000.000000	18000.000000	8000.000000	Trill	9.444279	22.104370	NaN	NaN	128.597822	0.000000
114	Spectrogram 1	1	507.510000	507.650000	4000.000000	18000.000000	8000.000000	Sd-peep	4.634590	15.861458	NaN	NaN	31.975512	0.000000
115	Spectrogram 1	1	507.730000	507.890000	4000.000000	18000.000000	8000.000000	Sd-peep	4.796235	13.939629	NaN	NaN	38.170250	0.000000
116	Spectrogram 1	1	508.320000	508.530000	4000.000000	18000.000000	8000.000000	Trill	4.341616	12.099009	NaN	NaN	46.947187	0.000000
117	Spectrogram 1	1	512.200000	512.320000	4000.000000	18000.000000	8000.000000	Sd-peep	5.362893	21.261423	NaN	NaN	54.402268	0.000000
118	Spectrogram 1	1	512.400000	512.630000	4000.000000	18000.000000	8000.000000	Sd-peep	6.217412	18.839846	NaN	NaN	52.225389	0.000000
119	Spectrogram 1	1	512.670000	512.730000	4000.000000	18000.000000	8000.000000	Sd-peep	7.767234	19.238745	NaN	NaN	42.302534	0.000000
120	Spectrogram 1	1	515.270000	515.300000	4000.000000	18000.000000	8000.000000	Phee	4.657764	6.933262	NaN	NaN	37.328242	0.000000
121	Spectrogram 1	1	521.160000	521.190000	4000.000000	18000.000000	8000.000000	Trill	4.096322	5.078472	NaN	NaN	48.969313	0.000000
122	Spectrogram 1	1	528.380000	528.490000	4000.000000	18000.000000	8000.000000	Sd-peep	7.146274	23.741967	NaN	NaN	62.548631	0.000000
123	Spectrogram 1	1	528.540000	528.620000	4000.000000	18000.000000	8000.000000	Sd-peep	7.941747	17.643136	NaN	NaN	55.075366	0.000000
124	Spectrogram 1	1	529.690000	529.790000	4000.000000	18000.000000	8000.000000	Sd-peep	6.887255	25.699842	NaN	NaN	38.650283	0.000000
125	Spectrogram 1	1	530.830000	530.910000	4000.000000	18000.000000	8000.000000	Sd-peep	9.824539	28.261387	NaN	NaN	78.929529	0.000000
126	Spectrogram 1	1	531.030000	531.130000	4000.000000	18000.000000	8000.000000	Sd-peep	7.883188	18.281893	NaN	NaN	63.079522	0.000000
127	Spectrogram 1	1	531.310000	531.390000	4000.000000	18000.000000	8000.000000	Sd-peep	6.218875	19.329786	NaN	NaN	49.404695	0.000000
128	Spectrogram 1	1	541.120000	541.660000	4000.000000	18000.000000	8000.000000	Phee	4.199048	16.119603	NaN	NaN	98.624388	0.000000
129	Spectrogram 1	1	545.980000	546.520000	4000.000000	18000.000000	8000.000000	Trill	4.694525	25.554361	NaN	NaN	70.562722	0.000000
130	Spectrogram 1	1	557.550000	557.660000	4000.000000	18000.000000	8000.000000	Sd-peep	6.811092	23.245261	NaN	NaN	40.859026	0.000000
131	Spectrogram 1	1	570.350000	570.390000	4000.000000	18000.000000	8000.000000	Twitter	8.025061	11.837355	NaN	NaN	32.999553	0.000000
132	Spectrogram 1	1	571.380000	571.560000	4000.000000	18000.000000	8000.000000	Sd-peep	4.826733	26.932184	NaN	NaN	33.176387	0.000000
133	Spectrogram 1	1	580.860000	580.910000	4000.000000	18000.000000	8000.000000	Trill	5.586842	25.040764	NaN	NaN	116.606102	0.000000
134	Spectrogram 1	1	599.070000	599.680000	4000.000000	18000.000000	8000.000000	Trill	4.412286	19.894664	NaN	NaN	42.179394	0.000000
135	Spectrogram 1	1	599.730000	599.980000	4000.000000	18000.000000	8000.000000	Sd-peep	4.118979	32.016416	NaN	NaN	52.489376	0.000000
136	Spectrogram 1	1	621.610000	621.870000	4000.000000	18000.000000	8000.000000	Twitter	4.525720	22.046687	NaN	NaN	73.481779	0.000000
137	Spectrogram 1	1	632.870000	632.890000	4000.000000	18000.000000	8000.000000	Sd-peep	5.049765	7.359110	NaN	NaN	37.783456	0.000000
138	Spectrogram 1	1	650.560000	650.840000	4000.000000	18000.000000	8000.000000	Trillphee	4.598419	12.358442	NaN	NaN	31.994057	0.000000
139	Spectrogram 1	1	655.110000	655.200000	4000.000000	18000.000000	8000.000000	Trill	4.985045	7.139881	NaN	NaN	31.610097	0.000000
140	Spectrogram 1	1	660.540000	660.770000	4000.000000	18000.000000	8000.000000	Trill	4.221581	17.108027	NaN	NaN	55.175796	0.000000
141	Spectrogram 1	1	675.990000	676.030000	4000.000000	18000.000000	8000.000000	Phee	4.232865	8.248309	NaN	NaN	38.710396	0.000000
142	Spectrogram 1	1	676.810000	676.860000	4000.000000	18000.000000	8000.000000	Trill	4.475096	8.339476	NaN	NaN	46.948466	0.000000
143	Spectrogram 1	1	681.850000	682.700000	4000.000000	18000.000000	8000.000000	Trill	8.109561	17.575910	NaN	NaN	37.599071	0.000000
144	Spectrogram 1	1	683.970000	684.640000	4000.000000	18000.000000	8000.000000	Trill	8.937540	19.624633	NaN	NaN	38.213743	0.000000
145	Spectrogram 1	1	684.880000	685.120000	4000.000000	18000.000000	8000.000000	Trill	NaN	NaN	NaN	NaN	86.023168	0.000000
146	Spectrogram 1	1	686.700000	687.440000	4000.000000	18000.000000	8000.000000	Trill	8.015009	17.791035	NaN	NaN	38.821365	0.000000
147	Spectrogram 1	1	688.360000	688.790000	4000.000000	18000.000000	8000.000000	Trill	4.938604	17.635291	NaN	NaN	95.005082	0.000000
148	Spectrogram 1	1	709.590000	709.620000	4000.000000	18000.000000	8000.000000	Trill	NaN	NaN	NaN	NaN	28.482843	0.000000
149	Spectrogram 1	1	716.230000	716.560000	4000.000000	18000.000000	8000.000000	Trill	NaN	NaN	NaN	NaN	92.231383	0.000000
150	Spectrogram 1	1	723.410000	723.530000	4000.000000	18000.000000	8000.000000	Sd-peep	7.508327	17.490358	NaN	NaN	41.481922	0.000000
151	Spectrogram 1	1	723.590000	723.880000	4000.000000	18000.000000	8000.000000	Trill	5.006412	11.290037	NaN	NaN	46.879452	0.000000
152	Spectrogram 1	1	725.410000	725.780000	4000.000000	18000.000000	8000.000000	Trill	5.403405	16.493174	NaN	NaN	76.287349	0.000000
153	Spectrogram 1	1	726.210000	726.250000	4000.000000	18000.000000	8000.000000	Trill	7.437330	13.434581	NaN	NaN	29.236379	0.000000
154	Spectrogram 1	1	726.420000	727.130000	4000.000000	18000.000000	8000.000000	Trill	9.642644	19.655867	NaN	NaN	41.467332	0.000000
155	Spectrogram 1	1	728.490000	728.600000	4000.000000	18000.000000	8000.000000	Twitter	5.236357	22.613250	NaN	NaN	58.707661	0.000000
156	Spectrogram 1	1	728.690000	729.280000	4000.000000	18000.000000	8000.000000	Trill	7.205463	16.121559	NaN	NaN	33.355041	0.000000
157	Spectrogram 1	1	729.490000	729.820000	4000.000000	18000.000000	8000.000000	Trill	NaN	NaN	NaN	NaN	89.869797	0.000000
158	Spectrogram 1	1	732.960000	733.390000	4000.000000	18000.000000	8000.000000	Trill	7.356471	17.036953	NaN	NaN	43.363389	0.000000
159	Spectrogram 1	1	734.550000	735.470000	4000.000000	18000.000000	8000.000000	Trill	7.185976	16.508050	NaN	NaN	47.460119	0.000000
160	Spectrogram 1	1	736.200000	736.650000	4000.000000	18000.000000	8000.000000	Trill	6.215923	18.155336	NaN	NaN	88.364452	0.000000
161	Spectrogram 1	1	737.500000	738.090000	4000.000000	18000.000000	8000.000000	Trill	5.956202	20.597730	NaN	NaN	85.016509	0.000000
162	Spectrogram 1	1	738.780000	739.370000	4000.000000	18000.000000	8000.000000	Trill	6.565257	15.771453	NaN	NaN	30.670259	0.000000
163	Spectrogram 1	1	739.420000	739.920000	4000.000000	18000.000000	8000.000000	Trill	4.901704	19.475159	NaN	NaN	79.133541	0.000000
164	Spectrogram 1	1	740.190000	741.000000	4000.000000	18000.000000	8000.000000	Trill	5.940096	15.974018	NaN	NaN	36.275394	0.000000
165	Spectrogram 1	1	741.140000	741.660000	4000.000000	18000.000000	8000.000000	Trill	4.444569	19.684430	NaN	NaN	65.673068	0.000000
166	Spectrogram 1	1	742.050000	743.040000	4000.000000	18000.000000	8000.000000	Trill	6.524896	15.729268	NaN	NaN	33.617801	0.000000
167	Spectrogram 1	1	744.760000	745.490000	4000.000000	18000.000000	8000.000000	Trill	8.682314	16.671128	NaN	NaN	37.487924	0.000000
168	Spectrogram 1	1	746.970000	747.540000	4000.000000	18000.000000	8000.000000	Trill	6.104692	15.135373	NaN	NaN	34.126883	0.000000
169	Spectrogram 1	1	747.680000	748.120000	4000.000000	18000.000000	8000.000000	Trill	7.709880	15.199026	NaN	NaN	35.619359	0.000000
170	Spectrogram 1	1	751.950000	752.160000	4000.000000	18000.000000	8000.000000	Trill	5.501511	13.529089	NaN	NaN	89.081260	0.000000
171	Spectrogram 1	1	758.530000	758.790000	4000.000000	18000.000000	8000.000000	Trill	7.036245	22.945541	NaN	NaN	115.702792	0.000000
172	Spectrogram 1	1	761.620000	761.800000	4000.000000	18000.000000	8000.000000	Trill	NaN	NaN	NaN	NaN	73.621377	0.000000
173	Spectrogram 1	1	766.530000	766.580000	4000.000000	18000.000000	8000.000000	Trillphee	5.708787	10.608218	NaN	NaN	55.171641	0.000000
174	Spectrogram 1	1	767.010000	767.080000	4000.000000	18000.000000	8000.000000	Trill	5.150498	7.757837	NaN	NaN	41.447352	0.000000
175	Spectrogram 1	1	770.670000	770.720000	4000.000000	18000.000000	8000.000000	Trill	4.513487	13.657257	NaN	NaN	51.487275	0.000000
176	Spectrogram 1	1	771.070000	771.140000	4000.000000	18000.000000	8000.000000	Trill	4.296523	12.417307	NaN	NaN	42.404808	0.000000
177	Spectrogram 1	1	776.710000	776.990000	4000.000000	18000.000000	8000.000000	Trill	NaN	NaN	NaN	NaN	112.864524	0.000000
178	Spectrogram 1	1	778.070000	778.350000	4000.000000	18000.000000	8000.000000	Trill	NaN	NaN	NaN	NaN	81.624539	0.000000
179	Spectrogram 1	1	779.230000	779.590000	4000.000000	18000.000000	8000.000000	Trill	5.429265	13.701986	NaN	NaN	39.188624	0.000000
180	Spectrogram 1	1	779.670000	779.980000	4000.000000	18000.000000	8000.000000	Trill	4.341405	17.560190	NaN	NaN	67.592976	0.000000
181	Spectrogram 1	1	780.920000	781.300000	4000.000000	18000.000000	8000.000000	Trill	6.248492	17.983149	NaN	NaN	42.393929	0.000000
182	Spectrogram 1	1	781.810000	782.560000	4000.000000	18000.000000	8000.000000	Trill	4.403954	15.730753	NaN	NaN	37.930523	0.000000
183	Spectrogram 1	1	782.630000	783.280000	4000.000000	18000.000000	8000.000000	Trill	4.522191	19.639579	NaN	NaN	54.482491	0.000000
184	Spectrogram 1	1	783.710000	784.340000	4000.000000	18000.000000	8000.000000	Trill	8.288449	16.959521	NaN	NaN	31.962105	0.000000
185	Spectrogram 1	1	785.010000	785.430000	4000.000000	18000.000000	8000.000000	Trill	4.526089	19.215842	NaN	NaN	76.094939	0.000000
186	Spectrogram 1	1	786.500000	787.020000	4000.000000	18000.000000	8000.000000	Trill	4.532379	18.857481	NaN	NaN	80.791946	0.000000
187	Spectrogram 1	1	787.550000	788.240000	4000.000000	18000.000000	8000.000000	Trill	7.403433	17.851160	NaN	NaN	37.907218	0.000000
188	Spectrogram 1	1	788.480000	788.850000	4000.000000	18000.000000	8000.000000	Trill	5.307943	17.881869	NaN	NaN	67.402266	0.000000
189	Spectrogram 1	1	788.960000	789.430000	4000.000000	18000.000000	8000.000000	Trill	8.899925	16.807515	NaN	NaN	36.976468	0.000000
190	Spectrogram 1	1	790.060000	790.750000	4000.000000	18000.000000	8000.000000	Trill	8.411938	19.420995	NaN	NaN	36.800159	0.000000
191	Spectrogram 1	1	790.970000	791.390000	4000.000000	18000.000000	8000.000000	Trill	6.958553	15.331410	NaN	NaN	36.741118	0.000000
192	Spectrogram 1	1	791.620000	792.040000	4000.000000	18000.000000	8000.000000	Trill	4.971661	16.331005	NaN	NaN	83.453032	0.000000
193	Spectrogram 1	1	792.980000	793.590000	4000.000000	18000.000000	8000.000000	Trill	6.327580	15.267435	NaN	NaN	42.077262	0.000000
194	Spectrogram 1	1	795.650000	796.470000	4000.000000	18000.000000	8000.000000	Trill	6.108822	16.121772	NaN	NaN	36.391308	0.000000
195	Spectrogram 1	1	796.660000	797.020000	4000.000000	18000.000000	8000.000000	Trill	5.043202	17.919509	NaN	NaN	78.819344	0.000000
196	Spectrogram 1	1	798.160000	798.800000	4000.000000	18000.000000	8000.000000	Trill	9.204113	19.915666	NaN	NaN	32.242697	0.000000
197	Spectrogram 1	1	798.970000	799.460000	4000.000000	18000.000000	8000.000000	Trill	8.638632	20.404188	NaN	NaN	105.361848	0.000000
198	Spectrogram 1	1	800.020000	800.500000	4000.000000	18000.000000	8000.000000	Trill	7.749431	16.828047	NaN	NaN	32.705656	0.000000
199	Spectrogram 1	1	803.350000	803.940000	4000.000000	18000.000000	8000.000000	Trill	NaN	NaN	NaN	NaN	37.683225	0.000000
200	Spectrogram 1	1	804.010000	804.890000	4000.000000	18000.000000	8000.000000	Trill	6.495580	22.920705	NaN	NaN	83.978115	0.000000
201	Spectrogram 1	1	805.040000	805.810000	4000.000000	18000.000000	8000.000000	Trill	6.633295	17.316258	NaN	NaN	39.751730	0.000000
202	Spectrogram 1	1	805.880000	806.940000	4000.000000	18000.000000	8000.000000	Trill	6.082498	22.200274	NaN	NaN	55.114137	0.000000
203	Spectrogram 1	1	810.730000	812.490000	4000.000000	18000.000000	8000.000000	Trill	5.008209	22.710154	NaN	NaN	48.125777	0.000000
204	Spectrogram 1	1	819.030000	820.430000	4000.000000	18000.000000	8000.000000	Trill	4.435317	23.304195	NaN	NaN	62.904463	0.000000
205	Spectrogram 1	1	821.100000	821.600000	4000.000000	18000.000000	8000.000000	Trill	4.248606	18.431640	NaN	NaN	43.661067	0.000000
206	Spectrogram 1	1	821.720000	822.370000	4000.000000	18000.000000	8000.000000	Trill	5.379974	17.492029	NaN	NaN	35.434967	0.000000
207	Spectrogram 1	1	822.460000	822.790000	4000.000000	18000.000000	8000.000000	Trill	4.100529	13.826637	NaN	NaN	54.304204	0.000000
208	Spectrogram 1	1	822.830000	823.180000	4000.000000	18000.000000	8000.000000	Trill	6.391321	14.992668	NaN	NaN	36.872781	0.000000
209	Spectrogram 1	1	826.030000	826.510000	4000.000000	18000.000000	8000.000000	Trill	7.453167	19.614767	NaN	NaN	38.525528	0.000000
210	Spectrogram 1	1	826.690000	827.200000	4000.000000	18000.000000	8000.000000	Trill	9.288074	18.547312	NaN	NaN	31.216159	0.000000
211	Spectrogram 1	1	828.040000	828.350000	4000.000000	18000.000000	8000.000000	Trill	6.915323	18.707667	NaN	NaN	92.454336	0.000000
212	Spectrogram 1	1	833.130000	833.590000	4000.000000	18000.000000	8000.000000	Trill	8.617775	17.637978	NaN	NaN	41.764073	0.000000
213	Spectrogram 1	1	833.770000	834.050000	4000.000000	18000.000000	8000.000000	Trill	6.393436	18.160379	NaN	NaN	75.528017	0.000000
214	Spectrogram 1	1	835.180000	835.240000	4000.000000	18000.000000	8000.000000	Phee	4.044690	8.812956	NaN	NaN	58.417255	0.000000
215	Spectrogram 1	1	835.380000	836.000000	4000.000000	18000.000000	8000.000000	Trill	7.706330	16.396822	NaN	NaN	44.965047	0.000000
216	Spectrogram 1	1	837.170000	837.640000	4000.000000	18000.000000	8000.000000	Trill	9.675765	25.851469	NaN	NaN	98.317119	0.000000
217	Spectrogram 1	1	838.430000	838.590000	4000.000000	18000.000000	8000.000000	Sd-peep	4.583313	21.482898	NaN	NaN	77.403514	0.000000
218	Spectrogram 1	1	838.640000	838.870000	4000.000000	18000.000000	8000.000000	Trill	7.276985	17.000027	NaN	NaN	96.861554	0.000000
219	Spectrogram 1	1	839.720000	839.840000	4000.000000	18000.000000	8000.000000	Sd-peep	5.774259	19.405284	NaN	NaN	55.750416	0.000000
220	Spectrogram 1	1	839.890000	839.980000	4000.000000	18000.000000	8000.000000	Trill	11.312826	15.466766	NaN	NaN	67.307668	0.000000
221	Spectrogram 1	1	840.010000	840.330000	4000.000000	18000.000000	8000.000000	Trill	10.777179	19.226404	NaN	NaN	40.041090	0.000000
222	Spectrogram 1	1	840.530000	840.840000	4000.000000	18000.000000	8000.000000	Trill	11.573942	25.001189	NaN	NaN	99.539000	0.000000
223	Spectrogram 1	1	843.430000	843.560000	4000.000000	18000.000000	8000.000000	Trill	NaN	NaN	NaN	NaN	59.184523	0.000000
224	Spectrogram 1	1	843.630000	844.330000	4000.000000	18000.000000	8000.000000	Trill	7.347133	19.131141	NaN	NaN	82.975610	0.000000
225	Spectrogram 1	1	845.300000	845.560000	4000.000000	18000.000000	8000.000000	Trill	6.151499	19.176780	NaN	NaN	110.855116	0.000000
226	Spectrogram 1	1	877.360000	877.420000	4000.000000	18000.000000	8000.000000	Trill	8.173965	12.058573	NaN	NaN	54.931820	0.000000
227	Spectrogram 1	1	906.740000	907.330000	4000.000000	18000.000000	8000.000000	Trill	5.189115	19.900492	NaN	NaN	54.343676	0.000000
228	Spectrogram 1	1	916.930000	917.270000	4000.000000	18000.000000	8000.000000	Trill	5.211678	8.104606	NaN	NaN	48.274749	0.000000
229	Spectrogram 1	1	942.570000	942.600000	4000.000000	18000.000000	8000.000000	Trill	4.949161	8.363440	NaN	NaN	54.828749	0.000000
230	Spectrogram 1	1	951.260000	951.380000	4000.000000	18000.000000	8000.000000	Trill	4.108672	9.737389	NaN	NaN	49.881638	0.000000
231	Spectrogram 1	1	957.260000	957.290000	4000.000000	18000.000000	8000.000000	Twitter	5.601073	17.825295	NaN	NaN	95.468504	0.000000
232	Spectrogram 1	1	989.640000	989.880000	4000.000000	18000.000000	8000.000000	Trill	NaN	NaN	NaN	NaN	72.492561	0.000000
233	Spectrogram 1	1	992.790000	992.910000	4000.000000	18000.000000	8000.000000	Sd-peep	5.943597	19.683947	NaN	NaN	52.947087	0.000000
234	Spectrogram 1	1	995.260000	995.280000	4000.000000	18000.000000	8000.000000	Sd-peep	7.095980	7.719099	NaN	NaN	51.856354	0.000000
235	Spectrogram 1	1	1025.850000	1025.930000	4000.000000	18000.000000	8000.000000	Trill	5.032497	13.510426	NaN	NaN	58.408366	0.000000
236	Spectrogram 1	1	1025.970000	1026.480000	4000.000000	18000.000000	8000.000000	Trill	5.082437	20.865909	NaN	NaN	105.498972	0.000000
237	Spectrogram 1	1	1060.070000	1060.100000	4000.000000	18000.000000	8000.000000	Phee	9.969531	13.074185	NaN	NaN	28.632034	0.000000
238	Spectrogram 1	1	1062.760000	1064.130000	4000.000000	18000.000000	8000.000000	Trill	4.450108	21.095416	NaN	NaN	33.873264	0.000000
239	Spectrogram 1	1	1067.580000	1067.640000	4000.000000	18000.000000	8000.000000	Twitter	6.030343	16.947053	NaN	NaN	49.786776	0.000000
240	Spectrogram 1	1	1067.720000	1067.780000	4000.000000	18000.000000	8000.000000	Twitter	6.012199	16.139722	NaN	NaN	58.951383	0.000000
241	Spectrogram 1	1	1067.850000	1067.930000	4000.000000	18000.000000	8000.000000	Twitter	5.613315	13.611297	NaN	NaN	52.834607	0.000000
242	Spectrogram 1	1	1068.120000	1068.160000	4000.000000	18000.000000	8000.000000	Trill	5.111246	7.571096	NaN	NaN	35.660692	0.000000
243	Spectrogram 1	1	1118.150000	1118.400000	4000.000000	18000.000000	8000.000000	Trill	5.846341	16.523131	NaN	NaN	30.695468	0.000000
244	Spectrogram 1	1	1172.300000	1172.370000	4000.000000	18000.000000	8000.000000	Trill	5.371249	11.715005	NaN	NaN	30.207062	0.000000
245	Spectrogram 1	1	1315.960000	1316.050000	4000.000000	18000.000000	8000.000000	Sd-peep	4.030713	32.448535	NaN	NaN	99.480647	0.000000
246	Spectrogram 1	1	1332.170000	1332.250000	4000.000000	18000.000000	8000.000000	Phee	5.831664	6.782929	NaN	NaN	38.505343	0.000000
247	Spectrogram 1	1	1408.510000	1408.590000	4000.000000	18000.000000	8000.000000	Phee	4.939582	16.549396	NaN	NaN	90.998334	0.000000
248	Spectrogram 1	1	1494.900000	1494.920000	4000.000000	18000.000000	8000.000000	Sd-peep	4.951665	8.891378	NaN	NaN	66.987753	0.000000
249	Spectrogram 1	1	1497.250000	1497.280000	4000.000000	18000.000000	8000.000000	Phee	4.832618	11.971928	NaN	NaN	76.032866	0.000000
250	Spectrogram 1	1	1546.890000	1546.970000	4000.000000	18000.000000	8000.000000	Phee	NaN	NaN	NaN	NaN	30.208539	0.000000
251	Spectrogram 1	1	1552.030000	1552.090000	4000.000000	18000.000000	8000.000000	Sd-peep	NaN	NaN	NaN	NaN	44.770729	0.000000
252	Spectrogram 1	1	1596.270000	1596.310000	4000.000000	18000.000000	8000.000000	Phee	4.247549	11.051252	NaN	NaN	60.946676	0.000000
253	Spectrogram 1	1	1674.330000	1674.360000	4000.000000	18000.000000	8000.000000	Sd-peep	6.209371	13.425695	NaN	NaN	93.436182	0.000000
254	Spectrogram 1	1	1675.360000	1675.440000	4000.000000	18000.000000	8000.000000	Trill	NaN	NaN	NaN	NaN	26.738232	0.000000
255	Spectrogram 1	1	1760.230000	1760.280000	4000.000000	18000.000000	8000.000000	Trillphee	4.699660	7.940443	NaN	NaN	33.048815	0.000000
256	Spectrogram 1	1	1787.750000	1787.790000	4000.000000	18000.000000	8000.000000	Phee	4.980743	9.825884	NaN	NaN	63.809224	0.000000
257	Spectrogram 1	1	1787.850000	1788.380000	4000.000000	18000.000000	8000.000000	Phee	6.778547	15.872448	NaN	NaN	116.440740	0.000000
258	Spectrogram 1	1	1821.110000	1821.440000	4000.000000	18000.000000	8000.000000	Trill	4.162410	17.806076	NaN	NaN	84.270569	0.000000
259	Spectrogram 1	1	1828.390000	1828.460000	4000.000000	18000.000000	8000.000000	Trill	4.499608	8.847719	NaN	NaN	43.630581	0.000000
260	Spectrogram 1	1	1836.440000	1836.800000	4000.000000	18000.000000	8000.000000	Trill	4.425383	12.880834	NaN	NaN	83.664227	0.000000
261	Spectrogram 1	1	1850.510000	1850.530000	4000.000000	18000.000000	8000.000000	Sd-peep	5.435246	8.157808	NaN	NaN	35.663505	0.000000
262	Spectrogram 1	1	1877.230000	1877.250000	4000.000000	18000.000000	8000.000000	Sd-peep	6.562618	9.099754	NaN	NaN	42.863090	0.000000
263	Spectrogram 1	1	1884.830000	1884.890000	4000.000000	18000.000000	8000.000000	Trill	4.849157	7.691285	NaN	NaN	33.175843	0.000000
264	Spectrogram 1	1	1893.120000	1893.180000	4000.000000	18000.000000	8000.000000	Trillphee	4.051894	8.153544	NaN	NaN	59.392667	0.000000
265	Spectrogram 1	1	1917.800000	1918.000000	4000.000000	18000.000000	8000.000000	Trill	5.847562	10.815942	NaN	NaN	39.523201	0.000000
266	Spectrogram 1	1	1939.690000	1939.900000	4000.000000	18000.000000	8000.000000	Trillphee	4.801496	12.929876	NaN	NaN	41.689332	0.000000
267	Spectrogram 1	1	1939.980000	1940.020000	4000.000000	18000.000000	8000.000000	Trill	5.758412	16.451100	NaN	NaN	69.725880	0.000000
268	Spectrogram 1	1	1965.860000	1966.180000	4000.000000	18000.000000	8000.000000	Trill	4.339039	14.778652	NaN	NaN	70.736147	0.000000
269	Spectrogram 1	1	2018.690000	2018.900000	4000.000000	18000.000000	8000.000000	Trillphee	5.396974	10.653390	NaN	NaN	35.932168	0.000000
270	Spectrogram 1	1	2018.940000	2019.050000	4000.000000	18000.000000	8000.000000	Trill	6.094438	10.612794	NaN	NaN	35.449580	0.000000
271	Spectrogram 1	1	2023.410000	2023.980000	4000.000000	18000.000000	8000.000000	Trill	4.733658	15.074202	NaN	NaN	60.159868	0.000000
272	Spectrogram 1	1	2062.860000	2062.880000	4000.000000	18000.000000	8000.000000	Sd-peep	4.208966	7.648195	NaN	NaN	42.013893	0.000000
273	Spectrogram 1	1	2071.380000	2071.570000	4000.000000	18000.000000	8000.000000	Trill	4.506071	7.999417	NaN	NaN	43.834966	0.000000
274	Spectrogram 1	1	2097.000000	2097.720000	4000.000000	18000.000000	8000.000000	Phee	5.169499	13.236502	NaN	NaN	43.091863	0.000000
275	Spectrogram 1	1	2097.800000	2097.830000	4000.000000	18000.000000	8000.000000	Trillphee	5.085539	14.228517	NaN	NaN	47.475158	0.000000
276	Spectrogram 1	1	2116.960000	2117.620000	4000.000000	18000.000000	8000.000000	Trill	4.600652	12.360284	NaN	NaN	56.621545	0.000000
277	Spectrogram 1	1	2134.520000	2135.230000	4000.000000	18000.000000	8000.000000	Phee	4.813267	10.322059	NaN	NaN	59.255979	0.000000
278	Spectrogram 1	1	2139.200000	2139.520000	4000.000000	18000.000000	8000.000000	Trill	7.586749	12.195519	NaN	NaN	61.222756	0.000000
279	Spectrogram 1	1	2153.130000	2153.190000	4000.000000	18000.000000	8000.000000	Trill	5.313805	6.240761	NaN	NaN	43.544089	0.000000
280	Spectrogram 1	1	2167.550000	2167.680000	4000.000000	18000.000000	8000.000000	Trill	4.730036	9.756031	NaN	NaN	55.869395	0.000000
281	Spectrogram 1	1	2170.000000	2170.050000	4000.000000	18000.000000	8000.000000	Trill	4.213283	7.248528	NaN	NaN	48.570897	0.000000
282	Spectrogram 1	1	2172.930000	2174.210000	4000.000000	18000.000000	8000.000000	Trillphee	NaN	NaN	NaN	NaN	93.246576	0.000000
283	Spectrogram 1	1	2191.050000	2191.410000	4000.000000	18000.000000	8000.000000	Trill	NaN	NaN	NaN	NaN	97.638423	0.000000
284	Spectrogram 1	1	2199.140000	2199.340000	4000.000000	18000.000000	8000.000000	Trill	6.857158	11.853441	NaN	NaN	38.623335	0.000000
285	Spectrogram 1	1	2208.110000	2208.250000	4000.000000	18000.000000	8000.000000	Trill	5.918823	9.054891	NaN	NaN	52.845470	0.000000
286	Spectrogram 1	1	2289.860000	2290.490000	4000.000000	18000.000000	8000.000000	Trill	5.457094	11.115951	NaN	NaN	76.002572	0.000000
287	Spectrogram 1	1	2294.060000	2294.280000	4000.000000	18000.000000	8000.000000	Trill	6.871768	11.108725	NaN	NaN	52.127240	0.000000
288	Spectrogram 1	1	2311.290000	2311.340000	4000.000000	18000.000000	8000.000000	Phee	4.925636	12.298849	NaN	NaN	42.071426	0.000000
289	Spectrogram 1	1	2311.860000	2311.940000	4000.000000	18000.000000	8000.000000	Trill	6.899238	12.787618	NaN	NaN	30.471926	0.000000
290	Spectrogram 1	1	2319.670000	2319.900000	4000.000000	18000.000000	8000.000000	Trillphee	4.763321	9.400638	NaN	NaN	50.314918	0.000000
291	Spectrogram 1	1	2323.430000	2324.070000	4000.000000	18000.000000	8000.000000	Trill	4.871171	16.154177	NaN	NaN	53.154137	0.000000
292	Spectrogram 1	1	2324.360000	2324.870000	4000.000000	18000.000000	8000.000000	Trillphee	6.156129	15.986717	NaN	NaN	44.742987	0.000000
293	Spectrogram 1	1	2328.910000	2329.060000	4000.000000	18000.000000	8000.000000	Phee	6.624653	13.776888	NaN	NaN	82.505119	0.000000
294	Spectrogram 1	1	2332.640000	2332.700000	4000.000000	18000.000000	8000.000000	Trill	8.358573	12.276797	NaN	NaN	29.937820	0.000000
295	Spectrogram 1	1	2336.140000	2336.340000	4000.000000	18000.000000	8000.000000	Trill	8.758125	19.092507	NaN	NaN	63.690077	0.000000
296	Spectrogram 1	1	2356.060000	2356.330000	4000.000000	18000.000000	8000.000000	Trill	6.115734	14.877493	NaN	NaN	50.258619	0.000000
297	Spectrogram 1	1	2356.660000	2356.700000	4000.000000	18000.000000	8000.000000	Trill	6.779788	11.426815	NaN	NaN	64.466460	0.000000
298	Spectrogram 1	1	2369.450000	2369.700000	4000.000000	18000.000000	8000.000000	Trill	5.066798	10.133870	NaN	NaN	54.436340	0.000000
299	Spectrogram 1	1	2373.110000	2373.160000	4000.000000	18000.000000	8000.000000	Phee	6.681291	10.464947	NaN	NaN	31.684817	0.000000
300	Spectrogram 1	1	2373.330000	2373.400000	4000.000000	18000.000000	8000.000000	Phee	4.835486	9.380553	NaN	NaN	43.925781	0.000000
301	Spectrogram 1	1	2373.550000	2373.570000	4000.000000	18000.000000	8000.000000	Sd-peep	12.420586	11.352152	NaN	NaN	40.430116	0.000000
302	Spectrogram 1	1	2373.770000	2373.880000	4000.000000	18000.000000	8000.000000	Trill	4.197538	9.390555	NaN	NaN	37.876384	0.000000
303	Spectrogram 1	1	2402.940000	2403.180000	4000.000000	18000.000000	8000.000000	Trill	NaN	NaN	NaN	NaN	47.413215	0.000000
304	Spectrogram 1	1	2408.440000	2408.480000	4000.000000	18000.000000	8000.000000	Trill	7.833431	8.567161	NaN	NaN	32.768008	0.000000
305	Spectrogram 1	1	2416.900000	2416.990000	4000.000000	18000.000000	8000.000000	Trill	4.444516	6.148105	NaN	NaN	41.437632	0.000000
306	Spectrogram 1	1	2433.550000	2433.580000	4000.000000	18000.000000	8000.000000	Phee	5.146631	8.274192	NaN	NaN	69.980133	0.000000
307	Spectrogram 1	1	2441.380000	2441.720000	4000.000000	18000.000000	8000.000000	Trill	7.802609	12.128697	NaN	NaN	61.245937	0.000000
308	Spectrogram 1	1	2453.140000	2453.210000	4000.000000	18000.000000	8000.000000	Phee	6.263725	16.850620	NaN	NaN	131.982715	0.000000
309	Spectrogram 1	1	2454.110000	2454.130000	4000.000000	18000.000000	8000.000000	Trill	8.159309	8.771773	NaN	NaN	32.932106	0.000000
310	Spectrogram 1	1	2464.390000	2464.450000	4000.000000	18000.000000	8000.000000	Trill	6.436617	11.812832	NaN	NaN	29.806860	0.000000
311	Spectrogram 1	1	2479.170000	2479.260000	4000.000000	18000.000000	8000.000000	Trill	6.598536	11.540776	NaN	NaN	65.692216	0.000000
312	Spectrogram 1	1	2479.320000	2479.550000	4000.000000	18000.000000	8000.000000	Trill	4.507090	7.528980	NaN	NaN	60.953225	0.000000
313	Spectrogram 1	1	2479.990000	2480.060000	4000.000000	18000.000000	8000.000000	Trillphee	4.135712	7.826832	NaN	NaN	65.486316	0.000000
314	Spectrogram 1	1	2541.860000	2541.990000	4000.000000	18000.000000	8000.000000	Phee	4.128304	7.773935	NaN	NaN	68.663571	0.000000
315	Spectrogram 1	1	2546.210000	2546.570000	4000.000000	18000.000000	8000.000000	Trill	8.379538	16.393234	NaN	NaN	61.688760	0.000000
316	Spectrogram 1	1	2554.690000	2554.800000	4000.000000	18000.000000	8000.000000	Phee	4.274583	10.390840	NaN	NaN	61.517708	0.000000
317	Spectrogram 1	1	2555.170000	2555.200000	4000.000000	18000.000000	8000.000000	Phee	4.813545	10.612133	NaN	NaN	61.061914	0.000000
318	Spectrogram 1	1	2555.240000	2555.340000	4000.000000	18000.000000	8000.000000	Trill	4.336744	10.655685	NaN	NaN	46.251011	0.000000
319	Spectrogram 1	1	2587.530000	2587.600000	4000.000000	18000.000000	8000.000000	Trill	5.919724	8.846975	NaN	NaN	38.001870	0.000000
320	Spectrogram 1	1	2589.180000	2589.240000	4000.000000	18000.000000	8000.000000	Trillphee	5.977213	13.265328	NaN	NaN	57.457864	0.000000
321	Spectrogram 1	1	2589.380000	2589.520000	4000.000000	18000.000000	8000.000000	Trill	4.989203	15.641151	NaN	NaN	79.800777	0.000000
322	Spectrogram 1	1	2589.560000	2589.830000	4000.000000	18000.000000	8000.000000	Trill	4.336075	15.710028	NaN	NaN	95.878241	0.000000
323	Spectrogram 1	1	2592.190000	2592.590000	4000.000000	18000.000000	8000.000000	Trill	5.594015	19.227986	NaN	NaN	49.876201	0.000000
324	Spectrogram 1	1	2595.110000	2595.140000	4000.000000	18000.000000	8000.000000	Phee	4.705069	10.000895	NaN	NaN	77.630685	0.000000
325	Spectrogram 1	1	2597.430000	2597.510000	4000.000000	18000.000000	8000.000000	Trill	5.650151	23.712593	NaN	NaN	168.988377	0.000000
326	Spectrogram 1	1	2597.640000	2597.670000	4000.000000	18000.000000	8000.000000	Twitter	7.481705	18.449486	NaN	NaN	101.304224	0.000000
327	Spectrogram 1	1	2597.860000	2597.890000	4000.000000	18000.000000	8000.000000	Trill	4.891523	8.529335	NaN	NaN	43.796007	0.000000
328	Spectrogram 1	1	2601.210000	2601.270000	4000.000000	18000.000000	8000.000000	Trill	4.198008	8.036390	NaN	NaN	39.845546	0.000000
329	Spectrogram 1	1	2606.230000	2606.290000	4000.000000	18000.000000	8000.000000	Trill	4.949376	9.052606	NaN	NaN	48.970855	0.000000
330	Spectrogram 1	1	2619.900000	2619.930000	4000.000000	18000.000000	8000.000000	Trill	4.363972	11.147660	NaN	NaN	43.114036	0.000000
331	Spectrogram 1	1	2627.050000	2627.080000	4000.000000	18000.000000	8000.000000	Trill	4.018638	7.192790	NaN	NaN	52.530869	0.000000
332	Spectrogram 1	1	2629.460000	2630.030000	4000.000000	18000.000000	8000.000000	Trill	4.754240	13.816386	NaN	NaN	31.062705	0.000000
333	Spectrogram 1	1	2640.080000	2640.630000	4000.000000	18000.000000	8000.000000	Trill	5.545808	12.959270	NaN	NaN	82.099706	0.000000
334	Spectrogram 1	1	2641.280000	2641.470000	4000.000000	18000.000000	8000.000000	Trill	4.358600	11.675146	NaN	NaN	36.404127	0.000000
335	Spectrogram 1	1	2655.480000	2655.670000	4000.000000	18000.000000	8000.000000	Trill	5.192512	9.972937	NaN	NaN	73.383421	0.000000
336	Spectrogram 1	1	2665.190000	2665.280000	4000.000000	18000.000000	8000.000000	Trill	4.021297	8.376515	NaN	NaN	78.700469	0.000000
337	Spectrogram 1	1	2679.530000	2679.560000	4000.000000	18000.000000	8000.000000	Trill	5.051276	7.130172	NaN	NaN	33.512840	0.000000
338	Spectrogram 1	1	2681.540000	2681.570000	4000.000000	18000.000000	8000.000000	Trill	4.426770	8.902648	NaN	NaN	69.907994	0.000000
339	Spectrogram 1	1	2684.580000	2684.600000	4000.000000	18000.000000	8000.000000	Phee	4.148100	12.069843	NaN	NaN	84.285106	0.000000
340	Spectrogram 1	1	2688.160000	2688.280000	4000.000000	18000.000000	8000.000000	Phee	4.049234	12.671961	NaN	NaN	96.300118	0.000000
341	Spectrogram 1	1	2696.570000	2696.840000	4000.000000	18000.000000	8000.000000	Phee	7.300671	13.993963	NaN	NaN	64.667076	0.000000
342	Spectrogram 1	1	2719.800000	2719.830000	4000.000000	18000.000000	8000.000000	Trill	12.305131	15.755007	NaN	NaN	34.455990	0.000000
343	Spectrogram 1	1	2721.330000	2721.360000	4000.000000	18000.000000	8000.000000	Trill	8.693708	11.939676	NaN	NaN	36.780192	0.000000
344	Spectrogram 1	1	2723.740000	2723.770000	4000.000000	18000.000000	8000.000000	Phee	5.330760	9.880789	NaN	NaN	66.683425	0.000000
345	Spectrogram 1	1	2727.480000	2727.500000	4000.000000	18000.000000	8000.000000	Twitter	4.911255	9.175518	NaN	NaN	65.993633	0.000000
346	Spectrogram 1	1	2727.560000	2727.780000	4000.000000	18000.000000	8000.000000	Trill	4.297113	5.833808	NaN	NaN	45.410257	0.000000
347	Spectrogram 1	1	2735.060000	2735.090000	4000.000000	18000.000000	8000.000000	Trill	11.607496	12.977476	NaN	NaN	34.300977	0.000000
348	Spectrogram 1	1	2735.250000	2735.320000	4000.000000	18000.000000	8000.000000	Trill	6.329323	7.718582	NaN	NaN	34.975700	0.000000
349	Spectrogram 1	1	2774.870000	2774.910000	4000.000000	18000.000000	8000.000000	Trill	7.878468	12.466285	NaN	NaN	46.963032	0.000000
350	Spectrogram 1	1	2774.990000	2775.140000	4000.000000	18000.000000	8000.000000	Trill	5.674628	9.325046	NaN	NaN	50.638490	0.000000
351	Spectrogram 1	1	2789.170000	2789.490000	4000.000000	18000.000000	8000.000000	Trill	5.707244	7.756537	NaN	NaN	55.517263	0.000000
352	Spectrogram 1	1	2790.170000	2790.220000	4000.000000	18000.000000	8000.000000	Phee	4.151907	6.522276	NaN	NaN	60.587910	0.000000
353	Spectrogram 1	1	2790.930000	2790.990000	4000.000000	18000.000000	8000.000000	Trill	4.921065	14.827755	NaN	NaN	106.576645	0.000000
354	Spectrogram 1	1	2800.430000	2800.460000	4000.000000	18000.000000	8000.000000	Trill	6.274355	7.901979	NaN	NaN	31.975110	0.000000
355	Spectrogram 1	1	2810.560000	2810.640000	4000.000000	18000.000000	8000.000000	Trill	4.279691	8.180597	NaN	NaN	42.224996	0.000000
356	Spectrogram 1	1	2820.480000	2820.510000	4000.000000	18000.000000	8000.000000	Phee	NaN	NaN	NaN	NaN	79.226029	0.000000
357	Spectrogram 1	1	2879.290000	2879.660000	4000.000000	18000.000000	8000.000000	Trill	10.891259	21.766398	NaN	NaN	90.485635	0.000000
358	Spectrogram 1	1	2908.370000	2908.740000	4000.000000	18000.000000	8000.000000	Trill	4.674176	15.403043	NaN	NaN	48.739201	0.000000
359	Spectrogram 1	1	2908.840000	2909.220000	4000.000000	18000.000000	8000.000000	Trill	4.176802	15.211510	NaN	NaN	68.947546	0.000000
360	Spectrogram 1	1	2922.850000	2922.910000	4000.000000	18000.000000	8000.000000	Trillphee	5.259065	10.312329	NaN	NaN	65.775888	0.000000
361	Spectrogram 1	1	2928.220000	2928.500000	4000.000000	18000.000000	8000.000000	Trill	7.025786	11.887647	NaN	NaN	39.270529	0.000000
362	Spectrogram 1	1	2949.160000	2950.370000	4000.000000	18000.000000	8000.000000	Trill	5.097640	15.248059	NaN	NaN	36.795163	0.000000
363	Spectrogram 1	1	2950.750000	2951.040000	4000.000000	18000.000000	8000.000000	Trill	4.938561	11.742759	NaN	NaN	56.236942	0.000000
364	Spectrogram 1	1	2956.620000	2956.750000	4000.000000	18000.000000	8000.000000	Trill	6.275292	12.349691	NaN	NaN	73.010080	0.000000
365	Spectrogram 1	1	2957.720000	2957.880000	4000.000000	18000.000000	8000.000000	Trill	7.403260	16.216157	NaN	NaN	104.752262	0.000000
366	Spectrogram 1	1	2958.180000	2958.260000	4000.000000	18000.000000	8000.000000	Trill	5.190478	6.086050	NaN	NaN	42.581797	0.000000
367	Spectrogram 1	1	2958.300000	2958.520000	4000.000000	18000.000000	8000.000000	Trill	5.571665	11.215318	NaN	NaN	44.204808	0.000000
368	Spectrogram 1	1	2958.690000	2959.080000	4000.000000	18000.000000	8000.000000	Trillphee	4.532135	8.361299	NaN	NaN	35.867820	0.000000
369	Spectrogram 1	1	2969.850000	2971.500000	4000.000000	18000.000000	8000.000000	Trillphee	NaN	NaN	NaN	NaN	31.557827	0.000000
370	Spectrogram 1	1	2975.540000	2975.770000	4000.000000	18000.000000	8000.000000	Trill	4.092944	8.715226	NaN	NaN	56.235033	0.000000
371	Spectrogram 1	1	2983.500000	2983.630000	4000.000000	18000.000000	8000.000000	Trill	4.344532	12.768584	NaN	NaN	32.767837	0.000000
372	Spectrogram 1	1	2986.020000	2986.170000	4000.000000	18000.000000	8000.000000	Trill	6.013690	8.015494	NaN	NaN	51.632002	0.000000
373	Spectrogram 1	1	2987.510000	2987.980000	4000.000000	18000.000000	8000.000000	Trill	5.050954	14.071264	NaN	NaN	39.347226	0.000000
374	Spectrogram 1	1	2995.690000	2995.890000	4000.000000	18000.000000	8000.000000	Trill	8.581617	14.123424	NaN	NaN	110.560269	0.000000
375	Spectrogram 1	1	3008.870000	3008.900000	4000.000000	18000.000000	8000.000000	Trill	NaN	NaN	NaN	NaN	33.153595	0.000000
376	Spectrogram 1	1	3014.720000	3014.860000	4000.000000	18000.000000	8000.000000	Trill	7.037968	16.763548	NaN	NaN	127.308991	0.000000
377	Spectrogram 1	1	3018.670000	3018.760000	4000.000000	18000.000000	8000.000000	Trillphee	4.155301	7.067191	NaN	NaN	36.209775	0.000000
378	Spectrogram 1	1	3027.350000	3028.140000	4000.000000	18000.000000	8000.000000	Trill	8.172611	27.264435	NaN	NaN	105.084652	0.000000
379	Spectrogram 1	1	3028.320000	3028.850000	4000.000000	18000.000000	8000.000000	Trill	7.975753	28.551848	NaN	NaN	121.716361	0.000000
380	Spectrogram 1	1	3029.030000	3029.540000	4000.000000	18000.000000	8000.000000	Trill	6.561369	25.367972	NaN	NaN	122.820160	0.000000
381	Spectrogram 1	1	3030.030000	3030.310000	4000.000000	18000.000000	8000.000000	Trill	6.063216	19.293918	NaN	NaN	94.180786	0.000000
382	Spectrogram 1	1	3040.210000	3040.240000	4000.000000	18000.000000	8000.000000	Trill	5.272330	9.771444	NaN	NaN	61.909219	0.000000
383	Spectrogram 1	1	3040.550000	3041.120000	4000.000000	18000.000000	8000.000000	Trillphee	4.557763	11.809659	NaN	NaN	94.096569	0.000000
384	Spectrogram 1	1	3041.190000	3041.220000	4000.000000	18000.000000	8000.000000	Phee	5.734583	4.246801	NaN	NaN	33.478723	0.000000
385	Spectrogram 1	1	3041.400000	3041.460000	4000.000000	18000.000000	8000.000000	Phee	4.053002	9.644305	NaN	NaN	71.145169	0.000000
386	Spectrogram 1	1	3041.500000	3041.690000	4000.000000	18000.000000	8000.000000	Phee	4.005215	10.068276	NaN	NaN	81.201907	0.000000
387	Spectrogram 1	1	3046.070000	3046.210000	4000.000000	18000.000000	8000.000000	Trill	6.131510	10.568418	NaN	NaN	71.773052	0.000000
388	Spectrogram 1	1	3046.270000	3046.730000	4000.000000	18000.000000	8000.000000	Trill	5.812823	13.544223	NaN	NaN	95.923073	0.000000
389	Spectrogram 1	1	3057.670000	3057.830000	4000.000000	18000.000000	8000.000000	Trillphee	5.508401	9.457617	NaN	NaN	47.552329	0.000000
390	Spectrogram 1	1	3058.340000	3058.880000	4000.000000	18000.000000	8000.000000	Trill	NaN	NaN	NaN	NaN	60.814235	0.000000
391	Spectrogram 1	1	3060.850000	3061.320000	4000.000000	18000.000000	8000.000000	Trill	7.737473	19.542506	NaN	NaN	82.565275	0.000000
392	Spectrogram 1	1	3061.610000	3061.700000	4000.000000	18000.000000	8000.000000	Trill	6.702744	10.153232	NaN	NaN	62.236469	0.000000
393	Spectrogram 1	1	3082.540000	3083.120000	4000.000000	18000.000000	8000.000000	Trill	7.717594	19.704414	NaN	NaN	72.125117	0.000000
394	Spectrogram 1	1	3095.940000	3095.990000	4000.000000	18000.000000	8000.000000	Trill	4.339677	8.347425	NaN	NaN	53.063229	0.000000
395	Spectrogram 1	1	3112.260000	3112.570000	4000.000000	18000.000000	8000.000000	Trill	5.139157	9.002057	NaN	NaN	49.964214	0.000000
396	Spectrogram 1	1	3119.520000	3119.550000	4000.000000	18000.000000	8000.000000	Phee	4.118390	4.804039	NaN	NaN	42.309398	0.000000
397	Spectrogram 1	1	3127.640000	3127.760000	4000.000000	18000.000000	8000.000000	Twitter	4.635716	27.646812	NaN	NaN	48.338393	0.000000
398	Spectrogram 1	1	3129.100000	3129.130000	4000.000000	18000.000000	8000.000000	Trill	NaN	NaN	NaN	NaN	94.493426	0.000000
399	Spectrogram 1	1	3139.830000	3139.960000	4000.000000	18000.000000	8000.000000	Trillphee	4.358193	7.795637	NaN	NaN	61.789863	0.000000
400	Spectrogram 1	1	3143.670000	3143.870000	4000.000000	18000.000000	8000.000000	Trill	NaN	NaN	NaN	NaN	57.492818	0.000000
401	Spectrogram 1	1	3147.950000	3148.510000	4000.000000	18000.000000	8000.000000	Trill	4.139370	15.665766	NaN	NaN	69.892370	0.000000
402	Spectrogram 1	1	3158.980000	3159.480000	4000.000000	18000.000000	8000.000000	Trill	5.956590	11.605605	NaN	NaN	61.020643	0.000000
403	Spectrogram 1	1	3160.640000	3160.700000	4000.000000	18000.000000	8000.000000	Trill	4.574680	7.004900	NaN	NaN	44.281772	0.000000
404	Spectrogram 1	1	3161.630000	3161.990000	4000.000000	18000.000000	8000.000000	Trillphee	4.030115	11.326794	NaN	NaN	68.972054	0.000000
405	Spectrogram 1	1	3163.120000	3163.310000	4000.000000	18000.000000	8000.000000	Trill	4.482061	10.907855	NaN	NaN	59.551234	0.000000
406	Spectrogram 1	1	3163.570000	3163.830000	4000.000000	18000.000000	8000.000000	Trill	9.339191	13.609460	NaN	NaN	105.784379	0.000000
407	Spectrogram 1	1	3164.220000	3164.570000	4000.000000	18000.000000	8000.000000	Trill	4.481158	15.004667	NaN	NaN	77.194850	0.000000
408	Spectrogram 1	1	3168.880000	3168.920000	4000.000000	18000.000000	8000.000000	Trill	4.367764	11.750826	NaN	NaN	68.373225	0.000000
409	Spectrogram 1	1	3177.940000	3178.120000	4000.000000	18000.000000	8000.000000	Trill	4.994697	8.938359	NaN	NaN	68.828448	0.000000
410	Spectrogram 1	1	3180.720000	3180.740000	4000.000000	18000.000000	8000.000000	Twitter	4.749951	9.080557	NaN	NaN	78.820006	0.000000
411	Spectrogram 1	1	3180.970000	3180.990000	4000.000000	18000.000000	8000.000000	Trill	12.187728	14.538880	NaN	NaN	61.228128	0.000000
412	Spectrogram 1	1	3197.520000	3197.890000	4000.000000	18000.000000	8000.000000	Trill	11.115079	20.200898	NaN	NaN	103.321615	0.000000
413	Spectrogram 1	1	3202.520000	3202.820000	4000.000000	18000.000000	8000.000000	Trill	8.860258	18.988383	NaN	NaN	84.487717	0.000000
414	Spectrogram 1	1	3240.020000	3240.120000	4000.000000	18000.000000	8000.000000	Phee	4.229724	8.370668	NaN	NaN	65.183474	0.000000
415	Spectrogram 1	1	3250.110000	3250.140000	4000.000000	18000.000000	8000.000000	Trill	9.289209	10.307602	NaN	NaN	29.509857	0.000000
416	Spectrogram 1	1	3263.170000	3263.220000	4000.000000	18000.000000	8000.000000	Trill	10.534024	14.639303	NaN	NaN	29.249169	0.000000
417	Spectrogram 1	1	3270.950000	3271.360000	4000.000000	18000.000000	8000.000000	Trill	NaN	NaN	NaN	NaN	114.203087	0.000000
418	Spectrogram 1	1	3282.900000	3282.940000	4000.000000	18000.000000	8000.000000	Trill	12.783620	14.458079	NaN	NaN	34.725438	0.000000
419	Spectrogram 1	1	3288.690000	3288.720000	4000.000000	18000.000000	8000.000000	Trill	NaN	NaN	NaN	NaN	26.485797	0.000000
420	Spectrogram 1	1	3313.220000	3313.690000	4000.000000	18000.000000	8000.000000	Trill	15.795587	25.994403	NaN	NaN	173.839074	0.000000
421	Spectrogram 1	1	3344.470000	3344.490000	4000.000000	18000.000000	8000.000000	Sd-peep	6.111516	5.204376	NaN	NaN	40.399444	0.000000
422	Spectrogram 1	1	3352.460000	3352.960000	4000.000000	18000.000000	8000.000000	Trill	7.197326	26.576904	NaN	NaN	111.751315	0.000000
423	Spectrogram 1	1	3353.050000	3353.730000	4000.000000	18000.000000	8000.000000	Trill	9.301762	30.000000	NaN	NaN	125.771549	0.000000
424	Spectrogram 1	1	3353.860000	3354.290000	4000.000000	18000.000000	8000.000000	Trill	NaN	NaN	NaN	NaN	146.261412	0.000000
425	Spectrogram 1	1	3354.370000	3354.570000	4000.000000	18000.000000	8000.000000	Trillphee	NaN	NaN	NaN	NaN	116.440642	0.000000
426	Spectrogram 1	1	3358.700000	3358.730000	4000.000000	18000.000000	8000.000000	Twitter	7.117989	11.489163	NaN	NaN	33.848283	0.000000
427	Spectrogram 1	1	3360.130000	3360.170000	4000.000000	18000.000000	8000.000000	Trill	7.606253	5.777950	NaN	NaN	36.603563	0.000000
428	Spectrogram 1	1	3361.800000	3361.860000	4000.000000	18000.000000	8000.000000	Trill	6.546286	6.663898	NaN	NaN	34.487296	0.000000
429	Spectrogram 1	1	3365.040000	3365.140000	4000.000000	18000.000000	8000.000000	Trill	NaN	NaN	NaN	NaN	34.729976	0.000000
430	Spectrogram 1	1	3395.290000	3395.330000	4000.000000	18000.000000	8000.000000	Trill	8.055270	11.105596	NaN	NaN	37.080979	0.000000
431	Spectrogram 1	1	3395.440000	3395.460000	4000.000000	18000.000000	8000.000000	Sd-peep	9.781434	14.729114	NaN	NaN	52.256390	0.000000
432	Spectrogram 1	1	3401.010000	3401.030000	4000.000000	18000.000000	8000.000000	Sd-peep	6.155727	7.776171	NaN	NaN	59.422486	0.000000
433	Spectrogram 1	1	3403.930000	3404.030000	4000.000000	18000.000000	8000.000000	Trillphee	NaN	NaN	NaN	NaN	30.487587	0.000000
434	Spectrogram 1	1	3405.790000	3405.820000	4000.000000	18000.000000	8000.000000	Trill	6.032532	6.616688	NaN	NaN	31.994838	0.000000
435	Spectrogram 1	1	3416.690000	3416.740000	4000.000000	18000.000000	8000.000000	Phee	5.085304	8.800524	NaN	NaN	73.194512	0.000000
436	Spectrogram 1	1	3480.300000	3480.320000	4000.000000	18000.000000	8000.000000	Sd-peep	7.036598	8.315588	NaN	NaN	37.545090	0.000000
437	Spectrogram 1	1	3483.220000	3483.250000	4000.000000	18000.000000	8000.000000	Phee	4.116160	6.887600	NaN	NaN	79.420542	0.000000
438	Spectrogram 1	1	3500.540000	3500.570000	4000.000000	18000.000000	8000.000000	Trill	11.760292	14.621316	NaN	NaN	31.252833	0.000000
439	Spectrogram 1	1	3516.220000	3516.340000	4000.000000	18000.000000	8000.000000	Trill	6.899899	19.389282	NaN	NaN	66.454210	0.000000
440	Spectrogram 1	1	3517.570000	3517.670000	4000.000000	18000.000000	8000.000000	Trill	5.332610	6.022939	NaN	NaN	45.694013	0.000000
441	Spectrogram 1	1	3554.990000	3555.020000	4000.000000	18000.000000	8000.000000	Trill	5.336425	9.144053	NaN	NaN	60.605187	0.000000
442	Spectrogram 1	1	3591.320000	3591.380000	4000.000000	18000.000000	8000.000000	Phee	4.235662	5.786488	NaN	NaN	39.028267	0.000000
443	Spectrogram 1	1	3594.730000	3594.930000	4000.000000	18000.000000	8000.000000	Trill	6.410922	9.754224	NaN	NaN	84.363872	0.000000
444	Spectrogram 1	1	3595.360000	3595.610000	4000.000000	18000.000000	8000.000000	Trill	7.244477	9.115397	NaN	NaN	50.646275	0.000000
445	Spectrogram 1	1	3596.420000	3596.600000	4000.000000	18000.000000	8000.000000	Trill	5.556020	12.173775	NaN	NaN	89.033304	0.000000
446	Spectrogram 1	1	3602.980000	3603.000000	4000.000000	18000.000000	8000.000000	Trill	4.018154	7.559023	NaN	NaN	51.964723	0.000000
447	Spectrogram 1	1	3608.320000	3608.420000	4000.000000	18000.000000	8000.000000	Trill	NaN	NaN	NaN	NaN	106.994993	0.000000
448	Spectrogram 1	1	3610.410000	3610.540000	4000.000000	18000.000000	8000.000000	Trill	4.547526	16.260757	NaN	NaN	93.794436	0.000000
449	Spectrogram 1	1	3614.440000	3614.560000	4000.000000	18000.000000	8000.000000	Trillphee	NaN	NaN	NaN	NaN	111.860644	0.000000
450	Spectrogram 1	1	3614.910000	3614.940000	4000.000000	18000.000000	8000.000000	Phee	5.456264	9.850713	NaN	NaN	88.514681	0.000000
451	Spectrogram 1	1	3675.690000	3675.710000	4000.000000	18000.000000	8000.000000	Trill	NaN	NaN	NaN	NaN	40.286994	0.000000
452	Spectrogram 1	1	3689.390000	3689.410000	4000.000000	18000.000000	8000.000000	Trill	6.612836	6.949913	NaN	NaN	34.669315	0.000000
453	Spectrogram 1	1	3690.020000	3690.040000	4000.000000	18000.000000	8000.000000	Sd-peep	8.074063	8.874860	NaN	NaN	35.499811	0.000000
454	Spectrogram 1	1	3709.470000	3709.510000	4000.000000	18000.000000	8000.000000	Twitter	4.807493	15.609088	NaN	NaN	60.691837	0.000000
455	Spectrogram 1	1	3721.540000	3721.560000	4000.000000	18000.000000	8000.000000	Sd-peep	4.600157	5.357276	NaN	NaN	52.862997	0.000000
456	Spectrogram 1	1	3731.160000	3731.190000	4000.000000	18000.000000	8000.000000	Trill	10.519425	8.658365	NaN	NaN	34.046201	0.000000
457	Spectrogram 1	1	3750.610000	3750.640000	4000.000000	18000.000000	8000.000000	Phee	4.400342	9.263852	NaN	NaN	72.028146	0.000000
458	Spectrogram 1	1	3750.730000	3750.750000	4000.000000	18000.000000	8000.000000	Phee	5.871373	10.672383	NaN	NaN	65.799767	0.000000
459	Spectrogram 1	1	3753.320000	3753.600000	4000.000000	18000.000000	8000.000000	Trill	4.144890	15.932703	NaN	NaN	70.182342	0.000000
460	Spectrogram 1	1	3754.410000	3754.440000	4000.000000	18000.000000	8000.000000	Phee	5.936489	9.885615	NaN	NaN	57.475759	0.000000
461	Spectrogram 1	1	3754.510000	3754.550000	4000.000000	18000.000000	8000.000000	Trill	10.170447	10.509044	NaN	NaN	30.527997	0.000000
462	Spectrogram 1	1	3756.520000	3756.570000	4000.000000	18000.000000	8000.000000	Trill	7.916848	7.118739	NaN	NaN	29.598694	0.000000
463	Spectrogram 1	1	3782.480000	3782.530000	4000.000000	18000.000000	8000.000000	Phee	5.597826	9.908758	NaN	NaN	112.459748	0.000000
464	Spectrogram 1	1	3782.900000	3783.020000	4000.000000	18000.000000	8000.000000	Phee	5.083567	10.217224	NaN	NaN	75.809621	0.000000
465	Spectrogram 1	1	3794.520000	3794.580000	4000.000000	18000.000000	8000.000000	Trill	5.859473	18.854417	NaN	NaN	42.016419	0.000000
466	Spectrogram 1	1	3801.400000	3801.440000	4000.000000	18000.000000	8000.000000	Trill	4.922170	4.636822	NaN	NaN	41.409540	0.000000
467	Spectrogram 1	1	3819.290000	3819.340000	4000.000000	18000.000000	8000.000000	Trill	7.317916	12.904404	NaN	NaN	92.887500	0.000000
468	Spectrogram 1	1	3819.970000	3820.010000	4000.000000	18000.000000	8000.000000	Trill	6.639805	10.652566	NaN	NaN	129.843026	0.000000
469	Spectrogram 1	1	3829.940000	3829.970000	4000.000000	18000.000000	8000.000000	Trill	11.897320	13.779902	NaN	NaN	29.484250	0.000000
470	Spectrogram 1	1	3871.850000	3871.890000	4000.000000	18000.000000	8000.000000	Phee	6.109477	9.981448	NaN	NaN	90.666871	0.000000
471	Spectrogram 1	1	3891.190000	3891.210000	4000.000000	18000.000000	8000.000000	Sd-peep	10.450326	14.564199	NaN	NaN	29.761198	0.000000
472	Spectrogram 1	1	3891.670000	3891.700000	4000.000000	18000.000000	8000.000000	Twitter	9.678954	14.297970	NaN	NaN	35.015469	0.000000
473	Spectrogram 1	1	3902.150000	3902.180000	4000.000000	18000.000000	8000.000000	Trill	9.942548	13.394737	NaN	NaN	34.584771	0.000000
