Selection	View	Channel	Begin Time (s)	End Time (s)	Low Freq (Hz)	High Freq (Hz)	Max Freq (Hz)	Call Type	Energy Diff	Energy Par	Energy Diff (wl)	Energy Par (wl)	AHR	Exception
1	Spectrogram 1	1	16.870000	16.900000	4000.000000	18000.000000	8000.000000	Trill	4.576074	6.584081	NaN	NaN	41.890904	0.000000
2	Spectrogram 1	1	19.320000	19.350000	4000.000000	18000.000000	8000.000000	Twitter	4.512637	11.462316	NaN	NaN	36.295427	0.000000
3	Spectrogram 1	1	25.700000	26.450000	4000.000000	18000.000000	8000.000000	Trill	14.605253	30.000000	NaN	NaN	145.551828	0.000000
4	Spectrogram 1	1	33.670000	33.750000	4000.000000	18000.000000	8000.000000	Twitter	4.464470	15.084806	NaN	NaN	39.474158	0.000000
5	Spectrogram 1	1	33.930000	33.990000	4000.000000	18000.000000	8000.000000	Twitter	4.851521	13.346003	NaN	NaN	40.801876	0.000000
6	Spectrogram 1	1	39.090000	39.280000	4000.000000	18000.000000	8000.000000	Trill	4.085080	8.978183	NaN	NaN	35.285977	0.000000
7	Spectrogram 1	1	83.970000	84.480000	4000.000000	18000.000000	8000.000000	Trill	5.826132	15.755902	NaN	NaN	47.502580	0.000000
8	Spectrogram 1	1	93.940000	93.960000	4000.000000	18000.000000	8000.000000	Twitter	10.413064	13.098811	NaN	NaN	34.912691	0.000000
9	Spectrogram 1	1	110.160000	110.560000	4000.000000	18000.000000	8000.000000	Trill	5.715342	13.468090	NaN	NaN	31.396391	0.000000
10	Spectrogram 1	1	150.000000	150.090000	4000.000000	18000.000000	8000.000000	Trill	4.663843	9.019333	NaN	NaN	34.115780	0.000000
11	Spectrogram 1	1	196.340000	196.870000	4000.000000	18000.000000	8000.000000	Trill	6.627925	21.403219	NaN	NaN	80.348429	0.000000
12	Spectrogram 1	1	197.500000	197.800000	4000.000000	18000.000000	8000.000000	Trill	6.165513	21.102852	NaN	NaN	79.398581	0.000000
13	Spectrogram 1	1	207.990000	208.670000	4000.000000	18000.000000	8000.000000	Trill	14.078191	30.000000	NaN	NaN	158.164079	0.000000
14	Spectrogram 1	1	208.800000	209.210000	4000.000000	18000.000000	8000.000000	Trill	13.170473	30.000000	NaN	NaN	152.887338	0.000000
15	Spectrogram 1	1	209.340000	209.670000	4000.000000	18000.000000	8000.000000	Trill	12.043264	27.658454	NaN	NaN	148.812501	0.000000
16	Spectrogram 1	1	209.790000	209.970000	4000.000000	18000.000000	8000.000000	Trill	11.635808	24.227172	NaN	NaN	132.100891	0.000000
17	Spectrogram 1	1	212.690000	212.760000	4000.000000	18000.000000	8000.000000	Phee	9.503471	11.137393	NaN	NaN	44.712140	0.000000
18	Spectrogram 1	1	212.840000	212.880000	4000.000000	18000.000000	8000.000000	Trill	9.412105	12.677543	NaN	NaN	43.430343	0.000000
19	Spectrogram 1	1	212.950000	212.980000	4000.000000	18000.000000	8000.000000	Trill	8.752473	11.441540	NaN	NaN	38.277676	0.000000
20	Spectrogram 1	1	213.190000	213.680000	4000.000000	18000.000000	8000.000000	Trill	11.869313	28.446738	NaN	NaN	106.721715	0.000000
21	Spectrogram 1	1	213.810000	214.140000	4000.000000	18000.000000	8000.000000	Trill	9.420028	27.729737	NaN	NaN	98.663067	0.000000
22	Spectrogram 1	1	214.260000	214.610000	4000.000000	18000.000000	8000.000000	Trill	8.965206	26.101935	NaN	NaN	95.273145	0.000000
23	Spectrogram 1	1	214.700000	215.000000	4000.000000	18000.000000	8000.000000	Trill	8.338373	21.703434	NaN	NaN	91.382682	0.000000
24	Spectrogram 1	1	215.040000	215.110000	4000.000000	18000.000000	8000.000000	Trill	6.593607	14.046340	NaN	NaN	87.634629	0.000000
25	Spectrogram 1	1	215.940000	215.990000	4000.000000	18000.000000	8000.000000	Trill	7.230415	9.512253	NaN	NaN	32.422869	0.000000
26	Spectrogram 1	1	216.910000	217.000000	4000.000000	18000.000000	8000.000000	Phee	7.878196	9.607284	NaN	NaN	41.393980	0.000000
27	Spectrogram 1	1	217.060000	217.110000	4000.000000	18000.000000	8000.000000	Trill	7.142837	11.367158	NaN	NaN	41.156816	0.000000
28	Spectrogram 1	1	217.160000	217.190000	4000.000000	18000.000000	8000.000000	Trill	7.720717	11.229755	NaN	NaN	37.788060	0.000000
29	Spectrogram 1	1	219.430000	219.550000	4000.000000	18000.000000	8000.000000	Phee	7.213347	12.919623	NaN	NaN	42.769666	0.000000
30	Spectrogram 1	1	219.630000	219.670000	4000.000000	18000.000000	8000.000000	Trill	8.589461	12.749040	NaN	NaN	34.694341	0.000000
31	Spectrogram 1	1	219.750000	219.780000	4000.000000	18000.000000	8000.000000	Trillphee	8.430492	12.455938	NaN	NaN	44.436084	0.000000
32	Spectrogram 1	1	221.080000	221.190000	4000.000000	18000.000000	8000.000000	Phee	12.729325	14.173747	NaN	NaN	38.013145	0.000000
33	Spectrogram 1	1	221.260000	221.380000	4000.000000	18000.000000	8000.000000	Trill	8.902736	12.668857	NaN	NaN	29.511108	0.000000
34	Spectrogram 1	1	221.440000	221.480000	4000.000000	18000.000000	8000.000000	Trill	9.127127	12.484205	NaN	NaN	34.061756	0.000000
35	Spectrogram 1	1	222.530000	222.640000	4000.000000	18000.000000	8000.000000	Phee	9.397841	20.522395	NaN	NaN	48.493726	0.000000
36	Spectrogram 1	1	222.700000	222.740000	4000.000000	18000.000000	8000.000000	Trill	9.656523	14.283085	NaN	NaN	33.377421	0.000000
37	Spectrogram 1	1	222.800000	222.840000	4000.000000	18000.000000	8000.000000	Trill	8.434296	12.951683	NaN	NaN	33.421943	0.000000
38	Spectrogram 1	1	223.520000	223.620000	4000.000000	18000.000000	8000.000000	Sd-peep	9.922258	35.608729	NaN	NaN	50.000110	0.000000
39	Spectrogram 1	1	225.430000	225.560000	4000.000000	18000.000000	8000.000000	Trill	10.137328	23.015389	NaN	NaN	49.015952	0.000000
40	Spectrogram 1	1	225.600000	225.720000	4000.000000	18000.000000	8000.000000	Trill	10.099858	13.324239	NaN	NaN	28.569490	0.000000
41	Spectrogram 1	1	226.040000	226.330000	4000.000000	18000.000000	8000.000000	Sd-peep	9.381543	25.089341	NaN	NaN	36.552881	0.000000
42	Spectrogram 1	1	226.420000	226.900000	4000.000000	18000.000000	8000.000000	Trill	12.380496	29.466290	NaN	NaN	112.125666	0.000000
43	Spectrogram 1	1	226.960000	227.580000	4000.000000	18000.000000	8000.000000	Trill	9.383908	28.482616	NaN	NaN	102.724058	0.000000
44	Spectrogram 1	1	227.710000	228.230000	4000.000000	18000.000000	8000.000000	Trill	12.390265	30.000000	NaN	NaN	123.337955	0.000000
45	Spectrogram 1	1	228.340000	228.610000	4000.000000	18000.000000	8000.000000	Trill	15.482300	30.000000	NaN	NaN	196.064561	0.000000
46	Spectrogram 1	1	229.510000	229.530000	4000.000000	18000.000000	8000.000000	Phee	7.481918	6.804573	NaN	NaN	30.306357	0.000000
47	Spectrogram 1	1	230.320000	230.530000	4000.000000	18000.000000	8000.000000	Sd-peep	9.476335	25.894399	NaN	NaN	31.713179	0.000000
48	Spectrogram 1	1	230.580000	230.620000	4000.000000	18000.000000	8000.000000	Trill	8.789402	13.647198	NaN	NaN	55.931774	0.000000
49	Spectrogram 1	1	232.060000	232.180000	4000.000000	18000.000000	8000.000000	Trill	5.506315	6.824716	NaN	NaN	30.923672	0.000000
50	Spectrogram 1	1	256.580000	256.620000	4000.000000	18000.000000	8000.000000	Twitter	4.455334	11.370274	NaN	NaN	38.675673	0.000000
51	Spectrogram 1	1	256.700000	256.750000	4000.000000	18000.000000	8000.000000	Twitter	5.850651	13.607991	NaN	NaN	46.394807	0.000000
52	Spectrogram 1	1	256.820000	256.870000	4000.000000	18000.000000	8000.000000	Twitter	5.826736	14.012791	NaN	NaN	53.242788	0.000000
53	Spectrogram 1	1	256.950000	256.990000	4000.000000	18000.000000	8000.000000	Twitter	4.228239	11.615602	NaN	NaN	43.823980	0.000000
54	Spectrogram 1	1	275.410000	276.050000	4000.000000	18000.000000	8000.000000	Trill	5.472914	22.358241	NaN	NaN	72.796427	0.000000
55	Spectrogram 1	1	276.100000	276.600000	4000.000000	18000.000000	8000.000000	Trill	9.217984	27.413984	NaN	NaN	103.530243	0.000000
56	Spectrogram 1	1	276.730000	277.130000	4000.000000	18000.000000	8000.000000	Trill	8.820704	28.041431	NaN	NaN	100.017242	0.000000
57	Spectrogram 1	1	277.230000	277.610000	4000.000000	18000.000000	8000.000000	Trill	8.298301	24.108309	NaN	NaN	109.744738	0.000000
58	Spectrogram 1	1	277.690000	277.910000	4000.000000	18000.000000	8000.000000	Trillphee	8.486096	19.602476	NaN	NaN	87.288768	0.000000
59	Spectrogram 1	1	295.320000	295.370000	4000.000000	18000.000000	8000.000000	Sd-peep	4.380271	17.263874	NaN	NaN	81.210095	0.000000
60	Spectrogram 1	1	307.420000	307.450000	4000.000000	18000.000000	8000.000000	Sd-peep	6.311456	11.543927	NaN	NaN	43.933226	0.000000
61	Spectrogram 1	1	307.550000	307.600000	4000.000000	18000.000000	8000.000000	Twitter	5.974975	11.717071	NaN	NaN	40.875351	0.000000
62	Spectrogram 1	1	307.810000	307.850000	4000.000000	18000.000000	8000.000000	Twitter	7.097152	14.439809	NaN	NaN	40.660097	0.000000
63	Spectrogram 1	1	307.930000	307.980000	4000.000000	18000.000000	8000.000000	Twitter	6.732961	14.172115	NaN	NaN	43.555859	0.000000
64	Spectrogram 1	1	308.060000	308.120000	4000.000000	18000.000000	8000.000000	Twitter	4.697559	11.712066	NaN	NaN	49.758473	0.000000
65	Spectrogram 1	1	308.170000	308.220000	4000.000000	18000.000000	8000.000000	Trill	4.529625	9.710482	NaN	NaN	46.015071	0.000000
66	Spectrogram 1	1	311.460000	311.540000	4000.000000	18000.000000	8000.000000	Trill	5.011602	10.176357	NaN	NaN	50.566170	0.000000
67	Spectrogram 1	1	312.060000	312.110000	4000.000000	18000.000000	8000.000000	Trill	8.139746	12.398486	NaN	NaN	30.293052	0.000000
68	Spectrogram 1	1	335.340000	335.500000	4000.000000	18000.000000	8000.000000	Sd-peep	4.614959	21.333263	NaN	NaN	33.918636	0.000000
69	Spectrogram 1	1	335.580000	336.130000	4000.000000	18000.000000	8000.000000	Trill	9.760858	30.000000	NaN	NaN	102.503778	0.000000
70	Spectrogram 1	1	336.250000	336.690000	4000.000000	18000.000000	8000.000000	Trill	10.885186	30.000000	NaN	NaN	109.139921	0.000000
71	Spectrogram 1	1	336.830000	337.240000	4000.000000	18000.000000	8000.000000	Trill	11.859641	30.000000	NaN	NaN	89.811288	0.000000
72	Spectrogram 1	1	337.340000	337.780000	4000.000000	18000.000000	8000.000000	Trill	12.216517	30.000000	NaN	NaN	93.544087	0.000000
73	Spectrogram 1	1	337.850000	338.220000	4000.000000	18000.000000	8000.000000	Twitter	13.614968	32.778283	NaN	NaN	123.723538	0.000000
74	Spectrogram 1	1	338.360000	338.420000	4000.000000	18000.000000	8000.000000	Trill	9.958060	15.246866	NaN	NaN	107.323391	0.000000
75	Spectrogram 1	1	343.500000	343.700000	4000.000000	18000.000000	8000.000000	Trill	5.642210	10.277801	NaN	NaN	31.978349	0.000000
76	Spectrogram 1	1	343.880000	343.940000	4000.000000	18000.000000	8000.000000	Twitter	6.165461	11.163232	NaN	NaN	64.357722	0.000000
77	Spectrogram 1	1	349.110000	349.240000	4000.000000	18000.000000	8000.000000	Sd-peep	7.008419	23.101893	NaN	NaN	51.214534	0.000000
78	Spectrogram 1	1	349.650000	350.180000	4000.000000	18000.000000	8000.000000	Trill	13.123059	30.000000	NaN	NaN	143.234529	0.000000
79	Spectrogram 1	1	350.310000	350.970000	4000.000000	18000.000000	8000.000000	Phee	13.405229	30.000000	NaN	NaN	72.286640	0.000000
80	Spectrogram 1	1	351.100000	351.560000	4000.000000	18000.000000	8000.000000	Trill	11.333895	30.000000	NaN	NaN	107.691811	0.000000
81	Spectrogram 1	1	351.680000	352.410000	4000.000000	18000.000000	8000.000000	Trill	4.848365	16.819473	NaN	NaN	77.538502	0.000000
82	Spectrogram 1	1	361.860000	361.990000	4000.000000	18000.000000	8000.000000	Trill	6.330498	9.907921	NaN	NaN	34.807657	0.000000
83	Spectrogram 1	1	362.520000	362.580000	4000.000000	18000.000000	8000.000000	Phee	4.328902	10.385141	NaN	NaN	46.129727	0.000000
84	Spectrogram 1	1	363.770000	363.810000	4000.000000	18000.000000	8000.000000	Trillphee	10.232101	12.024035	NaN	NaN	30.364475	0.000000
85	Spectrogram 1	1	364.160000	364.280000	4000.000000	18000.000000	8000.000000	Sd-peep	9.600848	22.599429	NaN	NaN	52.244448	0.000000
86	Spectrogram 1	1	365.410000	365.480000	4000.000000	18000.000000	8000.000000	Trill	9.033817	15.285003	NaN	NaN	29.904084	0.000000
87	Spectrogram 1	1	365.970000	366.090000	4000.000000	18000.000000	8000.000000	Sd-peep	8.177586	28.211616	NaN	NaN	51.536073	0.000000
88	Spectrogram 1	1	366.570000	367.260000	4000.000000	18000.000000	8000.000000	Trill	10.198747	17.850001	NaN	NaN	29.603238	0.000000
89	Spectrogram 1	1	368.120000	368.210000	4000.000000	18000.000000	8000.000000	Twitter	8.811400	27.606030	NaN	NaN	51.610692	0.000000
90	Spectrogram 1	1	368.260000	368.300000	4000.000000	18000.000000	8000.000000	Trill	10.947986	12.928073	NaN	NaN	54.359719	0.000000
91	Spectrogram 1	1	368.350000	368.390000	4000.000000	18000.000000	8000.000000	Trill	12.223831	12.795668	NaN	NaN	41.736870	0.000000
92	Spectrogram 1	1	368.500000	368.710000	4000.000000	18000.000000	8000.000000	Trill	7.150693	10.178175	NaN	NaN	38.592649	0.000000
93	Spectrogram 1	1	368.770000	368.870000	4000.000000	18000.000000	8000.000000	Sd-peep	7.106445	31.379430	NaN	NaN	44.170293	0.000000
94	Spectrogram 1	1	369.460000	369.600000	4000.000000	18000.000000	8000.000000	Sd-peep	8.729852	29.504824	NaN	NaN	44.352587	0.000000
95	Spectrogram 1	1	369.840000	370.300000	4000.000000	18000.000000	8000.000000	Trill	13.356674	29.942503	NaN	NaN	109.682367	0.000000
96	Spectrogram 1	1	370.380000	370.920000	4000.000000	18000.000000	8000.000000	Trill	13.290223	30.000000	NaN	NaN	106.820542	0.000000
97	Spectrogram 1	1	371.050000	371.550000	4000.000000	18000.000000	8000.000000	Trill	12.544968	30.000000	NaN	NaN	124.872252	0.000000
98	Spectrogram 1	1	371.680000	372.070000	4000.000000	18000.000000	8000.000000	Trill	11.595297	30.000000	NaN	NaN	114.688669	0.000000
99	Spectrogram 1	1	372.170000	372.250000	4000.000000	18000.000000	8000.000000	Trill	10.924424	18.310286	NaN	NaN	121.589199	0.000000
100	Spectrogram 1	1	374.480000	374.670000	4000.000000	18000.000000	8000.000000	Trill	5.539331	11.045563	NaN	NaN	39.488138	0.000000
101	Spectrogram 1	1	376.750000	376.770000	4000.000000	18000.000000	8000.000000	Sd-peep	9.089090	10.697752	NaN	NaN	35.430438	0.000000
102	Spectrogram 1	1	377.870000	378.510000	4000.000000	18000.000000	8000.000000	Sd-peep	8.713815	27.885855	NaN	NaN	39.950725	0.000000
103	Spectrogram 1	1	378.790000	379.630000	4000.000000	18000.000000	8000.000000	Twitter	5.082754	23.857071	NaN	NaN	50.233954	0.000000
104	Spectrogram 1	1	379.900000	380.220000	4000.000000	18000.000000	8000.000000	Sd-peep	6.418301	21.081402	NaN	NaN	35.264098	0.000000
105	Spectrogram 1	1	380.410000	380.690000	4000.000000	18000.000000	8000.000000	Sd-peep	5.706340	23.776794	NaN	NaN	37.290912	0.000000
106	Spectrogram 1	1	387.400000	387.450000	4000.000000	18000.000000	8000.000000	Trill	5.380651	17.711589	NaN	NaN	41.851258	0.000000
107	Spectrogram 1	1	388.240000	388.310000	4000.000000	18000.000000	8000.000000	Twitter	5.082677	17.113062	NaN	NaN	32.110473	0.000000
108	Spectrogram 1	1	388.370000	388.440000	4000.000000	18000.000000	8000.000000	Twitter	4.759737	16.998185	NaN	NaN	31.112182	0.000000
109	Spectrogram 1	1	388.500000	388.580000	4000.000000	18000.000000	8000.000000	Twitter	4.935568	15.913429	NaN	NaN	30.646743	0.000000
110	Spectrogram 1	1	390.510000	390.830000	4000.000000	18000.000000	8000.000000	Trill	5.660345	10.664219	NaN	NaN	39.033118	0.000000
111	Spectrogram 1	1	396.050000	396.190000	4000.000000	18000.000000	8000.000000	Sd-peep	7.065666	22.448976	NaN	NaN	40.495876	0.000000
112	Spectrogram 1	1	421.540000	421.640000	4000.000000	18000.000000	8000.000000	Sd-peep	8.397810	25.269853	NaN	NaN	63.384237	0.000000
113	Spectrogram 1	1	442.770000	442.830000	4000.000000	18000.000000	8000.000000	Sd-peep	8.635171	18.942477	NaN	NaN	53.516636	0.000000
114	Spectrogram 1	1	443.540000	443.640000	4000.000000	18000.000000	8000.000000	Sd-peep	11.589138	24.501058	NaN	NaN	73.927154	0.000000
115	Spectrogram 1	1	444.400000	444.580000	4000.000000	18000.000000	8000.000000	Sd-peep	5.773809	23.006002	NaN	NaN	40.264331	0.000000
116	Spectrogram 1	1	453.780000	453.880000	4000.000000	18000.000000	8000.000000	Sd-peep	8.784069	30.087601	NaN	NaN	75.098061	0.000000
117	Spectrogram 1	1	454.000000	454.580000	4000.000000	18000.000000	8000.000000	Trill	12.532778	30.000000	NaN	NaN	129.529490	0.000000
118	Spectrogram 1	1	454.630000	455.140000	4000.000000	18000.000000	8000.000000	Phee	11.705009	30.000000	NaN	NaN	97.290696	0.000000
119	Spectrogram 1	1	455.240000	455.740000	4000.000000	18000.000000	8000.000000	Trill	11.465686	30.000000	NaN	NaN	87.434527	0.000000
120	Spectrogram 1	1	455.840000	456.730000	4000.000000	18000.000000	8000.000000	Trill	9.800535	27.547380	NaN	NaN	96.229782	0.000000
121	Spectrogram 1	1	458.880000	458.910000	4000.000000	18000.000000	8000.000000	Twitter	9.372428	9.432710	NaN	NaN	46.843572	0.000000
122	Spectrogram 1	1	459.480000	460.310000	4000.000000	18000.000000	8000.000000	Trill	9.760022	23.383099	NaN	NaN	43.225110	0.000000
123	Spectrogram 1	1	462.830000	462.980000	4000.000000	18000.000000	8000.000000	Sd-peep	5.839380	22.144110	NaN	NaN	63.814588	0.000000
124	Spectrogram 1	1	479.800000	479.870000	4000.000000	18000.000000	8000.000000	Trill	4.376113	9.590432	NaN	NaN	51.455046	0.000000
125	Spectrogram 1	1	507.140000	507.230000	4000.000000	18000.000000	8000.000000	Sd-peep	10.529574	29.193917	NaN	NaN	90.307555	0.000000
126	Spectrogram 1	1	507.330000	507.810000	4000.000000	18000.000000	8000.000000	Trill	14.724161	30.000000	NaN	NaN	190.077113	0.000000
127	Spectrogram 1	1	507.890000	508.410000	4000.000000	18000.000000	8000.000000	Trill	13.527845	30.000000	NaN	NaN	184.751495	0.000000
128	Spectrogram 1	1	508.560000	509.070000	4000.000000	18000.000000	8000.000000	Trill	13.235974	30.000000	NaN	NaN	204.006489	0.000000
129	Spectrogram 1	1	509.210000	509.540000	4000.000000	18000.000000	8000.000000	Trill	13.308797	29.674983	NaN	NaN	180.900778	0.000000
130	Spectrogram 1	1	509.620000	509.860000	4000.000000	18000.000000	8000.000000	Phee	12.522065	26.671323	NaN	NaN	157.649325	0.000000
131	Spectrogram 1	1	511.790000	511.870000	4000.000000	18000.000000	8000.000000	Sd-peep	9.913336	24.132947	NaN	NaN	59.022607	0.000000
132	Spectrogram 1	1	512.030000	512.060000	4000.000000	18000.000000	8000.000000	Trillphee	9.825196	10.908567	NaN	NaN	54.809160	0.000000
133	Spectrogram 1	1	512.170000	512.280000	4000.000000	18000.000000	8000.000000	Sd-peep	9.915187	24.558670	NaN	NaN	67.430825	0.000000
134	Spectrogram 1	1	512.750000	512.830000	4000.000000	18000.000000	8000.000000	Sd-peep	9.875311	25.450292	NaN	NaN	69.350403	0.000000
135	Spectrogram 1	1	514.290000	514.380000	4000.000000	18000.000000	8000.000000	Sd-peep	7.512036	24.814509	NaN	NaN	51.720359	0.000000
136	Spectrogram 1	1	516.410000	516.680000	4000.000000	18000.000000	8000.000000	Sd-peep	8.869783	23.373898	NaN	NaN	43.313360	0.000000
137	Spectrogram 1	1	516.940000	517.060000	4000.000000	18000.000000	8000.000000	Sd-peep	12.699257	30.242352	NaN	NaN	70.105613	0.000000
138	Spectrogram 1	1	517.260000	517.370000	4000.000000	18000.000000	8000.000000	Sd-peep	12.543933	26.153398	NaN	NaN	86.083909	0.000000
139	Spectrogram 1	1	517.510000	517.600000	4000.000000	18000.000000	8000.000000	Sd-peep	11.511322	25.855223	NaN	NaN	81.127345	0.000000
140	Spectrogram 1	1	517.780000	517.880000	4000.000000	18000.000000	8000.000000	Sd-peep	11.871876	26.822314	NaN	NaN	87.952490	0.000000
141	Spectrogram 1	1	518.190000	518.300000	4000.000000	18000.000000	8000.000000	Sd-peep	11.050126	26.279363	NaN	NaN	60.580467	0.000000
142	Spectrogram 1	1	518.520000	518.630000	4000.000000	18000.000000	8000.000000	Sd-peep	13.841244	27.857686	NaN	NaN	79.881460	0.000000
143	Spectrogram 1	1	519.000000	519.110000	4000.000000	18000.000000	8000.000000	Sd-peep	11.083082	25.387678	NaN	NaN	57.585348	0.000000
144	Spectrogram 1	1	519.570000	519.690000	4000.000000	18000.000000	8000.000000	Sd-peep	11.732487	23.155722	NaN	NaN	79.397009	0.000000
145	Spectrogram 1	1	523.160000	523.240000	4000.000000	18000.000000	8000.000000	Sd-peep	13.583391	25.326900	NaN	NaN	97.195599	0.000000
146	Spectrogram 1	1	524.700000	524.760000	4000.000000	18000.000000	8000.000000	Sd-peep	12.692300	26.629232	NaN	NaN	78.338483	0.000000
147	Spectrogram 1	1	525.360000	525.450000	4000.000000	18000.000000	8000.000000	Sd-peep	10.231911	19.542272	NaN	NaN	54.977558	0.000000
148	Spectrogram 1	1	525.850000	525.930000	4000.000000	18000.000000	8000.000000	Sd-peep	10.647763	25.089984	NaN	NaN	71.042340	0.000000
149	Spectrogram 1	1	526.350000	526.460000	4000.000000	18000.000000	8000.000000	Sd-peep	11.597332	25.260644	NaN	NaN	81.638971	0.000000
150	Spectrogram 1	1	526.510000	526.570000	4000.000000	18000.000000	8000.000000	Trill	9.477007	17.178380	NaN	NaN	62.786576	0.000000
151	Spectrogram 1	1	526.710000	526.790000	4000.000000	18000.000000	8000.000000	Sd-peep	10.744773	24.100630	NaN	NaN	79.460398	0.000000
152	Spectrogram 1	1	527.000000	527.080000	4000.000000	18000.000000	8000.000000	Sd-peep	9.703227	22.723107	NaN	NaN	70.119651	0.000000
153	Spectrogram 1	1	527.240000	527.420000	4000.000000	18000.000000	8000.000000	Trill	10.603117	18.688745	NaN	NaN	75.177547	0.000000
154	Spectrogram 1	1	529.930000	529.990000	4000.000000	18000.000000	8000.000000	Sd-peep	12.623406	25.839009	NaN	NaN	88.157649	0.000000
155	Spectrogram 1	1	530.170000	530.230000	4000.000000	18000.000000	8000.000000	Sd-peep	12.680804	21.056555	NaN	NaN	81.542727	0.000000
156	Spectrogram 1	1	530.890000	530.980000	4000.000000	18000.000000	8000.000000	Sd-peep	9.533624	20.334052	NaN	NaN	54.519058	0.000000
157	Spectrogram 1	1	531.140000	531.210000	4000.000000	18000.000000	8000.000000	Sd-peep	11.123657	22.692660	NaN	NaN	69.339386	0.000000
158	Spectrogram 1	1	531.760000	531.830000	4000.000000	18000.000000	8000.000000	Sd-peep	12.292006	26.527822	NaN	NaN	95.315830	0.000000
159	Spectrogram 1	1	532.400000	532.490000	4000.000000	18000.000000	8000.000000	Sd-peep	13.948846	28.749151	NaN	NaN	101.004339	0.000000
160	Spectrogram 1	1	532.640000	532.750000	4000.000000	18000.000000	8000.000000	Sd-peep	10.542210	21.675390	NaN	NaN	103.084592	0.000000
161	Spectrogram 1	1	533.020000	533.110000	4000.000000	18000.000000	8000.000000	Sd-peep	13.774595	24.619575	NaN	NaN	126.493250	0.000000
162	Spectrogram 1	1	533.250000	533.930000	4000.000000	18000.000000	8000.000000	Trill	14.554661	28.796515	NaN	NaN	189.592916	0.000000
163	Spectrogram 1	1	534.000000	534.470000	4000.000000	18000.000000	8000.000000	Trill	13.531836	30.000000	NaN	NaN	187.194345	0.000000
164	Spectrogram 1	1	534.600000	534.990000	4000.000000	18000.000000	8000.000000	Trill	14.337762	30.000000	NaN	NaN	209.339322	0.000000
165	Spectrogram 1	1	535.110000	535.500000	4000.000000	18000.000000	8000.000000	Trill	14.684992	30.000000	NaN	NaN	211.751373	0.000000
166	Spectrogram 1	1	540.180000	540.250000	4000.000000	18000.000000	8000.000000	Sd-peep	11.166114	27.473416	NaN	NaN	70.004921	0.000000
167	Spectrogram 1	1	540.740000	540.870000	4000.000000	18000.000000	8000.000000	Sd-peep	8.247897	20.311606	NaN	NaN	59.397212	0.000000
168	Spectrogram 1	1	541.050000	541.150000	4000.000000	18000.000000	8000.000000	Sd-peep	14.087790	27.165580	NaN	NaN	97.102655	0.000000
169	Spectrogram 1	1	541.520000	541.630000	4000.000000	18000.000000	8000.000000	Sd-peep	10.298615	24.534140	NaN	NaN	74.249186	0.000000
170	Spectrogram 1	1	541.910000	541.990000	4000.000000	18000.000000	8000.000000	Sd-peep	11.767563	25.652891	NaN	NaN	92.504072	0.000000
171	Spectrogram 1	1	542.090000	542.190000	4000.000000	18000.000000	8000.000000	Sd-peep	14.074217	25.580861	NaN	NaN	130.147026	0.000000
172	Spectrogram 1	1	542.470000	542.560000	4000.000000	18000.000000	8000.000000	Sd-peep	11.040111	21.980473	NaN	NaN	59.756076	0.000000
173	Spectrogram 1	1	542.940000	543.010000	4000.000000	18000.000000	8000.000000	Sd-peep	14.356313	26.502049	NaN	NaN	77.950545	0.000000
174	Spectrogram 1	1	544.170000	544.280000	4000.000000	18000.000000	8000.000000	Trill	7.712576	10.226721	NaN	NaN	31.913803	0.000000
175	Spectrogram 1	1	544.440000	544.510000	4000.000000	18000.000000	8000.000000	Trill	10.372124	10.889207	NaN	NaN	32.578369	0.000000
176	Spectrogram 1	1	546.000000	546.060000	4000.000000	18000.000000	8000.000000	Sd-peep	10.197318	28.877206	NaN	NaN	68.645485	0.000000
177	Spectrogram 1	1	546.470000	546.560000	4000.000000	18000.000000	8000.000000	Sd-peep	13.743630	28.066781	NaN	NaN	126.039392	0.000000
178	Spectrogram 1	1	546.750000	546.840000	4000.000000	18000.000000	8000.000000	Sd-peep	12.114952	23.700684	NaN	NaN	97.448930	0.000000
179	Spectrogram 1	1	547.040000	547.110000	4000.000000	18000.000000	8000.000000	Sd-peep	12.765270	25.486739	NaN	NaN	91.685536	0.000000
180	Spectrogram 1	1	547.490000	547.550000	4000.000000	18000.000000	8000.000000	Sd-peep	13.949952	27.702915	NaN	NaN	76.133120	0.000000
181	Spectrogram 1	1	548.380000	548.470000	4000.000000	18000.000000	8000.000000	Sd-peep	12.732578	24.586347	NaN	NaN	88.462436	0.000000
182	Spectrogram 1	1	549.730000	549.820000	4000.000000	18000.000000	8000.000000	Sd-peep	11.421497	25.521105	NaN	NaN	86.135944	0.000000
183	Spectrogram 1	1	550.120000	550.210000	4000.000000	18000.000000	8000.000000	Sd-peep	11.954212	23.324703	NaN	NaN	87.324083	0.000000
184	Spectrogram 1	1	560.660000	560.680000	4000.000000	18000.000000	8000.000000	Twitter	4.551736	6.806330	NaN	NaN	36.900818	0.000000
185	Spectrogram 1	1	575.840000	575.920000	4000.000000	18000.000000	8000.000000	Sd-peep	14.385686	25.479974	NaN	NaN	98.714822	0.000000
186	Spectrogram 1	1	588.030000	588.130000	4000.000000	18000.000000	8000.000000	Sd-peep	15.248849	29.446074	NaN	NaN	67.808793	0.000000
187	Spectrogram 1	1	588.400000	588.940000	4000.000000	18000.000000	8000.000000	Trill	15.281843	30.000000	NaN	NaN	168.644206	0.000000
188	Spectrogram 1	1	589.060000	589.530000	4000.000000	18000.000000	8000.000000	Trill	13.771563	30.000000	NaN	NaN	151.309762	0.000000
189	Spectrogram 1	1	589.630000	590.200000	4000.000000	18000.000000	8000.000000	Trill	14.209029	30.000000	NaN	NaN	137.612647	0.000000
190	Spectrogram 1	1	590.310000	590.670000	4000.000000	18000.000000	8000.000000	Trill	14.026526	30.000000	NaN	NaN	151.748587	0.000000
191	Spectrogram 1	1	590.730000	590.980000	4000.000000	18000.000000	8000.000000	Twitter	12.632151	28.827728	NaN	NaN	159.793782	0.000000
192	Spectrogram 1	1	591.050000	591.190000	4000.000000	18000.000000	8000.000000	Trill	15.754804	29.124547	NaN	NaN	213.363534	0.000000
193	Spectrogram 1	1	593.890000	593.950000	4000.000000	18000.000000	8000.000000	Trill	9.424392	10.138120	NaN	NaN	29.254945	0.000000
194	Spectrogram 1	1	595.560000	595.590000	4000.000000	18000.000000	8000.000000	Trill	7.560294	8.637862	NaN	NaN	59.129177	0.000000
195	Spectrogram 1	1	597.000000	597.100000	4000.000000	18000.000000	8000.000000	Sd-peep	11.338426	27.286927	NaN	NaN	59.696345	0.000000
196	Spectrogram 1	1	597.140000	597.260000	4000.000000	18000.000000	8000.000000	Sd-peep	11.167373	20.898743	NaN	NaN	75.422827	0.000000
197	Spectrogram 1	1	597.300000	597.400000	4000.000000	18000.000000	8000.000000	Sd-peep	13.104151	25.200154	NaN	NaN	94.646661	0.000000
198	Spectrogram 1	1	597.640000	597.710000	4000.000000	18000.000000	8000.000000	Sd-peep	14.305520	27.477662	NaN	NaN	77.437955	0.000000
199	Spectrogram 1	1	597.950000	598.030000	4000.000000	18000.000000	8000.000000	Sd-peep	12.977235	24.953001	NaN	NaN	82.559403	0.000000
200	Spectrogram 1	1	598.220000	598.320000	4000.000000	18000.000000	8000.000000	Sd-peep	13.358461	23.367333	NaN	NaN	93.979136	0.000000
201	Spectrogram 1	1	598.510000	598.600000	4000.000000	18000.000000	8000.000000	Sd-peep	11.524060	22.575828	NaN	NaN	79.351865	0.000000
202	Spectrogram 1	1	598.800000	598.880000	4000.000000	18000.000000	8000.000000	Sd-peep	12.198588	21.896652	NaN	NaN	80.529004	0.000000
203	Spectrogram 1	1	601.020000	601.040000	4000.000000	18000.000000	8000.000000	Twitter	4.799157	8.967717	NaN	NaN	40.349171	0.000000
204	Spectrogram 1	1	623.310000	623.330000	4000.000000	18000.000000	8000.000000	Twitter	5.881868	8.878755	NaN	NaN	46.573007	0.000000
205	Spectrogram 1	1	623.650000	623.720000	4000.000000	18000.000000	8000.000000	Sd-peep	15.885976	31.802996	NaN	NaN	129.736657	0.000000
206	Spectrogram 1	1	628.330000	628.420000	4000.000000	18000.000000	8000.000000	Sd-peep	12.398277	29.633492	NaN	NaN	95.409045	0.000000
207	Spectrogram 1	1	629.020000	629.100000	4000.000000	18000.000000	8000.000000	Sd-peep	12.593361	26.477949	NaN	NaN	88.441156	0.000000
208	Spectrogram 1	1	634.210000	634.320000	4000.000000	18000.000000	8000.000000	Sd-peep	10.499033	24.875889	NaN	NaN	86.384157	0.000000
209	Spectrogram 1	1	634.590000	634.700000	4000.000000	18000.000000	8000.000000	Sd-peep	10.532610	20.511441	NaN	NaN	103.648378	0.000000
210	Spectrogram 1	1	635.220000	635.330000	4000.000000	18000.000000	8000.000000	Sd-peep	12.297122	21.296553	NaN	NaN	98.911042	0.000000
211	Spectrogram 1	1	635.460000	635.550000	4000.000000	18000.000000	8000.000000	Sd-peep	12.416739	22.640592	NaN	NaN	70.452535	0.000000
212	Spectrogram 1	1	635.680000	635.810000	4000.000000	18000.000000	8000.000000	Sd-peep	11.336518	21.728051	NaN	NaN	72.229464	0.000000
213	Spectrogram 1	1	635.980000	636.080000	4000.000000	18000.000000	8000.000000	Sd-peep	12.626865	22.774273	NaN	NaN	88.832805	0.000000
214	Spectrogram 1	1	636.290000	636.370000	4000.000000	18000.000000	8000.000000	Sd-peep	13.389200	22.872411	NaN	NaN	80.827943	0.000000
215	Spectrogram 1	1	636.520000	636.600000	4000.000000	18000.000000	8000.000000	Sd-peep	14.730068	26.843225	NaN	NaN	121.339414	0.000000
216	Spectrogram 1	1	636.900000	637.000000	4000.000000	18000.000000	8000.000000	Sd-peep	11.107657	18.303414	NaN	NaN	81.585167	0.000000
217	Spectrogram 1	1	637.490000	637.580000	4000.000000	18000.000000	8000.000000	Sd-peep	13.793399	24.147567	NaN	NaN	100.927701	0.000000
218	Spectrogram 1	1	659.950000	659.980000	4000.000000	18000.000000	8000.000000	Twitter	5.590076	25.715111	NaN	NaN	84.111321	0.000000
219	Spectrogram 1	1	660.160000	660.570000	4000.000000	18000.000000	8000.000000	Trill	15.136243	30.000000	NaN	NaN	201.787653	0.000000
220	Spectrogram 1	1	660.670000	661.120000	4000.000000	18000.000000	8000.000000	Trill	13.114140	30.000000	NaN	NaN	181.458860	0.000000
221	Spectrogram 1	1	661.270000	661.750000	4000.000000	18000.000000	8000.000000	Trill	13.901947	29.852882	NaN	NaN	181.915209	0.000000
222	Spectrogram 1	1	661.870000	662.180000	4000.000000	18000.000000	8000.000000	Trill	13.228375	28.495509	NaN	NaN	200.795556	0.000000
223	Spectrogram 1	1	662.280000	662.410000	4000.000000	18000.000000	8000.000000	Twitter	15.633502	24.372955	NaN	NaN	186.248911	0.000000
224	Spectrogram 1	1	668.350000	668.420000	4000.000000	18000.000000	8000.000000	Sd-peep	11.682460	24.127606	NaN	NaN	48.706013	0.000000
225	Spectrogram 1	1	668.520000	668.650000	4000.000000	18000.000000	8000.000000	Sd-peep	10.167740	19.822028	NaN	NaN	71.650486	0.000000
226	Spectrogram 1	1	668.730000	668.800000	4000.000000	18000.000000	8000.000000	Sd-peep	10.656280	21.312384	NaN	NaN	59.017474	0.000000
227	Spectrogram 1	1	669.290000	669.370000	4000.000000	18000.000000	8000.000000	Sd-peep	15.813317	27.800438	NaN	NaN	117.577930	0.000000
228	Spectrogram 1	1	669.620000	669.700000	4000.000000	18000.000000	8000.000000	Sd-peep	15.233530	26.206798	NaN	NaN	127.400118	0.000000
229	Spectrogram 1	1	669.860000	669.940000	4000.000000	18000.000000	8000.000000	Sd-peep	16.730934	24.935825	NaN	NaN	103.377816	0.000000
230	Spectrogram 1	1	670.050000	670.130000	4000.000000	18000.000000	8000.000000	Sd-peep	14.135422	23.065220	NaN	NaN	97.813166	0.000000
231	Spectrogram 1	1	670.300000	670.390000	4000.000000	18000.000000	8000.000000	Sd-peep	16.445869	25.333496	NaN	NaN	126.474467	0.000000
232	Spectrogram 1	1	670.540000	670.630000	4000.000000	18000.000000	8000.000000	Sd-peep	15.025074	23.513850	NaN	NaN	106.458403	0.000000
233	Spectrogram 1	1	674.610000	674.680000	4000.000000	18000.000000	8000.000000	Sd-peep	14.132825	27.291759	NaN	NaN	97.597594	0.000000
234	Spectrogram 1	1	675.600000	675.670000	4000.000000	18000.000000	8000.000000	Sd-peep	12.303652	26.226679	NaN	NaN	79.459357	0.000000
235	Spectrogram 1	1	682.670000	682.820000	4000.000000	18000.000000	8000.000000	Sd-peep	9.378004	19.068438	NaN	NaN	55.193004	0.000000
236	Spectrogram 1	1	684.520000	684.710000	4000.000000	18000.000000	8000.000000	Sd-peep	10.189065	22.833380	NaN	NaN	65.528315	0.000000
237	Spectrogram 1	1	684.800000	684.920000	4000.000000	18000.000000	8000.000000	Trill	8.915713	18.428013	NaN	NaN	73.197865	0.000000
238	Spectrogram 1	1	685.340000	685.430000	4000.000000	18000.000000	8000.000000	Sd-peep	9.907109	21.465090	NaN	NaN	59.729142	0.000000
239	Spectrogram 1	1	685.510000	685.600000	4000.000000	18000.000000	8000.000000	Sd-peep	12.378577	22.466700	NaN	NaN	80.566481	0.000000
240	Spectrogram 1	1	693.450000	693.480000	4000.000000	18000.000000	8000.000000	Trill	5.331112	7.860491	NaN	NaN	33.864432	0.000000
241	Spectrogram 1	1	695.240000	695.370000	4000.000000	18000.000000	8000.000000	Sd-peep	8.637741	20.527041	NaN	NaN	59.812788	0.000000
242	Spectrogram 1	1	695.420000	695.480000	4000.000000	18000.000000	8000.000000	Sd-peep	12.362620	20.396190	NaN	NaN	109.252863	0.000000
243	Spectrogram 1	1	695.700000	695.780000	4000.000000	18000.000000	8000.000000	Sd-peep	12.583092	26.013069	NaN	NaN	89.776479	0.000000
244	Spectrogram 1	1	696.060000	696.180000	4000.000000	18000.000000	8000.000000	Sd-peep	12.605790	21.699995	NaN	NaN	91.004104	0.000000
245	Spectrogram 1	1	696.480000	696.560000	4000.000000	18000.000000	8000.000000	Sd-peep	13.266895	26.117062	NaN	NaN	80.421496	0.000000
246	Spectrogram 1	1	697.070000	697.140000	4000.000000	18000.000000	8000.000000	Sd-peep	15.514563	27.734304	NaN	NaN	105.587097	0.000000
247	Spectrogram 1	1	697.300000	697.400000	4000.000000	18000.000000	8000.000000	Sd-peep	16.644214	29.347335	NaN	NaN	125.656752	0.000000
248	Spectrogram 1	1	697.550000	697.630000	4000.000000	18000.000000	8000.000000	Sd-peep	13.564328	25.158402	NaN	NaN	99.287214	0.000000
249	Spectrogram 1	1	697.990000	698.060000	4000.000000	18000.000000	8000.000000	Sd-peep	14.582985	29.085551	NaN	NaN	95.014495	0.000000
250	Spectrogram 1	1	698.370000	698.450000	4000.000000	18000.000000	8000.000000	Sd-peep	14.394161	26.293264	NaN	NaN	107.650683	0.000000
251	Spectrogram 1	1	698.690000	698.810000	4000.000000	18000.000000	8000.000000	Sd-peep	10.000689	19.149475	NaN	NaN	75.984340	0.000000
252	Spectrogram 1	1	699.640000	699.710000	4000.000000	18000.000000	8000.000000	Sd-peep	12.833705	25.110811	NaN	NaN	71.068390	0.000000
253	Spectrogram 1	1	702.770000	702.860000	4000.000000	18000.000000	8000.000000	Sd-peep	13.382855	28.424690	NaN	NaN	96.544218	0.000000
254	Spectrogram 1	1	703.290000	703.410000	4000.000000	18000.000000	8000.000000	Sd-peep	12.641677	23.192637	NaN	NaN	101.653614	0.000000
255	Spectrogram 1	1	703.470000	703.580000	4000.000000	18000.000000	8000.000000	Sd-peep	14.548389	25.345055	NaN	NaN	120.171558	0.000000
256	Spectrogram 1	1	703.660000	703.770000	4000.000000	18000.000000	8000.000000	Trill	11.516836	23.114047	NaN	NaN	104.687907	0.000000
257	Spectrogram 1	1	707.560000	707.590000	4000.000000	18000.000000	8000.000000	Twitter	7.751729	9.197081	NaN	NaN	37.452756	0.000000
258	Spectrogram 1	1	708.270000	708.330000	4000.000000	18000.000000	8000.000000	Sd-peep	8.217839	27.731932	NaN	NaN	58.299758	0.000000
259	Spectrogram 1	1	717.150000	717.230000	4000.000000	18000.000000	8000.000000	Sd-peep	10.405261	28.907675	NaN	NaN	97.269294	0.000000
260	Spectrogram 1	1	718.570000	718.690000	4000.000000	18000.000000	8000.000000	Sd-peep	12.651731	26.678772	NaN	NaN	114.123881	0.000000
261	Spectrogram 1	1	719.860000	719.980000	4000.000000	18000.000000	8000.000000	Sd-peep	11.439777	30.536959	NaN	NaN	74.718533	0.000000
262	Spectrogram 1	1	720.590000	720.720000	4000.000000	18000.000000	8000.000000	Sd-peep	7.490145	22.289916	NaN	NaN	46.597089	0.000000
263	Spectrogram 1	1	732.640000	732.730000	4000.000000	18000.000000	8000.000000	Sd-peep	8.318515	22.006442	NaN	NaN	48.023266	0.000000
264	Spectrogram 1	1	732.820000	732.900000	4000.000000	18000.000000	8000.000000	Sd-peep	10.565451	22.538575	NaN	NaN	99.105277	0.000000
265	Spectrogram 1	1	733.040000	733.130000	4000.000000	18000.000000	8000.000000	Sd-peep	8.996187	19.954018	NaN	NaN	65.951705	0.000000
266	Spectrogram 1	1	738.830000	738.920000	4000.000000	18000.000000	8000.000000	Sd-peep	8.502776	22.930262	NaN	NaN	45.038533	0.000000
267	Spectrogram 1	1	742.760000	742.840000	4000.000000	18000.000000	8000.000000	Sd-peep	7.975911	23.039504	NaN	NaN	57.246104	0.000000
268	Spectrogram 1	1	778.350000	778.410000	4000.000000	18000.000000	8000.000000	Sd-peep	7.355135	22.464843	NaN	NaN	35.599349	0.000000
269	Spectrogram 1	1	778.890000	778.950000	4000.000000	18000.000000	8000.000000	Sd-peep	8.100710	17.101122	NaN	NaN	54.183425	0.000000
270	Spectrogram 1	1	797.270000	797.330000	4000.000000	18000.000000	8000.000000	Sd-peep	7.251250	22.748192	NaN	NaN	44.405566	0.000000
271	Spectrogram 1	1	803.850000	803.900000	4000.000000	18000.000000	8000.000000	Twitter	10.956140	13.363806	NaN	NaN	34.851518	0.000000
272	Spectrogram 1	1	805.150000	805.240000	4000.000000	18000.000000	8000.000000	Sd-peep	9.955315	26.524154	NaN	NaN	69.701613	0.000000
273	Spectrogram 1	1	805.410000	805.440000	4000.000000	18000.000000	8000.000000	Trill	7.484028	8.787357	NaN	NaN	36.268199	0.000000
274	Spectrogram 1	1	805.710000	805.790000	4000.000000	18000.000000	8000.000000	Sd-peep	15.675315	28.615319	NaN	NaN	110.419360	0.000000
275	Spectrogram 1	1	806.030000	806.110000	4000.000000	18000.000000	8000.000000	Sd-peep	11.524426	23.071295	NaN	NaN	81.027395	0.000000
276	Spectrogram 1	1	806.650000	806.740000	4000.000000	18000.000000	8000.000000	Sd-peep	13.366683	24.160492	NaN	NaN	94.922040	0.000000
277	Spectrogram 1	1	807.020000	807.120000	4000.000000	18000.000000	8000.000000	Sd-peep	15.028580	25.600826	NaN	NaN	111.993795	0.000000
278	Spectrogram 1	1	810.110000	810.130000	4000.000000	18000.000000	8000.000000	Trill	10.272146	10.315033	NaN	NaN	41.654800	0.000000
279	Spectrogram 1	1	810.210000	810.240000	4000.000000	18000.000000	8000.000000	Twitter	11.453887	10.582806	NaN	NaN	44.748314	0.000000
280	Spectrogram 1	1	818.870000	818.910000	4000.000000	18000.000000	8000.000000	Trill	4.084681	6.410477	NaN	NaN	34.496256	0.000000
281	Spectrogram 1	1	839.270000	839.300000	4000.000000	18000.000000	8000.000000	Trill	5.558910	6.145351	NaN	NaN	31.638520	0.000000
282	Spectrogram 1	1	941.020000	941.050000	4000.000000	18000.000000	8000.000000	Phee	5.561816	8.717710	NaN	NaN	75.962237	0.000000
283	Spectrogram 1	1	962.620000	962.720000	4000.000000	18000.000000	8000.000000	Trill	5.708572	22.852176	NaN	NaN	57.276359	0.000000
284	Spectrogram 1	1	962.760000	963.190000	4000.000000	18000.000000	8000.000000	Trill	6.325720	15.067072	NaN	NaN	57.619179	0.000000
285	Spectrogram 1	1	968.180000	968.430000	4000.000000	18000.000000	8000.000000	Trill	11.075575	19.959934	NaN	NaN	93.889785	0.000000
286	Spectrogram 1	1	981.520000	981.590000	4000.000000	18000.000000	8000.000000	Sd-peep	8.083353	23.851099	NaN	NaN	52.827708	0.000000
287	Spectrogram 1	1	981.950000	982.270000	4000.000000	18000.000000	8000.000000	Trill	7.259013	22.581760	NaN	NaN	90.391211	0.000000
288	Spectrogram 1	1	982.380000	982.760000	4000.000000	18000.000000	8000.000000	Trill	10.133609	26.980374	NaN	NaN	112.870739	0.000000
289	Spectrogram 1	1	982.900000	983.350000	4000.000000	18000.000000	8000.000000	Trill	9.026631	24.374233	NaN	NaN	100.278413	0.000000
290	Spectrogram 1	1	983.440000	983.800000	4000.000000	18000.000000	8000.000000	Trill	11.703043	27.701438	NaN	NaN	110.821595	0.000000
291	Spectrogram 1	1	983.900000	984.140000	4000.000000	18000.000000	8000.000000	Trill	11.437678	26.773226	NaN	NaN	130.829995	0.000000
292	Spectrogram 1	1	984.250000	984.360000	4000.000000	18000.000000	8000.000000	Trill	8.026535	17.468569	NaN	NaN	108.480001	0.000000
293	Spectrogram 1	1	988.610000	988.720000	4000.000000	18000.000000	8000.000000	Phee	9.457605	9.041149	NaN	NaN	33.842453	0.000000
294	Spectrogram 1	1	1002.080000	1002.110000	4000.000000	18000.000000	8000.000000	Phee	4.777532	10.289857	NaN	NaN	56.484528	0.000000
295	Spectrogram 1	1	1024.220000	1024.260000	4000.000000	18000.000000	8000.000000	Trill	9.732290	9.315233	NaN	NaN	34.895030	0.000000
296	Spectrogram 1	1	1024.350000	1024.390000	4000.000000	18000.000000	8000.000000	Trill	8.885981	7.590302	NaN	NaN	32.545618	0.000000
297	Spectrogram 1	1	1036.970000	1037.000000	4000.000000	18000.000000	8000.000000	Phee	8.654000	8.759055	NaN	NaN	41.139753	0.000000
298	Spectrogram 1	1	1040.100000	1040.130000	4000.000000	18000.000000	8000.000000	Trill	8.959432	9.231240	NaN	NaN	34.602722	0.000000
299	Spectrogram 1	1	1152.580000	1152.630000	4000.000000	18000.000000	8000.000000	Trill	4.553485	10.632614	NaN	NaN	32.180948	0.000000
300	Spectrogram 1	1	1196.250000	1196.580000	4000.000000	18000.000000	8000.000000	Trill	11.397289	22.023429	NaN	NaN	105.403008	0.000000
301	Spectrogram 1	1	1196.700000	1197.050000	4000.000000	18000.000000	8000.000000	Trill	9.398212	21.410523	NaN	NaN	116.596190	0.000000
302	Spectrogram 1	1	1197.190000	1197.530000	4000.000000	18000.000000	8000.000000	Trill	10.301389	20.315588	NaN	NaN	130.325223	0.000000
303	Spectrogram 1	1	1197.660000	1197.920000	4000.000000	18000.000000	8000.000000	Trill	8.917027	20.117501	NaN	NaN	113.858024	0.000000
304	Spectrogram 1	1	1335.720000	1335.750000	4000.000000	18000.000000	8000.000000	Twitter	5.086567	6.120595	NaN	NaN	38.095472	0.000000
305	Spectrogram 1	1	1457.600000	1458.080000	4000.000000	18000.000000	8000.000000	Phee	5.204438	25.668462	NaN	NaN	112.473043	0.000000
306	Spectrogram 1	1	1462.400000	1462.430000	4000.000000	18000.000000	8000.000000	Trill	5.353520	8.416368	NaN	NaN	37.372332	0.000000
307	Spectrogram 1	1	1469.920000	1470.070000	4000.000000	18000.000000	8000.000000	Trill	9.799542	12.145253	NaN	NaN	28.566501	0.000000
308	Spectrogram 1	1	1476.990000	1477.040000	4000.000000	18000.000000	8000.000000	Twitter	4.240148	14.386458	NaN	NaN	38.619102	0.000000
309	Spectrogram 1	1	1477.130000	1477.180000	4000.000000	18000.000000	8000.000000	Twitter	5.792103	14.563860	NaN	NaN	43.252570	0.000000
310	Spectrogram 1	1	1477.260000	1477.340000	4000.000000	18000.000000	8000.000000	Twitter	4.128715	14.551267	NaN	NaN	39.827621	0.000000
311	Spectrogram 1	1	1477.380000	1477.440000	4000.000000	18000.000000	8000.000000	Twitter	4.489700	14.820455	NaN	NaN	40.206672	0.000000
312	Spectrogram 1	1	1477.510000	1477.570000	4000.000000	18000.000000	8000.000000	Twitter	5.102931	14.859487	NaN	NaN	47.269337	0.000000
313	Spectrogram 1	1	1477.630000	1477.680000	4000.000000	18000.000000	8000.000000	Twitter	5.170153	14.282632	NaN	NaN	44.094640	0.000000
314	Spectrogram 1	1	1481.680000	1481.730000	4000.000000	18000.000000	8000.000000	Trill	5.962720	9.471127	NaN	NaN	51.208570	0.000000
315	Spectrogram 1	1	1483.940000	1484.280000	4000.000000	18000.000000	8000.000000	Trill	4.847454	9.399969	NaN	NaN	36.406582	0.000000
316	Spectrogram 1	1	1485.510000	1485.530000	4000.000000	18000.000000	8000.000000	Trill	5.606149	9.992579	NaN	NaN	33.874508	0.000000
317	Spectrogram 1	1	1488.390000	1488.430000	4000.000000	18000.000000	8000.000000	Trill	5.808582	7.595135	NaN	NaN	34.507998	0.000000
318	Spectrogram 1	1	1492.950000	1492.980000	4000.000000	18000.000000	8000.000000	Trill	6.858134	12.771451	NaN	NaN	52.489281	0.000000
319	Spectrogram 1	1	1494.080000	1494.110000	4000.000000	18000.000000	8000.000000	Twitter	6.986486	16.189624	NaN	NaN	48.799998	0.000000
320	Spectrogram 1	1	1494.220000	1494.270000	4000.000000	18000.000000	8000.000000	Twitter	6.212088	16.760502	NaN	NaN	43.074032	0.000000
321	Spectrogram 1	1	1494.340000	1494.410000	4000.000000	18000.000000	8000.000000	Twitter	5.175075	14.568403	NaN	NaN	38.495976	0.000000
322	Spectrogram 1	1	1504.950000	1504.980000	4000.000000	18000.000000	8000.000000	Trill	7.378060	6.843188	NaN	NaN	30.308020	0.000000
323	Spectrogram 1	1	1512.810000	1512.840000	4000.000000	18000.000000	8000.000000	Trill	4.327461	12.852326	NaN	NaN	35.596571	0.000000
324	Spectrogram 1	1	1517.760000	1517.810000	4000.000000	18000.000000	8000.000000	Trill	4.607188	9.068935	NaN	NaN	41.800685	0.000000
325	Spectrogram 1	1	1517.890000	1517.950000	4000.000000	18000.000000	8000.000000	Trill	4.203814	7.522298	NaN	NaN	45.392819	0.000000
326	Spectrogram 1	1	1519.720000	1519.750000	4000.000000	18000.000000	8000.000000	Phee	4.588869	8.518887	NaN	NaN	42.136298	0.000000
327	Spectrogram 1	1	1672.150000	1672.370000	4000.000000	18000.000000	8000.000000	Trill	4.206869	16.177885	NaN	NaN	54.466362	0.000000
328	Spectrogram 1	1	1692.570000	1692.690000	4000.000000	18000.000000	8000.000000	Trill	12.264239	12.313193	NaN	NaN	31.268433	0.000000
329	Spectrogram 1	1	1760.940000	1761.540000	4000.000000	18000.000000	8000.000000	Trill	15.138420	28.864160	NaN	NaN	139.773142	0.000000
330	Spectrogram 1	1	1769.070000	1769.230000	4000.000000	18000.000000	8000.000000	Trill	4.739140	12.151900	NaN	NaN	63.282994	0.000000
331	Spectrogram 1	1	1769.620000	1769.670000	4000.000000	18000.000000	8000.000000	Twitter	5.598839	15.854261	NaN	NaN	41.575431	0.000000
332	Spectrogram 1	1	1804.930000	1805.010000	4000.000000	18000.000000	8000.000000	Trill	4.249211	7.217294	NaN	NaN	38.392958	0.000000
333	Spectrogram 1	1	1885.380000	1885.400000	4000.000000	18000.000000	8000.000000	Trill	9.301667	11.386240	NaN	NaN	48.817133	0.000000
334	Spectrogram 1	1	1906.440000	1907.890000	4000.000000	18000.000000	8000.000000	Twitter	11.410388	25.974644	NaN	NaN	107.947654	0.000000
335	Spectrogram 1	1	1908.030000	1908.600000	4000.000000	18000.000000	8000.000000	Trill	11.382037	30.000000	NaN	NaN	128.558672	0.000000
336	Spectrogram 1	1	1908.750000	1909.220000	4000.000000	18000.000000	8000.000000	Trill	10.229863	27.625974	NaN	NaN	126.614643	0.000000
337	Spectrogram 1	1	1910.450000	1910.520000	4000.000000	18000.000000	8000.000000	Trill	12.136623	14.210322	NaN	NaN	36.877795	0.000000
338	Spectrogram 1	1	1921.460000	1921.480000	4000.000000	18000.000000	8000.000000	Twitter	7.126711	8.801552	NaN	NaN	29.274462	0.000000
339	Spectrogram 1	1	1921.740000	1921.810000	4000.000000	18000.000000	8000.000000	Trillphee	9.458961	13.442405	NaN	NaN	28.659869	0.000000
340	Spectrogram 1	1	1928.660000	1928.690000	4000.000000	18000.000000	8000.000000	Phee	7.646058	8.700264	NaN	NaN	29.344357	0.000000
341	Spectrogram 1	1	2054.520000	2054.540000	4000.000000	18000.000000	8000.000000	Sd-peep	6.398022	11.915860	NaN	NaN	31.398763	0.000000
342	Spectrogram 1	1	2074.670000	2074.700000	4000.000000	18000.000000	8000.000000	Trill	8.228965	8.370833	NaN	NaN	54.260328	0.000000
343	Spectrogram 1	1	2075.870000	2075.910000	4000.000000	18000.000000	8000.000000	Phee	7.911125	9.506584	NaN	NaN	30.065679	0.000000
344	Spectrogram 1	1	2089.990000	2090.660000	4000.000000	18000.000000	8000.000000	Trill	10.843472	22.062500	NaN	NaN	105.261332	0.000000
345	Spectrogram 1	1	2167.160000	2167.500000	4000.000000	18000.000000	8000.000000	Trill	6.061517	13.827593	NaN	NaN	59.294999	0.000000
346	Spectrogram 1	1	2180.270000	2180.290000	4000.000000	18000.000000	8000.000000	Twitter	6.001476	6.584255	NaN	NaN	35.495891	0.000000
347	Spectrogram 1	1	2211.490000	2212.910000	4000.000000	18000.000000	8000.000000	Trillphee	10.124334	32.794567	NaN	NaN	116.301141	0.000000
348	Spectrogram 1	1	2213.150000	2213.200000	4000.000000	18000.000000	8000.000000	Trill	10.220169	15.171204	NaN	NaN	109.526050	0.000000
349	Spectrogram 1	1	2221.450000	2221.500000	4000.000000	18000.000000	8000.000000	Phee	6.520928	8.119331	NaN	NaN	31.645153	0.000000
350	Spectrogram 1	1	2221.670000	2221.690000	4000.000000	18000.000000	8000.000000	Phee	4.090991	8.842521	NaN	NaN	50.001719	0.000000
351	Spectrogram 1	1	2223.240000	2223.390000	4000.000000	18000.000000	8000.000000	Sd-peep	6.571190	21.369373	NaN	NaN	35.835660	0.000000
352	Spectrogram 1	1	2225.940000	2226.070000	4000.000000	18000.000000	8000.000000	Sd-peep	7.987352	27.928227	NaN	NaN	50.200558	0.000000
353	Spectrogram 1	1	2226.380000	2226.500000	4000.000000	18000.000000	8000.000000	Sd-peep	9.377874	24.864748	NaN	NaN	84.748856	0.000000
354	Spectrogram 1	1	2226.690000	2226.780000	4000.000000	18000.000000	8000.000000	Sd-peep	9.246560	18.717140	NaN	NaN	82.180422	0.000000
355	Spectrogram 1	1	2227.710000	2227.760000	4000.000000	18000.000000	8000.000000	Trill	4.744313	7.794562	NaN	NaN	40.193641	0.000000
356	Spectrogram 1	1	2272.490000	2272.540000	4000.000000	18000.000000	8000.000000	Trill	5.647520	8.205590	NaN	NaN	48.781103	0.000000
357	Spectrogram 1	1	2282.940000	2282.960000	4000.000000	18000.000000	8000.000000	Trill	5.879282	8.749651	NaN	NaN	33.778807	0.000000
358	Spectrogram 1	1	2283.390000	2283.480000	4000.000000	18000.000000	8000.000000	Trill	5.374320	8.713471	NaN	NaN	31.679649	0.000000
359	Spectrogram 1	1	2285.370000	2285.410000	4000.000000	18000.000000	8000.000000	Trill	4.035553	10.988206	NaN	NaN	44.432706	0.000000
360	Spectrogram 1	1	2292.230000	2292.670000	4000.000000	18000.000000	8000.000000	Trill	5.180924	10.199045	NaN	NaN	32.557041	0.000000
361	Spectrogram 1	1	2292.770000	2292.840000	4000.000000	18000.000000	8000.000000	Trill	4.101159	8.687208	NaN	NaN	50.827758	0.000000
362	Spectrogram 1	1	2351.190000	2351.230000	4000.000000	18000.000000	8000.000000	Trill	7.124684	10.553746	NaN	NaN	36.457645	0.000000
363	Spectrogram 1	1	2364.980000	2365.000000	4000.000000	18000.000000	8000.000000	Twitter	4.572788	9.238097	NaN	NaN	41.360616	0.000000
364	Spectrogram 1	1	2367.120000	2367.180000	4000.000000	18000.000000	8000.000000	Twitter	5.080474	16.359268	NaN	NaN	37.444703	0.000000
365	Spectrogram 1	1	2370.050000	2370.070000	4000.000000	18000.000000	8000.000000	Sd-peep	4.816560	18.076262	NaN	NaN	50.947532	0.000000
366	Spectrogram 1	1	2376.690000	2377.050000	4000.000000	18000.000000	8000.000000	Trill	4.480062	8.908668	NaN	NaN	33.715277	0.000000
367	Spectrogram 1	1	2377.150000	2377.260000	4000.000000	18000.000000	8000.000000	Trill	7.683330	11.875073	NaN	NaN	38.985151	0.000000
368	Spectrogram 1	1	2382.210000	2382.250000	4000.000000	18000.000000	8000.000000	Sd-peep	5.624247	19.665218	NaN	NaN	66.695701	0.000000
369	Spectrogram 1	1	2382.350000	2382.400000	4000.000000	18000.000000	8000.000000	Twitter	5.977550	15.765391	NaN	NaN	42.236855	0.000000
370	Spectrogram 1	1	2382.490000	2382.550000	4000.000000	18000.000000	8000.000000	Twitter	6.032401	16.561952	NaN	NaN	36.800594	0.000000
371	Spectrogram 1	1	2382.630000	2382.680000	4000.000000	18000.000000	8000.000000	Twitter	5.375626	11.691528	NaN	NaN	42.849048	0.000000
372	Spectrogram 1	1	2383.140000	2383.190000	4000.000000	18000.000000	8000.000000	Trill	4.345439	11.177788	NaN	NaN	32.528882	0.000000
373	Spectrogram 1	1	2387.240000	2387.890000	4000.000000	18000.000000	8000.000000	Trill	5.271068	11.017304	NaN	NaN	35.774957	0.000000
374	Spectrogram 1	1	2407.730000	2407.780000	4000.000000	18000.000000	8000.000000	Trill	5.257662	6.190924	NaN	NaN	35.959516	0.000000
375	Spectrogram 1	1	2413.880000	2413.910000	4000.000000	18000.000000	8000.000000	Sd-peep	4.205618	21.403653	NaN	NaN	53.733493	0.000000
376	Spectrogram 1	1	2414.000000	2414.050000	4000.000000	18000.000000	8000.000000	Twitter	4.488831	16.984847	NaN	NaN	37.826349	0.000000
377	Spectrogram 1	1	2414.140000	2414.190000	4000.000000	18000.000000	8000.000000	Twitter	5.496569	16.620058	NaN	NaN	37.923098	0.000000
378	Spectrogram 1	1	2417.480000	2417.500000	4000.000000	18000.000000	8000.000000	Twitter	6.760314	10.397315	NaN	NaN	64.980998	0.000000
379	Spectrogram 1	1	2444.960000	2445.180000	4000.000000	18000.000000	8000.000000	Trill	4.208424	10.975290	NaN	NaN	33.349810	0.000000
380	Spectrogram 1	1	2465.100000	2465.190000	4000.000000	18000.000000	8000.000000	Trill	4.702427	7.277379	NaN	NaN	37.620858	0.000000
381	Spectrogram 1	1	2473.080000	2473.110000	4000.000000	18000.000000	8000.000000	Sd-peep	4.501800	13.146263	NaN	NaN	39.613669	0.000000
382	Spectrogram 1	1	2476.730000	2476.770000	4000.000000	18000.000000	8000.000000	Twitter	4.946887	15.880474	NaN	NaN	43.330653	0.000000
383	Spectrogram 1	1	2479.320000	2479.410000	4000.000000	18000.000000	8000.000000	Trill	4.283713	12.053251	NaN	NaN	39.055793	0.000000
384	Spectrogram 1	1	2488.210000	2488.650000	4000.000000	18000.000000	8000.000000	Trill	6.232657	9.884191	NaN	NaN	29.729352	0.000000
385	Spectrogram 1	1	2494.540000	2494.560000	4000.000000	18000.000000	8000.000000	Phee	4.664380	7.091413	NaN	NaN	34.117459	0.000000
386	Spectrogram 1	1	2528.430000	2528.470000	4000.000000	18000.000000	8000.000000	Trill	4.568246	7.961093	NaN	NaN	44.011309	0.000000
387	Spectrogram 1	1	2547.430000	2547.460000	4000.000000	18000.000000	8000.000000	Trill	4.425204	11.736348	NaN	NaN	72.731162	0.000000
388	Spectrogram 1	1	2548.260000	2548.290000	4000.000000	18000.000000	8000.000000	Sd-peep	5.269908	19.279471	NaN	NaN	54.597668	0.000000
389	Spectrogram 1	1	2548.390000	2548.440000	4000.000000	18000.000000	8000.000000	Twitter	5.951062	14.113841	NaN	NaN	44.005392	0.000000
390	Spectrogram 1	1	2548.550000	2548.610000	4000.000000	18000.000000	8000.000000	Twitter	5.424194	13.986465	NaN	NaN	36.091915	0.000000
391	Spectrogram 1	1	2548.670000	2548.730000	4000.000000	18000.000000	8000.000000	Twitter	5.607909	14.548982	NaN	NaN	34.501029	0.000000
392	Spectrogram 1	1	2548.790000	2548.860000	4000.000000	18000.000000	8000.000000	Twitter	4.159387	13.449252	NaN	NaN	35.578737	0.000000
393	Spectrogram 1	1	2548.920000	2548.990000	4000.000000	18000.000000	8000.000000	Twitter	5.282551	14.381304	NaN	NaN	44.456401	0.000000
394	Spectrogram 1	1	2549.050000	2549.120000	4000.000000	18000.000000	8000.000000	Twitter	4.754672	13.225339	NaN	NaN	47.055218	0.000000
395	Spectrogram 1	1	2549.190000	2549.250000	4000.000000	18000.000000	8000.000000	Twitter	6.379848	13.573217	NaN	NaN	50.288650	0.000000
396	Spectrogram 1	1	2690.370000	2690.400000	4000.000000	18000.000000	8000.000000	Trill	6.527686	8.056699	NaN	NaN	37.630096	0.000000
397	Spectrogram 1	1	2690.540000	2691.550000	4000.000000	18000.000000	8000.000000	Twitter	10.167243	24.752383	NaN	NaN	43.495560	0.000000
398	Spectrogram 1	1	2694.700000	2694.760000	4000.000000	18000.000000	8000.000000	Twitter	4.711505	15.344198	NaN	NaN	32.819027	0.000000
399	Spectrogram 1	1	2695.490000	2695.540000	4000.000000	18000.000000	8000.000000	Twitter	4.931271	14.532763	NaN	NaN	34.601878	0.000000
400	Spectrogram 1	1	2696.660000	2697.010000	4000.000000	18000.000000	8000.000000	Trill	6.277120	12.343222	NaN	NaN	29.595074	0.000000
401	Spectrogram 1	1	2700.690000	2701.360000	4000.000000	18000.000000	8000.000000	Trill	5.597050	12.108027	NaN	NaN	33.159420	0.000000
402	Spectrogram 1	1	2702.120000	2702.200000	4000.000000	18000.000000	8000.000000	Trill	4.468894	15.686533	NaN	NaN	38.559794	0.000000
403	Spectrogram 1	1	2703.680000	2703.740000	4000.000000	18000.000000	8000.000000	Twitter	5.782351	17.092828	NaN	NaN	56.909531	0.000000
404	Spectrogram 1	1	2703.850000	2704.420000	4000.000000	18000.000000	8000.000000	Trill	6.208570	13.685534	NaN	NaN	30.084060	0.000000
405	Spectrogram 1	1	2705.040000	2705.090000	4000.000000	18000.000000	8000.000000	Sd-peep	6.063015	18.806086	NaN	NaN	63.040667	0.000000
406	Spectrogram 1	1	2705.180000	2705.230000	4000.000000	18000.000000	8000.000000	Twitter	6.729624	18.917622	NaN	NaN	38.787690	0.000000
407	Spectrogram 1	1	2705.320000	2705.380000	4000.000000	18000.000000	8000.000000	Twitter	4.973611	17.902549	NaN	NaN	34.893003	0.000000
408	Spectrogram 1	1	2705.450000	2705.510000	4000.000000	18000.000000	8000.000000	Twitter	5.633039	17.838214	NaN	NaN	35.682644	0.000000
409	Spectrogram 1	1	2705.580000	2705.660000	4000.000000	18000.000000	8000.000000	Twitter	5.186065	17.150550	NaN	NaN	33.168738	0.000000
410	Spectrogram 1	1	2705.710000	2705.780000	4000.000000	18000.000000	8000.000000	Twitter	6.154591	18.461893	NaN	NaN	35.936604	0.000000
411	Spectrogram 1	1	2705.840000	2705.920000	4000.000000	18000.000000	8000.000000	Twitter	5.489367	17.001168	NaN	NaN	33.700372	0.000000
412	Spectrogram 1	1	2705.970000	2706.050000	4000.000000	18000.000000	8000.000000	Twitter	5.565501	16.747169	NaN	NaN	34.845375	0.000000
413	Spectrogram 1	1	2706.100000	2706.180000	4000.000000	18000.000000	8000.000000	Twitter	5.600791	15.560297	NaN	NaN	31.924938	0.000000
414	Spectrogram 1	1	2706.220000	2706.310000	4000.000000	18000.000000	8000.000000	Trill	4.905875	12.088187	NaN	NaN	40.444795	0.000000
415	Spectrogram 1	1	2709.420000	2709.460000	4000.000000	18000.000000	8000.000000	Trill	5.289287	12.820031	NaN	NaN	42.587073	0.000000
416	Spectrogram 1	1	2710.400000	2710.440000	4000.000000	18000.000000	8000.000000	Sd-peep	4.690841	20.664586	NaN	NaN	37.327748	0.000000
417	Spectrogram 1	1	2719.480000	2719.580000	4000.000000	18000.000000	8000.000000	Trill	7.418878	12.790503	NaN	NaN	40.682422	0.000000
418	Spectrogram 1	1	2719.750000	2719.790000	4000.000000	18000.000000	8000.000000	Twitter	4.861566	10.808130	NaN	NaN	44.413848	0.000000
419	Spectrogram 1	1	2720.860000	2721.230000	4000.000000	18000.000000	8000.000000	Trill	6.202476	10.002740	NaN	NaN	35.966450	0.000000
420	Spectrogram 1	1	2722.160000	2722.220000	4000.000000	18000.000000	8000.000000	Trill	5.391196	11.507419	NaN	NaN	52.034721	0.000000
421	Spectrogram 1	1	2722.440000	2722.710000	4000.000000	18000.000000	8000.000000	Trill	6.552512	10.542095	NaN	NaN	34.025063	0.000000
422	Spectrogram 1	1	2722.750000	2722.890000	4000.000000	18000.000000	8000.000000	Trill	7.565208	12.431428	NaN	NaN	38.841185	0.000000
423	Spectrogram 1	1	2724.300000	2724.370000	4000.000000	18000.000000	8000.000000	Trillphee	5.233720	11.045592	NaN	NaN	75.208451	0.000000
424	Spectrogram 1	1	2725.150000	2725.480000	4000.000000	18000.000000	8000.000000	Trill	15.349014	27.698410	NaN	NaN	139.456646	0.000000
425	Spectrogram 1	1	2730.320000	2730.870000	4000.000000	18000.000000	8000.000000	Trill	6.071573	11.626714	NaN	NaN	30.848647	0.000000
426	Spectrogram 1	1	2732.020000	2732.090000	4000.000000	18000.000000	8000.000000	Trill	4.602226	13.504869	NaN	NaN	38.919822	0.000000
427	Spectrogram 1	1	2733.150000	2733.210000	4000.000000	18000.000000	8000.000000	Sd-peep	5.340688	22.853987	NaN	NaN	72.245323	0.000000
428	Spectrogram 1	1	2733.280000	2733.340000	4000.000000	18000.000000	8000.000000	Twitter	5.527810	16.347634	NaN	NaN	36.984355	0.000000
429	Spectrogram 1	1	2733.430000	2733.500000	4000.000000	18000.000000	8000.000000	Twitter	4.867386	16.878768	NaN	NaN	36.710158	0.000000
430	Spectrogram 1	1	2733.570000	2733.640000	4000.000000	18000.000000	8000.000000	Twitter	5.245671	17.143711	NaN	NaN	36.824997	0.000000
431	Spectrogram 1	1	2733.700000	2733.780000	4000.000000	18000.000000	8000.000000	Twitter	5.021486	16.444535	NaN	NaN	33.436646	0.000000
432	Spectrogram 1	1	2734.100000	2734.170000	4000.000000	18000.000000	8000.000000	Twitter	4.407349	16.326886	NaN	NaN	36.326350	0.000000
433	Spectrogram 1	1	2734.510000	2734.590000	4000.000000	18000.000000	8000.000000	Twitter	4.648548	15.090564	NaN	NaN	42.032492	0.000000
434	Spectrogram 1	1	2734.650000	2734.720000	4000.000000	18000.000000	8000.000000	Trill	4.173242	13.399420	NaN	NaN	51.696662	0.000000
435	Spectrogram 1	1	2734.780000	2734.840000	4000.000000	18000.000000	8000.000000	Trill	4.099513	7.701686	NaN	NaN	38.382201	0.000000
436	Spectrogram 1	1	2735.590000	2735.640000	4000.000000	18000.000000	8000.000000	Sd-peep	5.352705	17.789952	NaN	NaN	31.583766	0.000000
437	Spectrogram 1	1	2736.370000	2736.430000	4000.000000	18000.000000	8000.000000	Trill	4.879670	13.017875	NaN	NaN	52.685124	0.000000
438	Spectrogram 1	1	2742.200000	2742.250000	4000.000000	18000.000000	8000.000000	Phee	5.138040	11.991123	NaN	NaN	50.357105	0.000000
439	Spectrogram 1	1	2748.850000	2748.900000	4000.000000	18000.000000	8000.000000	Trill	5.299804	12.735343	NaN	NaN	45.652988	0.000000
440	Spectrogram 1	1	2750.490000	2750.750000	4000.000000	18000.000000	8000.000000	Trill	6.358220	14.236789	NaN	NaN	31.093517	0.000000
441	Spectrogram 1	1	2751.630000	2751.690000	4000.000000	18000.000000	8000.000000	Twitter	5.420231	17.260753	NaN	NaN	43.742376	0.000000
442	Spectrogram 1	1	2751.760000	2751.830000	4000.000000	18000.000000	8000.000000	Twitter	5.104610	16.674203	NaN	NaN	38.604831	0.000000
443	Spectrogram 1	1	2751.900000	2751.970000	4000.000000	18000.000000	8000.000000	Twitter	4.964857	16.942774	NaN	NaN	39.397626	0.000000
444	Spectrogram 1	1	2752.030000	2752.110000	4000.000000	18000.000000	8000.000000	Twitter	5.426900	16.103180	NaN	NaN	40.430954	0.000000
445	Spectrogram 1	1	2752.170000	2752.240000	4000.000000	18000.000000	8000.000000	Twitter	5.815649	16.496822	NaN	NaN	35.522447	0.000000
446	Spectrogram 1	1	2752.300000	2752.380000	4000.000000	18000.000000	8000.000000	Twitter	4.811295	15.149226	NaN	NaN	37.061635	0.000000
447	Spectrogram 1	1	2752.440000	2752.520000	4000.000000	18000.000000	8000.000000	Twitter	4.533053	14.591012	NaN	NaN	38.977861	0.000000
448	Spectrogram 1	1	2752.570000	2752.660000	4000.000000	18000.000000	8000.000000	Twitter	4.075128	13.929428	NaN	NaN	39.227231	0.000000
449	Spectrogram 1	1	2753.590000	2753.620000	4000.000000	18000.000000	8000.000000	Twitter	6.685947	17.503977	NaN	NaN	72.612593	0.000000
450	Spectrogram 1	1	2753.910000	2754.420000	4000.000000	18000.000000	8000.000000	Trill	6.716057	12.399446	NaN	NaN	31.721774	0.000000
451	Spectrogram 1	1	2764.820000	2765.440000	4000.000000	18000.000000	8000.000000	Trill	8.070120	16.143719	NaN	NaN	29.063625	0.000000
452	Spectrogram 1	1	2765.930000	2766.140000	4000.000000	18000.000000	8000.000000	Trill	4.369024	8.431583	NaN	NaN	35.109369	0.000000
453	Spectrogram 1	1	2766.640000	2767.300000	4000.000000	18000.000000	8000.000000	Trill	7.086024	15.439554	NaN	NaN	29.491413	0.000000
454	Spectrogram 1	1	2767.890000	2767.980000	4000.000000	18000.000000	8000.000000	Trill	4.460097	12.216769	NaN	NaN	43.592616	0.000000
455	Spectrogram 1	1	2768.060000	2768.110000	4000.000000	18000.000000	8000.000000	Twitter	6.396892	24.281338	NaN	NaN	68.914921	0.000000
456	Spectrogram 1	1	2768.190000	2768.250000	4000.000000	18000.000000	8000.000000	Twitter	5.049018	16.466900	NaN	NaN	31.239883	0.000000
457	Spectrogram 1	1	2768.350000	2768.400000	4000.000000	18000.000000	8000.000000	Twitter	5.360316	18.524404	NaN	NaN	37.751738	0.000000
458	Spectrogram 1	1	2768.480000	2768.560000	4000.000000	18000.000000	8000.000000	Twitter	4.337297	16.263796	NaN	NaN	34.739485	0.000000
459	Spectrogram 1	1	2768.610000	2768.680000	4000.000000	18000.000000	8000.000000	Twitter	4.480058	15.813883	NaN	NaN	33.558254	0.000000
460	Spectrogram 1	1	2768.750000	2768.810000	4000.000000	18000.000000	8000.000000	Twitter	5.825134	17.387315	NaN	NaN	34.625081	0.000000
461	Spectrogram 1	1	2768.880000	2768.940000	4000.000000	18000.000000	8000.000000	Twitter	4.302647	14.726328	NaN	NaN	32.727368	0.000000
462	Spectrogram 1	1	2776.440000	2776.480000	4000.000000	18000.000000	8000.000000	Phee	5.739454	8.483657	NaN	NaN	59.193638	0.000000
463	Spectrogram 1	1	2780.290000	2780.700000	4000.000000	18000.000000	8000.000000	Trill	5.539590	11.298355	NaN	NaN	31.177678	0.000000
464	Spectrogram 1	1	2785.980000	2786.020000	4000.000000	18000.000000	8000.000000	Trill	6.679970	14.329352	NaN	NaN	34.634846	0.000000
465	Spectrogram 1	1	2788.380000	2788.400000	4000.000000	18000.000000	8000.000000	Sd-peep	4.056443	11.263485	NaN	NaN	39.322983	0.000000
466	Spectrogram 1	1	2790.190000	2790.220000	4000.000000	18000.000000	8000.000000	Trill	5.067532	9.824117	NaN	NaN	39.390096	0.000000
467	Spectrogram 1	1	2793.980000	2794.090000	4000.000000	18000.000000	8000.000000	Trill	4.366981	9.631532	NaN	NaN	32.964719	0.000000
468	Spectrogram 1	1	2800.000000	2800.040000	4000.000000	18000.000000	8000.000000	Trill	5.555076	16.242624	NaN	NaN	39.175906	0.000000
469	Spectrogram 1	1	2800.190000	2800.270000	4000.000000	18000.000000	8000.000000	Trill	7.174134	11.454677	NaN	NaN	32.222928	0.000000
470	Spectrogram 1	1	2800.330000	2800.350000	4000.000000	18000.000000	8000.000000	Sd-peep	6.293621	9.750390	NaN	NaN	32.500201	0.000000
471	Spectrogram 1	1	2800.390000	2800.720000	4000.000000	18000.000000	8000.000000	Trill	7.187519	14.340091	NaN	NaN	37.813186	0.000000
472	Spectrogram 1	1	2802.390000	2802.530000	4000.000000	18000.000000	8000.000000	Trill	4.287998	9.109200	NaN	NaN	46.886776	0.000000
473	Spectrogram 1	1	2802.810000	2802.850000	4000.000000	18000.000000	8000.000000	Phee	6.686476	9.096941	NaN	NaN	40.861607	0.000000
474	Spectrogram 1	1	2803.800000	2803.880000	4000.000000	18000.000000	8000.000000	Trill	5.226017	13.760306	NaN	NaN	49.835529	0.000000
475	Spectrogram 1	1	2804.430000	2805.570000	4000.000000	18000.000000	8000.000000	Phee	7.012320	30.000000	NaN	NaN	51.184004	0.000000
476	Spectrogram 1	1	2805.650000	2805.800000	4000.000000	18000.000000	8000.000000	Twitter	5.154935	21.231794	NaN	NaN	80.611599	0.000000
477	Spectrogram 1	1	2806.320000	2807.200000	4000.000000	18000.000000	8000.000000	Phee	7.604147	30.000000	NaN	NaN	41.530020	0.000000
478	Spectrogram 1	1	2807.350000	2808.220000	4000.000000	18000.000000	8000.000000	Phee	9.603749	29.567525	NaN	NaN	41.486732	0.000000
479	Spectrogram 1	1	2808.490000	2809.330000	4000.000000	18000.000000	8000.000000	Phee	7.161658	29.861969	NaN	NaN	49.456926	0.000000
480	Spectrogram 1	1	2809.820000	2810.240000	4000.000000	18000.000000	8000.000000	Trill	7.400823	15.036430	NaN	NaN	30.840061	0.000000
481	Spectrogram 1	1	2814.350000	2814.850000	4000.000000	18000.000000	8000.000000	Trill	6.568221	11.800303	NaN	NaN	31.462494	0.000000
482	Spectrogram 1	1	2814.990000	2815.070000	4000.000000	18000.000000	8000.000000	Trill	5.445025	10.970805	NaN	NaN	54.228315	0.000000
483	Spectrogram 1	1	2815.770000	2815.800000	4000.000000	18000.000000	8000.000000	Sd-peep	7.532188	24.600715	NaN	NaN	65.338936	0.000000
484	Spectrogram 1	1	2815.890000	2815.930000	4000.000000	18000.000000	8000.000000	Twitter	5.517071	16.412984	NaN	NaN	36.946051	0.000000
485	Spectrogram 1	1	2816.030000	2816.090000	4000.000000	18000.000000	8000.000000	Twitter	4.420581	15.870352	NaN	NaN	34.962860	0.000000
486	Spectrogram 1	1	2816.150000	2816.220000	4000.000000	18000.000000	8000.000000	Twitter	5.620147	15.963770	NaN	NaN	39.015866	0.000000
487	Spectrogram 1	1	2816.280000	2816.330000	4000.000000	18000.000000	8000.000000	Twitter	6.611792	17.271132	NaN	NaN	35.987078	0.000000
488	Spectrogram 1	1	2816.400000	2816.460000	4000.000000	18000.000000	8000.000000	Twitter	5.377858	16.516702	NaN	NaN	36.284900	0.000000
489	Spectrogram 1	1	2816.530000	2816.600000	4000.000000	18000.000000	8000.000000	Twitter	5.284611	15.715173	NaN	NaN	36.776251	0.000000
490	Spectrogram 1	1	2816.660000	2816.730000	4000.000000	18000.000000	8000.000000	Twitter	5.805789	16.326410	NaN	NaN	34.557637	0.000000
491	Spectrogram 1	1	2816.790000	2816.860000	4000.000000	18000.000000	8000.000000	Trill	5.569659	15.895958	NaN	NaN	38.024162	0.000000
492	Spectrogram 1	1	2816.910000	2816.980000	4000.000000	18000.000000	8000.000000	Trill	5.566291	14.436131	NaN	NaN	40.595061	0.000000
493	Spectrogram 1	1	2817.050000	2817.120000	4000.000000	18000.000000	8000.000000	Trill	4.350036	11.223408	NaN	NaN	38.148926	0.000000
494	Spectrogram 1	1	2820.020000	2820.630000	4000.000000	18000.000000	8000.000000	Trill	5.478274	11.943019	NaN	NaN	31.512120	0.000000
495	Spectrogram 1	1	2830.150000	2830.470000	4000.000000	18000.000000	8000.000000	Trill	7.247584	14.974264	NaN	NaN	36.267227	0.000000
496	Spectrogram 1	1	2832.350000	2832.630000	4000.000000	18000.000000	8000.000000	Trill	7.113129	11.410139	NaN	NaN	41.579529	0.000000
497	Spectrogram 1	1	2832.680000	2832.740000	4000.000000	18000.000000	8000.000000	Trill	4.617902	11.111150	NaN	NaN	31.271303	0.000000
498	Spectrogram 1	1	2833.230000	2833.280000	4000.000000	18000.000000	8000.000000	Trill	4.146762	10.613458	NaN	NaN	38.544997	0.000000
499	Spectrogram 1	1	2839.940000	2839.980000	4000.000000	18000.000000	8000.000000	Trill	4.681847	12.284073	NaN	NaN	47.009889	0.000000
500	Spectrogram 1	1	2842.820000	2842.850000	4000.000000	18000.000000	8000.000000	Trill	4.881856	10.029276	NaN	NaN	35.734434	0.000000
501	Spectrogram 1	1	2844.010000	2844.070000	4000.000000	18000.000000	8000.000000	Twitter	5.328712	18.312283	NaN	NaN	34.748071	0.000000
502	Spectrogram 1	1	2844.290000	2844.370000	4000.000000	18000.000000	8000.000000	Twitter	4.796185	17.786217	NaN	NaN	30.897239	0.000000
503	Spectrogram 1	1	2844.560000	2844.660000	4000.000000	18000.000000	8000.000000	Twitter	4.733421	16.540670	NaN	NaN	32.024832	0.000000
504	Spectrogram 1	1	2844.710000	2844.800000	4000.000000	18000.000000	8000.000000	Twitter	4.781081	17.011119	NaN	NaN	31.859458	0.000000
505	Spectrogram 1	1	2853.090000	2853.210000	4000.000000	18000.000000	8000.000000	Twitter	4.289573	15.252363	NaN	NaN	38.273860	0.000000
506	Spectrogram 1	1	2854.400000	2855.890000	4000.000000	18000.000000	8000.000000	Trill	5.274556	18.012331	NaN	NaN	32.355311	0.000000
507	Spectrogram 1	1	2856.170000	2856.270000	4000.000000	18000.000000	8000.000000	Trill	8.901818	14.150141	NaN	NaN	54.378510	0.000000
508	Spectrogram 1	1	2867.920000	2868.010000	4000.000000	18000.000000	8000.000000	Twitter	4.322122	15.519549	NaN	NaN	38.619918	0.000000
509	Spectrogram 1	1	2868.100000	2868.700000	4000.000000	18000.000000	8000.000000	Trill	5.269093	13.532560	NaN	NaN	30.576753	0.000000
510	Spectrogram 1	1	2891.470000	2891.530000	4000.000000	18000.000000	8000.000000	Twitter	5.856516	12.782913	NaN	NaN	44.542323	0.000000
511	Spectrogram 1	1	2892.570000	2892.620000	4000.000000	18000.000000	8000.000000	Trill	5.607089	12.077645	NaN	NaN	33.581457	0.000000
512	Spectrogram 1	1	2892.770000	2893.370000	4000.000000	18000.000000	8000.000000	Trill	7.376455	13.642898	NaN	NaN	35.416404	0.000000
513	Spectrogram 1	1	2894.270000	2894.340000	4000.000000	18000.000000	8000.000000	Trill	5.155479	16.208300	NaN	NaN	51.298509	0.000000
514	Spectrogram 1	1	2894.510000	2895.170000	4000.000000	18000.000000	8000.000000	Trill	7.444775	14.609906	NaN	NaN	35.697190	0.000000
515	Spectrogram 1	1	2895.720000	2896.320000	4000.000000	18000.000000	8000.000000	Trill	7.082776	13.273679	NaN	NaN	32.058190	0.000000
516	Spectrogram 1	1	2897.720000	2898.050000	4000.000000	18000.000000	8000.000000	Trill	5.269563	13.414376	NaN	NaN	39.344341	0.000000
517	Spectrogram 1	1	2900.590000	2900.640000	4000.000000	18000.000000	8000.000000	Trill	4.192104	9.756440	NaN	NaN	49.581202	0.000000
518	Spectrogram 1	1	2901.030000	2901.060000	4000.000000	18000.000000	8000.000000	Trill	4.733429	12.037327	NaN	NaN	39.561369	0.000000
519	Spectrogram 1	1	2901.500000	2901.840000	4000.000000	18000.000000	8000.000000	Trill	4.715319	7.993338	NaN	NaN	33.942411	0.000000
520	Spectrogram 1	1	2903.000000	2903.020000	4000.000000	18000.000000	8000.000000	Sd-peep	5.993347	11.345514	NaN	NaN	37.052816	0.000000
521	Spectrogram 1	1	2913.100000	2913.850000	4000.000000	18000.000000	8000.000000	Trill	7.268554	14.427080	NaN	NaN	31.457402	0.000000
522	Spectrogram 1	1	2915.680000	2916.090000	4000.000000	18000.000000	8000.000000	Trill	4.419264	22.145905	NaN	NaN	80.190090	0.000000
523	Spectrogram 1	1	2921.570000	2921.940000	4000.000000	18000.000000	8000.000000	Trill	4.269242	9.888109	NaN	NaN	46.510405	0.000000
524	Spectrogram 1	1	2922.060000	2922.100000	4000.000000	18000.000000	8000.000000	Sd-peep	6.482489	26.006569	NaN	NaN	60.134081	0.000000
525	Spectrogram 1	1	2922.220000	2922.280000	4000.000000	18000.000000	8000.000000	Twitter	4.204365	16.424239	NaN	NaN	36.094882	0.000000
526	Spectrogram 1	1	2922.380000	2922.450000	4000.000000	18000.000000	8000.000000	Twitter	5.881557	19.115172	NaN	NaN	36.949150	0.000000
527	Spectrogram 1	1	2922.520000	2922.590000	4000.000000	18000.000000	8000.000000	Twitter	4.625203	18.377157	NaN	NaN	35.706862	0.000000
528	Spectrogram 1	1	2923.060000	2923.130000	4000.000000	18000.000000	8000.000000	Twitter	4.977161	18.347046	NaN	NaN	31.921628	0.000000
529	Spectrogram 1	1	2926.150000	2926.380000	4000.000000	18000.000000	8000.000000	Trill	5.034723	9.764152	NaN	NaN	54.206655	0.000000
530	Spectrogram 1	1	2926.840000	2926.910000	4000.000000	18000.000000	8000.000000	Twitter	4.673378	13.493801	NaN	NaN	48.232881	0.000000
531	Spectrogram 1	1	2928.440000	2928.530000	4000.000000	18000.000000	8000.000000	Trill	4.209307	12.760535	NaN	NaN	44.407547	0.000000
532	Spectrogram 1	1	2928.680000	2928.740000	4000.000000	18000.000000	8000.000000	Trill	4.617410	10.658643	NaN	NaN	38.814584	0.000000
533	Spectrogram 1	1	2928.930000	2929.470000	4000.000000	18000.000000	8000.000000	Trill	6.969881	13.827693	NaN	NaN	31.301426	0.000000
534	Spectrogram 1	1	2929.850000	2929.970000	4000.000000	18000.000000	8000.000000	Trill	4.778036	9.539515	NaN	NaN	46.751322	0.000000
535	Spectrogram 1	1	2932.960000	2933.010000	4000.000000	18000.000000	8000.000000	Twitter	6.118892	19.883815	NaN	NaN	31.156992	0.000000
536	Spectrogram 1	1	2933.100000	2933.170000	4000.000000	18000.000000	8000.000000	Twitter	4.286620	16.482054	NaN	NaN	31.993162	0.000000
537	Spectrogram 1	1	2933.390000	2933.480000	4000.000000	18000.000000	8000.000000	Twitter	4.099684	15.895859	NaN	NaN	34.930069	0.000000
538	Spectrogram 1	1	2933.540000	2933.630000	4000.000000	18000.000000	8000.000000	Twitter	4.350569	16.438749	NaN	NaN	35.387848	0.000000
539	Spectrogram 1	1	2933.690000	2933.780000	4000.000000	18000.000000	8000.000000	Twitter	4.731472	17.012394	NaN	NaN	35.097242	0.000000
540	Spectrogram 1	1	2933.840000	2933.930000	4000.000000	18000.000000	8000.000000	Twitter	4.516246	16.863259	NaN	NaN	33.708031	0.000000
541	Spectrogram 1	1	2933.990000	2934.100000	4000.000000	18000.000000	8000.000000	Trill	4.120611	15.374118	NaN	NaN	33.894475	0.000000
542	Spectrogram 1	1	2938.050000	2938.140000	4000.000000	18000.000000	8000.000000	Trill	6.364106	17.334617	NaN	NaN	42.179210	0.000000
543	Spectrogram 1	1	2946.820000	2946.850000	4000.000000	18000.000000	8000.000000	Trill	5.632983	9.069678	NaN	NaN	39.329971	0.000000
544	Spectrogram 1	1	2959.850000	2959.890000	4000.000000	18000.000000	8000.000000	Twitter	4.592179	17.479100	NaN	NaN	47.422045	0.000000
545	Spectrogram 1	1	2960.130000	2960.180000	4000.000000	18000.000000	8000.000000	Twitter	5.600277	18.004439	NaN	NaN	37.197348	0.000000
546	Spectrogram 1	1	2967.900000	2967.950000	4000.000000	18000.000000	8000.000000	Trillphee	10.941768	12.764110	NaN	NaN	28.663729	0.000000
547	Spectrogram 1	1	2980.100000	2980.360000	4000.000000	18000.000000	8000.000000	Trill	13.070460	21.506640	NaN	NaN	85.072853	0.000000
548	Spectrogram 1	1	2982.780000	2983.510000	4000.000000	18000.000000	8000.000000	Trillphee	8.112281	19.498872	NaN	NaN	90.708328	0.000000
549	Spectrogram 1	1	2987.750000	2987.790000	4000.000000	18000.000000	8000.000000	Trill	7.521201	7.612894	NaN	NaN	32.549536	0.000000
550	Spectrogram 1	1	2997.510000	2997.550000	4000.000000	18000.000000	8000.000000	Phee	4.511462	9.282301	NaN	NaN	60.950035	0.000000
551	Spectrogram 1	1	2998.880000	2998.910000	4000.000000	18000.000000	8000.000000	Trill	4.589417	6.930960	NaN	NaN	42.144615	0.000000
552	Spectrogram 1	1	3009.910000	3010.150000	4000.000000	18000.000000	8000.000000	Trill	4.287733	7.336804	NaN	NaN	40.953544	0.000000
553	Spectrogram 1	1	3010.190000	3010.240000	4000.000000	18000.000000	8000.000000	Twitter	4.704385	11.645525	NaN	NaN	40.713750	0.000000
554	Spectrogram 1	1	3010.560000	3010.600000	4000.000000	18000.000000	8000.000000	Trill	4.787040	10.315549	NaN	NaN	36.930450	0.000000
555	Spectrogram 1	1	3025.450000	3025.750000	4000.000000	18000.000000	8000.000000	Trill	11.920788	20.671654	NaN	NaN	88.749045	0.000000
556	Spectrogram 1	1	3033.180000	3034.030000	4000.000000	18000.000000	8000.000000	Trill	6.459086	22.632746	NaN	NaN	57.642764	0.000000
557	Spectrogram 1	1	3034.150000	3034.530000	4000.000000	18000.000000	8000.000000	Trill	4.739811	18.530245	NaN	NaN	60.994936	0.000000
558	Spectrogram 1	1	3038.680000	3038.720000	4000.000000	18000.000000	8000.000000	Twitter	5.305630	13.338089	NaN	NaN	31.637548	0.000000
559	Spectrogram 1	1	3038.800000	3038.880000	4000.000000	18000.000000	8000.000000	Twitter	4.981702	11.727198	NaN	NaN	34.633451	0.000000
560	Spectrogram 1	1	3038.930000	3038.990000	4000.000000	18000.000000	8000.000000	Twitter	4.395340	11.712830	NaN	NaN	36.624044	0.000000
561	Spectrogram 1	1	3039.060000	3039.110000	4000.000000	18000.000000	8000.000000	Twitter	4.110264	10.578102	NaN	NaN	42.243588	0.000000
562	Spectrogram 1	1	3054.820000	3054.870000	4000.000000	18000.000000	8000.000000	Twitter	4.694664	12.666942	NaN	NaN	37.480833	0.000000
563	Spectrogram 1	1	3055.100000	3055.160000	4000.000000	18000.000000	8000.000000	Twitter	4.800144	13.727614	NaN	NaN	38.413599	0.000000
564	Spectrogram 1	1	3055.230000	3055.280000	4000.000000	18000.000000	8000.000000	Twitter	5.845399	14.817812	NaN	NaN	37.111487	0.000000
565	Spectrogram 1	1	3055.350000	3055.410000	4000.000000	18000.000000	8000.000000	Twitter	5.009412	13.637710	NaN	NaN	37.248090	0.000000
566	Spectrogram 1	1	3055.480000	3055.540000	4000.000000	18000.000000	8000.000000	Twitter	5.498951	14.356695	NaN	NaN	41.949047	0.000000
567	Spectrogram 1	1	3055.610000	3055.670000	4000.000000	18000.000000	8000.000000	Twitter	5.624884	13.905024	NaN	NaN	41.111085	0.000000
568	Spectrogram 1	1	3055.740000	3055.800000	4000.000000	18000.000000	8000.000000	Twitter	6.331180	14.344028	NaN	NaN	42.927093	0.000000
569	Spectrogram 1	1	3055.870000	3055.950000	4000.000000	18000.000000	8000.000000	Trill	4.513674	11.480682	NaN	NaN	37.684416	0.000000
570	Spectrogram 1	1	3055.990000	3056.050000	4000.000000	18000.000000	8000.000000	Twitter	4.985232	12.009547	NaN	NaN	50.098599	0.000000
571	Spectrogram 1	1	3118.270000	3118.640000	4000.000000	18000.000000	8000.000000	Phee	8.114008	21.755841	NaN	NaN	102.960148	0.000000
572	Spectrogram 1	1	3193.380000	3194.160000	4000.000000	18000.000000	8000.000000	Trill	8.952656	21.774839	NaN	NaN	104.613796	0.000000
573	Spectrogram 1	1	3209.180000	3209.610000	4000.000000	18000.000000	8000.000000	Trill	10.521578	19.329941	NaN	NaN	72.307720	0.000000
574	Spectrogram 1	1	3236.600000	3236.660000	4000.000000	18000.000000	8000.000000	Trill	8.264581	8.311497	NaN	NaN	32.453731	0.000000
575	Spectrogram 1	1	3239.280000	3239.310000	4000.000000	18000.000000	8000.000000	Trill	9.981989	8.221162	NaN	NaN	32.249511	0.000000
576	Spectrogram 1	1	3239.820000	3239.890000	4000.000000	18000.000000	8000.000000	Phee	4.051365	18.222463	NaN	NaN	38.011235	0.000000
577	Spectrogram 1	1	3250.150000	3250.380000	4000.000000	18000.000000	8000.000000	Trill	11.597486	22.488011	NaN	NaN	74.926260	0.000000
578	Spectrogram 1	1	3257.990000	3258.390000	4000.000000	18000.000000	8000.000000	Trill	10.715375	21.118644	NaN	NaN	87.877072	0.000000
579	Spectrogram 1	1	3284.630000	3285.710000	4000.000000	18000.000000	8000.000000	Phee	5.998145	30.000000	NaN	NaN	71.261251	0.000000
580	Spectrogram 1	1	3285.970000	3286.830000	4000.000000	18000.000000	8000.000000	Phee	6.205751	30.000000	NaN	NaN	55.155172	0.000000
581	Spectrogram 1	1	3287.100000	3287.970000	4000.000000	18000.000000	8000.000000	Phee	5.921221	30.000000	NaN	NaN	56.561684	0.000000
582	Spectrogram 1	1	3298.940000	3298.970000	4000.000000	18000.000000	8000.000000	Trill	5.011621	9.977576	NaN	NaN	37.951076	0.000000
583	Spectrogram 1	1	3300.670000	3300.690000	4000.000000	18000.000000	8000.000000	Sd-peep	4.889887	15.445166	NaN	NaN	49.395848	0.000000
584	Spectrogram 1	1	3300.900000	3300.950000	4000.000000	18000.000000	8000.000000	Twitter	4.861288	12.676402	NaN	NaN	39.178721	0.000000
585	Spectrogram 1	1	3301.150000	3301.190000	4000.000000	18000.000000	8000.000000	Twitter	5.838710	13.564970	NaN	NaN	37.614377	0.000000
586	Spectrogram 1	1	3301.260000	3301.310000	4000.000000	18000.000000	8000.000000	Trill	4.539016	9.939467	NaN	NaN	38.907148	0.000000
587	Spectrogram 1	1	3382.010000	3382.070000	4000.000000	18000.000000	8000.000000	Twitter	4.176492	13.419170	NaN	NaN	34.685877	0.000000
588	Spectrogram 1	1	3389.370000	3389.460000	4000.000000	18000.000000	8000.000000	Trill	6.344779	12.317168	NaN	NaN	30.466990	0.000000
