Selection	View	Channel	Begin Time (s)	End Time (s)	Low Freq (Hz)	High Freq (Hz)	Max Freq (Hz)	Call Type	Energy Diff	Energy Par	Energy Diff (wl)	Energy Par (wl)	AHR	Exception
1	Spectrogram 1	1	207.130000	207.150000	4000.000000	18000.000000	8000.000000	Tse	10.345448	20.482970	NaN	NaN	68.487529	0.000000
2	Spectrogram 1	1	209.990000	210.020000	4000.000000	18000.000000	8000.000000	Tse	7.269496	20.808645	NaN	NaN	49.492821	0.000000
3	Spectrogram 1	1	210.200000	210.250000	4000.000000	18000.000000	8000.000000	Trill	5.367377	12.304606	NaN	NaN	48.622764	0.000000
4	Spectrogram 1	1	218.450000	218.470000	4000.000000	18000.000000	8000.000000	Phee	8.408475	21.902117	NaN	NaN	51.023623	0.000000
5	Spectrogram 1	1	218.570000	218.590000	4000.000000	18000.000000	8000.000000	Tse	7.594782	21.504044	NaN	NaN	44.972510	0.000000
6	Spectrogram 1	1	306.850000	306.950000	4000.000000	18000.000000	8000.000000	Trill	5.895454	12.889313	NaN	NaN	41.474541	0.000000
7	Spectrogram 1	1	308.760000	308.790000	4000.000000	18000.000000	8000.000000	Trill	5.630653	10.888998	NaN	NaN	42.750220	0.000000
8	Spectrogram 1	1	530.390000	531.170000	4000.000000	18000.000000	8000.000000	Trill	5.846401	12.176594	NaN	NaN	49.093346	0.000000
9	Spectrogram 1	1	531.210000	531.410000	4000.000000	18000.000000	8000.000000	Trillphee	7.544206	18.506675	NaN	NaN	80.105874	0.000000
10	Spectrogram 1	1	531.640000	531.710000	4000.000000	18000.000000	8000.000000	Phee	7.364419	15.918305	NaN	NaN	62.605725	0.000000
11	Spectrogram 1	1	532.260000	532.450000	4000.000000	18000.000000	8000.000000	Trill	5.157576	14.257704	NaN	NaN	63.120077	0.000000
12	Spectrogram 1	1	669.530000	669.580000	4000.000000	18000.000000	8000.000000	Twitter	11.322903	17.703872	NaN	NaN	71.420600	0.000000
13	Spectrogram 1	1	669.610000	669.630000	4000.000000	18000.000000	8000.000000	Twitter	6.093428	11.219337	NaN	NaN	48.880270	0.000000
14	Spectrogram 1	1	669.840000	669.960000	4000.000000	18000.000000	8000.000000	Trill	4.339069	8.943491	NaN	NaN	39.084767	0.000000
15	Spectrogram 1	1	807.550000	807.640000	4000.000000	18000.000000	8000.000000	Phee	7.449461	23.978664	NaN	NaN	79.815669	0.000000
16	Spectrogram 1	1	808.400000	808.500000	4000.000000	18000.000000	8000.000000	Phee	7.920260	24.611346	NaN	NaN	91.662617	0.000000
17	Spectrogram 1	1	808.560000	808.880000	4000.000000	18000.000000	8000.000000	Phee	3.961344	14.868582	NaN	NaN	62.048417	0.000000
18	Spectrogram 1	1	808.970000	809.030000	4000.000000	18000.000000	8000.000000	P-peep	7.163422	17.111957	NaN	NaN	82.072683	0.000000
19	Spectrogram 1	1	836.270000	836.320000	4000.000000	18000.000000	8000.000000	Trill	7.189759	13.086598	NaN	NaN	66.084614	0.000000
20	Spectrogram 1	1	836.430000	836.470000	4000.000000	18000.000000	8000.000000	Trill	9.043631	14.867840	NaN	NaN	83.122100	0.000000
21	Spectrogram 1	1	837.080000	837.170000	4000.000000	18000.000000	8000.000000	Phee	6.865391	18.116826	NaN	NaN	90.806163	0.000000
22	Spectrogram 1	1	837.230000	837.410000	4000.000000	18000.000000	8000.000000	P-peep	5.745872	14.884645	NaN	NaN	69.670890	0.000000
23	Spectrogram 1	1	837.820000	837.860000	4000.000000	18000.000000	8000.000000	P-peep	7.197208	14.646566	NaN	NaN	76.444771	0.000000
24	Spectrogram 1	1	838.200000	838.650000	4000.000000	18000.000000	8000.000000	Phee	6.930962	21.913286	NaN	NaN	91.940389	0.000000
25	Spectrogram 1	1	905.340000	905.470000	4000.000000	18000.000000	8000.000000	Trill	6.215067	14.075659	NaN	NaN	48.914828	0.000000
26	Spectrogram 1	1	905.990000	906.110000	4000.000000	18000.000000	8000.000000	Phee	4.821444	14.697831	NaN	NaN	65.461122	0.000000
27	Spectrogram 1	1	1010.190000	1010.290000	4000.000000	18000.000000	8000.000000	P-peep	4.153149	16.510895	NaN	NaN	66.000662	0.000000
28	Spectrogram 1	1	1012.200000	1012.290000	4000.000000	18000.000000	8000.000000	Phee	7.191552	21.412639	NaN	NaN	82.331527	0.000000
29	Spectrogram 1	1	1138.020000	1138.040000	4000.000000	18000.000000	8000.000000	Tse	9.787307	24.123923	NaN	NaN	54.338655	0.000000
30	Spectrogram 1	1	1368.240000	1368.280000	4000.000000	18000.000000	8000.000000	Tse	5.900257	14.466151	NaN	NaN	49.134256	0.000000
31	Spectrogram 1	1	1369.260000	1369.290000	4000.000000	18000.000000	8000.000000	Twitter	6.755776	19.831135	NaN	NaN	54.177648	0.000000
32	Spectrogram 1	1	1406.900000	1406.950000	4000.000000	18000.000000	8000.000000	Trill	6.491423	10.702716	NaN	NaN	54.248716	0.000000
33	Spectrogram 1	1	1568.090000	1568.800000	4000.000000	18000.000000	8000.000000	Phee	12.596037	27.529550	NaN	NaN	107.631909	0.000000
34	Spectrogram 1	1	1568.860000	1569.670000	4000.000000	18000.000000	8000.000000	Phee	12.811127	31.550120	NaN	NaN	114.996863	0.000000
35	Spectrogram 1	1	1569.760000	1570.530000	4000.000000	18000.000000	8000.000000	Phee	12.125539	29.893231	NaN	NaN	117.340615	0.000000
36	Spectrogram 1	1	1570.610000	1570.850000	4000.000000	18000.000000	8000.000000	Phee	14.469630	30.203985	NaN	NaN	108.139363	0.000000
37	Spectrogram 1	1	1620.870000	1620.910000	4000.000000	18000.000000	8000.000000	Tse	8.469244	14.969007	NaN	NaN	38.090304	0.000000
38	Spectrogram 1	1	1666.490000	1666.550000	4000.000000	18000.000000	8000.000000	Sd-peep	6.727504	13.626125	NaN	NaN	54.487382	0.000000
39	Spectrogram 1	1	1667.920000	1668.830000	4000.000000	18000.000000	8000.000000	Phee	6.862400	14.578038	NaN	NaN	73.718337	0.000000
40	Spectrogram 1	1	1668.980000	1669.760000	4000.000000	18000.000000	8000.000000	Phee	8.470911	17.368583	NaN	NaN	79.105704	0.000000
41	Spectrogram 1	1	1669.910000	1670.300000	4000.000000	18000.000000	8000.000000	Phee	9.556219	16.878514	NaN	NaN	69.029224	0.000000
42	Spectrogram 1	1	1707.780000	1707.830000	4000.000000	18000.000000	8000.000000	Twitter	19.501116	32.369871	NaN	NaN	107.470566	0.000000
43	Spectrogram 1	1	1707.890000	1707.920000	4000.000000	18000.000000	8000.000000	Twitter	20.297149	32.024557	NaN	NaN	65.566557	0.000000
44	Spectrogram 1	1	1708.000000	1708.030000	4000.000000	18000.000000	8000.000000	Twitter	21.249027	29.239678	NaN	NaN	64.757506	0.000000
45	Spectrogram 1	1	1708.120000	1708.150000	4000.000000	18000.000000	8000.000000	Twitter	22.509965	31.491869	NaN	NaN	59.079898	0.000000
46	Spectrogram 1	1	1708.230000	1708.260000	4000.000000	18000.000000	8000.000000	Twitter	20.502795	29.572355	NaN	NaN	64.639091	0.000000
47	Spectrogram 1	1	1708.340000	1708.370000	4000.000000	18000.000000	8000.000000	Twitter	21.444939	30.064904	NaN	NaN	65.690469	0.000000
48	Spectrogram 1	1	1708.450000	1708.490000	4000.000000	18000.000000	8000.000000	Twitter	20.858491	30.249943	NaN	NaN	72.832755	0.000000
49	Spectrogram 1	1	1708.540000	1708.590000	4000.000000	18000.000000	8000.000000	Twitter	11.826089	26.168225	NaN	NaN	72.151812	0.000000
50	Spectrogram 1	1	1708.640000	1708.680000	4000.000000	18000.000000	8000.000000	Trill	10.101641	18.675842	NaN	NaN	63.970154	0.000000
51	Spectrogram 1	1	1736.210000	1736.280000	4000.000000	18000.000000	8000.000000	Tse	15.231127	20.347377	NaN	NaN	97.166945	0.000000
52	Spectrogram 1	1	1736.330000	1736.900000	4000.000000	18000.000000	8000.000000	Trill	18.357563	26.987533	NaN	NaN	135.372508	0.000000
53	Spectrogram 1	1	1736.990000	1737.640000	4000.000000	18000.000000	8000.000000	Phee	13.103298	25.679639	NaN	NaN	100.822915	0.000000
54	Spectrogram 1	1	1737.730000	1738.430000	4000.000000	18000.000000	8000.000000	Phee	16.498115	29.054838	NaN	NaN	125.346506	0.000000
55	Spectrogram 1	1	3182.550000	3182.860000	4000.000000	18000.000000	8000.000000	Trill	5.538207	13.822974	NaN	NaN	55.345436	0.000000
56	Spectrogram 1	1	3238.620000	3238.660000	4000.000000	18000.000000	8000.000000	Trill	4.484199	7.443813	NaN	NaN	37.152662	0.000000
57	Spectrogram 1	1	3239.330000	3239.400000	4000.000000	18000.000000	8000.000000	Trillphee	4.813197	14.276000	NaN	NaN	60.226196	0.000000
58	Spectrogram 1	1	3239.470000	3239.800000	4000.000000	18000.000000	8000.000000	Phee	6.934998	19.400724	NaN	NaN	72.418270	0.000000
59	Spectrogram 1	1	3262.920000	3262.970000	4000.000000	18000.000000	8000.000000	Tse	8.058450	19.004489	NaN	NaN	47.283162	0.000000
60	Spectrogram 1	1	3263.970000	3263.990000	4000.000000	18000.000000	8000.000000	Phee	10.326181	24.926148	NaN	NaN	44.467124	0.000000
61	Spectrogram 1	1	3264.070000	3264.100000	4000.000000	18000.000000	8000.000000	Twitter	8.008739	18.569900	NaN	NaN	55.326110	0.000000
62	Spectrogram 1	1	3354.080000	3354.100000	4000.000000	18000.000000	8000.000000	Tse	8.252822	14.651682	NaN	NaN	55.080458	0.000000
63	Spectrogram 1	1	3354.230000	3354.350000	4000.000000	18000.000000	8000.000000	Trill	6.635665	16.213892	NaN	NaN	59.884740	0.000000
64	Spectrogram 1	1	3354.370000	3354.430000	4000.000000	18000.000000	8000.000000	Trill	6.793503	15.507432	NaN	NaN	52.080137	0.000000
65	Spectrogram 1	2	387.850000	388.160000	4000.000000	18000.000000	8000.000000	Trill	13.263809	19.659489	NaN	NaN	93.544194	0.000000
66	Spectrogram 1	2	388.360000	388.590000	4000.000000	18000.000000	8000.000000	Trill	13.846320	19.708756	NaN	NaN	88.834975	0.000000
67	Spectrogram 1	2	388.790000	388.920000	4000.000000	18000.000000	8000.000000	Trill	8.677245	14.580138	NaN	NaN	63.879079	0.000000
68	Spectrogram 1	2	557.790000	557.840000	4000.000000	18000.000000	8000.000000	Twitter	4.605516	24.936413	NaN	NaN	53.198396	0.000000
69	Spectrogram 1	2	868.010000	868.130000	4000.000000	18000.000000	8000.000000	Trill	5.134098	12.087006	NaN	NaN	40.900322	0.000000
70	Spectrogram 1	2	885.340000	885.360000	4000.000000	18000.000000	8000.000000	Twitter	7.742612	21.776158	NaN	NaN	43.623415	0.000000
71	Spectrogram 1	2	885.720000	885.740000	4000.000000	18000.000000	8000.000000	Twitter	7.418664	22.588898	NaN	NaN	48.270316	0.000000
72	Spectrogram 1	2	989.550000	989.570000	4000.000000	18000.000000	8000.000000	Tse	5.693303	18.627691	NaN	NaN	51.585764	0.000000
73	Spectrogram 1	2	1058.120000	1058.170000	4000.000000	18000.000000	8000.000000	Trill	4.201835	10.475504	NaN	NaN	49.879023	0.000000
74	Spectrogram 1	2	1106.300000	1106.360000	4000.000000	18000.000000	8000.000000	Tse	7.028276	16.983847	NaN	NaN	39.033002	0.000000
75	Spectrogram 1	2	1125.560000	1125.590000	4000.000000	18000.000000	8000.000000	Twitter	7.041433	19.150411	NaN	NaN	66.910790	0.000000
76	Spectrogram 1	2	1133.630000	1133.670000	4000.000000	18000.000000	8000.000000	Twitter	5.539864	17.151641	NaN	NaN	49.395416	0.000000
77	Spectrogram 1	2	1139.670000	1139.790000	4000.000000	18000.000000	8000.000000	Trill	5.220044	11.888534	NaN	NaN	36.061453	0.000000
78	Spectrogram 1	2	1195.680000	1196.480000	4000.000000	18000.000000	8000.000000	Phee	3.609452	17.780727	NaN	NaN	58.449398	0.000000
79	Spectrogram 1	2	1266.610000	1266.660000	4000.000000	18000.000000	8000.000000	Phee	4.806436	18.396845	NaN	NaN	67.315145	0.000000
80	Spectrogram 1	2	1402.420000	1402.500000	4000.000000	18000.000000	8000.000000	Trill	4.797523	9.268100	NaN	NaN	45.022811	0.000000
81	Spectrogram 1	2	1443.080000	1443.530000	4000.000000	18000.000000	8000.000000	Trill	5.049433	14.102618	NaN	NaN	42.016150	0.000000
82	Spectrogram 1	2	1538.780000	1538.830000	4000.000000	18000.000000	8000.000000	Tse	6.859973	15.513422	NaN	NaN	43.965451	0.000000
83	Spectrogram 1	2	1540.070000	1540.330000	4000.000000	18000.000000	8000.000000	Trill	4.007186	12.432863	NaN	NaN	42.365664	0.000000
84	Spectrogram 1	2	1559.600000	1559.980000	4000.000000	18000.000000	8000.000000	Phee	4.485824	19.778746	NaN	NaN	69.328966	0.000000
85	Spectrogram 1	2	1560.010000	1561.430000	4000.000000	18000.000000	8000.000000	Phee	3.623355	19.062128	NaN	NaN	59.405206	0.000000
86	Spectrogram 1	2	1577.750000	1577.800000	4000.000000	18000.000000	8000.000000	Twitter	4.892356	16.862261	NaN	NaN	56.204207	0.000000
87	Spectrogram 1	2	1578.110000	1578.300000	4000.000000	18000.000000	8000.000000	Phee	5.187376	26.154344	NaN	NaN	76.117018	0.000000
88	Spectrogram 1	2	1578.890000	1578.940000	4000.000000	18000.000000	8000.000000	Phee	5.094955	25.506680	NaN	NaN	57.074114	0.000000
89	Spectrogram 1	2	1578.990000	1579.120000	4000.000000	18000.000000	8000.000000	Phee	4.345055	24.881498	NaN	NaN	58.093759	0.000000
90	Spectrogram 1	2	1579.130000	1579.200000	4000.000000	18000.000000	8000.000000	Phee	4.354684	23.898961	NaN	NaN	56.913177	0.000000
91	Spectrogram 1	2	1579.310000	1579.410000	4000.000000	18000.000000	8000.000000	Phee	3.873558	23.039663	NaN	NaN	57.427819	0.000000
92	Spectrogram 1	2	1579.430000	1579.520000	4000.000000	18000.000000	8000.000000	Phee	6.186954	24.707665	NaN	NaN	72.101165	0.000000
93	Spectrogram 1	2	1579.540000	1579.560000	4000.000000	18000.000000	8000.000000	Tse	3.752968	19.481238	NaN	NaN	49.233670	0.000000
94	Spectrogram 1	2	1579.710000	1579.760000	4000.000000	18000.000000	8000.000000	Phee	4.509539	20.277268	NaN	NaN	70.429938	0.000000
95	Spectrogram 1	2	1580.000000	1580.420000	4000.000000	18000.000000	8000.000000	Trill	3.902608	12.832651	NaN	NaN	51.544055	0.000000
96	Spectrogram 1	2	1617.270000	1617.390000	4000.000000	18000.000000	8000.000000	Phee	4.669608	20.995510	NaN	NaN	67.757921	0.000000
97	Spectrogram 1	2	1617.460000	1617.550000	4000.000000	18000.000000	8000.000000	Phee	4.633592	24.016456	NaN	NaN	58.058485	0.000000
98	Spectrogram 1	2	1617.950000	1618.120000	4000.000000	18000.000000	8000.000000	Phee	6.252749	29.679454	NaN	NaN	81.540070	0.000000
99	Spectrogram 1	2	1618.470000	1618.510000	4000.000000	18000.000000	8000.000000	Trill	4.304185	14.298140	NaN	NaN	52.729884	0.000000
100	Spectrogram 1	2	1618.900000	1619.660000	4000.000000	18000.000000	8000.000000	Phee	3.790162	18.923546	NaN	NaN	61.793135	0.000000
101	Spectrogram 1	2	1619.710000	1620.180000	4000.000000	18000.000000	8000.000000	Phee	3.867951	14.126996	NaN	NaN	48.759650	0.000000
102	Spectrogram 1	2	1624.430000	1624.460000	4000.000000	18000.000000	8000.000000	Twitter	6.723175	18.130854	NaN	NaN	53.847815	0.000000
103	Spectrogram 1	2	1705.180000	1705.310000	4000.000000	18000.000000	8000.000000	Phee	4.366166	13.089041	NaN	NaN	53.603089	0.000000
104	Spectrogram 1	2	1748.400000	1748.440000	4000.000000	18000.000000	8000.000000	Tse	5.385641	14.311717	NaN	NaN	53.123285	0.000000
105	Spectrogram 1	2	1815.890000	1816.070000	4000.000000	18000.000000	8000.000000	Trill	5.987296	13.721619	NaN	NaN	42.500329	0.000000
106	Spectrogram 1	2	1867.570000	1867.670000	4000.000000	18000.000000	8000.000000	Phee	6.260908	25.432002	NaN	NaN	77.691289	0.000000
107	Spectrogram 1	2	1874.740000	1874.800000	4000.000000	18000.000000	8000.000000	Twitter	7.785226	17.306060	NaN	NaN	52.306303	0.000000
108	Spectrogram 1	2	1879.000000	1879.060000	4000.000000	18000.000000	8000.000000	Twitter	6.594073	17.334288	NaN	NaN	55.925446	0.000000
109	Spectrogram 1	2	1879.090000	1879.240000	4000.000000	18000.000000	8000.000000	Phee	6.461662	17.176202	NaN	NaN	80.983354	0.000000
110	Spectrogram 1	2	1896.810000	1896.840000	4000.000000	18000.000000	8000.000000	Twitter	7.891904	17.372133	NaN	NaN	53.771252	0.000000
111	Spectrogram 1	2	1896.970000	1897.000000	4000.000000	18000.000000	8000.000000	Twitter	8.906935	20.634217	NaN	NaN	57.472307	0.000000
112	Spectrogram 1	2	1897.110000	1897.150000	4000.000000	18000.000000	8000.000000	Twitter	8.020397	20.079093	NaN	NaN	53.767034	0.000000
113	Spectrogram 1	2	1897.260000	1897.300000	4000.000000	18000.000000	8000.000000	Twitter	8.319136	20.960570	NaN	NaN	57.013851	0.000000
114	Spectrogram 1	2	1897.550000	1897.610000	4000.000000	18000.000000	8000.000000	Twitter	6.307314	18.131140	NaN	NaN	53.235905	0.000000
115	Spectrogram 1	2	1954.670000	1954.810000	4000.000000	18000.000000	8000.000000	Trill	8.281283	13.158104	NaN	NaN	58.430834	0.000000
116	Spectrogram 1	2	1954.910000	1955.040000	4000.000000	18000.000000	8000.000000	Trill	4.539869	7.326023	NaN	NaN	41.450593	0.000000
117	Spectrogram 1	2	1962.130000	1962.910000	4000.000000	18000.000000	8000.000000	Phee	4.482339	16.775426	NaN	NaN	72.444580	0.000000
118	Spectrogram 1	2	1986.000000	1986.070000	4000.000000	18000.000000	8000.000000	Trill	4.186685	9.375174	NaN	NaN	41.537101	0.000000
119	Spectrogram 1	2	2087.530000	2087.570000	4000.000000	18000.000000	8000.000000	Tse	5.044942	10.686509	NaN	NaN	46.429832	0.000000
120	Spectrogram 1	2	2112.350000	2112.760000	4000.000000	18000.000000	8000.000000	Trill	12.023686	20.066649	NaN	NaN	63.314584	0.000000
121	Spectrogram 1	2	2180.820000	2181.000000	4000.000000	18000.000000	8000.000000	Phee	3.578294	15.317135	NaN	NaN	47.158245	0.000000
122	Spectrogram 1	2	2202.520000	2202.590000	4000.000000	18000.000000	8000.000000	Trill	5.703390	12.046715	NaN	NaN	35.871652	0.000000
123	Spectrogram 1	2	2281.910000	2282.230000	4000.000000	18000.000000	8000.000000	Trill	5.640494	13.745021	NaN	NaN	39.306772	0.000000
124	Spectrogram 1	2	2307.290000	2307.660000	4000.000000	18000.000000	8000.000000	Trill	4.917393	11.665998	NaN	NaN	36.143963	0.000000
125	Spectrogram 1	2	2309.190000	2309.250000	4000.000000	18000.000000	8000.000000	Twitter	6.297816	19.735908	NaN	NaN	50.233890	0.000000
126	Spectrogram 1	2	2309.270000	2309.400000	4000.000000	18000.000000	8000.000000	Twitter	6.264512	22.925070	NaN	NaN	50.146715	0.000000
127	Spectrogram 1	2	2309.430000	2309.480000	4000.000000	18000.000000	8000.000000	Twitter	6.080297	23.100936	NaN	NaN	49.482483	0.000000
128	Spectrogram 1	2	2309.500000	2309.520000	4000.000000	18000.000000	8000.000000	Twitter	5.570088	20.528518	NaN	NaN	49.949917	0.000000
129	Spectrogram 1	2	2309.550000	2309.580000	4000.000000	18000.000000	8000.000000	Twitter	7.099388	21.346813	NaN	NaN	50.932688	0.000000
130	Spectrogram 1	2	2309.790000	2309.810000	4000.000000	18000.000000	8000.000000	Twitter	6.428864	16.533753	NaN	NaN	53.571373	0.000000
131	Spectrogram 1	2	2324.180000	2324.210000	4000.000000	18000.000000	8000.000000	Tse	6.654256	20.005747	NaN	NaN	58.506921	0.000000
132	Spectrogram 1	2	2335.570000	2335.690000	4000.000000	18000.000000	8000.000000	Trill	3.837770	10.815311	NaN	NaN	43.899106	0.000000
133	Spectrogram 1	2	2346.330000	2346.620000	4000.000000	18000.000000	8000.000000	Trill	6.155024	15.244757	NaN	NaN	42.600117	0.000000
134	Spectrogram 1	2	2444.990000	2445.110000	4000.000000	18000.000000	8000.000000	Phee	4.484049	19.860306	NaN	NaN	68.295389	0.000000
135	Spectrogram 1	2	2452.980000	2453.090000	4000.000000	18000.000000	8000.000000	Phee	4.671434	24.152875	NaN	NaN	68.336655	0.000000
136	Spectrogram 1	2	2458.720000	2458.750000	4000.000000	18000.000000	8000.000000	Twitter	4.908091	13.249411	NaN	NaN	48.100383	0.000000
137	Spectrogram 1	2	2458.840000	2458.860000	4000.000000	18000.000000	8000.000000	Twitter	4.534451	10.996380	NaN	NaN	50.177687	0.000000
138	Spectrogram 1	2	2469.400000	2469.470000	4000.000000	18000.000000	8000.000000	Trill	4.373900	12.395551	NaN	NaN	38.110738	0.000000
139	Spectrogram 1	2	2481.810000	2481.870000	4000.000000	18000.000000	8000.000000	Tse	5.673906	14.928545	NaN	NaN	59.975359	0.000000
140	Spectrogram 1	2	2482.110000	2482.140000	4000.000000	18000.000000	8000.000000	Tse	4.796708	10.396761	NaN	NaN	38.709444	0.000000
141	Spectrogram 1	2	2498.520000	2498.650000	4000.000000	18000.000000	8000.000000	Trill	6.109216	12.073380	NaN	NaN	37.765106	0.000000
142	Spectrogram 1	2	2499.000000	2500.530000	4000.000000	18000.000000	8000.000000	Phee	3.406353	25.536197	NaN	NaN	54.121529	0.000000
143	Spectrogram 1	2	2519.780000	2519.860000	4000.000000	18000.000000	8000.000000	Phee	4.853701	17.005431	NaN	NaN	56.457268	0.000000
144	Spectrogram 1	2	2538.090000	2539.790000	4000.000000	18000.000000	8000.000000	Phee	5.185761	25.262454	NaN	NaN	72.495544	0.000000
145	Spectrogram 1	2	2540.140000	2541.170000	4000.000000	18000.000000	8000.000000	Phee	5.182096	24.750316	NaN	NaN	75.272507	0.000000
146	Spectrogram 1	2	2551.940000	2553.310000	4000.000000	18000.000000	8000.000000	Twitter	4.413730	15.113186	NaN	NaN	38.806092	0.000000
147	Spectrogram 1	2	2572.440000	2574.170000	4000.000000	18000.000000	8000.000000	Phee	5.160222	26.576953	NaN	NaN	68.682804	0.000000
148	Spectrogram 1	2	2574.410000	2575.740000	4000.000000	18000.000000	8000.000000	Phee	4.691051	26.493932	NaN	NaN	63.385825	0.000000
149	Spectrogram 1	2	2575.980000	2576.990000	4000.000000	18000.000000	8000.000000	Phee	4.649101	25.130776	NaN	NaN	68.332190	0.000000
150	Spectrogram 1	2	2585.620000	2586.150000	4000.000000	18000.000000	8000.000000	Phee	4.023309	22.629273	NaN	NaN	80.693122	0.000000
151	Spectrogram 1	2	2590.410000	2590.580000	4000.000000	18000.000000	8000.000000	Trill	4.476421	11.283953	NaN	NaN	46.607313	0.000000
152	Spectrogram 1	2	2622.940000	2623.170000	4000.000000	18000.000000	8000.000000	Trill	5.583004	13.877886	NaN	NaN	41.309232	0.000000
153	Spectrogram 1	2	2625.430000	2625.450000	4000.000000	18000.000000	8000.000000	Tse	4.440542	11.803187	NaN	NaN	46.255763	0.000000
154	Spectrogram 1	2	2694.610000	2695.490000	4000.000000	18000.000000	8000.000000	Phee	3.906313	18.480113	NaN	NaN	46.505684	0.000000
155	Spectrogram 1	2	2742.340000	2744.500000	4000.000000	18000.000000	8000.000000	Trillphee	8.340953	28.061204	NaN	NaN	60.431495	0.000000
156	Spectrogram 1	2	2744.840000	2746.020000	4000.000000	18000.000000	8000.000000	Phee	11.108454	30.938153	NaN	NaN	65.202020	0.000000
157	Spectrogram 1	2	2747.300000	2747.360000	4000.000000	18000.000000	8000.000000	Twitter	5.933353	17.836553	NaN	NaN	50.906078	0.000000
158	Spectrogram 1	2	2748.470000	2748.490000	4000.000000	18000.000000	8000.000000	Twitter	5.592141	17.561495	NaN	NaN	53.308731	0.000000
159	Spectrogram 1	2	2752.750000	2752.790000	4000.000000	18000.000000	8000.000000	Twitter	7.306994	24.233426	NaN	NaN	51.646441	0.000000
160	Spectrogram 1	2	2757.160000	2757.190000	4000.000000	18000.000000	8000.000000	Twitter	5.223372	13.239642	NaN	NaN	50.312227	0.000000
161	Spectrogram 1	2	2757.510000	2757.530000	4000.000000	18000.000000	8000.000000	Twitter	5.262972	12.946868	NaN	NaN	51.572453	0.000000
162	Spectrogram 1	2	2787.930000	2787.990000	4000.000000	18000.000000	8000.000000	Trill	4.030568	12.158281	NaN	NaN	59.153466	0.000000
163	Spectrogram 1	2	2835.070000	2835.240000	4000.000000	18000.000000	8000.000000	Phee	5.037462	11.478668	NaN	NaN	56.879215	0.000000
164	Spectrogram 1	2	2894.550000	2894.610000	4000.000000	18000.000000	8000.000000	Phee	4.235358	14.486484	NaN	NaN	62.438510	0.000000
165	Spectrogram 1	2	2943.220000	2943.300000	4000.000000	18000.000000	8000.000000	Phee	5.500340	20.423255	NaN	NaN	69.784705	0.000000
166	Spectrogram 1	2	2943.350000	2943.440000	4000.000000	18000.000000	8000.000000	P-peep	3.966059	15.195143	NaN	NaN	69.214251	0.000000
167	Spectrogram 1	2	2980.490000	2981.010000	4000.000000	18000.000000	8000.000000	Trill	4.754604	13.539486	NaN	NaN	44.361405	0.000000
168	Spectrogram 1	2	3002.160000	3002.590000	4000.000000	18000.000000	8000.000000	Trill	5.320983	12.736564	NaN	NaN	39.918888	0.000000
169	Spectrogram 1	2	3017.670000	3017.700000	4000.000000	18000.000000	8000.000000	Tse	6.917693	18.813881	NaN	NaN	51.591079	0.000000
170	Spectrogram 1	2	3079.740000	3079.830000	4000.000000	18000.000000	8000.000000	Phee	5.949592	21.759900	NaN	NaN	71.305309	0.000000
171	Spectrogram 1	2	3082.790000	3082.850000	4000.000000	18000.000000	8000.000000	Trill	4.898833	7.795657	NaN	NaN	38.199089	0.000000
172	Spectrogram 1	2	3135.780000	3136.050000	4000.000000	18000.000000	8000.000000	Twitter	6.638446	17.292984	NaN	NaN	43.141152	0.000000
173	Spectrogram 1	2	3174.400000	3174.680000	4000.000000	18000.000000	8000.000000	Trill	6.204434	13.239285	NaN	NaN	38.622692	0.000000
174	Spectrogram 1	2	3178.940000	3179.000000	4000.000000	18000.000000	8000.000000	Phee	3.972042	16.873601	NaN	NaN	67.705099	0.000000
175	Spectrogram 1	2	3243.500000	3243.600000	4000.000000	18000.000000	8000.000000	Phee	4.818458	18.382418	NaN	NaN	47.080564	0.000000
176	Spectrogram 1	2	3256.730000	3257.020000	4000.000000	18000.000000	8000.000000	Phee	3.787866	15.776799	NaN	NaN	46.137201	0.000000
177	Spectrogram 1	2	3273.050000	3273.080000	4000.000000	18000.000000	8000.000000	Tse	7.253281	18.317256	NaN	NaN	49.502237	0.000000
178	Spectrogram 1	2	3273.640000	3273.680000	4000.000000	18000.000000	8000.000000	Twitter	8.691399	18.825865	NaN	NaN	49.012278	0.000000
179	Spectrogram 1	2	3273.780000	3273.830000	4000.000000	18000.000000	8000.000000	Twitter	7.505261	17.894115	NaN	NaN	48.805437	0.000000
180	Spectrogram 1	2	3273.940000	3273.970000	4000.000000	18000.000000	8000.000000	Twitter	8.366013	19.476137	NaN	NaN	51.660976	0.000000
181	Spectrogram 1	2	3274.070000	3274.100000	4000.000000	18000.000000	8000.000000	Twitter	6.850843	15.811505	NaN	NaN	50.254921	0.000000
182	Spectrogram 1	2	3274.220000	3274.260000	4000.000000	18000.000000	8000.000000	Twitter	6.736429	16.527003	NaN	NaN	55.575866	0.000000
183	Spectrogram 1	2	3275.680000	3275.710000	4000.000000	18000.000000	8000.000000	Twitter	7.232634	17.241015	NaN	NaN	51.035961	0.000000
184	Spectrogram 1	2	3275.830000	3275.860000	4000.000000	18000.000000	8000.000000	Twitter	7.235436	19.509239	NaN	NaN	54.383153	0.000000
185	Spectrogram 1	2	3276.120000	3276.150000	4000.000000	18000.000000	8000.000000	Twitter	5.900701	19.326274	NaN	NaN	55.400140	0.000000
186	Spectrogram 1	2	3276.940000	3276.980000	4000.000000	18000.000000	8000.000000	Twitter	5.977720	14.956458	NaN	NaN	49.513174	0.000000
187	Spectrogram 1	2	3309.580000	3309.770000	4000.000000	18000.000000	8000.000000	Twitter	5.812566	13.191134	NaN	NaN	39.537838	0.000000
188	Spectrogram 1	2	3310.430000	3310.450000	4000.000000	18000.000000	8000.000000	Twitter	6.369966	18.438557	NaN	NaN	50.244534	0.000000
189	Spectrogram 1	2	3310.680000	3310.700000	4000.000000	18000.000000	8000.000000	Twitter	6.289626	17.993978	NaN	NaN	45.313302	0.000000
190	Spectrogram 1	2	3312.870000	3313.020000	4000.000000	18000.000000	8000.000000	Phee	5.593349	23.732292	NaN	NaN	52.493418	0.000000
191	Spectrogram 1	2	3350.800000	3351.320000	4000.000000	18000.000000	8000.000000	Trill	19.371242	28.215078	NaN	NaN	143.436895	0.000000
192	Spectrogram 1	2	3351.460000	3352.030000	4000.000000	18000.000000	8000.000000	Phee	18.482028	31.059620	NaN	NaN	157.750923	0.000000
193	Spectrogram 1	2	3352.210000	3352.560000	4000.000000	18000.000000	8000.000000	Phee	16.552183	26.699432	NaN	NaN	151.003895	0.000000
194	Spectrogram 1	2	3357.140000	3357.280000	4000.000000	18000.000000	8000.000000	Phee	5.879740	17.438013	NaN	NaN	54.749689	0.000000
195	Spectrogram 1	2	3357.310000	3357.440000	4000.000000	18000.000000	8000.000000	Tse	6.215391	16.625363	NaN	NaN	54.005964	0.000000
196	Spectrogram 1	2	3357.450000	3357.490000	4000.000000	18000.000000	8000.000000	Twitter	5.901023	15.840841	NaN	NaN	49.427266	0.000000
197	Spectrogram 1	2	3357.660000	3357.820000	4000.000000	18000.000000	8000.000000	Trill	3.843739	10.913175	NaN	NaN	44.036531	0.000000
198	Spectrogram 1	2	3357.850000	3358.010000	4000.000000	18000.000000	8000.000000	Trill	3.523381	10.847325	NaN	NaN	40.839281	0.000000
199	Spectrogram 1	2	3479.020000	3479.380000	4000.000000	18000.000000	8000.000000	Twitter	5.736560	15.500667	NaN	NaN	46.407729	0.000000
200	Spectrogram 1	2	3489.370000	3489.680000	4000.000000	18000.000000	8000.000000	Trill	5.497720	16.149125	NaN	NaN	45.424890	0.000000
201	Spectrogram 1	3	879.870000	879.920000	4000.000000	18000.000000	8000.000000	Trill	4.315181	10.412146	NaN	NaN	53.775730	0.000000
202	Spectrogram 1	3	880.010000	880.070000	4000.000000	18000.000000	8000.000000	Phee	4.734166	12.415939	NaN	NaN	60.201670	0.000000
203	Spectrogram 1	3	1021.030000	1021.710000	4000.000000	18000.000000	8000.000000	Trill	10.722206	16.397777	NaN	NaN	70.022254	0.000000
204	Spectrogram 1	3	1434.970000	1435.340000	4000.000000	18000.000000	8000.000000	Trill	7.571558	13.726273	NaN	NaN	44.769198	0.000000
205	Spectrogram 1	3	1595.470000	1595.630000	4000.000000	18000.000000	8000.000000	Trill	7.053277	13.872819	NaN	NaN	47.043784	0.000000
206	Spectrogram 1	3	1675.690000	1675.730000	4000.000000	18000.000000	8000.000000	Twitter	8.526332	20.062782	NaN	NaN	55.821162	0.000000
207	Spectrogram 1	3	1708.860000	1708.960000	4000.000000	18000.000000	8000.000000	Tse	8.733488	22.363619	NaN	NaN	61.637622	0.000000
208	Spectrogram 1	3	1709.080000	1710.980000	4000.000000	18000.000000	8000.000000	Phee	7.820902	22.023662	NaN	NaN	79.089253	0.000000
209	Spectrogram 1	3	1711.170000	1711.740000	4000.000000	18000.000000	8000.000000	Phee	7.715166	22.663659	NaN	NaN	78.678497	0.000000
210	Spectrogram 1	3	1711.800000	1712.340000	4000.000000	18000.000000	8000.000000	Phee	11.889541	26.497503	NaN	NaN	114.696598	0.000000
211	Spectrogram 1	3	1775.800000	1776.770000	4000.000000	18000.000000	8000.000000	Trillphee	6.764555	17.518585	NaN	NaN	58.019120	0.000000
212	Spectrogram 1	3	1776.940000	1777.690000	4000.000000	18000.000000	8000.000000	Phee	8.440016	21.242113	NaN	NaN	81.258676	0.000000
213	Spectrogram 1	3	1777.770000	1777.960000	4000.000000	18000.000000	8000.000000	Phee	5.452242	16.871603	NaN	NaN	55.827109	0.000000
214	Spectrogram 1	3	1778.020000	1778.190000	4000.000000	18000.000000	8000.000000	Trill	4.707227	14.186251	NaN	NaN	58.785821	0.000000
215	Spectrogram 1	3	1862.700000	1862.780000	4000.000000	18000.000000	8000.000000	Phee	6.173528	22.809436	NaN	NaN	70.101255	0.000000
216	Spectrogram 1	3	2301.770000	2303.570000	4000.000000	18000.000000	8000.000000	Phee	10.870383	31.216387	NaN	NaN	83.531953	0.000000
217	Spectrogram 1	3	2303.850000	2305.040000	4000.000000	18000.000000	8000.000000	Phee	10.645427	31.552068	NaN	NaN	74.072640	0.000000
218	Spectrogram 1	3	2370.980000	2371.040000	4000.000000	18000.000000	8000.000000	Trill	4.051221	13.048903	NaN	NaN	54.338728	0.000000
219	Spectrogram 1	3	2630.300000	2630.680000	4000.000000	18000.000000	8000.000000	Trill	13.591179	20.661826	NaN	NaN	85.523978	0.000000
220	Spectrogram 1	3	3288.750000	3289.240000	4000.000000	18000.000000	8000.000000	Trill	8.248107	12.466611	NaN	NaN	53.281939	0.000000
221	Spectrogram 1	3	3459.800000	3459.900000	4000.000000	18000.000000	8000.000000	Phee	5.856504	17.160686	NaN	NaN	68.327512	0.000000
222	Spectrogram 1	4	8.940000	9.170000	4000.000000	18000.000000	8000.000000	Trill	5.130518	17.340063	NaN	NaN	59.468848	0.000000
223	Spectrogram 1	4	11.820000	12.010000	4000.000000	18000.000000	8000.000000	Phee	5.620857	13.959022	NaN	NaN	66.302514	0.000000
224	Spectrogram 1	4	96.170000	96.320000	4000.000000	18000.000000	8000.000000	Trill	7.530322	12.374416	NaN	NaN	52.013154	0.000000
225	Spectrogram 1	4	124.530000	124.670000	4000.000000	18000.000000	8000.000000	Sd-peep	7.487700	22.167844	NaN	NaN	75.011714	0.000000
226	Spectrogram 1	4	180.140000	180.300000	4000.000000	18000.000000	8000.000000	Trill	5.968792	9.590484	NaN	NaN	47.106093	0.000000
227	Spectrogram 1	4	182.790000	183.310000	4000.000000	18000.000000	8000.000000	Trill	4.333666	9.396959	NaN	NaN	44.029482	0.000000
228	Spectrogram 1	4	210.580000	212.820000	4000.000000	18000.000000	8000.000000	Twitter	7.139125	19.374768	NaN	NaN	77.598790	0.000000
229	Spectrogram 1	4	212.940000	214.010000	4000.000000	18000.000000	8000.000000	Phee	8.204803	21.413350	NaN	NaN	109.947559	0.000000
230	Spectrogram 1	4	222.100000	222.560000	4000.000000	18000.000000	8000.000000	Trill	7.951509	11.863208	NaN	NaN	56.309792	0.000000
231	Spectrogram 1	4	226.840000	226.940000	4000.000000	18000.000000	8000.000000	Trill	8.719503	14.050063	NaN	NaN	74.261803	0.000000
232	Spectrogram 1	4	240.010000	240.070000	4000.000000	18000.000000	8000.000000	Trill	6.647214	14.839500	NaN	NaN	72.292494	0.000000
233	Spectrogram 1	4	309.190000	309.590000	4000.000000	18000.000000	8000.000000	Trill	3.868310	9.349027	NaN	NaN	52.481448	0.000000
234	Spectrogram 1	4	309.740000	310.160000	4000.000000	18000.000000	8000.000000	Trill	3.972323	7.864987	NaN	NaN	53.435215	0.000000
235	Spectrogram 1	4	310.330000	310.380000	4000.000000	18000.000000	8000.000000	Trill	3.681183	7.845728	NaN	NaN	45.388630	0.000000
236	Spectrogram 1	4	421.950000	422.190000	4000.000000	18000.000000	8000.000000	Trill	5.438869	9.418859	NaN	NaN	51.123071	0.000000
237	Spectrogram 1	4	422.240000	422.990000	4000.000000	18000.000000	8000.000000	Trill	7.446715	11.972158	NaN	NaN	66.302036	0.000000
238	Spectrogram 1	4	423.110000	423.790000	4000.000000	18000.000000	8000.000000	Trill	4.296992	10.813132	NaN	NaN	71.593896	0.000000
239	Spectrogram 1	4	423.980000	424.070000	4000.000000	18000.000000	8000.000000	Trill	5.624024	11.553323	NaN	NaN	74.672672	0.000000
240	Spectrogram 1	4	424.940000	425.050000	4000.000000	18000.000000	8000.000000	Trill	8.017428	11.190237	NaN	NaN	59.603014	0.000000
241	Spectrogram 1	4	425.140000	425.250000	4000.000000	18000.000000	8000.000000	Trill	7.081818	10.124920	NaN	NaN	41.155917	0.000000
242	Spectrogram 1	4	426.150000	426.230000	4000.000000	18000.000000	8000.000000	Trill	7.228564	13.921485	NaN	NaN	70.606546	0.000000
243	Spectrogram 1	4	449.700000	449.730000	4000.000000	18000.000000	8000.000000	Twitter	10.975835	18.773312	NaN	NaN	62.773450	0.000000
244	Spectrogram 1	4	449.860000	449.910000	4000.000000	18000.000000	8000.000000	Twitter	13.201181	24.240569	NaN	NaN	67.974624	0.000000
245	Spectrogram 1	4	450.030000	450.080000	4000.000000	18000.000000	8000.000000	Twitter	14.998770	26.573003	NaN	NaN	71.053594	0.000000
246	Spectrogram 1	4	450.180000	450.240000	4000.000000	18000.000000	8000.000000	Twitter	13.874504	25.641652	NaN	NaN	65.074533	0.000000
247	Spectrogram 1	4	450.340000	450.400000	4000.000000	18000.000000	8000.000000	Twitter	14.402811	26.133000	NaN	NaN	69.944246	0.000000
248	Spectrogram 1	4	450.480000	450.540000	4000.000000	18000.000000	8000.000000	Twitter	13.420623	24.234793	NaN	NaN	74.877955	0.000000
249	Spectrogram 1	4	450.780000	450.820000	4000.000000	18000.000000	8000.000000	Twitter	9.798712	15.083986	NaN	NaN	60.440454	0.000000
250	Spectrogram 1	4	524.060000	524.100000	4000.000000	18000.000000	8000.000000	Twitter	14.729013	26.887314	NaN	NaN	79.887131	0.000000
251	Spectrogram 1	4	524.220000	524.270000	4000.000000	18000.000000	8000.000000	Twitter	13.324390	24.485205	NaN	NaN	65.197769	0.000000
252	Spectrogram 1	4	524.370000	524.430000	4000.000000	18000.000000	8000.000000	Twitter	12.163931	24.711036	NaN	NaN	64.436280	0.000000
253	Spectrogram 1	4	524.520000	524.590000	4000.000000	18000.000000	8000.000000	Twitter	12.665396	23.618211	NaN	NaN	81.630746	0.000000
254	Spectrogram 1	4	524.670000	524.750000	4000.000000	18000.000000	8000.000000	Twitter	11.220463	20.424398	NaN	NaN	88.356493	0.000000
255	Spectrogram 1	4	524.840000	524.910000	4000.000000	18000.000000	8000.000000	Trill	6.819003	10.805478	NaN	NaN	52.346555	0.000000
256	Spectrogram 1	4	525.610000	525.720000	4000.000000	18000.000000	8000.000000	Trill	9.829527	17.868179	NaN	NaN	74.933398	0.000000
257	Spectrogram 1	4	525.850000	525.890000	4000.000000	18000.000000	8000.000000	Trill	7.684098	10.228276	NaN	NaN	55.550990	0.000000
258	Spectrogram 1	4	525.930000	526.390000	4000.000000	18000.000000	8000.000000	Trill	7.672306	12.633785	NaN	NaN	70.735835	0.000000
259	Spectrogram 1	4	526.700000	527.320000	4000.000000	18000.000000	8000.000000	Phee	7.725841	16.416271	NaN	NaN	93.386930	0.000000
260	Spectrogram 1	4	527.570000	527.890000	4000.000000	18000.000000	8000.000000	Phee	7.253859	13.507578	NaN	NaN	82.256091	0.000000
261	Spectrogram 1	4	557.250000	557.290000	4000.000000	18000.000000	8000.000000	Twitter	11.012222	19.132949	NaN	NaN	70.736681	0.000000
262	Spectrogram 1	4	557.400000	557.450000	4000.000000	18000.000000	8000.000000	Twitter	13.568640	25.178762	NaN	NaN	73.492261	0.000000
263	Spectrogram 1	4	557.560000	557.610000	4000.000000	18000.000000	8000.000000	Twitter	13.578427	23.961177	NaN	NaN	77.318971	0.000000
264	Spectrogram 1	4	557.710000	557.780000	4000.000000	18000.000000	8000.000000	Twitter	10.835485	23.432794	NaN	NaN	71.438710	0.000000
265	Spectrogram 1	4	557.840000	557.960000	4000.000000	18000.000000	8000.000000	Twitter	6.772844	26.141031	NaN	NaN	63.322148	0.000000
266	Spectrogram 1	4	558.160000	558.240000	4000.000000	18000.000000	8000.000000	Phee	5.437543	30.748216	NaN	NaN	56.569788	0.000000
267	Spectrogram 1	4	558.280000	558.360000	4000.000000	18000.000000	8000.000000	Phee	5.039490	33.257717	NaN	NaN	71.467977	0.000000
268	Spectrogram 1	4	560.240000	560.680000	4000.000000	18000.000000	8000.000000	Trill	7.154261	10.293298	NaN	NaN	43.640291	0.000000
269	Spectrogram 1	4	654.160000	654.470000	4000.000000	18000.000000	8000.000000	Trill	5.224148	8.024725	NaN	NaN	37.910493	0.000000
270	Spectrogram 1	4	655.710000	656.220000	4000.000000	18000.000000	8000.000000	Trill	9.995411	14.251613	NaN	NaN	70.185123	0.000000
271	Spectrogram 1	4	667.120000	667.220000	4000.000000	18000.000000	8000.000000	Trill	7.009444	11.808479	NaN	NaN	63.385318	0.000000
272	Spectrogram 1	4	679.410000	679.550000	4000.000000	18000.000000	8000.000000	Trill	5.142049	11.280275	NaN	NaN	64.822432	0.000000
273	Spectrogram 1	4	699.220000	699.540000	4000.000000	18000.000000	8000.000000	Trill	6.370057	8.271667	NaN	NaN	40.826740	0.000000
274	Spectrogram 1	4	699.580000	699.850000	4000.000000	18000.000000	8000.000000	Trill	4.529829	8.952593	NaN	NaN	45.888462	0.000000
275	Spectrogram 1	4	715.940000	715.960000	4000.000000	18000.000000	8000.000000	Tse	4.143599	13.445183	NaN	NaN	51.437413	0.000000
276	Spectrogram 1	4	716.080000	716.100000	4000.000000	18000.000000	8000.000000	Sd-peep	5.965236	13.072278	NaN	NaN	54.132751	0.000000
277	Spectrogram 1	4	717.770000	717.920000	4000.000000	18000.000000	8000.000000	Trill	6.010774	10.202669	NaN	NaN	46.499538	0.000000
278	Spectrogram 1	4	717.990000	718.040000	4000.000000	18000.000000	8000.000000	Trill	7.168749	9.062711	NaN	NaN	43.617609	0.000000
279	Spectrogram 1	4	719.110000	719.730000	4000.000000	18000.000000	8000.000000	Trill	7.649014	11.148102	NaN	NaN	57.922739	0.000000
280	Spectrogram 1	4	719.870000	719.980000	4000.000000	18000.000000	8000.000000	Trill	5.489046	10.394901	NaN	NaN	69.409951	0.000000
281	Spectrogram 1	4	720.010000	720.440000	4000.000000	18000.000000	8000.000000	Phee	5.855329	9.966591	NaN	NaN	65.158858	0.000000
282	Spectrogram 1	4	720.590000	720.840000	4000.000000	18000.000000	8000.000000	Trill	4.438124	9.134923	NaN	NaN	50.809476	0.000000
283	Spectrogram 1	4	729.620000	730.330000	4000.000000	18000.000000	8000.000000	Twitter	6.742017	12.757400	NaN	NaN	48.369973	0.000000
284	Spectrogram 1	4	732.590000	732.630000	4000.000000	18000.000000	8000.000000	Twitter	12.618171	22.510024	NaN	NaN	68.401126	0.000000
285	Spectrogram 1	4	732.750000	732.800000	4000.000000	18000.000000	8000.000000	Twitter	11.858356	21.250355	NaN	NaN	63.791222	0.000000
286	Spectrogram 1	4	732.900000	732.950000	4000.000000	18000.000000	8000.000000	Twitter	12.755876	22.578327	NaN	NaN	65.907760	0.000000
287	Spectrogram 1	4	733.040000	733.110000	4000.000000	18000.000000	8000.000000	Twitter	10.420781	18.366253	NaN	NaN	71.863046	0.000000
288	Spectrogram 1	4	799.370000	799.410000	4000.000000	18000.000000	8000.000000	Twitter	12.576753	28.637505	NaN	NaN	88.385456	0.000000
289	Spectrogram 1	4	800.410000	800.500000	4000.000000	18000.000000	8000.000000	Trill	10.359387	23.303691	NaN	NaN	96.203952	0.000000
290	Spectrogram 1	4	802.380000	802.780000	4000.000000	18000.000000	8000.000000	Trill	5.334063	9.090103	NaN	NaN	38.601213	0.000000
291	Spectrogram 1	4	802.870000	803.020000	4000.000000	18000.000000	8000.000000	Trill	4.850018	9.258927	NaN	NaN	45.126092	0.000000
292	Spectrogram 1	4	805.290000	805.630000	4000.000000	18000.000000	8000.000000	Trill	6.045879	11.720300	NaN	NaN	45.694574	0.000000
293	Spectrogram 1	4	810.780000	810.830000	4000.000000	18000.000000	8000.000000	Twitter	11.956584	21.933693	NaN	NaN	69.157298	0.000000
294	Spectrogram 1	4	810.930000	810.980000	4000.000000	18000.000000	8000.000000	Twitter	11.084174	20.792935	NaN	NaN	70.483671	0.000000
295	Spectrogram 1	4	811.080000	811.130000	4000.000000	18000.000000	8000.000000	Trill	8.387425	13.162469	NaN	NaN	62.476850	0.000000
296	Spectrogram 1	4	811.420000	812.010000	4000.000000	18000.000000	8000.000000	Phee	7.532017	17.033302	NaN	NaN	93.873527	0.000000
297	Spectrogram 1	4	812.210000	812.880000	4000.000000	18000.000000	8000.000000	Phee	9.336046	17.482609	NaN	NaN	100.389173	0.000000
298	Spectrogram 1	4	815.610000	815.790000	4000.000000	18000.000000	8000.000000	Trill	7.173601	9.148506	NaN	NaN	42.234980	0.000000
299	Spectrogram 1	4	815.840000	816.090000	4000.000000	18000.000000	8000.000000	Trill	7.243089	9.569056	NaN	NaN	43.461187	0.000000
300	Spectrogram 1	4	874.580000	874.990000	4000.000000	18000.000000	8000.000000	Trill	6.067267	10.341941	NaN	NaN	43.523065	0.000000
301	Spectrogram 1	4	890.910000	890.960000	4000.000000	18000.000000	8000.000000	Twitter	8.779968	16.610549	NaN	NaN	65.007332	0.000000
302	Spectrogram 1	4	891.060000	891.110000	4000.000000	18000.000000	8000.000000	Twitter	9.183461	17.452156	NaN	NaN	64.226280	0.000000
303	Spectrogram 1	4	891.210000	891.260000	4000.000000	18000.000000	8000.000000	Twitter	9.690670	17.951618	NaN	NaN	70.950772	0.000000
304	Spectrogram 1	4	891.360000	891.410000	4000.000000	18000.000000	8000.000000	Twitter	9.850046	18.474387	NaN	NaN	67.022510	0.000000
305	Spectrogram 1	4	891.510000	891.560000	4000.000000	18000.000000	8000.000000	Twitter	9.581833	19.525959	NaN	NaN	72.168042	0.000000
306	Spectrogram 1	4	891.650000	891.710000	4000.000000	18000.000000	8000.000000	Twitter	9.113795	18.203949	NaN	NaN	78.841889	0.000000
307	Spectrogram 1	4	897.230000	897.910000	4000.000000	18000.000000	8000.000000	Trill	5.002187	7.659482	NaN	NaN	37.517395	0.000000
308	Spectrogram 1	4	990.230000	990.320000	4000.000000	18000.000000	8000.000000	Trill	6.918673	11.831285	NaN	NaN	51.398650	0.000000
309	Spectrogram 1	4	990.350000	990.760000	4000.000000	18000.000000	8000.000000	Trill	6.670832	13.127529	NaN	NaN	57.845714	0.000000
310	Spectrogram 1	4	990.980000	991.670000	4000.000000	18000.000000	8000.000000	Phee	7.273045	18.852178	NaN	NaN	99.456646	0.000000
311	Spectrogram 1	4	991.880000	992.620000	4000.000000	18000.000000	8000.000000	Phee	6.644969	16.996418	NaN	NaN	85.898581	0.000000
312	Spectrogram 1	4	1005.380000	1005.410000	4000.000000	18000.000000	8000.000000	Twitter	6.825777	15.439813	NaN	NaN	51.961825	0.000000
313	Spectrogram 1	4	1005.530000	1005.560000	4000.000000	18000.000000	8000.000000	Twitter	6.141302	15.834025	NaN	NaN	56.771198	0.000000
314	Spectrogram 1	4	1044.390000	1044.500000	4000.000000	18000.000000	8000.000000	Trill	8.969699	13.044641	NaN	NaN	55.838548	0.000000
315	Spectrogram 1	4	1044.590000	1044.610000	4000.000000	18000.000000	8000.000000	Tse	13.174130	22.845455	NaN	NaN	64.338357	0.000000
316	Spectrogram 1	4	1044.720000	1044.760000	4000.000000	18000.000000	8000.000000	Twitter	13.919945	24.079110	NaN	NaN	58.199090	0.000000
317	Spectrogram 1	4	1044.850000	1044.900000	4000.000000	18000.000000	8000.000000	Twitter	14.055170	21.980685	NaN	NaN	67.071232	0.000000
318	Spectrogram 1	4	1044.980000	1045.030000	4000.000000	18000.000000	8000.000000	Twitter	13.747489	20.092550	NaN	NaN	75.567679	0.000000
319	Spectrogram 1	4	1045.100000	1045.160000	4000.000000	18000.000000	8000.000000	Twitter	11.285594	16.910255	NaN	NaN	74.102225	0.000000
320	Spectrogram 1	4	1045.230000	1045.310000	4000.000000	18000.000000	8000.000000	Trill	5.722794	8.737393	NaN	NaN	47.003995	0.000000
321	Spectrogram 1	4	1088.550000	1088.590000	4000.000000	18000.000000	8000.000000	Trill	8.909077	15.596288	NaN	NaN	70.344635	0.000000
322	Spectrogram 1	4	1088.680000	1088.710000	4000.000000	18000.000000	8000.000000	Trill	7.678172	13.168165	NaN	NaN	57.980796	0.000000
323	Spectrogram 1	4	1108.410000	1108.860000	4000.000000	18000.000000	8000.000000	Trill	6.431037	9.358861	NaN	NaN	42.987569	0.000000
324	Spectrogram 1	4	1135.140000	1135.710000	4000.000000	18000.000000	8000.000000	Trill	5.109820	9.095097	NaN	NaN	38.686612	0.000000
325	Spectrogram 1	4	1138.620000	1138.880000	4000.000000	18000.000000	8000.000000	Trill	6.163863	11.522621	NaN	NaN	49.261519	0.000000
326	Spectrogram 1	4	1143.760000	1144.100000	4000.000000	18000.000000	8000.000000	Trill	6.742295	8.524369	NaN	NaN	37.339407	0.000000
327	Spectrogram 1	4	1202.350000	1202.550000	4000.000000	18000.000000	8000.000000	Trill	5.301850	13.333516	NaN	NaN	69.792100	0.000000
328	Spectrogram 1	4	1205.940000	1205.970000	4000.000000	18000.000000	8000.000000	Twitter	14.282173	22.542413	NaN	NaN	68.250559	0.000000
329	Spectrogram 1	4	1206.080000	1206.120000	4000.000000	18000.000000	8000.000000	Twitter	11.225653	18.317276	NaN	NaN	70.052752	0.000000
330	Spectrogram 1	4	1206.220000	1206.250000	4000.000000	18000.000000	8000.000000	Twitter	12.948230	20.235881	NaN	NaN	56.680219	0.000000
331	Spectrogram 1	4	1206.340000	1206.380000	4000.000000	18000.000000	8000.000000	Twitter	10.357734	15.240837	NaN	NaN	65.599260	0.000000
332	Spectrogram 1	4	1225.050000	1225.260000	4000.000000	18000.000000	8000.000000	Trill	5.132360	9.274895	NaN	NaN	39.239137	0.000000
333	Spectrogram 1	4	1239.210000	1239.460000	4000.000000	18000.000000	8000.000000	Trill	10.027882	13.809024	NaN	NaN	66.387420	0.000000
334	Spectrogram 1	4	1239.720000	1239.980000	4000.000000	18000.000000	8000.000000	Trill	5.567858	10.011175	NaN	NaN	56.834393	0.000000
335	Spectrogram 1	4	1240.280000	1240.320000	4000.000000	18000.000000	8000.000000	Trill	7.386964	12.394017	NaN	NaN	63.091802	0.000000
336	Spectrogram 1	4	1240.350000	1241.120000	4000.000000	18000.000000	8000.000000	Phee	5.716981	14.578341	NaN	NaN	76.733171	0.000000
337	Spectrogram 1	4	1348.750000	1348.860000	4000.000000	18000.000000	8000.000000	Trill	8.162777	11.149426	NaN	NaN	50.520926	0.000000
338	Spectrogram 1	4	1373.240000	1373.380000	4000.000000	18000.000000	8000.000000	Trill	5.995835	9.207940	NaN	NaN	37.771657	0.000000
339	Spectrogram 1	4	1376.670000	1376.770000	4000.000000	18000.000000	8000.000000	Trill	5.137369	8.367427	NaN	NaN	40.083743	0.000000
340	Spectrogram 1	4	1382.350000	1382.540000	4000.000000	18000.000000	8000.000000	Trill	6.847091	10.491576	NaN	NaN	50.745343	0.000000
341	Spectrogram 1	4	1419.600000	1419.930000	4000.000000	18000.000000	8000.000000	Trill	5.340157	9.006656	NaN	NaN	40.462451	0.000000
342	Spectrogram 1	4	1432.850000	1432.880000	4000.000000	18000.000000	8000.000000	Tse	12.912370	18.707415	NaN	NaN	69.407830	0.000000
343	Spectrogram 1	4	1432.980000	1433.020000	4000.000000	18000.000000	8000.000000	Twitter	13.184907	22.056944	NaN	NaN	61.472753	0.000000
344	Spectrogram 1	4	1433.130000	1433.170000	4000.000000	18000.000000	8000.000000	Twitter	16.056690	27.462407	NaN	NaN	67.973563	0.000000
345	Spectrogram 1	4	1433.260000	1433.310000	4000.000000	18000.000000	8000.000000	Twitter	14.147456	24.799272	NaN	NaN	58.942045	0.000000
346	Spectrogram 1	4	1433.400000	1433.450000	4000.000000	18000.000000	8000.000000	Twitter	14.939210	26.434519	NaN	NaN	64.241040	0.000000
347	Spectrogram 1	4	1433.530000	1433.580000	4000.000000	18000.000000	8000.000000	Twitter	14.020137	25.664509	NaN	NaN	62.062169	0.000000
348	Spectrogram 1	4	1433.670000	1433.730000	4000.000000	18000.000000	8000.000000	Twitter	13.426652	24.649976	NaN	NaN	63.053498	0.000000
349	Spectrogram 1	4	1433.800000	1433.860000	4000.000000	18000.000000	8000.000000	Twitter	11.888277	20.253228	NaN	NaN	73.632656	0.000000
350	Spectrogram 1	4	1433.920000	1433.980000	4000.000000	18000.000000	8000.000000	Trill	7.871639	14.085451	NaN	NaN	77.499890	0.000000
351	Spectrogram 1	4	1443.890000	1444.080000	4000.000000	18000.000000	8000.000000	Trill	5.842067	10.676018	NaN	NaN	38.236746	0.000000
352	Spectrogram 1	4	1461.190000	1461.260000	4000.000000	18000.000000	8000.000000	Trill	5.615824	8.560229	NaN	NaN	42.164514	0.000000
353	Spectrogram 1	4	1466.680000	1466.800000	4000.000000	18000.000000	8000.000000	Trill	7.978406	11.618849	NaN	NaN	45.977819	0.000000
354	Spectrogram 1	4	1470.430000	1470.710000	4000.000000	18000.000000	8000.000000	Trill	6.801545	8.720032	NaN	NaN	38.334798	0.000000
355	Spectrogram 1	4	1493.900000	1494.080000	4000.000000	18000.000000	8000.000000	Trill	5.344994	9.373055	NaN	NaN	46.551403	0.000000
356	Spectrogram 1	4	1518.210000	1518.640000	4000.000000	18000.000000	8000.000000	Trill	3.920726	8.448432	NaN	NaN	44.876690	0.000000
357	Spectrogram 1	4	1581.330000	1581.360000	4000.000000	18000.000000	8000.000000	Twitter	14.329827	23.289601	NaN	NaN	76.669666	0.000000
358	Spectrogram 1	4	1581.460000	1581.500000	4000.000000	18000.000000	8000.000000	Twitter	14.921392	24.123140	NaN	NaN	66.666099	0.000000
359	Spectrogram 1	4	1581.610000	1581.650000	4000.000000	18000.000000	8000.000000	Twitter	16.003711	25.619831	NaN	NaN	67.206759	0.000000
360	Spectrogram 1	4	1581.750000	1581.800000	4000.000000	18000.000000	8000.000000	Twitter	15.198229	24.399945	NaN	NaN	68.944394	0.000000
361	Spectrogram 1	4	1581.880000	1581.940000	4000.000000	18000.000000	8000.000000	Twitter	13.087572	21.872916	NaN	NaN	74.248723	0.000000
362	Spectrogram 1	4	1582.010000	1582.060000	4000.000000	18000.000000	8000.000000	Twitter	11.421295	19.142897	NaN	NaN	89.668203	0.000000
363	Spectrogram 1	4	1584.300000	1584.320000	4000.000000	18000.000000	8000.000000	Twitter	6.683485	14.813211	NaN	NaN	55.415015	0.000000
364	Spectrogram 1	4	1584.550000	1584.580000	4000.000000	18000.000000	8000.000000	Twitter	5.419836	14.659758	NaN	NaN	57.108337	0.000000
365	Spectrogram 1	4	1584.670000	1584.710000	4000.000000	18000.000000	8000.000000	Twitter	5.123429	13.628889	NaN	NaN	48.824935	0.000000
366	Spectrogram 1	4	1593.530000	1593.740000	4000.000000	18000.000000	8000.000000	Trill	7.401879	10.611474	NaN	NaN	53.037024	0.000000
367	Spectrogram 1	4	1598.330000	1598.890000	4000.000000	18000.000000	8000.000000	Trill	3.942071	9.534869	NaN	NaN	41.163903	0.000000
368	Spectrogram 1	4	1599.480000	1599.520000	4000.000000	18000.000000	8000.000000	Twitter	13.380610	23.758561	NaN	NaN	90.112180	0.000000
369	Spectrogram 1	4	1599.640000	1599.690000	4000.000000	18000.000000	8000.000000	Twitter	13.762780	24.676157	NaN	NaN	78.869564	0.000000
370	Spectrogram 1	4	1599.790000	1599.850000	4000.000000	18000.000000	8000.000000	Twitter	13.164347	24.750029	NaN	NaN	66.389684	0.000000
371	Spectrogram 1	4	1599.930000	1599.980000	4000.000000	18000.000000	8000.000000	Twitter	10.791199	22.094362	NaN	NaN	67.854243	0.000000
372	Spectrogram 1	4	1600.080000	1600.150000	4000.000000	18000.000000	8000.000000	Twitter	11.402234	22.422169	NaN	NaN	66.229607	0.000000
373	Spectrogram 1	4	1600.230000	1600.300000	4000.000000	18000.000000	8000.000000	Twitter	11.607995	22.437281	NaN	NaN	71.631041	0.000000
374	Spectrogram 1	4	1600.370000	1600.450000	4000.000000	18000.000000	8000.000000	Twitter	10.343669	19.664473	NaN	NaN	77.601618	0.000000
375	Spectrogram 1	4	1600.540000	1600.620000	4000.000000	18000.000000	8000.000000	Twitter	6.463080	14.131852	NaN	NaN	68.178767	0.000000
376	Spectrogram 1	4	1600.760000	1600.790000	4000.000000	18000.000000	8000.000000	Trill	5.507261	8.494003	NaN	NaN	39.400410	0.000000
377	Spectrogram 1	4	1601.470000	1601.510000	4000.000000	18000.000000	8000.000000	Tse	10.248093	20.833891	NaN	NaN	61.757265	0.000000
378	Spectrogram 1	4	1601.620000	1601.670000	4000.000000	18000.000000	8000.000000	Twitter	9.133014	20.113927	NaN	NaN	51.276808	0.000000
379	Spectrogram 1	4	1601.790000	1601.840000	4000.000000	18000.000000	8000.000000	Twitter	9.584186	22.423470	NaN	NaN	51.438416	0.000000
380	Spectrogram 1	4	1601.950000	1601.980000	4000.000000	18000.000000	8000.000000	Twitter	8.652625	19.934311	NaN	NaN	46.967897	0.000000
381	Spectrogram 1	4	1602.130000	1602.180000	4000.000000	18000.000000	8000.000000	Twitter	9.097877	24.190360	NaN	NaN	48.245359	0.000000
382	Spectrogram 1	4	1602.290000	1602.310000	4000.000000	18000.000000	8000.000000	Twitter	8.953754	23.221873	NaN	NaN	52.185286	0.000000
383	Spectrogram 1	4	1602.610000	1602.640000	4000.000000	18000.000000	8000.000000	Twitter	7.198664	21.188698	NaN	NaN	46.981506	0.000000
384	Spectrogram 1	4	1602.650000	1602.670000	4000.000000	18000.000000	8000.000000	Twitter	9.139843	24.509497	NaN	NaN	46.201822	0.000000
385	Spectrogram 1	4	1602.780000	1602.830000	4000.000000	18000.000000	8000.000000	Twitter	8.119262	22.674158	NaN	NaN	49.923647	0.000000
386	Spectrogram 1	4	1602.940000	1602.990000	4000.000000	18000.000000	8000.000000	Twitter	7.111926	21.471366	NaN	NaN	50.774210	0.000000
387	Spectrogram 1	4	1603.850000	1603.890000	4000.000000	18000.000000	8000.000000	Twitter	12.139646	19.617071	NaN	NaN	81.718886	0.000000
388	Spectrogram 1	4	1603.980000	1604.010000	4000.000000	18000.000000	8000.000000	Twitter	15.323220	25.031977	NaN	NaN	74.898592	0.000000
389	Spectrogram 1	4	1604.120000	1604.160000	4000.000000	18000.000000	8000.000000	Twitter	15.451042	28.155361	NaN	NaN	65.786132	0.000000
390	Spectrogram 1	4	1604.250000	1604.300000	4000.000000	18000.000000	8000.000000	Twitter	13.973927	27.251543	NaN	NaN	59.458945	0.000000
391	Spectrogram 1	4	1604.390000	1604.440000	4000.000000	18000.000000	8000.000000	Twitter	14.322092	27.537197	NaN	NaN	62.738976	0.000000
392	Spectrogram 1	4	1604.530000	1604.590000	4000.000000	18000.000000	8000.000000	Twitter	10.871396	23.859863	NaN	NaN	62.734044	0.000000
393	Spectrogram 1	4	1607.920000	1608.150000	4000.000000	18000.000000	8000.000000	Phee	6.939013	21.790488	NaN	NaN	94.052649	0.000000
394	Spectrogram 1	4	1609.470000	1609.890000	4000.000000	18000.000000	8000.000000	Trill	7.379817	10.898186	NaN	NaN	46.601576	0.000000
395	Spectrogram 1	4	1622.770000	1622.950000	4000.000000	18000.000000	8000.000000	Trill	8.738555	19.167799	NaN	NaN	82.206316	0.000000
396	Spectrogram 1	4	1625.810000	1625.970000	4000.000000	18000.000000	8000.000000	Trill	7.565857	12.684037	NaN	NaN	47.238504	0.000000
397	Spectrogram 1	4	1626.040000	1626.080000	4000.000000	18000.000000	8000.000000	Twitter	9.736788	18.278368	NaN	NaN	55.219366	0.000000
398	Spectrogram 1	4	1626.180000	1626.220000	4000.000000	18000.000000	8000.000000	Twitter	14.492044	25.482860	NaN	NaN	65.899336	0.000000
399	Spectrogram 1	4	1626.310000	1626.360000	4000.000000	18000.000000	8000.000000	Twitter	13.240380	22.904041	NaN	NaN	63.980222	0.000000
400	Spectrogram 1	4	1626.450000	1626.510000	4000.000000	18000.000000	8000.000000	Twitter	11.350616	20.704780	NaN	NaN	70.881651	0.000000
401	Spectrogram 1	4	1626.570000	1626.620000	4000.000000	18000.000000	8000.000000	Trill	8.647810	14.974379	NaN	NaN	73.741188	0.000000
402	Spectrogram 1	4	1696.760000	1697.170000	4000.000000	18000.000000	8000.000000	Trill	6.768467	9.745792	NaN	NaN	40.745367	0.000000
403	Spectrogram 1	4	1706.390000	1706.420000	4000.000000	18000.000000	8000.000000	Tse	12.950081	23.383334	NaN	NaN	83.896717	0.000000
404	Spectrogram 1	4	1706.510000	1706.550000	4000.000000	18000.000000	8000.000000	Twitter	13.933936	24.327875	NaN	NaN	73.954233	0.000000
405	Spectrogram 1	4	1706.650000	1706.690000	4000.000000	18000.000000	8000.000000	Twitter	13.896296	24.703648	NaN	NaN	68.449952	0.000000
406	Spectrogram 1	4	1706.790000	1706.840000	4000.000000	18000.000000	8000.000000	Twitter	15.280423	27.663803	NaN	NaN	72.659818	0.000000
407	Spectrogram 1	4	1706.920000	1706.980000	4000.000000	18000.000000	8000.000000	Twitter	13.273058	25.906022	NaN	NaN	63.278952	0.000000
408	Spectrogram 1	4	1707.060000	1707.130000	4000.000000	18000.000000	8000.000000	Twitter	11.532406	24.098115	NaN	NaN	62.695790	0.000000
409	Spectrogram 1	4	1707.200000	1707.260000	4000.000000	18000.000000	8000.000000	Twitter	11.195761	22.361458	NaN	NaN	75.664966	0.000000
410	Spectrogram 1	4	1707.330000	1707.390000	4000.000000	18000.000000	8000.000000	Twitter	10.672447	19.354911	NaN	NaN	84.974661	0.000000
411	Spectrogram 1	4	1707.470000	1707.510000	4000.000000	18000.000000	8000.000000	Trill	10.479993	16.040141	NaN	NaN	82.012802	0.000000
412	Spectrogram 1	4	1721.970000	1722.380000	4000.000000	18000.000000	8000.000000	Trill	5.049481	10.789893	NaN	NaN	40.970224	0.000000
413	Spectrogram 1	4	1731.130000	1731.480000	4000.000000	18000.000000	8000.000000	Trill	9.680454	13.728318	NaN	NaN	69.527025	0.000000
414	Spectrogram 1	4	1756.090000	1756.530000	4000.000000	18000.000000	8000.000000	Phee	4.343192	21.251325	NaN	NaN	68.504636	0.000000
415	Spectrogram 1	4	1757.080000	1757.320000	4000.000000	18000.000000	8000.000000	Trill	6.143270	10.963735	NaN	NaN	42.012772	0.000000
416	Spectrogram 1	4	1818.600000	1818.640000	4000.000000	18000.000000	8000.000000	Twitter	9.487127	22.099003	NaN	NaN	62.815287	0.000000
417	Spectrogram 1	4	1818.770000	1818.800000	4000.000000	18000.000000	8000.000000	Twitter	7.346386	21.623384	NaN	NaN	47.700185	0.000000
418	Spectrogram 1	4	1818.910000	1818.960000	4000.000000	18000.000000	8000.000000	Twitter	8.344011	21.014459	NaN	NaN	51.597882	0.000000
419	Spectrogram 1	4	1819.060000	1819.100000	4000.000000	18000.000000	8000.000000	Twitter	8.753625	22.029368	NaN	NaN	51.854566	0.000000
420	Spectrogram 1	4	1819.200000	1819.220000	4000.000000	18000.000000	8000.000000	Tse	10.364534	21.800813	NaN	NaN	59.910818	0.000000
421	Spectrogram 1	4	1819.340000	1819.390000	4000.000000	18000.000000	8000.000000	Twitter	6.998715	19.242836	NaN	NaN	56.946770	0.000000
422	Spectrogram 1	4	1819.630000	1819.670000	4000.000000	18000.000000	8000.000000	Twitter	4.607527	11.512507	NaN	NaN	61.751799	0.000000
423	Spectrogram 1	4	1820.520000	1820.660000	4000.000000	18000.000000	8000.000000	Trill	6.980509	12.731348	NaN	NaN	50.686147	0.000000
424	Spectrogram 1	4	1822.340000	1822.380000	4000.000000	18000.000000	8000.000000	Twitter	10.107129	21.213111	NaN	NaN	50.946617	0.000000
425	Spectrogram 1	4	1822.480000	1822.500000	4000.000000	18000.000000	8000.000000	Twitter	7.857525	19.126453	NaN	NaN	47.006437	0.000000
426	Spectrogram 1	4	1848.790000	1849.240000	4000.000000	18000.000000	8000.000000	Trill	7.568896	11.776446	NaN	NaN	53.422752	0.000000
427	Spectrogram 1	4	1851.660000	1852.150000	4000.000000	18000.000000	8000.000000	Trill	6.978159	11.033458	NaN	NaN	47.615124	0.000000
428	Spectrogram 1	4	1875.370000	1875.390000	4000.000000	18000.000000	8000.000000	Twitter	5.046784	13.476926	NaN	NaN	50.790967	0.000000
429	Spectrogram 1	4	1875.510000	1875.530000	4000.000000	18000.000000	8000.000000	Twitter	7.082876	15.601767	NaN	NaN	58.637589	0.000000
430	Spectrogram 1	4	1875.650000	1875.680000	4000.000000	18000.000000	8000.000000	Twitter	7.950847	18.271153	NaN	NaN	55.072014	0.000000
431	Spectrogram 1	4	1875.790000	1875.810000	4000.000000	18000.000000	8000.000000	Twitter	7.438472	17.489712	NaN	NaN	59.276800	0.000000
432	Spectrogram 1	4	1929.550000	1929.650000	4000.000000	18000.000000	8000.000000	Phee	5.306312	15.930339	NaN	NaN	48.434713	0.000000
433	Spectrogram 1	4	1941.910000	1942.370000	4000.000000	18000.000000	8000.000000	Trill	6.643432	11.042458	NaN	NaN	46.178237	0.000000
434	Spectrogram 1	4	1987.740000	1987.840000	4000.000000	18000.000000	8000.000000	Trill	7.154069	10.879480	NaN	NaN	49.597593	0.000000
435	Spectrogram 1	4	1991.110000	1991.370000	4000.000000	18000.000000	8000.000000	Trill	9.153345	12.399267	NaN	NaN	61.076623	0.000000
436	Spectrogram 1	4	1994.190000	1996.050000	4000.000000	18000.000000	8000.000000	Phee	5.321801	28.504388	NaN	NaN	80.117855	0.000000
437	Spectrogram 1	4	1996.310000	1997.790000	4000.000000	18000.000000	8000.000000	Phee	6.222230	31.422121	NaN	NaN	93.701927	0.000000
438	Spectrogram 1	4	1998.220000	1998.270000	4000.000000	18000.000000	8000.000000	Tse	10.188701	22.303830	NaN	NaN	80.707023	0.000000
439	Spectrogram 1	4	1998.350000	1998.390000	4000.000000	18000.000000	8000.000000	Twitter	10.436713	23.712400	NaN	NaN	60.871051	0.000000
440	Spectrogram 1	4	1998.490000	1998.520000	4000.000000	18000.000000	8000.000000	Twitter	11.659180	24.803418	NaN	NaN	63.133256	0.000000
441	Spectrogram 1	4	1998.620000	1998.660000	4000.000000	18000.000000	8000.000000	Twitter	9.829509	23.589768	NaN	NaN	48.474681	0.000000
442	Spectrogram 1	4	1998.760000	1998.800000	4000.000000	18000.000000	8000.000000	Twitter	10.259477	25.372137	NaN	NaN	51.154421	0.000000
443	Spectrogram 1	4	1998.900000	1998.950000	4000.000000	18000.000000	8000.000000	Twitter	10.522774	25.200327	NaN	NaN	50.750392	0.000000
444	Spectrogram 1	4	1999.030000	1999.090000	4000.000000	18000.000000	8000.000000	Twitter	9.325091	22.243706	NaN	NaN	55.862865	0.000000
445	Spectrogram 1	4	1999.150000	1999.210000	4000.000000	18000.000000	8000.000000	Twitter	7.438065	18.901165	NaN	NaN	77.943609	0.000000
446	Spectrogram 1	4	1999.290000	1999.310000	4000.000000	18000.000000	8000.000000	Tse	6.481730	13.748989	NaN	NaN	67.889434	0.000000
447	Spectrogram 1	4	2046.980000	2047.440000	4000.000000	18000.000000	8000.000000	Trill	4.539164	8.036611	NaN	NaN	55.544317	0.000000
448	Spectrogram 1	4	2059.600000	2059.640000	4000.000000	18000.000000	8000.000000	Twitter	13.481834	24.488547	NaN	NaN	72.376589	0.000000
449	Spectrogram 1	4	2059.760000	2059.810000	4000.000000	18000.000000	8000.000000	Twitter	13.470007	24.509314	NaN	NaN	68.304043	0.000000
450	Spectrogram 1	4	2059.910000	2059.960000	4000.000000	18000.000000	8000.000000	Twitter	13.484379	25.958343	NaN	NaN	65.368130	0.000000
451	Spectrogram 1	4	2060.050000	2060.100000	4000.000000	18000.000000	8000.000000	Twitter	14.690318	26.234097	NaN	NaN	66.392258	0.000000
452	Spectrogram 1	4	2060.180000	2060.240000	4000.000000	18000.000000	8000.000000	Twitter	13.310807	23.822497	NaN	NaN	75.114500	0.000000
453	Spectrogram 1	4	2060.320000	2060.390000	4000.000000	18000.000000	8000.000000	Twitter	9.127421	19.235083	NaN	NaN	67.666796	0.000000
454	Spectrogram 1	4	2060.460000	2060.510000	4000.000000	18000.000000	8000.000000	Twitter	9.389036	16.142470	NaN	NaN	71.025672	0.000000
455	Spectrogram 1	4	2062.140000	2062.580000	4000.000000	18000.000000	8000.000000	Trill	5.403598	9.447028	NaN	NaN	44.627346	0.000000
456	Spectrogram 1	4	2075.910000	2076.260000	4000.000000	18000.000000	8000.000000	Trill	5.018819	9.748210	NaN	NaN	38.152546	0.000000
457	Spectrogram 1	4	2081.270000	2081.300000	4000.000000	18000.000000	8000.000000	Twitter	10.893689	18.035674	NaN	NaN	65.956963	0.000000
458	Spectrogram 1	4	2081.430000	2081.480000	4000.000000	18000.000000	8000.000000	Twitter	13.678219	23.943489	NaN	NaN	67.790183	0.000000
459	Spectrogram 1	4	2081.600000	2081.650000	4000.000000	18000.000000	8000.000000	Twitter	14.019464	24.473432	NaN	NaN	70.843112	0.000000
460	Spectrogram 1	4	2081.750000	2081.810000	4000.000000	18000.000000	8000.000000	Twitter	13.377004	24.547291	NaN	NaN	62.407848	0.000000
461	Spectrogram 1	4	2081.890000	2081.950000	4000.000000	18000.000000	8000.000000	Twitter	11.671408	22.062793	NaN	NaN	65.857321	0.000000
462	Spectrogram 1	4	2082.070000	2082.130000	4000.000000	18000.000000	8000.000000	Twitter	9.542001	21.834339	NaN	NaN	51.889418	0.000000
463	Spectrogram 1	4	2082.200000	2083.940000	4000.000000	18000.000000	8000.000000	Phee	10.684082	28.236543	NaN	NaN	109.131558	0.000000
464	Spectrogram 1	4	2087.150000	2087.490000	4000.000000	18000.000000	8000.000000	Trill	7.298134	11.163557	NaN	NaN	46.575122	0.000000
465	Spectrogram 1	4	2101.950000	2102.390000	4000.000000	18000.000000	8000.000000	Trill	9.012864	15.971550	NaN	NaN	69.283282	0.000000
466	Spectrogram 1	4	2120.210000	2120.330000	4000.000000	18000.000000	8000.000000	Sd-peep	4.544903	9.260739	NaN	NaN	43.548834	0.000000
467	Spectrogram 1	4	2125.880000	2126.000000	4000.000000	18000.000000	8000.000000	Trill	5.707443	10.335692	NaN	NaN	47.285002	0.000000
468	Spectrogram 1	4	2126.540000	2127.330000	4000.000000	18000.000000	8000.000000	Trill	4.191944	9.251027	NaN	NaN	41.710458	0.000000
469	Spectrogram 1	4	2149.960000	2150.060000	4000.000000	18000.000000	8000.000000	Trill	6.828641	14.434883	NaN	NaN	44.919883	0.000000
470	Spectrogram 1	4	2161.530000	2161.800000	4000.000000	18000.000000	8000.000000	Trill	7.376057	10.540507	NaN	NaN	44.980960	0.000000
471	Spectrogram 1	4	2165.250000	2165.560000	4000.000000	18000.000000	8000.000000	Trill	5.885549	10.682693	NaN	NaN	50.830122	0.000000
472	Spectrogram 1	4	2180.550000	2180.750000	4000.000000	18000.000000	8000.000000	Phee	4.301827	16.825301	NaN	NaN	80.837092	0.000000
473	Spectrogram 1	4	2183.110000	2183.210000	4000.000000	18000.000000	8000.000000	Trill	7.260335	12.496990	NaN	NaN	57.601713	0.000000
474	Spectrogram 1	4	2190.660000	2191.160000	4000.000000	18000.000000	8000.000000	Trill	7.225315	11.596252	NaN	NaN	46.677010	0.000000
475	Spectrogram 1	4	2193.710000	2193.740000	4000.000000	18000.000000	8000.000000	Twitter	10.781189	22.286934	NaN	NaN	49.520049	0.000000
476	Spectrogram 1	4	2193.840000	2193.880000	4000.000000	18000.000000	8000.000000	Twitter	10.116454	19.388613	NaN	NaN	57.904811	0.000000
477	Spectrogram 1	4	2193.980000	2194.020000	4000.000000	18000.000000	8000.000000	Twitter	11.932441	22.422414	NaN	NaN	57.796033	0.000000
478	Spectrogram 1	4	2194.100000	2194.140000	4000.000000	18000.000000	8000.000000	Twitter	9.772116	17.906971	NaN	NaN	61.468659	0.000000
479	Spectrogram 1	4	2194.230000	2194.280000	4000.000000	18000.000000	8000.000000	Twitter	8.798082	17.216312	NaN	NaN	69.252229	0.000000
480	Spectrogram 1	4	2209.260000	2209.430000	4000.000000	18000.000000	8000.000000	Trill	5.707160	9.048507	NaN	NaN	38.090536	0.000000
481	Spectrogram 1	4	2210.700000	2210.740000	4000.000000	18000.000000	8000.000000	Twitter	11.451710	16.942665	NaN	NaN	75.189806	0.000000
482	Spectrogram 1	4	2210.840000	2210.890000	4000.000000	18000.000000	8000.000000	Twitter	12.809237	24.459947	NaN	NaN	69.720233	0.000000
483	Spectrogram 1	4	2210.990000	2211.050000	4000.000000	18000.000000	8000.000000	Twitter	11.667401	23.167946	NaN	NaN	63.074677	0.000000
484	Spectrogram 1	4	2211.150000	2211.210000	4000.000000	18000.000000	8000.000000	Twitter	12.035051	24.080915	NaN	NaN	66.982441	0.000000
485	Spectrogram 1	4	2211.290000	2211.360000	4000.000000	18000.000000	8000.000000	Twitter	10.869992	22.385463	NaN	NaN	65.016775	0.000000
486	Spectrogram 1	4	2211.440000	2211.510000	4000.000000	18000.000000	8000.000000	Twitter	11.220328	23.208275	NaN	NaN	74.169848	0.000000
487	Spectrogram 1	4	2211.580000	2211.710000	4000.000000	18000.000000	8000.000000	Twitter	8.021164	18.113095	NaN	NaN	65.945233	0.000000
488	Spectrogram 1	4	2211.750000	2212.910000	4000.000000	18000.000000	8000.000000	Phee	8.996485	23.197952	NaN	NaN	106.289878	0.000000
489	Spectrogram 1	4	2212.920000	2213.080000	4000.000000	18000.000000	8000.000000	Phee	8.522163	23.249362	NaN	NaN	74.432187	0.000000
490	Spectrogram 1	4	2213.280000	2214.130000	4000.000000	18000.000000	8000.000000	Phee	7.708285	17.831128	NaN	NaN	94.558630	0.000000
491	Spectrogram 1	4	2244.980000	2245.290000	4000.000000	18000.000000	8000.000000	Trill	5.937037	11.218627	NaN	NaN	43.613142	0.000000
492	Spectrogram 1	4	2340.930000	2341.020000	4000.000000	18000.000000	8000.000000	Sd-peep	4.497071	8.292408	NaN	NaN	37.157435	0.000000
493	Spectrogram 1	4	2368.260000	2368.290000	4000.000000	18000.000000	8000.000000	Twitter	8.950211	15.303499	NaN	NaN	69.174468	0.000000
494	Spectrogram 1	4	2368.440000	2368.470000	4000.000000	18000.000000	8000.000000	Twitter	10.914502	21.556811	NaN	NaN	72.940788	0.000000
495	Spectrogram 1	4	2368.600000	2368.640000	4000.000000	18000.000000	8000.000000	Twitter	10.324304	22.309510	NaN	NaN	70.312742	0.000000
496	Spectrogram 1	4	2368.750000	2368.810000	4000.000000	18000.000000	8000.000000	Twitter	8.970411	21.709228	NaN	NaN	61.024262	0.000000
497	Spectrogram 1	4	2368.910000	2368.970000	4000.000000	18000.000000	8000.000000	Twitter	9.886145	23.394928	NaN	NaN	60.890574	0.000000
498	Spectrogram 1	4	2369.070000	2369.130000	4000.000000	18000.000000	8000.000000	Twitter	9.506496	23.371116	NaN	NaN	60.506073	0.000000
499	Spectrogram 1	4	2369.220000	2369.300000	4000.000000	18000.000000	8000.000000	Twitter	7.575824	21.964500	NaN	NaN	67.765653	0.000000
500	Spectrogram 1	4	2369.560000	2369.630000	4000.000000	18000.000000	8000.000000	Twitter	5.901027	16.637713	NaN	NaN	82.883978	0.000000
501	Spectrogram 1	4	2404.590000	2405.080000	4000.000000	18000.000000	8000.000000	Trill	7.486688	15.046876	NaN	NaN	59.633068	0.000000
502	Spectrogram 1	4	2406.210000	2406.420000	4000.000000	18000.000000	8000.000000	Phee	6.455044	21.282645	NaN	NaN	59.177605	0.000000
503	Spectrogram 1	4	2407.820000	2407.960000	4000.000000	18000.000000	8000.000000	Phee	6.035970	24.663208	NaN	NaN	82.211759	0.000000
504	Spectrogram 1	4	2410.890000	2411.110000	4000.000000	18000.000000	8000.000000	Trill	5.180092	18.504492	NaN	NaN	74.359492	0.000000
505	Spectrogram 1	4	2432.220000	2433.460000	4000.000000	18000.000000	8000.000000	Phee	5.530799	19.040491	NaN	NaN	69.061595	0.000000
506	Spectrogram 1	4	2456.410000	2456.480000	4000.000000	18000.000000	8000.000000	Sd-peep	6.700101	11.926051	NaN	NaN	62.817237	0.000000
507	Spectrogram 1	4	2456.550000	2456.610000	4000.000000	18000.000000	8000.000000	Trill	5.095111	11.243222	NaN	NaN	49.946142	0.000000
508	Spectrogram 1	4	2456.850000	2456.890000	4000.000000	18000.000000	8000.000000	Sd-peep	5.962877	10.113543	NaN	NaN	47.526243	0.000000
509	Spectrogram 1	4	2456.970000	2457.040000	4000.000000	18000.000000	8000.000000	Sd-peep	5.158606	10.588662	NaN	NaN	57.801980	0.000000
510	Spectrogram 1	4	2466.000000	2466.020000	4000.000000	18000.000000	8000.000000	Twitter	5.980223	14.808755	NaN	NaN	47.886318	0.000000
511	Spectrogram 1	4	2466.270000	2466.300000	4000.000000	18000.000000	8000.000000	Twitter	6.350675	17.220237	NaN	NaN	55.340256	0.000000
512	Spectrogram 1	4	2466.410000	2466.440000	4000.000000	18000.000000	8000.000000	Twitter	7.003632	19.214687	NaN	NaN	60.799340	0.000000
513	Spectrogram 1	4	2466.540000	2466.570000	4000.000000	18000.000000	8000.000000	Twitter	6.749115	19.684252	NaN	NaN	62.894136	0.000000
514	Spectrogram 1	4	2466.670000	2466.710000	4000.000000	18000.000000	8000.000000	Twitter	6.347381	19.034795	NaN	NaN	57.591018	0.000000
515	Spectrogram 1	4	2471.410000	2472.200000	4000.000000	18000.000000	8000.000000	Phee	5.612276	14.476018	NaN	NaN	76.502520	0.000000
516	Spectrogram 1	4	2472.320000	2472.530000	4000.000000	18000.000000	8000.000000	Trill	4.369437	11.170987	NaN	NaN	66.851721	0.000000
517	Spectrogram 1	4	2488.410000	2488.440000	4000.000000	18000.000000	8000.000000	Twitter	7.269532	18.603223	NaN	NaN	53.950919	0.000000
518	Spectrogram 1	4	2488.530000	2488.570000	4000.000000	18000.000000	8000.000000	Twitter	5.802068	16.303906	NaN	NaN	57.555015	0.000000
519	Spectrogram 1	4	2495.520000	2496.420000	4000.000000	18000.000000	8000.000000	Trillphee	5.368021	12.325497	NaN	NaN	70.344734	0.000000
520	Spectrogram 1	4	2502.980000	2503.030000	4000.000000	18000.000000	8000.000000	Trill	6.000102	9.447619	NaN	NaN	42.396774	0.000000
521	Spectrogram 1	4	2503.170000	2503.240000	4000.000000	18000.000000	8000.000000	Tse	8.210020	18.055112	NaN	NaN	80.995513	0.000000
522	Spectrogram 1	4	2503.490000	2503.580000	4000.000000	18000.000000	8000.000000	Trill	6.921299	17.288031	NaN	NaN	71.320136	0.000000
523	Spectrogram 1	4	2503.850000	2503.930000	4000.000000	18000.000000	8000.000000	Sd-peep	7.314782	17.521844	NaN	NaN	68.502051	0.000000
524	Spectrogram 1	4	2504.000000	2504.060000	4000.000000	18000.000000	8000.000000	Trill	7.553253	18.711242	NaN	NaN	77.438074	0.000000
525	Spectrogram 1	4	2504.230000	2504.330000	4000.000000	18000.000000	8000.000000	Trill	4.644100	13.996392	NaN	NaN	61.663723	0.000000
526	Spectrogram 1	4	2504.620000	2504.700000	4000.000000	18000.000000	8000.000000	Sd-peep	6.458927	15.785646	NaN	NaN	67.688710	0.000000
527	Spectrogram 1	4	2508.680000	2508.760000	4000.000000	18000.000000	8000.000000	Trill	5.530213	12.026615	NaN	NaN	53.817711	0.000000
528	Spectrogram 1	4	2509.070000	2509.150000	4000.000000	18000.000000	8000.000000	Trill	5.398005	8.874280	NaN	NaN	51.573619	0.000000
529	Spectrogram 1	4	2509.270000	2512.250000	4000.000000	18000.000000	8000.000000	Phee	5.890794	18.658667	NaN	NaN	71.326967	0.000000
530	Spectrogram 1	4	2514.410000	2514.900000	4000.000000	18000.000000	8000.000000	Trill	5.536182	11.317710	NaN	NaN	39.794448	0.000000
531	Spectrogram 1	4	2522.240000	2523.130000	4000.000000	18000.000000	8000.000000	Phee	4.022341	13.537754	NaN	NaN	57.255158	0.000000
532	Spectrogram 1	4	2534.920000	2536.890000	4000.000000	18000.000000	8000.000000	Trillphee	4.083852	20.955176	NaN	NaN	69.326073	0.000000
533	Spectrogram 1	4	2546.180000	2546.200000	4000.000000	18000.000000	8000.000000	Tse	10.087504	19.510116	NaN	NaN	55.074068	0.000000
534	Spectrogram 1	4	2546.340000	2546.380000	4000.000000	18000.000000	8000.000000	Twitter	9.513010	22.082543	NaN	NaN	51.579893	0.000000
535	Spectrogram 1	4	2546.490000	2546.540000	4000.000000	18000.000000	8000.000000	Twitter	8.962465	21.470920	NaN	NaN	51.677350	0.000000
536	Spectrogram 1	4	2546.650000	2546.700000	4000.000000	18000.000000	8000.000000	Twitter	9.151178	21.742401	NaN	NaN	51.332405	0.000000
537	Spectrogram 1	4	2546.810000	2546.870000	4000.000000	18000.000000	8000.000000	Twitter	8.981777	21.679554	NaN	NaN	49.774587	0.000000
538	Spectrogram 1	4	2546.970000	2547.020000	4000.000000	18000.000000	8000.000000	Twitter	8.674493	21.733506	NaN	NaN	53.084104	0.000000
539	Spectrogram 1	4	2547.130000	2547.180000	4000.000000	18000.000000	8000.000000	Twitter	7.992071	21.361927	NaN	NaN	53.198828	0.000000
540	Spectrogram 1	4	2547.280000	2547.340000	4000.000000	18000.000000	8000.000000	Twitter	8.074815	20.923685	NaN	NaN	54.456536	0.000000
541	Spectrogram 1	4	2547.430000	2547.500000	4000.000000	18000.000000	8000.000000	Twitter	5.429255	17.680559	NaN	NaN	52.832074	0.000000
542	Spectrogram 1	4	2547.590000	2547.620000	4000.000000	18000.000000	8000.000000	Trill	5.494275	15.634514	NaN	NaN	51.197694	0.000000
543	Spectrogram 1	4	2556.670000	2556.760000	4000.000000	18000.000000	8000.000000	Trill	6.905565	15.838871	NaN	NaN	81.113213	0.000000
544	Spectrogram 1	4	2556.980000	2557.050000	4000.000000	18000.000000	8000.000000	Trill	5.803146	11.282459	NaN	NaN	63.338685	0.000000
545	Spectrogram 1	4	2565.430000	2565.900000	4000.000000	18000.000000	8000.000000	Trill	4.746924	14.251108	NaN	NaN	55.029922	0.000000
546	Spectrogram 1	4	2565.990000	2566.020000	4000.000000	18000.000000	8000.000000	Twitter	6.713601	18.795894	NaN	NaN	60.272180	0.000000
547	Spectrogram 1	4	2566.150000	2566.190000	4000.000000	18000.000000	8000.000000	Twitter	8.694553	19.872558	NaN	NaN	53.718117	0.000000
548	Spectrogram 1	4	2566.310000	2566.350000	4000.000000	18000.000000	8000.000000	Twitter	8.870738	20.733990	NaN	NaN	54.039201	0.000000
549	Spectrogram 1	4	2566.460000	2566.490000	4000.000000	18000.000000	8000.000000	Twitter	7.300491	18.299539	NaN	NaN	45.399142	0.000000
550	Spectrogram 1	4	2566.610000	2566.650000	4000.000000	18000.000000	8000.000000	Twitter	7.243324	18.897893	NaN	NaN	51.956693	0.000000
551	Spectrogram 1	4	2566.760000	2566.810000	4000.000000	18000.000000	8000.000000	Twitter	7.741749	19.344119	NaN	NaN	54.000644	0.000000
552	Spectrogram 1	4	2566.910000	2566.950000	4000.000000	18000.000000	8000.000000	Twitter	6.512155	18.795972	NaN	NaN	52.093195	0.000000
553	Spectrogram 1	4	2567.040000	2567.080000	4000.000000	18000.000000	8000.000000	Trill	6.793429	17.642704	NaN	NaN	62.376363	0.000000
554	Spectrogram 1	4	2570.160000	2570.850000	4000.000000	18000.000000	8000.000000	Phee	5.477547	13.416403	NaN	NaN	73.161726	0.000000
555	Spectrogram 1	4	2603.050000	2603.080000	4000.000000	18000.000000	8000.000000	Twitter	9.655739	23.655097	NaN	NaN	60.922498	0.000000
556	Spectrogram 1	4	2603.230000	2603.270000	4000.000000	18000.000000	8000.000000	Twitter	10.615123	25.533005	NaN	NaN	74.658563	0.000000
557	Spectrogram 1	4	2603.400000	2603.430000	4000.000000	18000.000000	8000.000000	Twitter	9.965779	24.886652	NaN	NaN	67.521421	0.000000
558	Spectrogram 1	4	2603.550000	2603.600000	4000.000000	18000.000000	8000.000000	Twitter	7.996081	22.535471	NaN	NaN	54.366166	0.000000
559	Spectrogram 1	4	2603.710000	2603.760000	4000.000000	18000.000000	8000.000000	Twitter	8.687108	23.638434	NaN	NaN	57.064145	0.000000
560	Spectrogram 1	4	2603.870000	2603.930000	4000.000000	18000.000000	8000.000000	Twitter	9.139465	24.993106	NaN	NaN	62.181712	0.000000
561	Spectrogram 1	4	2604.020000	2604.090000	4000.000000	18000.000000	8000.000000	Twitter	8.871899	23.703148	NaN	NaN	62.065664	0.000000
562	Spectrogram 1	4	2604.180000	2604.260000	4000.000000	18000.000000	8000.000000	Twitter	7.398476	22.017746	NaN	NaN	67.866767	0.000000
563	Spectrogram 1	4	2604.320000	2604.410000	4000.000000	18000.000000	8000.000000	Twitter	5.375133	17.637438	NaN	NaN	70.804010	0.000000
564	Spectrogram 1	4	2604.490000	2604.550000	4000.000000	18000.000000	8000.000000	Twitter	7.007279	14.772246	NaN	NaN	77.270800	0.000000
565	Spectrogram 1	4	2630.970000	2631.170000	4000.000000	18000.000000	8000.000000	Trill	7.828708	11.808586	NaN	NaN	60.002686	0.000000
566	Spectrogram 1	4	2636.570000	2637.660000	4000.000000	18000.000000	8000.000000	Twitter	4.612179	15.273585	NaN	NaN	42.289822	0.000000
567	Spectrogram 1	4	2647.100000	2647.130000	4000.000000	18000.000000	8000.000000	Twitter	9.176033	20.495114	NaN	NaN	54.379193	0.000000
568	Spectrogram 1	4	2647.240000	2647.270000	4000.000000	18000.000000	8000.000000	Twitter	10.043291	20.118982	NaN	NaN	56.853313	0.000000
569	Spectrogram 1	4	2647.370000	2647.410000	4000.000000	18000.000000	8000.000000	Twitter	8.599839	18.546347	NaN	NaN	52.290955	0.000000
570	Spectrogram 1	4	2654.460000	2654.800000	4000.000000	18000.000000	8000.000000	Trill	6.684249	10.490859	NaN	NaN	48.176189	0.000000
571	Spectrogram 1	4	2660.920000	2660.960000	4000.000000	18000.000000	8000.000000	Twitter	10.707337	21.299775	NaN	NaN	68.125383	0.000000
572	Spectrogram 1	4	2661.080000	2661.110000	4000.000000	18000.000000	8000.000000	Twitter	11.209726	23.096582	NaN	NaN	52.534198	0.000000
573	Spectrogram 1	4	2661.240000	2661.280000	4000.000000	18000.000000	8000.000000	Twitter	11.407174	24.852315	NaN	NaN	60.299881	0.000000
574	Spectrogram 1	4	2661.390000	2661.440000	4000.000000	18000.000000	8000.000000	Twitter	12.003506	26.072626	NaN	NaN	62.002812	0.000000
575	Spectrogram 1	4	2661.530000	2661.590000	4000.000000	18000.000000	8000.000000	Twitter	11.040722	24.315223	NaN	NaN	64.207588	0.000000
576	Spectrogram 1	4	2661.670000	2661.730000	4000.000000	18000.000000	8000.000000	Twitter	10.404907	23.417055	NaN	NaN	70.770536	0.000000
577	Spectrogram 1	4	2661.820000	2661.890000	4000.000000	18000.000000	8000.000000	Twitter	9.658753	22.632992	NaN	NaN	81.472047	0.000000
578	Spectrogram 1	4	2661.980000	2662.030000	4000.000000	18000.000000	8000.000000	Twitter	9.119731	22.064139	NaN	NaN	58.036758	0.000000
579	Spectrogram 1	4	2662.110000	2662.180000	4000.000000	18000.000000	8000.000000	Twitter	6.648992	14.936329	NaN	NaN	68.958448	0.000000
580	Spectrogram 1	4	2664.630000	2666.250000	4000.000000	18000.000000	8000.000000	Phee	8.248212	25.455951	NaN	NaN	107.344248	0.000000
581	Spectrogram 1	4	2666.600000	2667.980000	4000.000000	18000.000000	8000.000000	Phee	11.817457	37.268783	NaN	NaN	128.826583	0.000000
582	Spectrogram 1	4	2675.400000	2675.840000	4000.000000	18000.000000	8000.000000	Trill	7.385953	14.668489	NaN	NaN	61.415130	0.000000
583	Spectrogram 1	4	2684.100000	2685.060000	4000.000000	18000.000000	8000.000000	Trillphee	4.664687	13.661067	NaN	NaN	65.352446	0.000000
584	Spectrogram 1	4	2687.790000	2687.820000	4000.000000	18000.000000	8000.000000	Twitter	10.117257	22.340145	NaN	NaN	66.802953	0.000000
585	Spectrogram 1	4	2688.110000	2688.150000	4000.000000	18000.000000	8000.000000	Twitter	10.147717	22.267882	NaN	NaN	52.908156	0.000000
586	Spectrogram 1	4	2688.270000	2688.300000	4000.000000	18000.000000	8000.000000	Twitter	9.004293	21.703294	NaN	NaN	53.061722	0.000000
587	Spectrogram 1	4	2688.420000	2688.460000	4000.000000	18000.000000	8000.000000	Twitter	8.141504	20.569963	NaN	NaN	47.106308	0.000000
588	Spectrogram 1	4	2688.580000	2688.620000	4000.000000	18000.000000	8000.000000	Twitter	7.161894	20.150893	NaN	NaN	51.344422	0.000000
589	Spectrogram 1	4	2688.730000	2688.780000	4000.000000	18000.000000	8000.000000	Twitter	8.376490	19.947827	NaN	NaN	52.202257	0.000000
590	Spectrogram 1	4	2689.030000	2689.080000	4000.000000	18000.000000	8000.000000	Twitter	7.221682	19.236741	NaN	NaN	56.012930	0.000000
591	Spectrogram 1	4	2689.160000	2689.220000	4000.000000	18000.000000	8000.000000	Twitter	4.735195	15.186490	NaN	NaN	59.366341	0.000000
592	Spectrogram 1	4	2689.660000	2689.740000	4000.000000	18000.000000	8000.000000	Trillphee	4.342787	12.285717	NaN	NaN	57.154409	0.000000
593	Spectrogram 1	4	2725.240000	2725.720000	4000.000000	18000.000000	8000.000000	Trill	4.474910	10.520681	NaN	NaN	49.510150	0.000000
594	Spectrogram 1	4	2746.550000	2746.590000	4000.000000	18000.000000	8000.000000	Twitter	9.657759	25.433056	NaN	NaN	58.496405	0.000000
595	Spectrogram 1	4	2746.710000	2746.750000	4000.000000	18000.000000	8000.000000	Twitter	10.864052	22.811186	NaN	NaN	66.245389	0.000000
596	Spectrogram 1	4	2746.860000	2746.900000	4000.000000	18000.000000	8000.000000	Twitter	11.676351	25.432431	NaN	NaN	58.855135	0.000000
597	Spectrogram 1	4	2746.990000	2747.050000	4000.000000	18000.000000	8000.000000	Twitter	9.695933	22.217366	NaN	NaN	63.760103	0.000000
598	Spectrogram 1	4	2747.120000	2747.150000	4000.000000	18000.000000	8000.000000	Twitter	5.975693	13.924618	NaN	NaN	54.717399	0.000000
599	Spectrogram 1	4	2762.140000	2762.170000	4000.000000	18000.000000	8000.000000	Twitter	7.658334	23.643447	NaN	NaN	53.612551	0.000000
600	Spectrogram 1	4	2762.280000	2762.320000	4000.000000	18000.000000	8000.000000	Twitter	7.133045	21.816114	NaN	NaN	54.201924	0.000000
601	Spectrogram 1	4	2762.430000	2762.470000	4000.000000	18000.000000	8000.000000	Twitter	6.915166	21.363941	NaN	NaN	54.297649	0.000000
602	Spectrogram 1	4	2782.070000	2783.100000	4000.000000	18000.000000	8000.000000	Trillphee	4.789000	12.448931	NaN	NaN	60.565182	0.000000
603	Spectrogram 1	4	2829.310000	2829.510000	4000.000000	18000.000000	8000.000000	Trill	5.278427	7.821957	NaN	NaN	38.621180	0.000000
604	Spectrogram 1	4	2957.260000	2957.650000	4000.000000	18000.000000	8000.000000	Trill	4.774066	7.763514	NaN	NaN	41.250116	0.000000
605	Spectrogram 1	4	2997.560000	2997.690000	4000.000000	18000.000000	8000.000000	Trill	6.068906	10.907779	NaN	NaN	48.432879	0.000000
606	Spectrogram 1	4	2997.960000	2998.360000	4000.000000	18000.000000	8000.000000	Trill	4.185604	9.167072	NaN	NaN	58.138686	0.000000
607	Spectrogram 1	4	3026.000000	3026.590000	4000.000000	18000.000000	8000.000000	Trill	4.951522	10.141755	NaN	NaN	48.782431	0.000000
608	Spectrogram 1	4	3026.770000	3027.110000	4000.000000	18000.000000	8000.000000	Trill	5.911345	11.683860	NaN	NaN	68.840283	0.000000
609	Spectrogram 1	4	3063.340000	3063.460000	4000.000000	18000.000000	8000.000000	Trill	6.143157	11.229824	NaN	NaN	54.524976	0.000000
610	Spectrogram 1	4	3065.540000	3065.710000	4000.000000	18000.000000	8000.000000	Trill	4.777043	8.716974	NaN	NaN	37.712331	0.000000
611	Spectrogram 1	4	3076.590000	3077.090000	4000.000000	18000.000000	8000.000000	Trill	5.056956	14.536505	NaN	NaN	46.490875	0.000000
612	Spectrogram 1	4	3101.030000	3101.140000	4000.000000	18000.000000	8000.000000	Trill	8.205723	12.402350	NaN	NaN	56.277006	0.000000
613	Spectrogram 1	4	3107.240000	3107.400000	4000.000000	18000.000000	8000.000000	Trill	7.124350	11.895278	NaN	NaN	47.909933	0.000000
614	Spectrogram 1	4	3141.920000	3142.300000	4000.000000	18000.000000	8000.000000	Trill	5.733172	8.698444	NaN	NaN	36.248483	0.000000
615	Spectrogram 1	4	3151.020000	3151.330000	4000.000000	18000.000000	8000.000000	Trill	5.507682	10.034598	NaN	NaN	40.220410	0.000000
616	Spectrogram 1	4	3167.700000	3168.050000	4000.000000	18000.000000	8000.000000	Trill	7.715631	10.668167	NaN	NaN	56.013807	0.000000
617	Spectrogram 1	4	3221.250000	3221.370000	4000.000000	18000.000000	8000.000000	Trill	8.083178	10.999320	NaN	NaN	55.713487	0.000000
618	Spectrogram 1	4	3235.640000	3236.180000	4000.000000	18000.000000	8000.000000	Trill	5.011587	9.332377	NaN	NaN	55.326163	0.000000
619	Spectrogram 1	4	3236.540000	3237.180000	4000.000000	18000.000000	8000.000000	Phee	7.294287	17.027171	NaN	NaN	92.712862	0.000000
620	Spectrogram 1	4	3247.730000	3248.070000	4000.000000	18000.000000	8000.000000	Trill	6.148420	10.771582	NaN	NaN	40.058598	0.000000
621	Spectrogram 1	4	3258.560000	3258.620000	4000.000000	18000.000000	8000.000000	Twitter	11.938150	23.721389	NaN	NaN	79.629105	0.000000
622	Spectrogram 1	4	3258.720000	3258.760000	4000.000000	18000.000000	8000.000000	Twitter	12.312827	23.857474	NaN	NaN	66.025034	0.000000
623	Spectrogram 1	4	3258.890000	3258.950000	4000.000000	18000.000000	8000.000000	Twitter	14.801918	28.151576	NaN	NaN	60.702532	0.000000
624	Spectrogram 1	4	3259.050000	3259.130000	4000.000000	18000.000000	8000.000000	Twitter	12.878994	26.044896	NaN	NaN	75.141950	0.000000
625	Spectrogram 1	4	3259.210000	3259.300000	4000.000000	18000.000000	8000.000000	Twitter	12.067120	25.054212	NaN	NaN	76.805985	0.000000
626	Spectrogram 1	4	3259.390000	3259.480000	4000.000000	18000.000000	8000.000000	Twitter	12.579132	27.005172	NaN	NaN	78.004435	0.000000
627	Spectrogram 1	4	3259.560000	3259.740000	4000.000000	18000.000000	8000.000000	Twitter	10.681507	26.046193	NaN	NaN	98.925391	0.000000
628	Spectrogram 1	4	3259.780000	3260.580000	4000.000000	18000.000000	8000.000000	Phee	11.910690	30.097310	NaN	NaN	123.240338	0.000000
629	Spectrogram 1	4	3260.840000	3261.290000	4000.000000	18000.000000	8000.000000	Phee	11.267789	27.953397	NaN	NaN	106.290819	0.000000
630	Spectrogram 1	4	3261.440000	3262.510000	4000.000000	18000.000000	8000.000000	Phee	13.291611	28.397900	NaN	NaN	131.865600	0.000000
631	Spectrogram 1	4	3264.850000	3265.000000	4000.000000	18000.000000	8000.000000	Trill	4.816382	9.477695	NaN	NaN	43.848825	0.000000
632	Spectrogram 1	4	3265.130000	3265.180000	4000.000000	18000.000000	8000.000000	Trill	7.239138	8.774614	NaN	NaN	47.707988	0.000000
633	Spectrogram 1	4	3265.380000	3265.820000	4000.000000	18000.000000	8000.000000	Phee	8.309196	14.271628	NaN	NaN	85.992173	0.000000
634	Spectrogram 1	4	3265.850000	3266.060000	4000.000000	18000.000000	8000.000000	P-peep	9.413025	21.610775	NaN	NaN	114.198374	0.000000
635	Spectrogram 1	4	3266.380000	3266.590000	4000.000000	18000.000000	8000.000000	Phee	11.822525	24.517686	NaN	NaN	112.525986	0.000000
636	Spectrogram 1	4	3266.600000	3267.200000	4000.000000	18000.000000	8000.000000	Phee	10.640252	25.182665	NaN	NaN	99.856962	0.000000
637	Spectrogram 1	4	3269.580000	3269.770000	4000.000000	18000.000000	8000.000000	Trill	6.360286	12.244006	NaN	NaN	48.777639	0.000000
638	Spectrogram 1	4	3277.600000	3277.780000	4000.000000	18000.000000	8000.000000	Trill	5.638366	11.002389	NaN	NaN	38.836808	0.000000
639	Spectrogram 1	4	3277.840000	3277.870000	4000.000000	18000.000000	8000.000000	Twitter	7.702835	18.302087	NaN	NaN	48.222042	0.000000
640	Spectrogram 1	4	3277.980000	3278.010000	4000.000000	18000.000000	8000.000000	Twitter	10.712959	23.447757	NaN	NaN	67.530123	0.000000
641	Spectrogram 1	4	3278.120000	3278.150000	4000.000000	18000.000000	8000.000000	Twitter	11.061876	22.836330	NaN	NaN	67.234126	0.000000
642	Spectrogram 1	4	3278.240000	3278.290000	4000.000000	18000.000000	8000.000000	Twitter	9.214023	18.665195	NaN	NaN	58.172862	0.000000
643	Spectrogram 1	4	3278.360000	3278.410000	4000.000000	18000.000000	8000.000000	Trill	6.712703	15.195197	NaN	NaN	76.800059	0.000000
644	Spectrogram 1	4	3281.800000	3281.830000	4000.000000	18000.000000	8000.000000	Twitter	8.295137	19.276959	NaN	NaN	63.866070	0.000000
645	Spectrogram 1	4	3281.970000	3282.010000	4000.000000	18000.000000	8000.000000	Twitter	9.391993	21.569507	NaN	NaN	58.367737	0.000000
646	Spectrogram 1	4	3282.130000	3282.180000	4000.000000	18000.000000	8000.000000	Twitter	7.577855	21.102726	NaN	NaN	54.778056	0.000000
647	Spectrogram 1	4	3282.280000	3282.340000	4000.000000	18000.000000	8000.000000	Twitter	7.032317	19.935256	NaN	NaN	50.980809	0.000000
648	Spectrogram 1	4	3282.460000	3282.510000	4000.000000	18000.000000	8000.000000	Twitter	6.909160	22.263474	NaN	NaN	53.951020	0.000000
649	Spectrogram 1	4	3282.620000	3282.670000	4000.000000	18000.000000	8000.000000	Twitter	7.272550	22.883835	NaN	NaN	51.896690	0.000000
650	Spectrogram 1	4	3282.730000	3282.820000	4000.000000	18000.000000	8000.000000	Twitter	6.317397	19.042550	NaN	NaN	58.496434	0.000000
651	Spectrogram 1	4	3282.910000	3282.970000	4000.000000	18000.000000	8000.000000	Twitter	7.116814	20.333727	NaN	NaN	57.913835	0.000000
652	Spectrogram 1	4	3291.620000	3292.350000	4000.000000	18000.000000	8000.000000	Trillphee	4.096943	17.252170	NaN	NaN	67.439414	0.000000
653	Spectrogram 1	4	3292.400000	3292.880000	4000.000000	18000.000000	8000.000000	Phee	4.617160	17.390257	NaN	NaN	77.974012	0.000000
654	Spectrogram 1	4	3297.540000	3297.560000	4000.000000	18000.000000	8000.000000	Tse	5.428709	16.808787	NaN	NaN	56.598038	0.000000
655	Spectrogram 1	4	3297.660000	3297.710000	4000.000000	18000.000000	8000.000000	Twitter	8.440009	19.104006	NaN	NaN	63.554027	0.000000
656	Spectrogram 1	4	3297.810000	3297.860000	4000.000000	18000.000000	8000.000000	Twitter	7.267887	17.347559	NaN	NaN	54.882254	0.000000
657	Spectrogram 1	4	3297.970000	3298.010000	4000.000000	18000.000000	8000.000000	Twitter	8.015843	19.776242	NaN	NaN	62.815029	0.000000
658	Spectrogram 1	4	3298.120000	3298.180000	4000.000000	18000.000000	8000.000000	Twitter	6.460437	17.963024	NaN	NaN	57.961363	0.000000
659	Spectrogram 1	4	3298.280000	3298.330000	4000.000000	18000.000000	8000.000000	Twitter	7.641034	19.357391	NaN	NaN	62.508103	0.000000
660	Spectrogram 1	4	3298.430000	3298.480000	4000.000000	18000.000000	8000.000000	Twitter	7.079382	18.178954	NaN	NaN	59.665363	0.000000
661	Spectrogram 1	4	3298.580000	3298.630000	4000.000000	18000.000000	8000.000000	Twitter	7.008181	18.860825	NaN	NaN	66.858597	0.000000
662	Spectrogram 1	4	3298.720000	3298.770000	4000.000000	18000.000000	8000.000000	Twitter	6.991870	17.274430	NaN	NaN	58.905676	0.000000
663	Spectrogram 1	4	3298.860000	3298.910000	4000.000000	18000.000000	8000.000000	Twitter	6.827697	18.344291	NaN	NaN	66.729200	0.000000
664	Spectrogram 1	4	3298.990000	3299.020000	4000.000000	18000.000000	8000.000000	Trill	7.439534	15.118363	NaN	NaN	61.777097	0.000000
665	Spectrogram 1	4	3301.220000	3301.270000	4000.000000	18000.000000	8000.000000	Twitter	9.455829	23.714770	NaN	NaN	77.973145	0.000000
666	Spectrogram 1	4	3315.060000	3315.180000	4000.000000	18000.000000	8000.000000	Trill	6.025243	11.640548	NaN	NaN	54.012673	0.000000
667	Spectrogram 1	4	3317.060000	3317.090000	4000.000000	18000.000000	8000.000000	Twitter	9.259137	21.228033	NaN	NaN	57.582624	0.000000
668	Spectrogram 1	4	3317.210000	3317.240000	4000.000000	18000.000000	8000.000000	Twitter	9.924565	24.834240	NaN	NaN	52.732542	0.000000
669	Spectrogram 1	4	3317.360000	3317.400000	4000.000000	18000.000000	8000.000000	Twitter	11.356861	25.250388	NaN	NaN	50.585781	0.000000
670	Spectrogram 1	4	3317.490000	3317.540000	4000.000000	18000.000000	8000.000000	Twitter	10.382366	22.609949	NaN	NaN	51.955760	0.000000
671	Spectrogram 1	4	3317.640000	3317.700000	4000.000000	18000.000000	8000.000000	Twitter	9.843783	22.874192	NaN	NaN	58.107792	0.000000
672	Spectrogram 1	4	3317.780000	3317.840000	4000.000000	18000.000000	8000.000000	Twitter	9.798413	22.459562	NaN	NaN	58.873060	0.000000
673	Spectrogram 1	4	3317.930000	3318.000000	4000.000000	18000.000000	8000.000000	Twitter	9.565024	22.947048	NaN	NaN	61.250359	0.000000
674	Spectrogram 1	4	3318.070000	3318.150000	4000.000000	18000.000000	8000.000000	Twitter	7.864291	18.960174	NaN	NaN	73.726071	0.000000
675	Spectrogram 1	4	3318.210000	3318.250000	4000.000000	18000.000000	8000.000000	Twitter	8.060869	15.867548	NaN	NaN	77.140963	0.000000
676	Spectrogram 1	4	3323.320000	3323.810000	4000.000000	18000.000000	8000.000000	Trill	6.571704	10.474880	NaN	NaN	48.456321	0.000000
677	Spectrogram 1	4	3325.590000	3325.630000	4000.000000	18000.000000	8000.000000	Twitter	9.260207	19.474751	NaN	NaN	62.827509	0.000000
678	Spectrogram 1	4	3325.740000	3325.790000	4000.000000	18000.000000	8000.000000	Twitter	10.906475	23.155878	NaN	NaN	84.039740	0.000000
679	Spectrogram 1	4	3325.910000	3325.960000	4000.000000	18000.000000	8000.000000	Twitter	11.812158	25.386123	NaN	NaN	80.154420	0.000000
680	Spectrogram 1	4	3326.070000	3326.130000	4000.000000	18000.000000	8000.000000	Twitter	11.145722	25.076520	NaN	NaN	75.480627	0.000000
681	Spectrogram 1	4	3326.220000	3326.290000	4000.000000	18000.000000	8000.000000	Twitter	9.202021	22.957759	NaN	NaN	69.801253	0.000000
682	Spectrogram 1	4	3326.370000	3326.450000	4000.000000	18000.000000	8000.000000	Twitter	7.481243	20.286222	NaN	NaN	67.379428	0.000000
683	Spectrogram 1	4	3326.520000	3326.860000	4000.000000	18000.000000	8000.000000	Twitter	5.797585	22.782881	NaN	NaN	84.439903	0.000000
684	Spectrogram 1	4	3369.490000	3369.730000	4000.000000	18000.000000	8000.000000	Trill	6.425814	11.961227	NaN	NaN	48.702985	0.000000
685	Spectrogram 1	4	3375.980000	3376.010000	4000.000000	18000.000000	8000.000000	Twitter	10.618895	22.221165	NaN	NaN	67.106958	0.000000
686	Spectrogram 1	4	3376.130000	3376.180000	4000.000000	18000.000000	8000.000000	Twitter	8.915556	21.334293	NaN	NaN	69.348839	0.000000
687	Spectrogram 1	4	3376.290000	3376.340000	4000.000000	18000.000000	8000.000000	Twitter	10.574148	24.019385	NaN	NaN	66.154949	0.000000
688	Spectrogram 1	4	3376.430000	3376.480000	4000.000000	18000.000000	8000.000000	Twitter	9.405182	21.077154	NaN	NaN	65.944818	0.000000
689	Spectrogram 1	4	3376.560000	3376.600000	4000.000000	18000.000000	8000.000000	Twitter	5.591759	11.719393	NaN	NaN	55.815841	0.000000
690	Spectrogram 1	4	3405.560000	3405.920000	4000.000000	18000.000000	8000.000000	Trill	5.744771	9.080551	NaN	NaN	43.012902	0.000000
691	Spectrogram 1	4	3406.290000	3406.930000	4000.000000	18000.000000	8000.000000	Trill	4.628082	12.798766	NaN	NaN	73.506239	0.000000
692	Spectrogram 1	4	3407.100000	3408.010000	4000.000000	18000.000000	8000.000000	Phee	7.285621	19.732547	NaN	NaN	89.964600	0.000000
693	Spectrogram 1	4	3448.740000	3448.950000	4000.000000	18000.000000	8000.000000	Trill	6.514569	10.092000	NaN	NaN	52.848050	0.000000
694	Spectrogram 1	4	3459.680000	3459.730000	4000.000000	18000.000000	8000.000000	Phee	3.863870	13.195314	NaN	NaN	53.733922	0.000000
695	Spectrogram 1	4	3474.160000	3474.200000	4000.000000	18000.000000	8000.000000	Twitter	10.213740	21.369364	NaN	NaN	65.319430	0.000000
696	Spectrogram 1	4	3474.330000	3474.370000	4000.000000	18000.000000	8000.000000	Twitter	13.523351	26.899905	NaN	NaN	68.920608	0.000000
697	Spectrogram 1	4	3474.490000	3474.540000	4000.000000	18000.000000	8000.000000	Twitter	12.548284	24.721396	NaN	NaN	62.556211	0.000000
698	Spectrogram 1	4	3474.640000	3474.690000	4000.000000	18000.000000	8000.000000	Twitter	13.015443	25.947747	NaN	NaN	58.793652	0.000000
699	Spectrogram 1	4	3474.790000	3474.830000	4000.000000	18000.000000	8000.000000	Twitter	13.880044	26.725719	NaN	NaN	64.793452	0.000000
700	Spectrogram 1	4	3474.920000	3474.990000	4000.000000	18000.000000	8000.000000	Twitter	9.890825	21.804702	NaN	NaN	63.853593	0.000000
701	Spectrogram 1	4	3475.060000	3475.110000	4000.000000	18000.000000	8000.000000	Twitter	8.575614	16.886380	NaN	NaN	71.313385	0.000000
702	Spectrogram 1	4	3478.370000	3478.730000	4000.000000	18000.000000	8000.000000	Trill	5.055072	10.492093	NaN	NaN	48.682952	0.000000
703	Spectrogram 1	4	3479.950000	3479.980000	4000.000000	18000.000000	8000.000000	Trill	7.858448	12.441777	NaN	NaN	51.929046	0.000000
704	Spectrogram 1	4	3482.230000	3482.270000	4000.000000	18000.000000	8000.000000	Twitter	7.479211	18.574575	NaN	NaN	61.284475	0.000000
705	Spectrogram 1	4	3482.400000	3482.450000	4000.000000	18000.000000	8000.000000	Twitter	6.618960	17.741373	NaN	NaN	58.448429	0.000000
706	Spectrogram 1	4	3482.570000	3482.610000	4000.000000	18000.000000	8000.000000	Twitter	7.827834	20.410150	NaN	NaN	63.323117	0.000000
707	Spectrogram 1	4	3482.720000	3482.780000	4000.000000	18000.000000	8000.000000	Twitter	7.130924	18.507817	NaN	NaN	52.298877	0.000000
708	Spectrogram 1	4	3482.880000	3482.940000	4000.000000	18000.000000	8000.000000	Twitter	6.846373	18.713955	NaN	NaN	55.401379	0.000000
709	Spectrogram 1	4	3483.030000	3483.090000	4000.000000	18000.000000	8000.000000	Twitter	6.593701	18.070469	NaN	NaN	57.118122	0.000000
710	Spectrogram 1	4	3483.170000	3483.220000	4000.000000	18000.000000	8000.000000	Twitter	5.444754	16.328578	NaN	NaN	54.709011	0.000000
711	Spectrogram 1	4	3483.310000	3483.350000	4000.000000	18000.000000	8000.000000	Twitter	6.448034	15.553998	NaN	NaN	63.597533	0.000000
712	Spectrogram 1	4	3484.190000	3484.830000	4000.000000	18000.000000	8000.000000	Trill	5.964899	12.375062	NaN	NaN	57.702810	0.000000
713	Spectrogram 1	4	3485.020000	3485.560000	4000.000000	18000.000000	8000.000000	Trill	6.110891	14.059660	NaN	NaN	83.745175	0.000000
714	Spectrogram 1	4	3485.950000	3486.350000	4000.000000	18000.000000	8000.000000	Trill	5.084555	11.390193	NaN	NaN	70.346642	0.000000
715	Spectrogram 1	4	3488.100000	3488.300000	4000.000000	18000.000000	8000.000000	Trill	7.156458	12.458510	NaN	NaN	50.007520	0.000000
716	Spectrogram 1	4	3490.270000	3490.510000	4000.000000	18000.000000	8000.000000	Trill	7.599053	12.101795	NaN	NaN	52.434533	0.000000
717	Spectrogram 1	4	3490.650000	3490.820000	4000.000000	18000.000000	8000.000000	Trill	4.378770	8.839983	NaN	NaN	41.845520	0.000000
