Selection	View	Channel	Begin Time (s)	End Time (s)	Low Freq (Hz)	High Freq (Hz)	Max Freq (Hz)	Call Type	Energy Diff	Energy Par	Exception
1	Spectrogram 1	2	17.820000	17.990000	4000.000000	18000.000000	8000.000000	Trill	16.292884	-28.280753	0
2	Spectrogram 1	2	72.798000	73.088000	4000.000000	18000.000000	8000.000000	Trill	14.589567	-34.840437	0
3	Spectrogram 1	2	73.842000	74.222000	4000.000000	18000.000000	8000.000000	Trill	10.775441	-30.970254	0
4	Spectrogram 1	2	74.274000	75.110000	4000.000000	18000.000000	8000.000000	Trillphee	8.135209	-22.060575	0
5	Spectrogram 1	2	84.558000	84.698000	4000.000000	18000.000000	8000.000000	Trill	12.675921	-30.848015	0
6	Spectrogram 1	2	103.516000	103.686000	4000.000000	18000.000000	8000.000000	Trill	12.667863	-29.731754	0
7	Spectrogram 1	2	104.968000	105.330000	4000.000000	18000.000000	8000.000000	Trill	14.533835	-30.569340	0
8	Spectrogram 1	2	111.160000	111.432000	4000.000000	18000.000000	8000.000000	Trill	12.204867	-31.974727	0
9	Spectrogram 1	2	112.390000	112.482000	4000.000000	18000.000000	8000.000000	Twitter	4.887126	-26.054309	1
10	Spectrogram 1	2	112.552000	112.644000	4000.000000	18000.000000	8000.000000	Twitter	5.476481	-26.528777	0
11	Spectrogram 1	2	112.690000	112.782000	4000.000000	18000.000000	8000.000000	Twitter	5.972582	-26.820247	0
12	Spectrogram 1	2	112.804000	112.920000	4000.000000	18000.000000	8000.000000	Twitter	6.178043	-27.119798	0
13	Spectrogram 1	2	112.924000	113.040000	4000.000000	18000.000000	8000.000000	Twitter	6.777355	-26.975983	0
14	Spectrogram 1	2	113.062000	113.136000	4000.000000	18000.000000	8000.000000	Twitter	8.374881	-25.806519	0
15	Spectrogram 1	2	113.134000	113.154000	4000.000000	18000.000000	8000.000000	Twitter	6.039735	-38.537804	2
16	Spectrogram 1	2	113.194000	113.250000	4000.000000	18000.000000	8000.000000	Twitter	14.257950	-27.820295	0
17	Spectrogram 1	2	137.320000	137.400000	4000.000000	18000.000000	8000.000000	Trill	13.162831	-32.765036	0
18	Spectrogram 1	2	137.482000	137.688000	4000.000000	18000.000000	8000.000000	Trill	13.254161	-35.321445	0
19	Spectrogram 1	2	164.116000	164.358000	4000.000000	18000.000000	8000.000000	Trill	11.973844	-33.121889	0
20	Spectrogram 1	2	180.370000	180.552000	4000.000000	18000.000000	8000.000000	Trill	16.198444	-27.069259	0
21	Spectrogram 1	2	180.598000	180.672000	4000.000000	18000.000000	8000.000000	Trill	14.065944	-31.093707	0
22	Spectrogram 1	2	192.664000	192.990000	4000.000000	18000.000000	8000.000000	Trill	11.966404	-30.254201	0
23	Spectrogram 1	2	204.596000	204.832000	4000.000000	18000.000000	8000.000000	Trill	13.221959	-32.103352	0
24	Spectrogram 1	2	206.930000	207.310000	4000.000000	18000.000000	8000.000000	Trill	13.000792	-31.803269	0
25	Spectrogram 1	2	213.380000	213.664000	4000.000000	18000.000000	8000.000000	Trill	4.464036	-35.434189	1
26	Spectrogram 1	2	214.958000	216.028000	4000.000000	18000.000000	8000.000000	Phee	16.374737	-20.397326	0
27	Spectrogram 1	2	219.932000	220.228000	4000.000000	18000.000000	8000.000000	Trill	14.610490	-30.531912	0
28	Spectrogram 1	2	221.834000	222.010000	4000.000000	18000.000000	8000.000000	Phee	12.250150	-23.012527	0
29	Spectrogram 1	2	222.074000	222.286000	4000.000000	18000.000000	8000.000000	Phee	7.086271	-25.457654	0
30	Spectrogram 1	2	222.308000	222.388000	4000.000000	18000.000000	8000.000000	Trillphee	11.820121	-26.513045	0
31	Spectrogram 1	2	222.422000	222.484000	4000.000000	18000.000000	8000.000000	Phee	16.860409	-25.757946	0
32	Spectrogram 1	2	222.608000	222.676000	4000.000000	18000.000000	8000.000000	Phee	7.071218	-25.866189	0
33	Spectrogram 1	2	222.722000	222.772000	4000.000000	18000.000000	8000.000000	Phee	11.506469	-25.823683	0
34	Spectrogram 1	2	228.860000	229.912000	4000.000000	18000.000000	8000.000000	Trillphee	14.209796	-24.206861	0
35	Spectrogram 1	2	229.952000	230.146000	4000.000000	18000.000000	8000.000000	Phee	16.246919	-25.452987	0
36	Spectrogram 1	2	232.322000	232.624000	4000.000000	18000.000000	8000.000000	Trill	13.145132	-34.228374	0
37	Spectrogram 1	2	235.178000	235.240000	4000.000000	18000.000000	8000.000000	Twitter	9.634994	-25.474302	0
38	Spectrogram 1	2	235.316000	235.390000	4000.000000	18000.000000	8000.000000	Twitter	6.719019	-23.095646	0
39	Spectrogram 1	2	235.460000	235.522000	4000.000000	18000.000000	8000.000000	Twitter	7.407535	-21.966608	0
40	Spectrogram 1	2	235.586000	235.654000	4000.000000	18000.000000	8000.000000	Twitter	6.963787	-22.544601	0
41	Spectrogram 1	2	235.712000	235.780000	4000.000000	18000.000000	8000.000000	Twitter	7.244409	-23.015752	0
42	Spectrogram 1	2	235.838000	235.912000	4000.000000	18000.000000	8000.000000	Twitter	7.546604	-23.516152	0
43	Spectrogram 1	2	235.964000	236.044000	4000.000000	18000.000000	8000.000000	Twitter	6.300525	-25.103555	0
44	Spectrogram 1	2	236.102000	236.164000	4000.000000	18000.000000	8000.000000	Twitter	5.786839	-27.949061	0
45	Spectrogram 1	2	239.876000	240.310000	4000.000000	18000.000000	8000.000000	Trill	12.491879	-33.777894	0
46	Spectrogram 1	2	241.424000	241.516000	4000.000000	18000.000000	8000.000000	Twitter	3.947186	-26.636256	1
47	Spectrogram 1	2	241.556000	241.666000	4000.000000	18000.000000	8000.000000	Twitter	5.232887	-25.409132	0
48	Spectrogram 1	2	241.700000	241.798000	4000.000000	18000.000000	8000.000000	Twitter	5.510339	-25.431063	0
49	Spectrogram 1	2	241.820000	241.912000	4000.000000	18000.000000	8000.000000	Twitter	5.942269	-24.420645	0
50	Spectrogram 1	2	241.928000	242.038000	4000.000000	18000.000000	8000.000000	Twitter	5.903712	-26.115404	0
51	Spectrogram 1	2	242.078000	242.188000	4000.000000	18000.000000	8000.000000	Twitter	5.645390	-26.189589	0
52	Spectrogram 1	2	242.192000	242.302000	4000.000000	18000.000000	8000.000000	Twitter	6.333882	-26.789998	0
53	Spectrogram 1	2	242.378000	242.422000	4000.000000	18000.000000	8000.000000	Twitter	19.975303	-26.063413	0
54	Spectrogram 1	2	246.656000	247.060000	4000.000000	18000.000000	8000.000000	Trill	11.038110	-33.772827	0
55	Spectrogram 1	2	249.596000	249.676000	4000.000000	18000.000000	8000.000000	Twitter	4.307429	-26.752756	1
56	Spectrogram 1	2	249.728000	249.826000	4000.000000	18000.000000	8000.000000	Twitter	5.107021	-24.708336	0
57	Spectrogram 1	2	249.878000	249.964000	4000.000000	18000.000000	8000.000000	Twitter	5.355384	-24.729556	0
58	Spectrogram 1	2	250.010000	250.090000	4000.000000	18000.000000	8000.000000	Twitter	5.708402	-23.680759	0
59	Spectrogram 1	2	250.148000	250.246000	4000.000000	18000.000000	8000.000000	Twitter	5.241602	-25.280462	0
60	Spectrogram 1	2	250.280000	250.384000	4000.000000	18000.000000	8000.000000	Twitter	5.511663	-25.264851	0
61	Spectrogram 1	2	250.400000	250.522000	4000.000000	18000.000000	8000.000000	Twitter	5.734881	-26.131125	0
62	Spectrogram 1	2	250.544000	250.660000	4000.000000	18000.000000	8000.000000	Twitter	6.311436	-25.476056	0
63	Spectrogram 1	2	250.688000	250.786000	4000.000000	18000.000000	8000.000000	Twitter	8.229807	-25.643035	0
64	Spectrogram 1	2	271.736000	272.068000	4000.000000	18000.000000	8000.000000	Trill	12.765682	-33.247930	0
65	Spectrogram 1	2	275.006000	275.212000	4000.000000	18000.000000	8000.000000	Trill	7.474467	-33.892040	0
66	Spectrogram 1	2	300.792000	301.004000	4000.000000	18000.000000	8000.000000	Trill	14.166171	-28.432226	0
67	Spectrogram 1	2	302.640000	302.786000	4000.000000	18000.000000	8000.000000	Trill	12.769108	-30.715095	0
68	Spectrogram 1	2	304.878000	304.994000	4000.000000	18000.000000	8000.000000	Trill	11.310977	-30.323229	0
69	Spectrogram 1	2	305.046000	305.084000	4000.000000	18000.000000	8000.000000	Trill	11.882945	-34.481838	0
70	Spectrogram 1	2	308.808000	309.110000	4000.000000	18000.000000	8000.000000	Trill	12.597903	-31.835713	0
71	Spectrogram 1	2	309.378000	309.554000	4000.000000	18000.000000	8000.000000	Phee	15.190247	-21.333894	0
72	Spectrogram 1	2	309.576000	310.052000	4000.000000	18000.000000	8000.000000	Phee	14.307856	-20.407047	0
73	Spectrogram 1	2	310.092000	310.202000	4000.000000	18000.000000	8000.000000	Phee	12.721602	-22.384788	0
74	Spectrogram 1	2	316.050000	316.364000	4000.000000	18000.000000	8000.000000	Trill	12.240615	-34.333001	0
75	Spectrogram 1	2	322.038000	322.226000	4000.000000	18000.000000	8000.000000	Trill	14.164254	-30.110923	0
76	Spectrogram 1	2	324.504000	324.686000	4000.000000	18000.000000	8000.000000	Trill	9.898331	-30.779120	0
77	Spectrogram 1	2	344.226000	344.648000	4000.000000	18000.000000	8000.000000	Trill	10.404223	-33.562563	0
78	Spectrogram 1	2	345.294000	345.314000	4000.000000	18000.000000	8000.000000	Twitter	5.281612	-28.722487	0
79	Spectrogram 1	2	345.408000	345.452000	4000.000000	18000.000000	8000.000000	Twitter	4.030968	-24.046686	1
80	Spectrogram 1	2	345.534000	345.590000	4000.000000	18000.000000	8000.000000	Twitter	4.231256	-23.145877	1
81	Spectrogram 1	2	345.672000	345.740000	4000.000000	18000.000000	8000.000000	Twitter	4.301700	-23.177127	1
82	Spectrogram 1	2	345.816000	345.878000	4000.000000	18000.000000	8000.000000	Twitter	6.066817	-21.833193	0
83	Spectrogram 1	2	345.948000	346.016000	4000.000000	18000.000000	8000.000000	Twitter	6.333445	-22.383720	0
84	Spectrogram 1	2	346.092000	346.178000	4000.000000	18000.000000	8000.000000	Twitter	5.250856	-24.326096	0
85	Spectrogram 1	2	346.230000	346.298000	4000.000000	18000.000000	8000.000000	Twitter	6.328641	-22.349451	0
86	Spectrogram 1	2	346.362000	346.490000	4000.000000	18000.000000	8000.000000	Twitter	4.898616	-26.128288	1
87	Spectrogram 1	2	346.500000	346.616000	4000.000000	18000.000000	8000.000000	Twitter	5.602701	-24.869802	0
88	Spectrogram 1	2	346.638000	346.748000	4000.000000	18000.000000	8000.000000	Twitter	7.232114	-26.441357	0
89	Spectrogram 1	2	346.800000	346.856000	4000.000000	18000.000000	8000.000000	Trill	10.271582	-30.390280	0
90	Spectrogram 1	2	376.806000	377.066000	4000.000000	18000.000000	8000.000000	Trill	13.888071	-30.164582	0
91	Spectrogram 1	2	383.256000	383.522000	4000.000000	18000.000000	8000.000000	Trill	13.983484	-31.198189	0
92	Spectrogram 1	2	391.464000	391.826000	4000.000000	18000.000000	8000.000000	Trill	11.256767	-31.671713	0
93	Spectrogram 1	2	393.318000	393.380000	4000.000000	18000.000000	8000.000000	Twitter	6.234645	-24.806449	0
94	Spectrogram 1	2	393.450000	393.536000	4000.000000	18000.000000	8000.000000	Twitter	5.231759	-24.727813	0
95	Spectrogram 1	2	393.576000	393.668000	4000.000000	18000.000000	8000.000000	Twitter	6.051118	-24.293236	0
96	Spectrogram 1	2	393.708000	393.800000	4000.000000	18000.000000	8000.000000	Twitter	5.951788	-24.668000	0
97	Spectrogram 1	2	393.834000	393.926000	4000.000000	18000.000000	8000.000000	Twitter	6.231459	-24.632215	0
98	Spectrogram 1	2	393.954000	394.070000	4000.000000	18000.000000	8000.000000	Twitter	5.822800	-26.433002	0
99	Spectrogram 1	2	394.074000	394.196000	4000.000000	18000.000000	8000.000000	Twitter	7.075323	-27.255000	0
100	Spectrogram 1	2	394.230000	394.298000	4000.000000	18000.000000	8000.000000	Twitter	8.246115	-28.969055	0
101	Spectrogram 1	2	405.472000	405.636000	4000.000000	18000.000000	8000.000000	Trill	15.134179	-30.254992	0
102	Spectrogram 1	2	413.332000	413.430000	4000.000000	18000.000000	8000.000000	Trill	15.250646	-29.933997	0
103	Spectrogram 1	2	470.212000	470.424000	4000.000000	18000.000000	8000.000000	Trill	9.213440	-33.664687	0
104	Spectrogram 1	2	471.418000	471.786000	4000.000000	18000.000000	8000.000000	Trill	10.026625	-32.993260	0
105	Spectrogram 1	2	472.498000	472.554000	4000.000000	18000.000000	8000.000000	Twitter	5.853565	-22.715452	0
106	Spectrogram 1	2	472.624000	472.710000	4000.000000	18000.000000	8000.000000	Twitter	6.127145	-24.693414	0
107	Spectrogram 1	2	472.750000	472.842000	4000.000000	18000.000000	8000.000000	Twitter	6.368764	-25.113254	0
108	Spectrogram 1	2	472.876000	472.968000	4000.000000	18000.000000	8000.000000	Twitter	6.182741	-24.792004	0
109	Spectrogram 1	2	473.002000	473.100000	4000.000000	18000.000000	8000.000000	Twitter	6.479331	-25.926805	0
110	Spectrogram 1	2	473.110000	473.226000	4000.000000	18000.000000	8000.000000	Twitter	6.987003	-28.251535	0
111	Spectrogram 1	2	473.236000	473.250000	4000.000000	18000.000000	8000.000000	Twitter	7.492593	-37.832020	2
112	Spectrogram 1	2	473.278000	473.334000	4000.000000	18000.000000	8000.000000	Trill	9.546869	-31.471643	0
113	Spectrogram 1	2	476.344000	476.640000	4000.000000	18000.000000	8000.000000	Trill	12.403379	-34.548762	0
114	Spectrogram 1	2	481.216000	481.494000	4000.000000	18000.000000	8000.000000	Trill	12.330054	-32.142856	0
115	Spectrogram 1	2	481.648000	481.692000	4000.000000	18000.000000	8000.000000	Trill	9.941655	-30.510709	0
116	Spectrogram 1	2	481.834000	481.872000	4000.000000	18000.000000	8000.000000	Trillphee	8.846533	-31.708217	0
117	Spectrogram 1	2	481.966000	482.034000	4000.000000	18000.000000	8000.000000	Twitter	6.347738	-24.852724	0
118	Spectrogram 1	2	482.098000	482.202000	4000.000000	18000.000000	8000.000000	Twitter	5.019670	-25.339639	0
119	Spectrogram 1	2	482.218000	482.304000	4000.000000	18000.000000	8000.000000	Twitter	6.012802	-24.484869	0
120	Spectrogram 1	2	482.344000	482.436000	4000.000000	18000.000000	8000.000000	Twitter	5.744399	-24.484094	0
121	Spectrogram 1	2	482.470000	482.562000	4000.000000	18000.000000	8000.000000	Twitter	6.059981	-24.500657	0
122	Spectrogram 1	2	482.584000	482.694000	4000.000000	18000.000000	8000.000000	Twitter	6.269844	-26.056005	0
123	Spectrogram 1	2	482.728000	482.802000	4000.000000	18000.000000	8000.000000	Twitter	11.146098	-25.801728	0
124	Spectrogram 1	2	497.716000	498.066000	4000.000000	18000.000000	8000.000000	Trill	14.768386	-31.315469	0
125	Spectrogram 1	2	500.306000	500.518000	4000.000000	18000.000000	8000.000000	Trill	14.257921	-32.622635	0
126	Spectrogram 1	2	501.284000	501.532000	4000.000000	18000.000000	8000.000000	Trill	12.745562	-31.541068	0
127	Spectrogram 1	2	501.632000	501.700000	4000.000000	18000.000000	8000.000000	Twitter	8.231110	-24.882854	0
128	Spectrogram 1	2	501.758000	501.844000	4000.000000	18000.000000	8000.000000	Twitter	7.532963	-23.918131	0
129	Spectrogram 1	2	501.884000	501.976000	4000.000000	18000.000000	8000.000000	Twitter	7.477106	-24.959315	0
130	Spectrogram 1	2	501.980000	502.102000	4000.000000	18000.000000	8000.000000	Twitter	6.938457	-26.296561	0
131	Spectrogram 1	2	502.112000	502.234000	4000.000000	18000.000000	8000.000000	Twitter	6.483116	-26.479807	0
132	Spectrogram 1	2	502.256000	502.342000	4000.000000	18000.000000	8000.000000	Twitter	8.483871	-26.681214	0
133	Spectrogram 1	2	502.394000	502.450000	4000.000000	18000.000000	8000.000000	Twitter	13.010844	-31.220734	0
134	Spectrogram 1	2	528.236000	528.706000	4000.000000	18000.000000	8000.000000	Trill	6.756273	-32.275487	0
135	Spectrogram 1	2	529.754000	529.900000	4000.000000	18000.000000	8000.000000	Trill	10.203148	-30.235357	0
136	Spectrogram 1	2	530.564000	530.662000	4000.000000	18000.000000	8000.000000	Trill	10.528503	-25.956242	0
137	Spectrogram 1	2	533.390000	533.608000	4000.000000	18000.000000	8000.000000	Trill	14.272416	-30.621818	0
138	Spectrogram 1	2	536.336000	536.734000	4000.000000	18000.000000	8000.000000	Trill	13.045431	-32.417088	0
139	Spectrogram 1	2	546.320000	546.640000	4000.000000	18000.000000	8000.000000	Trill	11.655996	-34.788345	0
140	Spectrogram 1	2	547.868000	547.936000	4000.000000	18000.000000	8000.000000	Twitter	5.010777	-23.015341	0
141	Spectrogram 1	2	548.000000	548.080000	4000.000000	18000.000000	8000.000000	Twitter	5.686707	-24.032776	0
142	Spectrogram 1	2	548.132000	548.212000	4000.000000	18000.000000	8000.000000	Twitter	5.987976	-23.955387	0
143	Spectrogram 1	2	548.264000	548.344000	4000.000000	18000.000000	8000.000000	Twitter	6.335324	-24.356746	0
144	Spectrogram 1	2	548.396000	548.482000	4000.000000	18000.000000	8000.000000	Twitter	6.036937	-25.065027	0
145	Spectrogram 1	2	548.522000	548.620000	4000.000000	18000.000000	8000.000000	Twitter	5.813322	-25.897408	0
146	Spectrogram 1	2	548.648000	548.752000	4000.000000	18000.000000	8000.000000	Twitter	6.757292	-26.454443	0
147	Spectrogram 1	2	548.810000	548.860000	4000.000000	18000.000000	8000.000000	Twitter	8.101047	-28.444048	0
148	Spectrogram 1	2	557.510000	557.764000	4000.000000	18000.000000	8000.000000	Trill	10.608639	-34.112128	0
149	Spectrogram 1	2	559.616000	559.702000	4000.000000	18000.000000	8000.000000	Twitter	5.854687	-24.028110	0
150	Spectrogram 1	2	559.742000	559.846000	4000.000000	18000.000000	8000.000000	Twitter	6.039646	-24.667038	0
151	Spectrogram 1	2	559.880000	560.002000	4000.000000	18000.000000	8000.000000	Twitter	5.694114	-26.415313	0
152	Spectrogram 1	2	560.006000	560.134000	4000.000000	18000.000000	8000.000000	Twitter	5.622404	-26.541305	0
153	Spectrogram 1	2	560.138000	560.254000	4000.000000	18000.000000	8000.000000	Twitter	6.126247	-26.671966	0
154	Spectrogram 1	2	560.264000	560.350000	4000.000000	18000.000000	8000.000000	Twitter	7.920743	-25.003761	0
155	Spectrogram 1	2	560.402000	560.470000	4000.000000	18000.000000	8000.000000	Trill	8.818960	-30.427646	0
156	Spectrogram 1	2	616.764000	617.072000	4000.000000	18000.000000	8000.000000	Trill	10.430400	-33.194112	0
157	Spectrogram 1	2	617.868000	618.230000	4000.000000	18000.000000	8000.000000	Trill	11.095323	-34.619442	0
158	Spectrogram 1	2	618.354000	619.130000	4000.000000	18000.000000	8000.000000	Trillphee	5.354080	-23.997641	0
159	Spectrogram 1	2	627.510000	627.614000	4000.000000	18000.000000	8000.000000	Trill	15.277301	-33.674226	0
160	Spectrogram 1	2	644.994000	645.350000	4000.000000	18000.000000	8000.000000	Trill	13.679506	-31.887499	0
161	Spectrogram 1	2	647.076000	647.150000	4000.000000	18000.000000	8000.000000	Twitter	5.401990	-25.228778	0
162	Spectrogram 1	2	647.214000	647.312000	4000.000000	18000.000000	8000.000000	Twitter	6.123976	-25.045930	0
163	Spectrogram 1	2	647.346000	647.432000	4000.000000	18000.000000	8000.000000	Twitter	6.851398	-24.119653	0
164	Spectrogram 1	2	647.472000	647.570000	4000.000000	18000.000000	8000.000000	Twitter	6.732375	-24.982113	0
165	Spectrogram 1	2	647.610000	647.678000	4000.000000	18000.000000	8000.000000	Twitter	8.087328	-24.026271	0
166	Spectrogram 1	2	647.724000	647.828000	4000.000000	18000.000000	8000.000000	Twitter	7.484453	-26.983965	0
167	Spectrogram 1	2	647.874000	647.948000	4000.000000	18000.000000	8000.000000	Twitter	9.341663	-30.208406	0
168	Spectrogram 1	2	651.258000	651.518000	4000.000000	18000.000000	8000.000000	Trill	12.340375	-34.329958	0
169	Spectrogram 1	2	653.640000	653.930000	4000.000000	18000.000000	8000.000000	Trill	14.541190	-32.468913	0
170	Spectrogram 1	2	655.644000	655.844000	4000.000000	18000.000000	8000.000000	Trill	11.227006	-28.853583	0
171	Spectrogram 1	2	655.944000	656.990000	4000.000000	18000.000000	8000.000000	Phee	9.399407	-20.695642	0
172	Spectrogram 1	2	680.184000	680.432000	4000.000000	18000.000000	8000.000000	Trill	14.106071	-32.297111	0
173	Spectrogram 1	2	687.558000	687.848000	4000.000000	18000.000000	8000.000000	Trill	14.461417	-31.711523	0
174	Spectrogram 1	2	691.686000	691.976000	4000.000000	18000.000000	8000.000000	Trill	5.118295	-34.112049	0
175	Spectrogram 1	2	703.894000	704.052000	4000.000000	18000.000000	8000.000000	Trill	16.100897	-30.156451	0
176	Spectrogram 1	2	710.020000	710.382000	4000.000000	18000.000000	8000.000000	Trill	15.136263	-32.627557	0
177	Spectrogram 1	2	711.832000	712.038000	4000.000000	18000.000000	8000.000000	Trill	13.163093	-32.787097	0
178	Spectrogram 1	2	717.682000	717.786000	4000.000000	18000.000000	8000.000000	Trill	7.013781	-31.646136	0
179	Spectrogram 1	2	719.590000	720.876000	4000.000000	18000.000000	8000.000000	Trillphee	8.636187	-19.908564	0
180	Spectrogram 1	2	720.916000	720.984000	4000.000000	18000.000000	8000.000000	Phee	9.612414	-32.228107	0
181	Spectrogram 1	2	735.940000	736.116000	4000.000000	18000.000000	8000.000000	Trill	10.493555	-29.254840	0
182	Spectrogram 1	2	738.382000	738.624000	4000.000000	18000.000000	8000.000000	Trill	10.504957	-28.729854	0
183	Spectrogram 1	2	740.902000	741.132000	4000.000000	18000.000000	8000.000000	Trill	9.611526	-30.831902	0
184	Spectrogram 1	2	742.552000	742.866000	4000.000000	18000.000000	8000.000000	Trill	11.836736	-30.572297	0
185	Spectrogram 1	2	745.018000	745.140000	4000.000000	18000.000000	8000.000000	Trill	9.354676	-31.528004	0
186	Spectrogram 1	2	791.248000	791.562000	4000.000000	18000.000000	8000.000000	Trill	9.069694	-32.063257	0
187	Spectrogram 1	2	794.620000	794.808000	4000.000000	18000.000000	8000.000000	Trill	9.882136	-34.822896	0
188	Spectrogram 1	2	795.052000	795.174000	4000.000000	18000.000000	8000.000000	Phee	5.849760	-31.248768	0
189	Spectrogram 1	2	815.288000	815.464000	4000.000000	18000.000000	8000.000000	Trill	19.340614	-30.693449	0
190	Spectrogram 1	2	821.018000	821.206000	4000.000000	18000.000000	8000.000000	Trill	7.069890	-34.707617	0
191	Spectrogram 1	2	821.588000	821.740000	4000.000000	18000.000000	8000.000000	Phee	14.831113	-25.926568	0
192	Spectrogram 1	2	821.804000	821.872000	4000.000000	18000.000000	8000.000000	Phee	9.157370	-26.329770	0
193	Spectrogram 1	2	821.936000	821.998000	4000.000000	18000.000000	8000.000000	Phee	10.092490	-27.537435	0
194	Spectrogram 1	2	822.098000	822.160000	4000.000000	18000.000000	8000.000000	Phee	5.937035	-30.434542	0
195	Spectrogram 1	2	824.906000	825.172000	4000.000000	18000.000000	8000.000000	Trill	9.267230	-33.541205	0
196	Spectrogram 1	2	827.774000	827.992000	4000.000000	18000.000000	8000.000000	Trill	14.540206	-29.475097	0
197	Spectrogram 1	2	831.818000	832.102000	4000.000000	18000.000000	8000.000000	Trill	13.132680	-32.813601	0
198	Spectrogram 1	2	832.862000	832.942000	4000.000000	18000.000000	8000.000000	Twitter	6.581821	-26.559507	0
199	Spectrogram 1	2	833.024000	833.098000	4000.000000	18000.000000	8000.000000	Twitter	6.285450	-23.384011	0
200	Spectrogram 1	2	836.768000	837.052000	4000.000000	18000.000000	8000.000000	Trill	12.967492	-34.228211	0
201	Spectrogram 1	2	849.542000	849.826000	4000.000000	18000.000000	8000.000000	Trill	15.368068	-30.472515	0
202	Spectrogram 1	2	852.836000	853.132000	4000.000000	18000.000000	8000.000000	Trill	13.553272	-30.943566	0
203	Spectrogram 1	2	858.470000	858.676000	4000.000000	18000.000000	8000.000000	Trill	9.987322	-33.363898	0
204	Spectrogram 1	2	860.834000	861.046000	4000.000000	18000.000000	8000.000000	Trill	16.524270	-27.246497	0
205	Spectrogram 1	2	861.080000	861.250000	4000.000000	18000.000000	8000.000000	Phee	16.719495	-27.516507	0
206	Spectrogram 1	2	861.284000	861.388000	4000.000000	18000.000000	8000.000000	Phee	12.938293	-22.412324	0
207	Spectrogram 1	2	861.410000	861.970000	4000.000000	18000.000000	8000.000000	Phee	18.638720	-19.404979	0
208	Spectrogram 1	2	862.010000	862.090000	4000.000000	18000.000000	8000.000000	Phee	18.107701	-21.699630	0
209	Spectrogram 1	2	867.332000	867.586000	4000.000000	18000.000000	8000.000000	Trill	10.177429	-28.817892	0
210	Spectrogram 1	2	867.632000	868.750000	4000.000000	18000.000000	8000.000000	Phee	13.609910	-20.312657	0
211	Spectrogram 1	2	882.266000	882.382000	4000.000000	18000.000000	8000.000000	Trill	6.391533	-33.009478	0
212	Spectrogram 1	2	882.452000	882.484000	4000.000000	18000.000000	8000.000000	Trill	7.767767	-36.532133	0
213	Spectrogram 1	2	884.678000	884.872000	4000.000000	18000.000000	8000.000000	Trill	10.490175	-32.721402	0
214	Spectrogram 1	2	893.366000	893.440000	4000.000000	18000.000000	8000.000000	Twitter	5.108683	-21.715846	0
215	Spectrogram 1	2	900.066000	900.344000	4000.000000	18000.000000	8000.000000	Trill	13.593994	-34.727984	0
216	Spectrogram 1	2	907.134000	907.238000	4000.000000	18000.000000	8000.000000	Trill	12.121619	-32.775881	0
217	Spectrogram 1	2	908.520000	908.810000	4000.000000	18000.000000	8000.000000	Trill	13.438486	-32.241711	0
218	Spectrogram 1	2	909.060000	909.248000	4000.000000	18000.000000	8000.000000	Phee	12.582383	-24.250531	0
219	Spectrogram 1	2	909.300000	909.374000	4000.000000	18000.000000	8000.000000	Phee	4.047328	-32.754664	1
220	Spectrogram 1	2	909.474000	909.560000	4000.000000	18000.000000	8000.000000	Phee	11.310577	-25.585679	0
221	Spectrogram 1	2	912.012000	912.236000	4000.000000	18000.000000	8000.000000	Trill	13.432710	-32.695166	0
222	Spectrogram 1	2	913.014000	913.070000	4000.000000	18000.000000	8000.000000	Twitter	7.407744	-25.826142	0
223	Spectrogram 1	2	913.164000	913.232000	4000.000000	18000.000000	8000.000000	Twitter	6.396163	-22.343421	0
224	Spectrogram 1	2	913.290000	913.364000	4000.000000	18000.000000	8000.000000	Twitter	8.027316	-22.366625	0
225	Spectrogram 1	2	913.422000	913.490000	4000.000000	18000.000000	8000.000000	Twitter	8.466189	-21.618649	0
226	Spectrogram 1	2	913.554000	913.616000	4000.000000	18000.000000	8000.000000	Twitter	8.701267	-21.428567	0
227	Spectrogram 1	2	913.668000	913.742000	4000.000000	18000.000000	8000.000000	Twitter	8.936907	-22.367009	0
228	Spectrogram 1	2	913.782000	913.868000	4000.000000	18000.000000	8000.000000	Twitter	8.592373	-23.904824	0
229	Spectrogram 1	2	913.914000	914.018000	4000.000000	18000.000000	8000.000000	Twitter	8.032575	-25.272428	0
230	Spectrogram 1	2	914.040000	914.114000	4000.000000	18000.000000	8000.000000	Twitter	11.831052	-24.190509	0
231	Spectrogram 1	2	928.788000	928.988000	4000.000000	18000.000000	8000.000000	Trill	14.835667	-32.756469	0
232	Spectrogram 1	2	948.210000	948.338000	4000.000000	18000.000000	8000.000000	Phee	4.472583	-26.069158	1
233	Spectrogram 1	2	954.132000	954.320000	4000.000000	18000.000000	8000.000000	Trill	13.449200	-33.277495	0
234	Spectrogram 1	2	956.118000	956.348000	4000.000000	18000.000000	8000.000000	Trill	9.291420	-31.625308	0
235	Spectrogram 1	2	957.834000	958.076000	4000.000000	18000.000000	8000.000000	Trill	14.162510	-25.164508	0
236	Spectrogram 1	2	958.164000	958.304000	4000.000000	18000.000000	8000.000000	Phee	17.124188	-21.987675	0
237	Spectrogram 1	2	958.332000	958.544000	4000.000000	18000.000000	8000.000000	Phee	16.180606	-21.484812	0
238	Spectrogram 1	2	958.572000	958.826000	4000.000000	18000.000000	8000.000000	Phee	13.445360	-21.649735	0
239	Spectrogram 1	2	962.700000	962.864000	4000.000000	18000.000000	8000.000000	Trill	15.679185	-27.181214	0
240	Spectrogram 1	2	964.500000	964.640000	4000.000000	18000.000000	8000.000000	Trill	6.852055	-32.739337	0
241	Spectrogram 1	2	969.774000	969.962000	4000.000000	18000.000000	8000.000000	Trill	16.238823	-33.475864	0
242	Spectrogram 1	2	970.068000	970.100000	4000.000000	18000.000000	8000.000000	Trill	11.675773	-38.449742	0
243	Spectrogram 1	2	971.034000	971.138000	4000.000000	18000.000000	8000.000000	Twitter	6.414368	-24.823819	0
244	Spectrogram 1	2	971.178000	971.294000	4000.000000	18000.000000	8000.000000	Twitter	9.339557	-23.824996	0
245	Spectrogram 1	2	971.376000	972.278000	4000.000000	18000.000000	8000.000000	Phee	16.400514	-21.506995	0
246	Spectrogram 1	2	980.124000	980.462000	4000.000000	18000.000000	8000.000000	Trill	13.504217	-34.065133	0
247	Spectrogram 1	2	980.670000	980.804000	4000.000000	18000.000000	8000.000000	Phee	9.523517	-26.107339	0
248	Spectrogram 1	2	980.826000	980.894000	4000.000000	18000.000000	8000.000000	Phee	12.256727	-23.023363	0
249	Spectrogram 1	2	980.934000	981.188000	4000.000000	18000.000000	8000.000000	Phee	12.518075	-21.721699	0
250	Spectrogram 1	2	981.216000	981.326000	4000.000000	18000.000000	8000.000000	Phee	11.655928	-21.747292	0
251	Spectrogram 1	2	981.360000	981.560000	4000.000000	18000.000000	8000.000000	Phee	12.793967	-23.237544	0
252	Spectrogram 1	2	992.856000	993.008000	4000.000000	18000.000000	8000.000000	Trill	14.929902	-30.305949	0
253	Spectrogram 1	2	994.428000	994.694000	4000.000000	18000.000000	8000.000000	Trill	14.688828	-31.377330	0
254	Spectrogram 1	2	994.812000	995.846000	4000.000000	18000.000000	8000.000000	Phee	8.565382	-20.317204	0
255	Spectrogram 1	2	995.868000	996.056000	4000.000000	18000.000000	8000.000000	Phee	8.038269	-23.053596	0
256	Spectrogram 1	2	1006.864000	1007.136000	4000.000000	18000.000000	8000.000000	Trill	9.890429	-34.656196	0
257	Spectrogram 1	2	1018.798000	1019.028000	4000.000000	18000.000000	8000.000000	Trill	15.828434	-30.969301	0
258	Spectrogram 1	2	1021.306000	1021.392000	4000.000000	18000.000000	8000.000000	Trill	13.967051	-36.714508	0
259	Spectrogram 1	2	1030.606000	1030.956000	4000.000000	18000.000000	8000.000000	Trill	15.004570	-30.006432	0
260	Spectrogram 1	2	1033.510000	1033.782000	4000.000000	18000.000000	8000.000000	Trill	12.946506	-33.945657	0
261	Spectrogram 1	2	1038.838000	1038.912000	4000.000000	18000.000000	8000.000000	Trill	13.464188	-29.804754	0
262	Spectrogram 1	2	1075.444000	1075.584000	4000.000000	18000.000000	8000.000000	Trill	16.173655	-28.088962	0
263	Spectrogram 1	2	1082.656000	1082.850000	4000.000000	18000.000000	8000.000000	Trill	10.522953	-29.544302	0
264	Spectrogram 1	2	1085.812000	1086.090000	4000.000000	18000.000000	8000.000000	Trill	11.502856	-32.607722	0
265	Spectrogram 1	2	1087.828000	1088.076000	4000.000000	18000.000000	8000.000000	Trill	14.391290	-35.492503	0
266	Spectrogram 1	2	1091.302000	1092.324000	4000.000000	18000.000000	8000.000000	Trillphee	9.160832	-21.836526	0
267	Spectrogram 1	2	1099.672000	1099.764000	4000.000000	18000.000000	8000.000000	Trill	15.382223	-31.225728	0
268	Spectrogram 1	2	1135.442000	1135.726000	4000.000000	18000.000000	8000.000000	Trill	10.553796	-32.701457	0
269	Spectrogram 1	2	1140.188000	1140.562000	4000.000000	18000.000000	8000.000000	Trill	15.154940	-30.934744	0
270	Spectrogram 1	2	1148.570000	1148.668000	4000.000000	18000.000000	8000.000000	Trill	11.197090	-30.325923	0
271	Spectrogram 1	2	1168.712000	1168.846000	4000.000000	18000.000000	8000.000000	Trill	14.159478	-27.889605	0
272	Spectrogram 1	2	1207.218000	1207.508000	4000.000000	18000.000000	8000.000000	Trill	18.037082	-26.960737	0
273	Spectrogram 1	2	1212.816000	1212.986000	4000.000000	18000.000000	8000.000000	Trill	14.056371	-31.866290	0
274	Spectrogram 1	2	1213.374000	1213.418000	4000.000000	18000.000000	8000.000000	Phee	14.114069	-37.472145	0
275	Spectrogram 1	2	1222.878000	1223.072000	4000.000000	18000.000000	8000.000000	Trill	12.792407	-32.206580	0
276	Spectrogram 1	2	1224.204000	1224.524000	4000.000000	18000.000000	8000.000000	Trill	11.891406	-31.513716	0
277	Spectrogram 1	2	1231.590000	1231.826000	4000.000000	18000.000000	8000.000000	Trill	13.905090	-30.813281	0
278	Spectrogram 1	2	1234.128000	1234.292000	4000.000000	18000.000000	8000.000000	Trill	10.729259	-32.345095	0
279	Spectrogram 1	2	1236.450000	1236.530000	4000.000000	18000.000000	8000.000000	Twitter	7.354006	-26.277670	0
280	Spectrogram 1	2	1236.624000	1236.710000	4000.000000	18000.000000	8000.000000	Trill	9.246345	-26.172472	0
281	Spectrogram 1	2	1236.804000	1236.848000	4000.000000	18000.000000	8000.000000	Twitter	18.763881	-30.480062	0
282	Spectrogram 1	2	1245.642000	1245.944000	4000.000000	18000.000000	8000.000000	Trill	14.993221	-30.736455	0
283	Spectrogram 1	2	1265.694000	1265.792000	4000.000000	18000.000000	8000.000000	Trill	9.981978	-30.287900	0
284	Spectrogram 1	2	1268.526000	1268.774000	4000.000000	18000.000000	8000.000000	Trill	11.749597	-29.637161	0
285	Spectrogram 1	2	1269.036000	1269.986000	4000.000000	18000.000000	8000.000000	Phee	10.910838	-22.035873	0
286	Spectrogram 1	2	1377.538000	1377.840000	4000.000000	18000.000000	8000.000000	Trill	13.983689	-31.610614	0
287	Spectrogram 1	2	1379.332000	1379.736000	4000.000000	18000.000000	8000.000000	Trill	10.380668	-30.255751	0
288	Spectrogram 1	2	1383.592000	1383.954000	4000.000000	18000.000000	8000.000000	Trill	9.727054	-36.436680	0
289	Spectrogram 1	2	1388.494000	1388.574000	4000.000000	18000.000000	8000.000000	Trill	13.254101	-34.038957	0
290	Spectrogram 1	2	1389.982000	1390.278000	4000.000000	18000.000000	8000.000000	Trill	15.017762	-31.994422	0
291	Spectrogram 1	2	1411.730000	1413.106000	4000.000000	18000.000000	8000.000000	Trillphee	10.349844	-25.339000	0
292	Spectrogram 1	2	1424.678000	1424.926000	4000.000000	18000.000000	8000.000000	Trill	11.374825	-33.451903	0
293	Spectrogram 1	2	1434.212000	1434.454000	4000.000000	18000.000000	8000.000000	Trill	16.643833	-32.781222	0
294	Spectrogram 1	2	1439.780000	1439.842000	4000.000000	18000.000000	8000.000000	Trill	15.180331	-33.915250	0
295	Spectrogram 1	2	1444.406000	1444.654000	4000.000000	18000.000000	8000.000000	Trill	10.397879	-31.996262	0
296	Spectrogram 1	2	1448.744000	1448.950000	4000.000000	18000.000000	8000.000000	Trill	10.333341	-36.176688	0
297	Spectrogram 1	2	1464.674000	1464.970000	4000.000000	18000.000000	8000.000000	Trill	18.021164	-29.675500	0
298	Spectrogram 1	2	1465.160000	1465.306000	4000.000000	18000.000000	8000.000000	Phee	17.497565	-22.507320	0
299	Spectrogram 1	2	1465.352000	1465.426000	4000.000000	18000.000000	8000.000000	Phee	16.361262	-22.924231	0
300	Spectrogram 1	2	1465.454000	1465.540000	4000.000000	18000.000000	8000.000000	Phee	12.999637	-22.553962	0
301	Spectrogram 1	2	1465.568000	1465.642000	4000.000000	18000.000000	8000.000000	Phee	12.508930	-22.497724	0
302	Spectrogram 1	2	1465.694000	1465.870000	4000.000000	18000.000000	8000.000000	Phee	11.143682	-23.847799	0
303	Spectrogram 1	2	1473.734000	1473.814000	4000.000000	18000.000000	8000.000000	Trill	12.779097	-30.892906	0
304	Spectrogram 1	2	1474.472000	1474.672000	4000.000000	18000.000000	8000.000000	Trill	11.852858	-33.836254	0
305	Spectrogram 1	2	1477.376000	1477.438000	4000.000000	18000.000000	8000.000000	Trill	5.874078	-35.733759	0
306	Spectrogram 1	2	1479.512000	1479.574000	4000.000000	18000.000000	8000.000000	Twitter	6.159684	-28.444702	0
307	Spectrogram 1	2	1479.632000	1479.694000	4000.000000	18000.000000	8000.000000	Twitter	6.990611	-27.622661	0
308	Spectrogram 1	2	1479.752000	1479.802000	4000.000000	18000.000000	8000.000000	Twitter	5.514925	-28.040995	0
309	Spectrogram 1	2	1479.866000	1479.928000	4000.000000	18000.000000	8000.000000	Twitter	6.539679	-28.850910	0
310	Spectrogram 1	2	1479.980000	1480.042000	4000.000000	18000.000000	8000.000000	Twitter	5.816017	-27.851845	0
311	Spectrogram 1	2	1480.094000	1480.168000	4000.000000	18000.000000	8000.000000	Twitter	7.790609	-28.657490	0
312	Spectrogram 1	2	1480.214000	1480.264000	4000.000000	18000.000000	8000.000000	Trill	10.519626	-34.381255	0
313	Spectrogram 1	2	1482.524000	1482.694000	4000.000000	18000.000000	8000.000000	Trill	7.630641	-37.172247	0
314	Spectrogram 1	2	1489.880000	1490.008000	4000.000000	18000.000000	8000.000000	Trill	10.387298	-35.085128	0
315	Spectrogram 1	2	1490.030000	1490.152000	4000.000000	18000.000000	8000.000000	Trill	11.617686	-37.038786	0
316	Spectrogram 1	2	1491.140000	1491.232000	4000.000000	18000.000000	8000.000000	Trill	9.437610	-30.326513	0
317	Spectrogram 1	2	1491.404000	1491.622000	4000.000000	18000.000000	8000.000000	Phee	9.363496	-24.658683	0
318	Spectrogram 1	2	1491.650000	1491.748000	4000.000000	18000.000000	8000.000000	Phee	9.424740	-24.602415	0
319	Spectrogram 1	2	1491.854000	1491.910000	4000.000000	18000.000000	8000.000000	Phee	5.248879	-25.660857	0
320	Spectrogram 1	2	1499.702000	1499.842000	4000.000000	18000.000000	8000.000000	Trill	13.975594	-32.369466	0
321	Spectrogram 1	2	1500.924000	1501.088000	4000.000000	18000.000000	8000.000000	Trill	8.646740	-33.260216	0
322	Spectrogram 1	2	1505.550000	1505.660000	4000.000000	18000.000000	8000.000000	Trill	7.762869	-34.692689	0
323	Spectrogram 1	2	1509.174000	1509.206000	4000.000000	18000.000000	8000.000000	Trill	13.350907	-37.037798	0
324	Spectrogram 1	2	1518.912000	1519.034000	4000.000000	18000.000000	8000.000000	Trill	18.476521	-26.076693	0
325	Spectrogram 1	2	1521.642000	1522.004000	4000.000000	18000.000000	8000.000000	Trill	15.982947	-30.198165	0
326	Spectrogram 1	2	1523.202000	1523.468000	4000.000000	18000.000000	8000.000000	Trill	16.225940	-28.881346	0
327	Spectrogram 1	2	1525.194000	1525.472000	4000.000000	18000.000000	8000.000000	Trill	14.524631	-33.102559	0
328	Spectrogram 1	2	1527.294000	1527.374000	4000.000000	18000.000000	8000.000000	Twitter	16.321435	-25.985102	0
329	Spectrogram 1	2	1527.468000	1527.524000	4000.000000	18000.000000	8000.000000	Twitter	13.373896	-23.049014	0
330	Spectrogram 1	2	1527.612000	1527.656000	4000.000000	18000.000000	8000.000000	Twitter	13.639174	-23.367403	0
331	Spectrogram 1	2	1527.744000	1527.794000	4000.000000	18000.000000	8000.000000	Twitter	14.399068	-23.604678	0
332	Spectrogram 1	2	1527.870000	1527.926000	4000.000000	18000.000000	8000.000000	Twitter	15.523579	-23.932674	0
333	Spectrogram 1	2	1528.008000	1528.076000	4000.000000	18000.000000	8000.000000	Twitter	13.337055	-24.398234	0
334	Spectrogram 1	2	1528.146000	1528.208000	4000.000000	18000.000000	8000.000000	Twitter	13.852808	-24.789510	0
335	Spectrogram 1	2	1528.272000	1528.328000	4000.000000	18000.000000	8000.000000	Twitter	17.085105	-26.941145	0
336	Spectrogram 1	2	1528.428000	1528.472000	4000.000000	18000.000000	8000.000000	Trill	19.036464	-26.934188	0
337	Spectrogram 1	2	1547.676000	1547.996000	4000.000000	18000.000000	8000.000000	Trill	11.659226	-32.524320	0
338	Spectrogram 1	2	1552.710000	1552.904000	4000.000000	18000.000000	8000.000000	Trill	13.925551	-28.302177	0
339	Spectrogram 1	2	1555.488000	1555.604000	4000.000000	18000.000000	8000.000000	Trill	12.550867	-32.189348	0
340	Spectrogram 1	2	1555.782000	1556.192000	4000.000000	18000.000000	8000.000000	Phee	6.142922	-29.924859	0
341	Spectrogram 1	2	1556.220000	1556.858000	4000.000000	18000.000000	8000.000000	Phee	12.262318	-25.107450	0
342	Spectrogram 1	2	1561.224000	1561.442000	4000.000000	18000.000000	8000.000000	Trill	12.132399	-32.957270	0
343	Spectrogram 1	2	1566.618000	1568.120000	4000.000000	18000.000000	8000.000000	Trillphee	17.532797	-17.599376	0
344	Spectrogram 1	2	1572.738000	1572.950000	4000.000000	18000.000000	8000.000000	Trill	14.205757	-30.236363	0
345	Spectrogram 1	2	1577.376000	1577.666000	4000.000000	18000.000000	8000.000000	Trill	15.234647	-30.939242	0
346	Spectrogram 1	2	1582.464000	1582.748000	4000.000000	18000.000000	8000.000000	Trill	12.858657	-29.073996	0
347	Spectrogram 1	2	1587.702000	1587.806000	4000.000000	18000.000000	8000.000000	Trill	12.676129	-30.293423	0
348	Spectrogram 1	2	1588.134000	1588.196000	4000.000000	18000.000000	8000.000000	Phee	11.708969	-25.520323	0
349	Spectrogram 1	2	1588.266000	1588.454000	4000.000000	18000.000000	8000.000000	Phee	8.685433	-26.402878	0
350	Spectrogram 1	2	1588.482000	1588.652000	4000.000000	18000.000000	8000.000000	Phee	9.920798	-24.184223	0
351	Spectrogram 1	2	1588.752000	1588.964000	4000.000000	18000.000000	8000.000000	Phee	12.287915	-25.103874	0
352	Spectrogram 1	2	1589.046000	1589.120000	4000.000000	18000.000000	8000.000000	Phee	15.970296	-23.791222	0
353	Spectrogram 1	2	1597.482000	1597.580000	4000.000000	18000.000000	8000.000000	Trill	13.037254	-27.668130	0
354	Spectrogram 1	2	1601.440000	1601.550000	4000.000000	18000.000000	8000.000000	Trill	15.702403	-29.818124	0
355	Spectrogram 1	2	1610.290000	1610.472000	4000.000000	18000.000000	8000.000000	Trill	15.097599	-28.613457	0
356	Spectrogram 1	2	1612.678000	1614.138000	4000.000000	18000.000000	8000.000000	Trillphee	13.698073	-17.432687	0
357	Spectrogram 1	2	1618.534000	1618.752000	4000.000000	18000.000000	8000.000000	Trill	13.980215	-29.852489	0
358	Spectrogram 1	2	1621.378000	1621.602000	4000.000000	18000.000000	8000.000000	Trill	14.422723	-31.160974	0
359	Spectrogram 1	2	1623.466000	1623.546000	4000.000000	18000.000000	8000.000000	Twitter	4.866274	-24.676540	1
360	Spectrogram 1	2	1623.598000	1623.660000	4000.000000	18000.000000	8000.000000	Twitter	6.309164	-22.979362	0
361	Spectrogram 1	2	1623.718000	1623.810000	4000.000000	18000.000000	8000.000000	Twitter	5.422795	-25.259577	0
362	Spectrogram 1	2	1623.844000	1623.936000	4000.000000	18000.000000	8000.000000	Twitter	5.709784	-25.760272	0
363	Spectrogram 1	2	1623.964000	1624.062000	4000.000000	18000.000000	8000.000000	Twitter	6.023645	-25.873546	0
364	Spectrogram 1	2	1624.090000	1624.182000	4000.000000	18000.000000	8000.000000	Twitter	7.288583	-25.526469	0
365	Spectrogram 1	2	1624.192000	1624.224000	4000.000000	18000.000000	8000.000000	Phee	4.817832	-38.069022	1
366	Spectrogram 1	2	1624.234000	1624.308000	4000.000000	18000.000000	8000.000000	Twitter	9.799256	-28.114748	0
367	Spectrogram 1	2	1634.680000	1634.754000	4000.000000	18000.000000	8000.000000	Trill	8.076806	-29.009121	0
368	Spectrogram 1	2	1641.862000	1642.152000	4000.000000	18000.000000	8000.000000	Trill	14.687986	-30.003384	0
369	Spectrogram 1	2	1650.646000	1650.924000	4000.000000	18000.000000	8000.000000	Trill	14.226917	-32.899129	0
370	Spectrogram 1	2	1663.942000	1664.196000	4000.000000	18000.000000	8000.000000	Trill	12.490785	-30.065155	0
371	Spectrogram 1	2	1667.794000	1668.042000	4000.000000	18000.000000	8000.000000	Trill	13.837356	-31.052451	0
372	Spectrogram 1	2	1670.242000	1670.394000	4000.000000	18000.000000	8000.000000	Trill	13.604330	-32.319673	0
373	Spectrogram 1	2	1672.078000	1672.146000	4000.000000	18000.000000	8000.000000	Twitter	6.828863	-23.939483	0
374	Spectrogram 1	2	1672.198000	1672.266000	4000.000000	18000.000000	8000.000000	Twitter	7.463778	-22.908808	0
375	Spectrogram 1	2	1672.324000	1672.404000	4000.000000	18000.000000	8000.000000	Twitter	6.728800	-24.726134	0
376	Spectrogram 1	2	1672.450000	1672.524000	4000.000000	18000.000000	8000.000000	Twitter	7.201993	-23.740873	0
377	Spectrogram 1	2	1672.576000	1672.650000	4000.000000	18000.000000	8000.000000	Twitter	7.400221	-24.135872	0
378	Spectrogram 1	2	1672.702000	1672.800000	4000.000000	18000.000000	8000.000000	Twitter	7.327858	-26.094148	0
379	Spectrogram 1	2	1672.864000	1672.920000	4000.000000	18000.000000	8000.000000	Twitter	14.332098	-26.773545	0
380	Spectrogram 1	2	1679.518000	1679.730000	4000.000000	18000.000000	8000.000000	Trill	11.449357	-30.295595	0
381	Spectrogram 1	2	1690.258000	1690.434000	4000.000000	18000.000000	8000.000000	Trill	10.990861	-25.858739	0
382	Spectrogram 1	2	1690.510000	1690.650000	4000.000000	18000.000000	8000.000000	Phee	16.012778	-30.003298	0
383	Spectrogram 1	2	1698.394000	1698.510000	4000.000000	18000.000000	8000.000000	Trill	14.726111	-30.105074	0
384	Spectrogram 1	2	1699.696000	1699.890000	4000.000000	18000.000000	8000.000000	Trill	14.440453	-29.616232	0
385	Spectrogram 1	2	1701.344000	1701.538000	4000.000000	18000.000000	8000.000000	Trill	13.975670	-28.015075	0
386	Spectrogram 1	2	1701.656000	1701.814000	4000.000000	18000.000000	8000.000000	Phee	12.691794	-26.636653	0
387	Spectrogram 1	2	1701.854000	1702.300000	4000.000000	18000.000000	8000.000000	Phee	11.884506	-23.242532	0
388	Spectrogram 1	2	1702.328000	1702.414000	4000.000000	18000.000000	8000.000000	Phee	8.343190	-23.408987	0
389	Spectrogram 1	2	1702.484000	1702.612000	4000.000000	18000.000000	8000.000000	Phee	9.785385	-24.229217	0
390	Spectrogram 1	2	1710.938000	1711.150000	4000.000000	18000.000000	8000.000000	Trill	13.408425	-33.954215	0
391	Spectrogram 1	2	1714.346000	1714.588000	4000.000000	18000.000000	8000.000000	Trill	11.638430	-23.340041	0
392	Spectrogram 1	2	1714.688000	1715.494000	4000.000000	18000.000000	8000.000000	Phee	14.137583	-20.837620	0
393	Spectrogram 1	2	1715.516000	1715.722000	4000.000000	18000.000000	8000.000000	Phee	13.036368	-23.866980	0
394	Spectrogram 1	2	1736.690000	1736.866000	4000.000000	18000.000000	8000.000000	Trill	14.350430	-28.461686	0
395	Spectrogram 1	2	1737.626000	1737.778000	4000.000000	18000.000000	8000.000000	Twitter	8.722135	-22.171390	0
396	Spectrogram 1	2	1737.860000	1737.952000	4000.000000	18000.000000	8000.000000	Twitter	6.000695	-24.702647	0
397	Spectrogram 1	2	1737.992000	1738.072000	4000.000000	18000.000000	8000.000000	Twitter	6.846663	-23.416583	0
398	Spectrogram 1	2	1738.124000	1738.210000	4000.000000	18000.000000	8000.000000	Twitter	6.522060	-23.848491	0
399	Spectrogram 1	2	1738.256000	1738.342000	4000.000000	18000.000000	8000.000000	Twitter	6.680364	-23.728690	0
400	Spectrogram 1	2	1738.382000	1738.504000	4000.000000	18000.000000	8000.000000	Twitter	6.809977	-26.312945	0
401	Spectrogram 1	2	1738.508000	1738.606000	4000.000000	18000.000000	8000.000000	Twitter	11.208466	-27.294414	0
402	Spectrogram 1	2	1746.140000	1746.208000	4000.000000	18000.000000	8000.000000	Twitter	6.846904	-20.474101	0
403	Spectrogram 1	2	1746.278000	1746.346000	4000.000000	18000.000000	8000.000000	Twitter	7.624123	-20.796022	0
404	Spectrogram 1	2	1746.422000	1746.490000	4000.000000	18000.000000	8000.000000	Twitter	7.879346	-21.700136	0
405	Spectrogram 1	2	1746.554000	1746.628000	4000.000000	18000.000000	8000.000000	Twitter	7.890790	-21.923757	0
406	Spectrogram 1	2	1746.698000	1746.766000	4000.000000	18000.000000	8000.000000	Twitter	8.108331	-22.119778	0
407	Spectrogram 1	2	1746.830000	1746.928000	4000.000000	18000.000000	8000.000000	Twitter	7.013456	-23.843642	0
408	Spectrogram 1	2	1746.962000	1747.072000	4000.000000	18000.000000	8000.000000	Twitter	8.337978	-24.839178	0
409	Spectrogram 1	2	1747.112000	1747.180000	4000.000000	18000.000000	8000.000000	Twitter	10.146061	-25.523062	0
410	Spectrogram 1	2	1750.382000	1750.666000	4000.000000	18000.000000	8000.000000	Trill	12.809914	-34.371557	0
411	Spectrogram 1	2	1756.214000	1756.504000	4000.000000	18000.000000	8000.000000	Trill	12.362790	-33.251280	0
412	Spectrogram 1	2	1759.238000	1759.432000	4000.000000	18000.000000	8000.000000	Trill	14.607636	-30.944063	0
413	Spectrogram 1	2	1764.344000	1764.622000	4000.000000	18000.000000	8000.000000	Trill	13.456129	-30.736922	0
414	Spectrogram 1	2	1764.866000	1765.426000	4000.000000	18000.000000	8000.000000	Phee	10.519281	-24.497661	0
415	Spectrogram 1	2	1765.472000	1765.546000	4000.000000	18000.000000	8000.000000	Phee	9.708909	-26.889860	0
416	Spectrogram 1	2	1793.852000	1794.034000	4000.000000	18000.000000	8000.000000	Trill	6.636099	-34.923923	0
417	Spectrogram 1	2	1797.140000	1797.364000	4000.000000	18000.000000	8000.000000	Trill	7.645032	-36.051724	0
418	Spectrogram 1	2	1805.118000	1805.294000	4000.000000	18000.000000	8000.000000	Trill	14.232779	-27.417656	0
419	Spectrogram 1	2	1806.048000	1806.110000	4000.000000	18000.000000	8000.000000	Twitter	11.483802	-23.381498	0
420	Spectrogram 1	2	1806.168000	1806.260000	4000.000000	18000.000000	8000.000000	Twitter	9.497427	-23.986050	0
421	Spectrogram 1	2	1806.300000	1806.368000	4000.000000	18000.000000	8000.000000	Twitter	11.920619	-22.252613	0
422	Spectrogram 1	2	1806.372000	1806.392000	4000.000000	18000.000000	8000.000000	Phee	3.954647	-36.156117	1
423	Spectrogram 1	2	1806.414000	1806.494000	4000.000000	18000.000000	8000.000000	Twitter	11.261942	-23.013857	0
424	Spectrogram 1	2	1806.534000	1806.620000	4000.000000	18000.000000	8000.000000	Twitter	11.414368	-25.626374	0
425	Spectrogram 1	2	1806.660000	1806.752000	4000.000000	18000.000000	8000.000000	Twitter	11.413794	-26.946512	0
426	Spectrogram 1	2	1806.792000	1806.848000	4000.000000	18000.000000	8000.000000	Twitter	12.967593	-30.841316	0
427	Spectrogram 1	2	1808.436000	1808.744000	4000.000000	18000.000000	8000.000000	Trill	12.692137	-35.053494	0
428	Spectrogram 1	2	1820.226000	1820.510000	4000.000000	18000.000000	8000.000000	Trill	14.135905	-34.266382	0
429	Spectrogram 1	2	1823.070000	1823.474000	4000.000000	18000.000000	8000.000000	Trill	13.978967	-33.836814	0
430	Spectrogram 1	2	1824.546000	1824.614000	4000.000000	18000.000000	8000.000000	Twitter	8.989410	-24.430571	0
431	Spectrogram 1	2	1824.690000	1824.776000	4000.000000	18000.000000	8000.000000	Twitter	6.484714	-25.114309	0
432	Spectrogram 1	2	1824.822000	1824.896000	4000.000000	18000.000000	8000.000000	Twitter	8.100310	-23.939293	0
433	Spectrogram 1	2	1824.942000	1825.010000	4000.000000	18000.000000	8000.000000	Twitter	8.698703	-23.146798	0
434	Spectrogram 1	2	1825.062000	1825.130000	4000.000000	18000.000000	8000.000000	Twitter	9.337737	-23.310030	0
435	Spectrogram 1	2	1825.152000	1825.166000	4000.000000	18000.000000	8000.000000	Twitter	5.571577	-38.184209	2
436	Spectrogram 1	2	1825.194000	1825.256000	4000.000000	18000.000000	8000.000000	Twitter	10.909072	-23.719145	0
437	Spectrogram 1	2	1829.718000	1829.762000	4000.000000	18000.000000	8000.000000	Trill	13.408017	-34.676965	0
438	Spectrogram 1	2	1832.994000	1834.280000	4000.000000	18000.000000	8000.000000	Trillphee	17.878129	-19.520532	0
439	Spectrogram 1	2	1839.300000	1839.482000	4000.000000	18000.000000	8000.000000	Trill	15.087787	-30.509832	0
440	Spectrogram 1	2	1840.578000	1840.904000	4000.000000	18000.000000	8000.000000	Trill	16.252130	-29.367450	0
441	Spectrogram 1	2	1841.058000	1842.110000	4000.000000	18000.000000	8000.000000	Phee	18.246519	-20.999235	0
442	Spectrogram 1	2	1850.058000	1850.246000	4000.000000	18000.000000	8000.000000	Trill	15.961736	-28.441129	0
443	Spectrogram 1	2	1852.302000	1852.514000	4000.000000	18000.000000	8000.000000	Trill	15.065724	-26.608085	0
444	Spectrogram 1	2	1854.378000	1855.460000	4000.000000	18000.000000	8000.000000	Trillphee	20.928446	-22.639125	0
445	Spectrogram 1	2	1855.500000	1855.574000	4000.000000	18000.000000	8000.000000	Phee	20.236101	-24.676092	0
446	Spectrogram 1	2	1859.202000	1859.378000	4000.000000	18000.000000	8000.000000	Trill	12.302745	-29.004803	0
447	Spectrogram 1	2	1860.834000	1861.064000	4000.000000	18000.000000	8000.000000	Trill	15.550922	-26.693498	0
448	Spectrogram 1	2	1863.582000	1863.800000	4000.000000	18000.000000	8000.000000	Trill	15.856222	-27.330938	0
449	Spectrogram 1	2	1865.820000	1865.984000	4000.000000	18000.000000	8000.000000	Trill	16.858565	-30.169916	0
450	Spectrogram 1	2	1871.982000	1872.296000	4000.000000	18000.000000	8000.000000	Trillphee	13.062946	-27.320992	0
451	Spectrogram 1	2	1872.360000	1872.794000	4000.000000	18000.000000	8000.000000	Phee	9.933601	-21.875437	0
452	Spectrogram 1	2	1872.834000	1872.902000	4000.000000	18000.000000	8000.000000	Phee	7.652718	-28.988882	0
453	Spectrogram 1	2	1872.936000	1873.010000	4000.000000	18000.000000	8000.000000	Phee	14.682462	-24.528033	0
454	Spectrogram 1	2	1888.272000	1888.436000	4000.000000	18000.000000	8000.000000	Trill	11.649442	-34.460207	0
455	Spectrogram 1	2	1897.308000	1897.802000	4000.000000	18000.000000	8000.000000	Trill	13.021578	-28.875413	0
456	Spectrogram 1	2	1916.014000	1916.298000	4000.000000	18000.000000	8000.000000	Trill	11.347797	-34.561597	0
457	Spectrogram 1	2	1917.400000	1917.744000	4000.000000	18000.000000	8000.000000	Trill	17.588959	-27.417964	0
458	Spectrogram 1	2	1919.650000	1920.684000	4000.000000	18000.000000	8000.000000	Trillphee	11.166887	-24.415778	0
459	Spectrogram 1	2	1920.760000	1920.804000	4000.000000	18000.000000	8000.000000	Phee	10.649939	-30.890968	0
460	Spectrogram 1	2	1926.442000	1926.600000	4000.000000	18000.000000	8000.000000	Trill	6.835413	-35.236020	0
461	Spectrogram 1	2	1928.020000	1928.142000	4000.000000	18000.000000	8000.000000	Trill	5.529093	-34.176150	0
462	Spectrogram 1	2	1928.638000	1928.688000	4000.000000	18000.000000	8000.000000	Phee	4.214194	-27.860683	1
463	Spectrogram 1	2	1934.740000	1934.982000	4000.000000	18000.000000	8000.000000	Trill	12.966660	-31.468936	0
464	Spectrogram 1	2	1960.306000	1960.488000	4000.000000	18000.000000	8000.000000	Trill	12.250819	-35.799459	0
465	Spectrogram 1	2	1969.948000	1970.202000	4000.000000	18000.000000	8000.000000	Trill	11.117663	-32.473811	0
466	Spectrogram 1	2	1971.160000	1972.092000	4000.000000	18000.000000	8000.000000	Trillphee	18.400954	-21.317091	0
467	Spectrogram 1	2	1972.126000	1972.206000	4000.000000	18000.000000	8000.000000	Phee	14.654510	-24.363783	0
468	Spectrogram 1	2	1974.724000	1974.828000	4000.000000	18000.000000	8000.000000	Trill	14.992316	-30.167221	0
469	Spectrogram 1	2	1974.940000	1975.008000	4000.000000	18000.000000	8000.000000	Twitter	5.102724	-27.867447	0
470	Spectrogram 1	2	1975.066000	1975.140000	4000.000000	18000.000000	8000.000000	Twitter	5.700426	-24.568006	0
471	Spectrogram 1	2	1975.186000	1975.254000	4000.000000	18000.000000	8000.000000	Twitter	5.945865	-24.142464	0
472	Spectrogram 1	2	1975.306000	1975.380000	4000.000000	18000.000000	8000.000000	Twitter	6.789238	-23.562650	0
473	Spectrogram 1	2	1975.426000	1975.494000	4000.000000	18000.000000	8000.000000	Twitter	7.199881	-23.213331	0
474	Spectrogram 1	2	1975.546000	1975.620000	4000.000000	18000.000000	8000.000000	Twitter	7.753404	-23.145752	0
475	Spectrogram 1	2	1975.642000	1975.752000	4000.000000	18000.000000	8000.000000	Twitter	7.097111	-25.943565	0
476	Spectrogram 1	2	1975.786000	1975.866000	4000.000000	18000.000000	8000.000000	Twitter	10.277321	-25.657259	0
477	Spectrogram 1	2	1984.054000	1984.284000	4000.000000	18000.000000	8000.000000	Trill	15.394251	-30.407527	0
478	Spectrogram 1	2	1986.040000	1986.138000	4000.000000	18000.000000	8000.000000	Trill	14.346454	-33.164897	0
479	Spectrogram 1	2	1991.422000	1991.646000	4000.000000	18000.000000	8000.000000	Trill	11.551356	-29.220531	0
480	Spectrogram 1	2	1995.184000	1995.288000	4000.000000	18000.000000	8000.000000	Trill	16.132629	-30.028815	0
481	Spectrogram 1	2	1996.606000	1998.078000	4000.000000	18000.000000	8000.000000	Phee	14.170328	-17.064513	0
482	Spectrogram 1	2	2013.620000	2013.712000	4000.000000	18000.000000	8000.000000	Trill	14.640755	-31.624511	0
483	Spectrogram 1	2	2015.960000	2016.184000	4000.000000	18000.000000	8000.000000	Trill	12.999413	-33.176923	0
484	Spectrogram 1	2	2019.584000	2019.742000	4000.000000	18000.000000	8000.000000	Trill	13.781208	-28.866656	0
485	Spectrogram 1	2	2025.932000	2026.102000	4000.000000	18000.000000	8000.000000	Trill	13.714578	-32.199606	0
486	Spectrogram 1	2	2034.596000	2034.838000	4000.000000	18000.000000	8000.000000	Trill	13.569574	-30.196394	0
487	Spectrogram 1	2	2037.536000	2037.652000	4000.000000	18000.000000	8000.000000	Trill	12.616983	-29.979035	0
488	Spectrogram 1	2	2039.600000	2039.794000	4000.000000	18000.000000	8000.000000	Trill	11.596027	-30.630723	0
489	Spectrogram 1	2	2039.930000	2040.016000	4000.000000	18000.000000	8000.000000	Phee	11.725359	-24.147749	0
490	Spectrogram 1	2	2040.104000	2040.184000	4000.000000	18000.000000	8000.000000	Phee	12.754675	-22.924174	0
491	Spectrogram 1	2	2040.236000	2040.340000	4000.000000	18000.000000	8000.000000	Phee	13.002695	-25.592355	0
492	Spectrogram 1	2	2040.410000	2040.490000	4000.000000	18000.000000	8000.000000	Phee	11.955234	-26.577606	0
493	Spectrogram 1	2	2040.650000	2040.718000	4000.000000	18000.000000	8000.000000	Phee	19.077033	-23.218538	0
494	Spectrogram 1	2	2061.704000	2061.904000	4000.000000	18000.000000	8000.000000	Trill	12.847588	-29.840419	0
495	Spectrogram 1	2	2064.008000	2064.148000	4000.000000	18000.000000	8000.000000	Trill	15.121374	-32.199666	0
496	Spectrogram 1	2	2075.912000	2075.992000	4000.000000	18000.000000	8000.000000	Twitter	5.850551	-27.686444	0
497	Spectrogram 1	2	2076.044000	2076.154000	4000.000000	18000.000000	8000.000000	Twitter	6.655155	-24.763799	0
498	Spectrogram 1	2	2076.176000	2076.256000	4000.000000	18000.000000	8000.000000	Twitter	6.903077	-23.366135	0
499	Spectrogram 1	2	2076.314000	2076.388000	4000.000000	18000.000000	8000.000000	Twitter	6.178419	-22.508530	0
500	Spectrogram 1	2	2076.446000	2076.520000	4000.000000	18000.000000	8000.000000	Twitter	7.118437	-22.195796	0
501	Spectrogram 1	2	2076.584000	2076.664000	4000.000000	18000.000000	8000.000000	Twitter	6.827732	-23.159243	0
502	Spectrogram 1	2	2076.710000	2076.796000	4000.000000	18000.000000	8000.000000	Twitter	7.516837	-23.262132	0
503	Spectrogram 1	2	2076.812000	2076.946000	4000.000000	18000.000000	8000.000000	Twitter	6.640251	-27.286036	0
504	Spectrogram 1	2	2076.956000	2077.060000	4000.000000	18000.000000	8000.000000	Twitter	6.934857	-29.611226	0
505	Spectrogram 1	2	2078.312000	2078.560000	4000.000000	18000.000000	8000.000000	Trill	13.568994	-31.685302	0
506	Spectrogram 1	2	2105.358000	2105.606000	4000.000000	18000.000000	8000.000000	Trill	11.395368	-29.311531	0
507	Spectrogram 1	2	2110.056000	2110.412000	4000.000000	18000.000000	8000.000000	Trill	14.110233	-30.069361	0
508	Spectrogram 1	2	2111.550000	2111.798000	4000.000000	18000.000000	8000.000000	Trill	10.358175	-30.145528	0
509	Spectrogram 1	2	2111.910000	2112.884000	4000.000000	18000.000000	8000.000000	Phee	9.719328	-18.932116	0
510	Spectrogram 1	2	2120.640000	2120.900000	4000.000000	18000.000000	8000.000000	Trill	13.072091	-32.977753	0
511	Spectrogram 1	2	2122.362000	2122.634000	4000.000000	18000.000000	8000.000000	Trill	13.793982	-31.034227	0
512	Spectrogram 1	2	2123.412000	2123.510000	4000.000000	18000.000000	8000.000000	Twitter	6.946209	-24.966887	0
513	Spectrogram 1	2	2123.562000	2123.636000	4000.000000	18000.000000	8000.000000	Twitter	6.886140	-23.065624	0
514	Spectrogram 1	2	2123.694000	2123.774000	4000.000000	18000.000000	8000.000000	Twitter	7.057942	-24.024725	0
515	Spectrogram 1	2	2123.820000	2123.906000	4000.000000	18000.000000	8000.000000	Twitter	6.733359	-23.939651	0
516	Spectrogram 1	2	2123.952000	2124.032000	4000.000000	18000.000000	8000.000000	Twitter	6.819073	-24.250514	0
517	Spectrogram 1	2	2124.066000	2124.200000	4000.000000	18000.000000	8000.000000	Twitter	6.577974	-26.698031	0
518	Spectrogram 1	2	2124.204000	2124.284000	4000.000000	18000.000000	8000.000000	Twitter	10.399422	-27.137293	0
519	Spectrogram 1	2	2130.870000	2131.136000	4000.000000	18000.000000	8000.000000	Trill	15.299028	-28.990916	0
520	Spectrogram 1	2	2160.558000	2160.608000	4000.000000	18000.000000	8000.000000	Trillphee	15.610001	-31.461751	0
521	Spectrogram 1	2	2162.256000	2162.390000	4000.000000	18000.000000	8000.000000	Trill	14.984625	-29.204736	0
522	Spectrogram 1	2	2162.772000	2162.864000	4000.000000	18000.000000	8000.000000	Phee	17.850666	-20.456033	0
523	Spectrogram 1	2	2163.258000	2163.326000	4000.000000	18000.000000	8000.000000	Phee	12.232493	-21.773318	0
524	Spectrogram 1	2	2174.208000	2174.492000	4000.000000	18000.000000	8000.000000	Trill	13.713143	-29.531167	0
525	Spectrogram 1	2	2177.922000	2178.134000	4000.000000	18000.000000	8000.000000	Trill	13.482397	-29.325802	0
526	Spectrogram 1	2	2178.270000	2178.344000	4000.000000	18000.000000	8000.000000	Phee	14.747767	-25.023635	0
527	Spectrogram 1	2	2178.414000	2178.866000	4000.000000	18000.000000	8000.000000	Phee	14.108790	-22.807222	0
528	Spectrogram 1	2	2178.984000	2179.058000	4000.000000	18000.000000	8000.000000	Phee	16.167408	-24.675785	0
529	Spectrogram 1	2	2191.020000	2191.196000	4000.000000	18000.000000	8000.000000	Trill	11.780783	-33.276045	0
530	Spectrogram 1	2	2192.784000	2193.140000	4000.000000	18000.000000	8000.000000	Trill	14.327227	-29.307575	0
531	Spectrogram 1	2	2195.868000	2196.128000	4000.000000	18000.000000	8000.000000	Trill	17.125813	-27.646172	0
532	Spectrogram 1	2	2202.628000	2202.960000	4000.000000	18000.000000	8000.000000	Trill	14.576757	-27.523815	0
533	Spectrogram 1	2	2203.078000	2203.386000	4000.000000	18000.000000	8000.000000	Phee	16.069536	-22.915659	0
534	Spectrogram 1	2	2203.408000	2203.506000	4000.000000	18000.000000	8000.000000	Phee	15.537273	-26.490357	0
535	Spectrogram 1	2	2203.558000	2203.716000	4000.000000	18000.000000	8000.000000	Phee	7.430121	-30.283292	0
536	Spectrogram 1	2	2216.194000	2216.382000	4000.000000	18000.000000	8000.000000	Trill	10.495101	-34.484143	0
537	Spectrogram 1	2	2216.446000	2216.508000	4000.000000	18000.000000	8000.000000	Trill	12.142898	-36.861597	0
538	Spectrogram 1	2	2217.430000	2218.038000	4000.000000	18000.000000	8000.000000	Trillphee	14.944241	-24.907433	0
539	Spectrogram 1	2	2218.066000	2218.254000	4000.000000	18000.000000	8000.000000	Phee	14.470142	-18.569314	0
540	Spectrogram 1	2	2218.282000	2218.368000	4000.000000	18000.000000	8000.000000	Phee	13.608987	-21.695868	0
541	Spectrogram 1	2	2218.468000	2218.548000	4000.000000	18000.000000	8000.000000	Phee	14.715873	-29.364159	0
542	Spectrogram 1	2	2224.570000	2224.962000	4000.000000	18000.000000	8000.000000	Trill	17.147522	-28.525451	0
543	Spectrogram 1	2	2229.478000	2229.732000	4000.000000	18000.000000	8000.000000	Trill	14.465420	-33.442660	0
544	Spectrogram 1	2	2236.510000	2236.758000	4000.000000	18000.000000	8000.000000	Trill	9.468567	-30.540226	0
545	Spectrogram 1	2	2236.840000	2237.112000	4000.000000	18000.000000	8000.000000	Phee	10.128599	-24.589332	0
546	Spectrogram 1	2	2237.140000	2237.538000	4000.000000	18000.000000	8000.000000	Phee	12.819091	-24.200473	0
547	Spectrogram 1	2	2237.566000	2237.616000	4000.000000	18000.000000	8000.000000	Phee	8.287354	-27.973250	0
548	Spectrogram 1	2	2240.374000	2240.454000	4000.000000	18000.000000	8000.000000	Trill	15.014421	-32.995298	0
549	Spectrogram 1	2	2240.542000	2240.622000	4000.000000	18000.000000	8000.000000	Trill	13.289664	-35.734063	0
550	Spectrogram 1	2	2246.050000	2246.256000	4000.000000	18000.000000	8000.000000	Trill	11.391800	-32.140539	0
551	Spectrogram 1	2	2246.494000	2246.646000	4000.000000	18000.000000	8000.000000	Phee	15.209640	-26.527964	0
552	Spectrogram 1	2	2246.686000	2247.276000	4000.000000	18000.000000	8000.000000	Phee	13.587556	-24.783838	0
553	Spectrogram 1	2	2255.764000	2256.006000	4000.000000	18000.000000	8000.000000	Trill	11.993991	-29.209477	0
554	Spectrogram 1	2	2257.972000	2258.160000	4000.000000	18000.000000	8000.000000	Trill	14.953711	-28.313215	0
555	Spectrogram 1	2	2264.122000	2264.364000	4000.000000	18000.000000	8000.000000	Trill	12.838325	-32.998860	0
556	Spectrogram 1	2	2264.404000	2264.490000	4000.000000	18000.000000	8000.000000	Trill	13.654238	-36.437212	0
557	Spectrogram 1	2	2265.100000	2265.156000	4000.000000	18000.000000	8000.000000	Twitter	5.396499	-30.179557	0
558	Spectrogram 1	2	2265.256000	2265.354000	4000.000000	18000.000000	8000.000000	Trill	7.631399	-26.625538	0
559	Spectrogram 1	2	2265.430000	2265.762000	4000.000000	18000.000000	8000.000000	Trill	9.463303	-27.439519	0
560	Spectrogram 1	2	2265.892000	2266.848000	4000.000000	18000.000000	8000.000000	Phee	12.940396	-23.231097	0
561	Spectrogram 1	2	2270.488000	2270.652000	4000.000000	18000.000000	8000.000000	Trill	15.139906	-30.196975	0
562	Spectrogram 1	2	2273.218000	2273.394000	4000.000000	18000.000000	8000.000000	Trill	14.474300	-27.790712	0
563	Spectrogram 1	2	2273.494000	2273.712000	4000.000000	18000.000000	8000.000000	Phee	15.444024	-23.921552	0
564	Spectrogram 1	2	2273.788000	2273.880000	4000.000000	18000.000000	8000.000000	Phee	10.751623	-26.201576	0
565	Spectrogram 1	2	2273.920000	2273.952000	4000.000000	18000.000000	8000.000000	Phee	10.672256	-30.810193	0
566	Spectrogram 1	2	2274.010000	2274.228000	4000.000000	18000.000000	8000.000000	Phee	10.831965	-25.039471	0
567	Spectrogram 1	2	2325.320000	2325.526000	4000.000000	18000.000000	8000.000000	Trill	8.142817	-28.636258	0
568	Spectrogram 1	2	2325.686000	2326.024000	4000.000000	18000.000000	8000.000000	Phee	13.228942	-22.110112	0
569	Spectrogram 1	2	2326.052000	2326.138000	4000.000000	18000.000000	8000.000000	Phee	15.836030	-24.080730	0
570	Spectrogram 1	2	2326.172000	2326.372000	4000.000000	18000.000000	8000.000000	Phee	13.822429	-24.925882	0
571	Spectrogram 1	2	2326.430000	2326.498000	4000.000000	18000.000000	8000.000000	Phee	14.365190	-25.171530	0
572	Spectrogram 1	2	2332.724000	2332.960000	4000.000000	18000.000000	8000.000000	Trill	13.350794	-31.834714	0
573	Spectrogram 1	2	2340.284000	2340.478000	4000.000000	18000.000000	8000.000000	Trill	12.356344	-29.504633	0
574	Spectrogram 1	2	2361.212000	2361.418000	4000.000000	18000.000000	8000.000000	Trill	10.780217	-27.856566	0
575	Spectrogram 1	2	2362.838000	2362.996000	4000.000000	18000.000000	8000.000000	Trill	12.498880	-28.420542	0
576	Spectrogram 1	2	2383.004000	2384.212000	4000.000000	18000.000000	8000.000000	Trillphee	15.434291	-21.502824	0
577	Spectrogram 1	2	2384.264000	2384.314000	4000.000000	18000.000000	8000.000000	Phee	14.154004	-30.237930	0
578	Spectrogram 1	2	2391.842000	2392.066000	4000.000000	18000.000000	8000.000000	Trill	12.570172	-33.819588	0
579	Spectrogram 1	2	2393.078000	2393.428000	4000.000000	18000.000000	8000.000000	Trill	12.342344	-31.655527	0
580	Spectrogram 1	2	2393.528000	2393.596000	4000.000000	18000.000000	8000.000000	Twitter	7.187544	-25.541020	0
581	Spectrogram 1	2	2393.666000	2393.770000	4000.000000	18000.000000	8000.000000	Twitter	6.698053	-26.252145	0
582	Spectrogram 1	2	2393.780000	2393.902000	4000.000000	18000.000000	8000.000000	Twitter	6.632983	-26.794780	0
583	Spectrogram 1	2	2393.906000	2394.004000	4000.000000	18000.000000	8000.000000	Twitter	6.714869	-26.876547	0
584	Spectrogram 1	2	2394.032000	2394.112000	4000.000000	18000.000000	8000.000000	Twitter	7.890760	-27.240712	0
585	Spectrogram 1	2	2414.820000	2415.062000	4000.000000	18000.000000	8000.000000	Trill	12.593718	-32.065757	0
586	Spectrogram 1	2	2416.362000	2416.454000	4000.000000	18000.000000	8000.000000	Twitter	6.628025	-26.226001	0
587	Spectrogram 1	2	2416.488000	2416.580000	4000.000000	18000.000000	8000.000000	Twitter	6.443851	-24.101959	0
588	Spectrogram 1	2	2416.632000	2416.730000	4000.000000	18000.000000	8000.000000	Twitter	6.126821	-25.264769	0
589	Spectrogram 1	2	2416.764000	2416.856000	4000.000000	18000.000000	8000.000000	Twitter	6.504355	-25.107530	0
590	Spectrogram 1	2	2416.884000	2416.988000	4000.000000	18000.000000	8000.000000	Twitter	6.164418	-25.486540	0
591	Spectrogram 1	2	2417.016000	2417.126000	4000.000000	18000.000000	8000.000000	Twitter	6.450326	-27.042827	0
592	Spectrogram 1	2	2417.148000	2417.228000	4000.000000	18000.000000	8000.000000	Twitter	9.091364	-28.078824	0
593	Spectrogram 1	2	2422.836000	2423.030000	4000.000000	18000.000000	8000.000000	Trill	10.962695	-35.472339	0
594	Spectrogram 1	2	2423.052000	2423.120000	4000.000000	18000.000000	8000.000000	Trill	13.954513	-35.876728	0
595	Spectrogram 1	2	2425.752000	2425.904000	4000.000000	18000.000000	8000.000000	Twitter	4.211651	-23.970381	1
596	Spectrogram 1	2	2425.974000	2426.096000	4000.000000	18000.000000	8000.000000	Twitter	5.733952	-25.939472	0
597	Spectrogram 1	2	2426.106000	2426.198000	4000.000000	18000.000000	8000.000000	Twitter	6.714833	-24.628791	0
598	Spectrogram 1	2	2426.232000	2426.318000	4000.000000	18000.000000	8000.000000	Twitter	7.246526	-23.994789	0
599	Spectrogram 1	2	2426.322000	2426.576000	4000.000000	18000.000000	8000.000000	Twitter	7.111876	-28.452457	0
600	Spectrogram 1	2	2437.920000	2438.318000	4000.000000	18000.000000	8000.000000	Trill	11.058380	-32.805859	0
601	Spectrogram 1	2	2444.562000	2444.918000	4000.000000	18000.000000	8000.000000	Trill	13.848398	-31.839588	0
602	Spectrogram 1	2	2457.624000	2457.776000	4000.000000	18000.000000	8000.000000	Trill	13.099921	-32.062867	0
603	Spectrogram 1	2	2458.920000	2459.126000	4000.000000	18000.000000	8000.000000	Trill	12.560933	-29.389292	0
604	Spectrogram 1	2	2459.412000	2459.486000	4000.000000	18000.000000	8000.000000	Phee	14.537266	-25.571252	0
605	Spectrogram 1	2	2459.508000	2459.594000	4000.000000	18000.000000	8000.000000	Phee	16.184067	-23.133865	0
606	Spectrogram 1	2	2459.748000	2459.822000	4000.000000	18000.000000	8000.000000	Phee	12.329059	-24.729578	0
607	Spectrogram 1	2	2463.906000	2464.196000	4000.000000	18000.000000	8000.000000	Trill	12.721254	-33.651758	0
608	Spectrogram 1	2	2465.412000	2465.534000	4000.000000	18000.000000	8000.000000	Twitter	6.334373	-24.925019	0
609	Spectrogram 1	2	2465.544000	2465.672000	4000.000000	18000.000000	8000.000000	Twitter	6.476387	-25.621052	0
610	Spectrogram 1	2	2465.676000	2465.750000	4000.000000	18000.000000	8000.000000	Twitter	7.894193	-22.167709	0
611	Spectrogram 1	2	2465.808000	2465.876000	4000.000000	18000.000000	8000.000000	Twitter	8.024967	-21.683432	0
612	Spectrogram 1	2	2465.904000	2466.002000	4000.000000	18000.000000	8000.000000	Twitter	7.623515	-24.495734	0
613	Spectrogram 1	2	2466.036000	2466.134000	4000.000000	18000.000000	8000.000000	Twitter	7.582415	-24.520603	0
614	Spectrogram 1	2	2466.180000	2466.272000	4000.000000	18000.000000	8000.000000	Twitter	7.718258	-24.842413	0
615	Spectrogram 1	2	2466.318000	2466.398000	4000.000000	18000.000000	8000.000000	Twitter	12.120682	-23.936205	0
616	Spectrogram 1	2	2473.854000	2474.054000	4000.000000	18000.000000	8000.000000	Trill	16.318426	-30.572195	0
617	Spectrogram 1	2	2478.450000	2478.608000	4000.000000	18000.000000	8000.000000	Trill	12.732434	-28.576798	0
618	Spectrogram 1	2	2482.680000	2482.868000	4000.000000	18000.000000	8000.000000	Trill	15.275879	-29.838474	0
619	Spectrogram 1	2	2492.688000	2492.840000	4000.000000	18000.000000	8000.000000	Trill	10.851383	-29.656358	0
620	Spectrogram 1	2	2495.628000	2495.798000	4000.000000	18000.000000	8000.000000	Trill	12.807247	-32.998818	0
621	Spectrogram 1	2	2501.374000	2501.556000	4000.000000	18000.000000	8000.000000	Trill	14.055838	-31.529687	0
622	Spectrogram 1	2	2502.796000	2504.118000	4000.000000	18000.000000	8000.000000	Trillphee	14.632072	-18.726666	0
623	Spectrogram 1	2	2513.746000	2513.826000	4000.000000	18000.000000	8000.000000	Trill	9.478781	-30.072693	0
624	Spectrogram 1	2	2518.378000	2518.560000	4000.000000	18000.000000	8000.000000	Trill	13.600287	-30.369421	0
625	Spectrogram 1	2	2523.754000	2523.942000	4000.000000	18000.000000	8000.000000	Trill	14.212648	-29.363905	0
626	Spectrogram 1	2	2531.302000	2531.460000	4000.000000	18000.000000	8000.000000	Trill	10.672120	-32.575198	0
627	Spectrogram 1	2	2546.764000	2546.940000	4000.000000	18000.000000	8000.000000	Trill	13.674082	-28.451852	0
628	Spectrogram 1	2	2547.250000	2547.342000	4000.000000	18000.000000	8000.000000	Phee	13.711706	-25.376443	0
629	Spectrogram 1	2	2547.400000	2547.462000	4000.000000	18000.000000	8000.000000	Phee	16.538516	-24.415506	0
630	Spectrogram 1	2	2547.532000	2547.624000	4000.000000	18000.000000	8000.000000	Phee	14.014935	-22.114235	0
631	Spectrogram 1	2	2555.920000	2556.198000	4000.000000	18000.000000	8000.000000	Trill	12.662070	-30.198139	0
632	Spectrogram 1	2	2558.152000	2558.340000	4000.000000	18000.000000	8000.000000	Trill	11.708091	-31.416254	0
633	Spectrogram 1	2	2559.856000	2559.924000	4000.000000	18000.000000	8000.000000	Twitter	7.520654	-27.921022	0
634	Spectrogram 1	2	2560.006000	2560.110000	4000.000000	18000.000000	8000.000000	Twitter	6.786826	-25.515083	0
635	Spectrogram 1	2	2560.138000	2560.260000	4000.000000	18000.000000	8000.000000	Twitter	6.851485	-25.571250	0
636	Spectrogram 1	2	2560.270000	2560.392000	4000.000000	18000.000000	8000.000000	Twitter	7.109704	-26.204882	0
637	Spectrogram 1	2	2560.396000	2560.512000	4000.000000	18000.000000	8000.000000	Twitter	7.565660	-26.544332	0
638	Spectrogram 1	2	2560.540000	2560.614000	4000.000000	18000.000000	8000.000000	Twitter	9.584259	-28.340044	0
639	Spectrogram 1	2	2572.972000	2573.178000	4000.000000	18000.000000	8000.000000	Trill	13.233032	-29.946564	0
640	Spectrogram 1	2	2583.514000	2583.744000	4000.000000	18000.000000	8000.000000	Trill	15.172143	-30.544893	0
