Selection	View	Channel	Begin Time (s)	End Time (s)	Low Freq (Hz)	High Freq (Hz)	Max Freq (Hz)	Call Type	Energy Diff	Energy Par	Energy Diff (wl)	Energy Par (wl)	AHR	Exception
1	Spectrogram 1	1	35.830000	35.850000	4000.000000	18000.000000	8000.000000	Sd-peep	4.386929	8.568528	NaN	NaN	37.139984	0.000000
2	Spectrogram 1	1	85.780000	85.920000	4000.000000	18000.000000	8000.000000	Phee	4.202703	11.154090	NaN	NaN	38.072006	0.000000
3	Spectrogram 1	1	160.030000	161.290000	4000.000000	18000.000000	8000.000000	Trill	8.468864	24.768220	NaN	NaN	57.172502	0.000000
4	Spectrogram 1	1	161.360000	161.810000	4000.000000	18000.000000	8000.000000	Trill	11.278226	29.455340	NaN	NaN	93.413025	0.000000
5	Spectrogram 1	1	161.890000	162.150000	4000.000000	18000.000000	8000.000000	Trill	10.134501	27.199180	NaN	NaN	117.763858	0.000000
6	Spectrogram 1	1	166.350000	166.810000	4000.000000	18000.000000	8000.000000	Trill	6.522866	11.495305	NaN	NaN	32.710159	0.000000
7	Spectrogram 1	1	170.600000	172.570000	4000.000000	18000.000000	8000.000000	Twitter	8.469809	25.537604	NaN	NaN	40.936681	0.000000
8	Spectrogram 1	1	172.630000	172.680000	4000.000000	18000.000000	8000.000000	Trill	7.896554	14.439962	NaN	NaN	71.847130	0.000000
9	Spectrogram 1	1	173.010000	173.140000	4000.000000	18000.000000	8000.000000	Sd-peep	6.292043	26.380369	NaN	NaN	30.324754	0.000000
10	Spectrogram 1	1	173.240000	173.280000	4000.000000	18000.000000	8000.000000	Trillphee	12.931782	14.782973	NaN	NaN	59.489033	0.000000
11	Spectrogram 1	1	173.340000	173.370000	4000.000000	18000.000000	8000.000000	Trill	10.930204	14.082948	NaN	NaN	66.497115	0.000000
12	Spectrogram 1	1	173.520000	173.630000	4000.000000	18000.000000	8000.000000	Sd-peep	10.398677	31.650149	NaN	NaN	55.193753	0.000000
13	Spectrogram 1	1	173.970000	174.240000	4000.000000	18000.000000	8000.000000	Sd-peep	5.996560	19.624222	NaN	NaN	33.743088	0.000000
14	Spectrogram 1	1	174.440000	174.610000	4000.000000	18000.000000	8000.000000	Sd-peep	6.583666	26.713086	NaN	NaN	51.884001	0.000000
15	Spectrogram 1	1	180.720000	180.920000	4000.000000	18000.000000	8000.000000	Phee	5.634651	10.814727	NaN	NaN	38.970888	0.000000
16	Spectrogram 1	1	180.970000	181.100000	4000.000000	18000.000000	8000.000000	Trill	5.533989	18.492348	NaN	NaN	30.228497	0.000000
17	Spectrogram 1	1	181.160000	181.930000	4000.000000	18000.000000	8000.000000	Trill	8.278800	30.000000	NaN	NaN	73.041281	0.000000
18	Spectrogram 1	1	182.090000	182.700000	4000.000000	18000.000000	8000.000000	Trill	8.940001	30.000000	NaN	NaN	78.209091	0.000000
19	Spectrogram 1	1	182.800000	183.650000	4000.000000	18000.000000	8000.000000	Trill	6.919957	23.209821	NaN	NaN	53.112091	0.000000
20	Spectrogram 1	1	185.840000	185.880000	4000.000000	18000.000000	8000.000000	Trill	8.374074	13.006924	NaN	NaN	30.887410	0.000000
21	Spectrogram 1	1	200.130000	200.860000	4000.000000	18000.000000	8000.000000	Trill	7.160278	30.000000	NaN	NaN	50.814905	0.000000
22	Spectrogram 1	1	200.960000	201.490000	4000.000000	18000.000000	8000.000000	Trill	7.470501	29.450325	NaN	NaN	48.710341	0.000000
23	Spectrogram 1	1	201.560000	201.630000	4000.000000	18000.000000	8000.000000	Twitter	5.445621	20.166233	NaN	NaN	42.061866	0.000000
24	Spectrogram 1	1	205.960000	207.410000	4000.000000	18000.000000	8000.000000	Trill	7.020419	25.853713	NaN	NaN	39.546920	0.000000
25	Spectrogram 1	1	207.580000	208.130000	4000.000000	18000.000000	8000.000000	Trill	10.111182	30.000000	NaN	NaN	54.548562	0.000000
26	Spectrogram 1	1	208.230000	208.710000	4000.000000	18000.000000	8000.000000	Trill	8.153495	29.943983	NaN	NaN	51.798784	0.000000
27	Spectrogram 1	1	211.980000	212.010000	4000.000000	18000.000000	8000.000000	Trill	10.664012	13.223898	NaN	NaN	32.613349	0.000000
28	Spectrogram 1	1	214.110000	215.690000	4000.000000	18000.000000	8000.000000	Sd-peep	8.470776	24.718899	NaN	NaN	36.214909	0.000000
29	Spectrogram 1	1	221.650000	221.690000	4000.000000	18000.000000	8000.000000	Trill	8.360846	13.804726	NaN	NaN	32.204443	0.000000
30	Spectrogram 1	1	222.550000	223.130000	4000.000000	18000.000000	8000.000000	Trill	8.725337	30.000000	NaN	NaN	63.557495	0.000000
31	Spectrogram 1	1	223.290000	224.000000	4000.000000	18000.000000	8000.000000	Trill	9.234291	30.000000	NaN	NaN	50.638006	0.000000
32	Spectrogram 1	1	224.150000	224.750000	4000.000000	18000.000000	8000.000000	Trill	7.649666	28.967485	NaN	NaN	41.008122	0.000000
33	Spectrogram 1	1	224.840000	225.380000	4000.000000	18000.000000	8000.000000	Trill	8.022130	30.000000	NaN	NaN	51.668411	0.000000
34	Spectrogram 1	1	228.750000	228.870000	4000.000000	18000.000000	8000.000000	Phee	4.535509	15.226639	NaN	NaN	76.437201	0.000000
35	Spectrogram 1	1	239.830000	239.980000	4000.000000	18000.000000	8000.000000	Sd-peep	8.095145	25.254439	NaN	NaN	30.285525	0.000000
36	Spectrogram 1	1	260.670000	260.860000	4000.000000	18000.000000	8000.000000	Sd-peep	6.362383	20.478141	NaN	NaN	30.286065	0.000000
37	Spectrogram 1	1	263.150000	263.400000	4000.000000	18000.000000	8000.000000	Sd-peep	7.729618	26.245576	NaN	NaN	33.802016	0.000000
38	Spectrogram 1	1	263.440000	266.750000	4000.000000	18000.000000	8000.000000	Trill	6.072406	23.421110	NaN	NaN	42.847124	0.000000
39	Spectrogram 1	1	271.400000	271.790000	4000.000000	18000.000000	8000.000000	Sd-peep	8.434372	21.416670	NaN	NaN	44.171137	0.000000
40	Spectrogram 1	1	272.060000	272.250000	4000.000000	18000.000000	8000.000000	Phee	4.497621	18.802308	NaN	NaN	85.152614	0.000000
41	Spectrogram 1	1	273.630000	273.740000	4000.000000	18000.000000	8000.000000	Trill	7.951062	10.736714	NaN	NaN	36.390970	0.000000
42	Spectrogram 1	1	274.470000	274.880000	4000.000000	18000.000000	8000.000000	Sd-peep	5.893917	21.613854	NaN	NaN	42.787495	0.000000
43	Spectrogram 1	1	276.090000	276.800000	4000.000000	18000.000000	8000.000000	Sd-peep	5.762419	19.095818	NaN	NaN	35.803857	0.000000
44	Spectrogram 1	1	276.940000	277.160000	4000.000000	18000.000000	8000.000000	Sd-peep	7.407827	22.672296	NaN	NaN	36.277208	0.000000
45	Spectrogram 1	1	277.320000	277.570000	4000.000000	18000.000000	8000.000000	Sd-peep	5.462156	21.252907	NaN	NaN	31.909798	0.000000
46	Spectrogram 1	1	298.620000	299.980000	4000.000000	18000.000000	8000.000000	Sd-peep	7.855041	26.247480	NaN	NaN	47.180272	0.000000
47	Spectrogram 1	1	309.480000	311.170000	4000.000000	18000.000000	8000.000000	Trill	6.597630	27.566010	NaN	NaN	50.000093	0.000000
48	Spectrogram 1	1	311.340000	311.870000	4000.000000	18000.000000	8000.000000	Trill	10.323254	30.000000	NaN	NaN	45.362964	0.000000
49	Spectrogram 1	1	343.400000	343.630000	4000.000000	18000.000000	8000.000000	Trill	6.606767	16.521455	NaN	NaN	36.647826	0.000000
50	Spectrogram 1	1	343.760000	343.900000	4000.000000	18000.000000	8000.000000	Sd-peep	9.238462	23.177295	NaN	NaN	72.056930	0.000000
51	Spectrogram 1	1	344.010000	344.140000	4000.000000	18000.000000	8000.000000	Sd-peep	11.399118	27.158111	NaN	NaN	77.113272	0.000000
52	Spectrogram 1	1	344.290000	344.430000	4000.000000	18000.000000	8000.000000	Sd-peep	10.577798	22.747938	NaN	NaN	88.709451	0.000000
53	Spectrogram 1	1	344.490000	344.660000	4000.000000	18000.000000	8000.000000	Trill	9.643780	21.955409	NaN	NaN	82.629511	0.000000
54	Spectrogram 1	1	344.730000	346.010000	4000.000000	18000.000000	8000.000000	Trill	5.938174	16.936882	NaN	NaN	44.466141	0.000000
55	Spectrogram 1	1	388.630000	388.680000	4000.000000	18000.000000	8000.000000	Trill	10.413606	13.828192	NaN	NaN	31.068339	0.000000
56	Spectrogram 1	1	390.930000	391.540000	4000.000000	18000.000000	8000.000000	Sd-peep	7.629877	23.617875	NaN	NaN	38.687938	0.000000
57	Spectrogram 1	1	391.820000	391.980000	4000.000000	18000.000000	8000.000000	Sd-peep	5.945991	18.641934	NaN	NaN	46.511857	0.000000
58	Spectrogram 1	1	395.000000	395.160000	4000.000000	18000.000000	8000.000000	Sd-peep	9.323043	22.938217	NaN	NaN	51.110803	0.000000
59	Spectrogram 1	1	395.260000	395.440000	4000.000000	18000.000000	8000.000000	Sd-peep	7.669065	20.398176	NaN	NaN	54.524469	0.000000
60	Spectrogram 1	1	396.200000	396.330000	4000.000000	18000.000000	8000.000000	Sd-peep	9.346249	27.857763	NaN	NaN	43.096466	0.000000
61	Spectrogram 1	1	396.510000	396.640000	4000.000000	18000.000000	8000.000000	Sd-peep	11.753291	30.418444	NaN	NaN	56.515185	0.000000
62	Spectrogram 1	1	416.160000	416.200000	4000.000000	18000.000000	8000.000000	Twitter	4.084887	13.433124	NaN	NaN	45.432394	0.000000
63	Spectrogram 1	1	418.480000	419.390000	4000.000000	18000.000000	8000.000000	Sd-peep	5.689202	24.656990	NaN	NaN	34.711305	0.000000
64	Spectrogram 1	1	419.560000	419.640000	4000.000000	18000.000000	8000.000000	Trill	7.039155	18.775991	NaN	NaN	49.523306	0.000000
65	Spectrogram 1	1	420.920000	421.020000	4000.000000	18000.000000	8000.000000	Trill	5.523713	16.401701	NaN	NaN	58.805579	0.000000
66	Spectrogram 1	1	427.130000	427.250000	4000.000000	18000.000000	8000.000000	Sd-peep	9.979246	26.085496	NaN	NaN	56.091069	0.000000
67	Spectrogram 1	1	427.360000	427.930000	4000.000000	18000.000000	8000.000000	Trill	10.332263	27.100599	NaN	NaN	68.613857	0.000000
68	Spectrogram 1	1	427.970000	428.460000	4000.000000	18000.000000	8000.000000	Trill	12.113086	30.000000	NaN	NaN	59.935032	0.000000
69	Spectrogram 1	1	428.550000	429.070000	4000.000000	18000.000000	8000.000000	Phee	12.224617	30.000000	NaN	NaN	47.382979	0.000000
70	Spectrogram 1	1	429.120000	429.590000	4000.000000	18000.000000	8000.000000	Phee	12.829662	30.000000	NaN	NaN	58.095945	0.000000
71	Spectrogram 1	1	429.640000	430.170000	4000.000000	18000.000000	8000.000000	Phee	10.561565	27.132877	NaN	NaN	57.656124	0.000000
72	Spectrogram 1	1	434.550000	435.090000	4000.000000	18000.000000	8000.000000	Sd-peep	7.313546	25.277491	NaN	NaN	37.256053	0.000000
73	Spectrogram 1	1	461.680000	463.840000	4000.000000	18000.000000	8000.000000	Trill	6.606473	25.878136	NaN	NaN	34.983485	0.000000
74	Spectrogram 1	1	463.970000	464.080000	4000.000000	18000.000000	8000.000000	Sd-peep	7.806106	22.623308	NaN	NaN	36.807024	0.000000
75	Spectrogram 1	1	477.430000	478.900000	4000.000000	18000.000000	8000.000000	Phee	4.395011	26.936081	NaN	NaN	97.548637	0.000000
76	Spectrogram 1	1	483.310000	483.460000	4000.000000	18000.000000	8000.000000	Phee	4.175151	10.123519	NaN	NaN	47.749221	0.000000
77	Spectrogram 1	1	498.880000	499.480000	4000.000000	18000.000000	8000.000000	Sd-peep	10.054471	26.110541	NaN	NaN	72.223997	0.000000
78	Spectrogram 1	1	499.520000	499.700000	4000.000000	18000.000000	8000.000000	Trill	11.674239	24.823853	NaN	NaN	87.945201	0.000000
79	Spectrogram 1	1	504.720000	504.770000	4000.000000	18000.000000	8000.000000	Trill	10.912311	11.001396	NaN	NaN	38.364866	0.000000
80	Spectrogram 1	1	530.810000	532.720000	4000.000000	18000.000000	8000.000000	Trill	4.993926	27.821289	NaN	NaN	32.904143	0.000000
81	Spectrogram 1	1	533.980000	535.140000	4000.000000	18000.000000	8000.000000	Trill	6.734505	26.975966	NaN	NaN	37.552628	0.000000
82	Spectrogram 1	1	538.310000	539.350000	4000.000000	18000.000000	8000.000000	Trill	5.079378	20.753342	NaN	NaN	36.455461	0.000000
83	Spectrogram 1	1	545.610000	545.680000	4000.000000	18000.000000	8000.000000	Sd-peep	8.820770	28.437476	NaN	NaN	46.565917	0.000000
84	Spectrogram 1	1	545.720000	546.380000	4000.000000	18000.000000	8000.000000	Trill	5.367028	23.922348	NaN	NaN	35.422358	0.000000
85	Spectrogram 1	1	546.440000	546.640000	4000.000000	18000.000000	8000.000000	Trill	7.736218	24.752001	NaN	NaN	55.980796	0.000000
86	Spectrogram 1	1	588.860000	588.890000	4000.000000	18000.000000	8000.000000	Twitter	5.413546	8.012732	NaN	NaN	39.193420	0.000000
87	Spectrogram 1	1	589.000000	589.030000	4000.000000	18000.000000	8000.000000	Trill	9.368223	10.249965	NaN	NaN	37.696398	0.000000
88	Spectrogram 1	1	592.490000	592.570000	4000.000000	18000.000000	8000.000000	Phee	4.769159	8.417142	NaN	NaN	50.330165	0.000000
89	Spectrogram 1	1	604.200000	604.290000	4000.000000	18000.000000	8000.000000	Trill	5.277631	7.743450	NaN	NaN	31.980348	0.000000
90	Spectrogram 1	1	605.020000	605.050000	4000.000000	18000.000000	8000.000000	Trill	7.675116	9.399938	NaN	NaN	34.176511	0.000000
91	Spectrogram 1	1	606.220000	606.240000	4000.000000	18000.000000	8000.000000	Trill	5.035513	9.115306	NaN	NaN	31.158839	0.000000
92	Spectrogram 1	1	610.100000	610.400000	4000.000000	18000.000000	8000.000000	Trill	7.090218	21.982128	NaN	NaN	102.147178	0.000000
93	Spectrogram 1	1	610.440000	610.460000	4000.000000	18000.000000	8000.000000	Sd-peep	5.820621	12.302195	NaN	NaN	37.834274	0.000000
94	Spectrogram 1	1	612.890000	613.540000	4000.000000	18000.000000	8000.000000	Trill	5.761941	17.511043	NaN	NaN	45.168168	0.000000
95	Spectrogram 1	1	631.080000	631.140000	4000.000000	18000.000000	8000.000000	Phee	6.394101	11.517514	NaN	NaN	32.360490	0.000000
96	Spectrogram 1	1	639.510000	639.710000	4000.000000	18000.000000	8000.000000	Trill	4.189070	14.903134	NaN	NaN	39.939557	0.000000
97	Spectrogram 1	1	640.950000	640.980000	4000.000000	18000.000000	8000.000000	Twitter	7.145607	18.853218	NaN	NaN	110.085668	0.000000
98	Spectrogram 1	1	641.140000	641.170000	4000.000000	18000.000000	8000.000000	Sd-peep	6.819624	21.479627	NaN	NaN	135.010467	0.000000
99	Spectrogram 1	1	644.000000	644.130000	4000.000000	18000.000000	8000.000000	Trill	5.542363	12.903436	NaN	NaN	31.163419	0.000000
100	Spectrogram 1	1	682.020000	682.040000	4000.000000	18000.000000	8000.000000	Sd-peep	5.950836	14.686695	NaN	NaN	62.051128	0.000000
101	Spectrogram 1	1	738.890000	739.090000	4000.000000	18000.000000	8000.000000	Trill	6.073682	13.444965	NaN	NaN	29.695208	0.000000
102	Spectrogram 1	1	767.560000	767.760000	4000.000000	18000.000000	8000.000000	Trill	4.277056	11.618399	NaN	NaN	50.218798	0.000000
103	Spectrogram 1	1	790.760000	790.880000	4000.000000	18000.000000	8000.000000	Trill	9.567139	12.429492	NaN	NaN	34.077469	0.000000
104	Spectrogram 1	1	794.040000	794.100000	4000.000000	18000.000000	8000.000000	Trill	7.091612	11.048097	NaN	NaN	36.893758	0.000000
105	Spectrogram 1	1	794.240000	794.280000	4000.000000	18000.000000	8000.000000	Twitter	7.497928	10.725626	NaN	NaN	30.049516	0.000000
106	Spectrogram 1	1	850.480000	850.550000	4000.000000	18000.000000	8000.000000	Twitter	11.308120	13.764933	NaN	NaN	34.663271	0.000000
107	Spectrogram 1	1	851.540000	851.810000	4000.000000	18000.000000	8000.000000	Sd-peep	8.683881	25.213619	NaN	NaN	30.708445	0.000000
108	Spectrogram 1	1	852.270000	852.440000	4000.000000	18000.000000	8000.000000	Sd-peep	10.018905	29.540560	NaN	NaN	44.074246	0.000000
109	Spectrogram 1	1	852.530000	853.080000	4000.000000	18000.000000	8000.000000	Trill	16.062163	30.000000	NaN	NaN	73.624958	0.000000
110	Spectrogram 1	1	853.170000	853.700000	4000.000000	18000.000000	8000.000000	Trill	13.163946	30.000000	NaN	NaN	55.555377	0.000000
111	Spectrogram 1	1	853.800000	854.930000	4000.000000	18000.000000	8000.000000	Trill	14.048487	29.841905	NaN	NaN	51.786487	0.000000
112	Spectrogram 1	1	854.980000	855.600000	4000.000000	18000.000000	8000.000000	Trill	10.325632	24.999763	NaN	NaN	68.615972	0.000000
113	Spectrogram 1	1	857.250000	857.390000	4000.000000	18000.000000	8000.000000	Trill	7.054942	7.516930	NaN	NaN	29.586113	0.000000
114	Spectrogram 1	1	857.480000	857.660000	4000.000000	18000.000000	8000.000000	Sd-peep	8.157594	29.035430	NaN	NaN	28.944563	0.000000
115	Spectrogram 1	1	859.870000	860.040000	4000.000000	18000.000000	8000.000000	Phee	8.179829	15.062187	NaN	NaN	40.380923	0.000000
116	Spectrogram 1	1	860.190000	860.230000	4000.000000	18000.000000	8000.000000	Trill	10.022757	12.415224	NaN	NaN	45.682278	0.000000
117	Spectrogram 1	1	861.450000	861.500000	4000.000000	18000.000000	8000.000000	Trill	10.539381	12.962678	NaN	NaN	32.604782	0.000000
118	Spectrogram 1	1	869.750000	869.820000	4000.000000	18000.000000	8000.000000	Trill	5.918633	13.778696	NaN	NaN	31.147421	0.000000
119	Spectrogram 1	1	869.910000	870.180000	4000.000000	18000.000000	8000.000000	Trill	6.801570	11.665856	NaN	NaN	35.483187	0.000000
120	Spectrogram 1	1	871.870000	872.090000	4000.000000	18000.000000	8000.000000	Sd-peep	9.338716	23.594621	NaN	NaN	32.889802	0.000000
121	Spectrogram 1	1	873.490000	873.750000	4000.000000	18000.000000	8000.000000	Sd-peep	6.322393	19.376542	NaN	NaN	38.574547	0.000000
122	Spectrogram 1	1	873.890000	874.030000	4000.000000	18000.000000	8000.000000	Trill	9.832441	11.299754	NaN	NaN	36.268257	0.000000
123	Spectrogram 1	1	874.160000	874.740000	4000.000000	18000.000000	8000.000000	Trill	5.663339	15.824756	NaN	NaN	35.270657	0.000000
124	Spectrogram 1	1	875.210000	875.330000	4000.000000	18000.000000	8000.000000	Sd-peep	10.529608	25.539444	NaN	NaN	43.889974	0.000000
125	Spectrogram 1	1	875.610000	875.720000	4000.000000	18000.000000	8000.000000	Sd-peep	12.572727	28.668640	NaN	NaN	50.221873	0.000000
126	Spectrogram 1	1	877.200000	877.330000	4000.000000	18000.000000	8000.000000	Sd-peep	12.876377	26.756630	NaN	NaN	71.012473	0.000000
127	Spectrogram 1	1	904.710000	904.740000	4000.000000	18000.000000	8000.000000	Trillphee	4.349621	18.575830	NaN	NaN	85.022890	0.000000
128	Spectrogram 1	1	904.810000	905.020000	4000.000000	18000.000000	8000.000000	Trillphee	4.413096	20.162006	NaN	NaN	79.271502	0.000000
129	Spectrogram 1	1	923.640000	923.840000	4000.000000	18000.000000	8000.000000	Sd-peep	8.429885	28.120337	NaN	NaN	33.563606	0.000000
130	Spectrogram 1	1	923.880000	924.020000	4000.000000	18000.000000	8000.000000	Trill	14.459787	26.878823	NaN	NaN	73.431975	0.000000
131	Spectrogram 1	1	924.070000	924.570000	4000.000000	18000.000000	8000.000000	Trillphee	16.107991	35.599633	NaN	NaN	70.150123	0.000000
132	Spectrogram 1	1	924.630000	926.310000	4000.000000	18000.000000	8000.000000	Trill	12.751577	30.000000	NaN	NaN	53.258564	0.000000
133	Spectrogram 1	1	926.360000	926.500000	4000.000000	18000.000000	8000.000000	Trill	11.332976	25.153310	NaN	NaN	61.213228	0.000000
134	Spectrogram 1	1	928.120000	928.270000	4000.000000	18000.000000	8000.000000	Sd-peep	7.346292	27.600068	NaN	NaN	34.627815	0.000000
135	Spectrogram 1	1	928.350000	928.390000	4000.000000	18000.000000	8000.000000	Trillphee	9.586082	14.115999	NaN	NaN	38.352287	0.000000
136	Spectrogram 1	1	928.550000	928.570000	4000.000000	18000.000000	8000.000000	Twitter	6.298328	7.841952	NaN	NaN	34.349161	0.000000
137	Spectrogram 1	1	929.450000	929.480000	4000.000000	18000.000000	8000.000000	Trill	9.976356	12.655607	NaN	NaN	46.912524	0.000000
138	Spectrogram 1	1	934.620000	934.660000	4000.000000	18000.000000	8000.000000	Phee	8.099844	8.064747	NaN	NaN	33.356042	0.000000
139	Spectrogram 1	1	935.240000	935.300000	4000.000000	18000.000000	8000.000000	Twitter	10.231131	11.045960	NaN	NaN	29.400168	0.000000
140	Spectrogram 1	1	935.610000	935.820000	4000.000000	18000.000000	8000.000000	Sd-peep	10.191625	23.877318	NaN	NaN	35.781218	0.000000
141	Spectrogram 1	1	935.990000	936.030000	4000.000000	18000.000000	8000.000000	Trillphee	9.650777	9.951715	NaN	NaN	30.675552	0.000000
142	Spectrogram 1	1	937.670000	937.820000	4000.000000	18000.000000	8000.000000	Trill	9.992963	13.640787	NaN	NaN	31.236276	0.000000
143	Spectrogram 1	1	992.410000	992.490000	4000.000000	18000.000000	8000.000000	Trill	4.391934	8.060191	NaN	NaN	43.228365	0.000000
144	Spectrogram 1	1	1029.770000	1030.300000	4000.000000	18000.000000	8000.000000	Trill	12.435476	29.042543	NaN	NaN	88.436247	0.000000
145	Spectrogram 1	1	1033.420000	1033.930000	4000.000000	18000.000000	8000.000000	Trill	12.008720	28.154657	NaN	NaN	87.239132	0.000000
146	Spectrogram 1	1	1040.090000	1040.140000	4000.000000	18000.000000	8000.000000	Trill	7.900513	11.718599	NaN	NaN	35.052783	0.000000
147	Spectrogram 1	1	1040.370000	1040.540000	4000.000000	18000.000000	8000.000000	Phee	7.843388	8.991674	NaN	NaN	31.869957	0.000000
148	Spectrogram 1	1	1043.460000	1043.490000	4000.000000	18000.000000	8000.000000	Trill	5.143459	6.877968	NaN	NaN	37.204509	0.000000
149	Spectrogram 1	1	1043.880000	1043.920000	4000.000000	18000.000000	8000.000000	Trill	10.938420	11.463087	NaN	NaN	31.824256	0.000000
150	Spectrogram 1	1	1044.320000	1044.510000	4000.000000	18000.000000	8000.000000	Trill	9.142079	20.195680	NaN	NaN	45.973435	0.000000
151	Spectrogram 1	1	1044.720000	1045.170000	4000.000000	18000.000000	8000.000000	Trill	12.536302	30.000000	NaN	NaN	84.575657	0.000000
152	Spectrogram 1	1	1045.230000	1045.850000	4000.000000	18000.000000	8000.000000	Trill	11.185263	29.878531	NaN	NaN	67.489987	0.000000
153	Spectrogram 1	1	1045.950000	1046.700000	4000.000000	18000.000000	8000.000000	Trill	6.453671	29.019866	NaN	NaN	56.390544	0.000000
154	Spectrogram 1	1	1046.780000	1047.140000	4000.000000	18000.000000	8000.000000	Trill	7.090301	27.123141	NaN	NaN	71.571909	0.000000
155	Spectrogram 1	1	1049.310000	1049.340000	4000.000000	18000.000000	8000.000000	Sd-peep	5.791186	10.137828	NaN	NaN	40.152686	0.000000
156	Spectrogram 1	1	1051.300000	1051.320000	4000.000000	18000.000000	8000.000000	Sd-peep	7.370663	11.296748	NaN	NaN	37.770682	0.000000
157	Spectrogram 1	1	1058.470000	1058.600000	4000.000000	18000.000000	8000.000000	Trill	11.795156	12.755879	NaN	NaN	28.715463	0.000000
158	Spectrogram 1	1	1068.150000	1068.180000	4000.000000	18000.000000	8000.000000	Twitter	4.951408	14.368197	NaN	NaN	41.581347	0.000000
159	Spectrogram 1	1	1071.250000	1071.320000	4000.000000	18000.000000	8000.000000	Phee	4.278566	11.895675	NaN	NaN	34.162157	0.000000
160	Spectrogram 1	1	1096.470000	1096.520000	4000.000000	18000.000000	8000.000000	Trill	4.154057	14.041962	NaN	NaN	45.302435	0.000000
161	Spectrogram 1	1	1144.890000	1144.940000	4000.000000	18000.000000	8000.000000	Phee	7.614948	9.149094	NaN	NaN	39.608597	0.000000
162	Spectrogram 1	1	1201.670000	1201.710000	4000.000000	18000.000000	8000.000000	Trill	5.136556	13.527957	NaN	NaN	33.071975	0.000000
163	Spectrogram 1	1	1215.270000	1215.430000	4000.000000	18000.000000	8000.000000	Phee	5.767179	18.379315	NaN	NaN	103.001989	0.000000
164	Spectrogram 1	1	1279.470000	1279.640000	4000.000000	18000.000000	8000.000000	Trill	4.506985	8.749964	NaN	NaN	33.053943	0.000000
165	Spectrogram 1	1	1283.940000	1284.210000	4000.000000	18000.000000	8000.000000	Phee	4.073408	22.706578	NaN	NaN	98.837576	0.000000
166	Spectrogram 1	1	1320.790000	1321.330000	4000.000000	18000.000000	8000.000000	Phee	4.984700	15.907180	NaN	NaN	64.293319	0.000000
167	Spectrogram 1	1	1321.390000	1321.560000	4000.000000	18000.000000	8000.000000	Phee	4.113358	14.597437	NaN	NaN	74.090437	0.000000
168	Spectrogram 1	1	1380.020000	1380.360000	4000.000000	18000.000000	8000.000000	Phee	4.326184	20.653134	NaN	NaN	64.511438	0.000000
169	Spectrogram 1	1	1406.860000	1407.090000	4000.000000	18000.000000	8000.000000	Trill	5.793245	19.349454	NaN	NaN	46.570309	0.000000
170	Spectrogram 1	1	1454.010000	1454.090000	4000.000000	18000.000000	8000.000000	Trill	9.533542	10.624537	NaN	NaN	28.535809	0.000000
171	Spectrogram 1	1	1507.150000	1507.730000	4000.000000	18000.000000	8000.000000	Trill	4.900403	18.005580	NaN	NaN	46.116539	0.000000
172	Spectrogram 1	1	1516.210000	1516.240000	4000.000000	18000.000000	8000.000000	Trill	4.081763	11.319499	NaN	NaN	43.250721	0.000000
173	Spectrogram 1	1	1521.790000	1521.810000	4000.000000	18000.000000	8000.000000	Trill	4.772465	9.981749	NaN	NaN	47.605317	0.000000
174	Spectrogram 1	1	1637.000000	1637.160000	4000.000000	18000.000000	8000.000000	Trill	5.229737	13.538971	NaN	NaN	65.690818	0.000000
175	Spectrogram 1	1	1639.500000	1639.630000	4000.000000	18000.000000	8000.000000	Trill	6.796856	13.119797	NaN	NaN	30.467084	0.000000
176	Spectrogram 1	1	1640.640000	1640.940000	4000.000000	18000.000000	8000.000000	Trill	4.009477	15.753596	NaN	NaN	56.369431	0.000000
177	Spectrogram 1	1	1654.650000	1654.940000	4000.000000	18000.000000	8000.000000	Trill	4.161409	12.328335	NaN	NaN	56.057739	0.000000
178	Spectrogram 1	1	1719.530000	1719.570000	4000.000000	18000.000000	8000.000000	Trill	4.666716	10.987672	NaN	NaN	37.202438	0.000000
179	Spectrogram 1	1	1737.750000	1737.790000	4000.000000	18000.000000	8000.000000	Trill	4.455924	10.420634	NaN	NaN	32.822135	0.000000
180	Spectrogram 1	1	1744.130000	1744.200000	4000.000000	18000.000000	8000.000000	Trill	4.678174	14.310525	NaN	NaN	64.491906	0.000000
181	Spectrogram 1	1	1746.300000	1747.010000	4000.000000	18000.000000	8000.000000	Trillphee	4.247611	12.675947	NaN	NaN	52.598775	0.000000
182	Spectrogram 1	1	1763.800000	1765.170000	4000.000000	18000.000000	8000.000000	Trillphee	11.789217	34.112849	NaN	NaN	109.192844	0.000000
183	Spectrogram 1	1	1765.400000	1766.300000	4000.000000	18000.000000	8000.000000	Phee	9.734106	30.000000	NaN	NaN	61.168780	0.000000
184	Spectrogram 1	1	1781.190000	1781.300000	4000.000000	18000.000000	8000.000000	Phee	4.524829	11.631746	NaN	NaN	59.619107	0.000000
185	Spectrogram 1	1	1782.280000	1782.590000	4000.000000	18000.000000	8000.000000	Trill	9.832495	22.921971	NaN	NaN	76.309045	0.000000
186	Spectrogram 1	1	1807.840000	1807.920000	4000.000000	18000.000000	8000.000000	Trill	4.076334	13.195191	NaN	NaN	34.161780	0.000000
187	Spectrogram 1	1	1838.420000	1838.470000	4000.000000	18000.000000	8000.000000	Phee	5.652249	15.873045	NaN	NaN	83.931010	0.000000
188	Spectrogram 1	1	1857.360000	1857.430000	4000.000000	18000.000000	8000.000000	Trill	5.063594	11.943001	NaN	NaN	78.886991	0.000000
189	Spectrogram 1	1	1877.500000	1877.520000	4000.000000	18000.000000	8000.000000	Sd-peep	4.898712	7.235802	NaN	NaN	47.993907	0.000000
190	Spectrogram 1	1	1896.970000	1897.430000	4000.000000	18000.000000	8000.000000	Twitter	5.670876	32.730613	NaN	NaN	129.744463	0.000000
191	Spectrogram 1	1	1898.670000	1898.740000	4000.000000	18000.000000	8000.000000	Phee	6.583016	6.741523	NaN	NaN	34.855837	0.000000
192	Spectrogram 1	1	1907.110000	1907.150000	4000.000000	18000.000000	8000.000000	Trill	4.298964	12.728065	NaN	NaN	64.126578	0.000000
193	Spectrogram 1	1	1908.700000	1908.730000	4000.000000	18000.000000	8000.000000	Twitter	7.556273	13.289377	NaN	NaN	30.726417	0.000000
194	Spectrogram 1	1	1915.880000	1916.300000	4000.000000	18000.000000	8000.000000	Trill	14.405418	29.361272	NaN	NaN	143.570539	0.000000
195	Spectrogram 1	1	1920.490000	1920.540000	4000.000000	18000.000000	8000.000000	Trill	6.651290	11.150807	NaN	NaN	40.687039	0.000000
196	Spectrogram 1	1	1951.700000	1951.730000	4000.000000	18000.000000	8000.000000	Trill	10.031153	14.092355	NaN	NaN	31.929334	0.000000
197	Spectrogram 1	1	1976.210000	1977.300000	4000.000000	18000.000000	8000.000000	Trill	4.404765	17.285693	NaN	NaN	58.510092	0.000000
198	Spectrogram 1	1	1983.030000	1983.070000	4000.000000	18000.000000	8000.000000	Phee	10.957831	11.791096	NaN	NaN	30.760225	0.000000
199	Spectrogram 1	1	1983.140000	1983.170000	4000.000000	18000.000000	8000.000000	Phee	11.137845	13.121438	NaN	NaN	37.762629	0.000000
200	Spectrogram 1	1	1983.350000	1983.380000	4000.000000	18000.000000	8000.000000	Sd-peep	5.034622	12.997276	NaN	NaN	31.354000	0.000000
201	Spectrogram 1	1	1985.540000	1985.570000	4000.000000	18000.000000	8000.000000	Trill	4.148163	8.294263	NaN	NaN	51.289128	0.000000
202	Spectrogram 1	1	1986.870000	1986.900000	4000.000000	18000.000000	8000.000000	Trill	9.227092	14.803915	NaN	NaN	28.718256	0.000000
203	Spectrogram 1	1	1988.840000	1990.430000	4000.000000	18000.000000	8000.000000	Phee	4.091888	30.000000	NaN	NaN	108.532284	0.000000
204	Spectrogram 1	1	2033.640000	2033.670000	4000.000000	18000.000000	8000.000000	Trill	7.697073	11.478404	NaN	NaN	30.543918	0.000000
205	Spectrogram 1	1	2042.310000	2042.550000	4000.000000	18000.000000	8000.000000	Phee	4.455411	9.960701	NaN	NaN	41.173190	0.000000
206	Spectrogram 1	1	2042.590000	2042.660000	4000.000000	18000.000000	8000.000000	Phee	6.171738	7.943343	NaN	NaN	46.458133	0.000000
207	Spectrogram 1	1	2042.730000	2042.750000	4000.000000	18000.000000	8000.000000	Sd-peep	8.804163	11.745433	NaN	NaN	32.348238	0.000000
208	Spectrogram 1	1	2042.840000	2042.870000	4000.000000	18000.000000	8000.000000	Phee	8.566118	11.046988	NaN	NaN	38.156311	0.000000
209	Spectrogram 1	1	2045.880000	2045.930000	4000.000000	18000.000000	8000.000000	Trill	6.108743	9.806094	NaN	NaN	37.950111	0.000000
210	Spectrogram 1	1	2149.470000	2149.620000	4000.000000	18000.000000	8000.000000	Phee	4.570158	8.518603	NaN	NaN	32.033417	0.000000
211	Spectrogram 1	1	2154.560000	2154.870000	4000.000000	18000.000000	8000.000000	Trill	4.553527	17.758800	NaN	NaN	53.363227	0.000000
212	Spectrogram 1	1	2156.010000	2156.120000	4000.000000	18000.000000	8000.000000	Trillphee	6.286476	13.815557	NaN	NaN	29.991638	0.000000
213	Spectrogram 1	1	2177.260000	2177.340000	4000.000000	18000.000000	8000.000000	Trill	4.843478	9.016109	NaN	NaN	33.619642	0.000000
214	Spectrogram 1	1	2185.470000	2185.540000	4000.000000	18000.000000	8000.000000	Phee	4.573201	9.430077	NaN	NaN	37.703154	0.000000
215	Spectrogram 1	1	2194.260000	2194.850000	4000.000000	18000.000000	8000.000000	Trill	11.852366	25.382836	NaN	NaN	113.303749	0.000000
216	Spectrogram 1	1	2198.400000	2198.480000	4000.000000	18000.000000	8000.000000	Trill	4.193640	11.165308	NaN	NaN	34.554564	0.000000
217	Spectrogram 1	1	2225.710000	2225.760000	4000.000000	18000.000000	8000.000000	Phee	6.592261	10.255267	NaN	NaN	67.160500	0.000000
218	Spectrogram 1	1	2240.230000	2240.650000	4000.000000	18000.000000	8000.000000	Trill	4.953494	18.054790	NaN	NaN	65.970030	0.000000
219	Spectrogram 1	1	2267.050000	2267.600000	4000.000000	18000.000000	8000.000000	Phee	4.484183	13.835632	NaN	NaN	33.424329	0.000000
220	Spectrogram 1	1	2287.170000	2287.200000	4000.000000	18000.000000	8000.000000	Trill	4.002204	13.202865	NaN	NaN	61.893214	0.000000
221	Spectrogram 1	1	2315.360000	2315.730000	4000.000000	18000.000000	8000.000000	Phee	4.809053	10.406579	NaN	NaN	57.294839	0.000000
222	Spectrogram 1	1	2319.570000	2319.660000	4000.000000	18000.000000	8000.000000	Trill	13.903448	13.264940	NaN	NaN	46.115371	0.000000
223	Spectrogram 1	1	2320.650000	2320.680000	4000.000000	18000.000000	8000.000000	Phee	4.690842	9.364197	NaN	NaN	31.817084	0.000000
224	Spectrogram 1	1	2366.320000	2366.340000	4000.000000	18000.000000	8000.000000	Sd-peep	5.363154	10.903200	NaN	NaN	30.828560	0.000000
225	Spectrogram 1	1	2454.910000	2454.950000	4000.000000	18000.000000	8000.000000	Sd-peep	5.252888	16.603611	NaN	NaN	41.474806	0.000000
226	Spectrogram 1	1	2455.430000	2455.660000	4000.000000	18000.000000	8000.000000	Trill	5.698019	11.361220	NaN	NaN	30.336289	0.000000
227	Spectrogram 1	1	2456.290000	2456.400000	4000.000000	18000.000000	8000.000000	Trill	5.250100	8.643828	NaN	NaN	31.170433	0.000000
228	Spectrogram 1	1	2460.060000	2461.400000	4000.000000	18000.000000	8000.000000	Twitter	5.537590	22.037943	NaN	NaN	34.265218	0.000000
229	Spectrogram 1	1	2461.440000	2461.510000	4000.000000	18000.000000	8000.000000	Trill	7.265735	14.940683	NaN	NaN	53.491730	0.000000
230	Spectrogram 1	1	2510.630000	2510.750000	4000.000000	18000.000000	8000.000000	Trill	4.055997	9.584380	NaN	NaN	39.412480	0.000000
231	Spectrogram 1	1	2515.150000	2515.240000	4000.000000	18000.000000	8000.000000	Trill	4.729317	11.606858	NaN	NaN	31.423718	0.000000
232	Spectrogram 1	1	2589.610000	2589.640000	4000.000000	18000.000000	8000.000000	Phee	4.113805	12.369481	NaN	NaN	78.558466	0.000000
233	Spectrogram 1	1	2596.890000	2597.400000	4000.000000	18000.000000	8000.000000	Trill	10.282021	18.285092	NaN	NaN	63.947186	0.000000
234	Spectrogram 1	1	2604.220000	2604.260000	4000.000000	18000.000000	8000.000000	Trill	7.467705	13.770126	NaN	NaN	30.556010	0.000000
235	Spectrogram 1	1	2604.780000	2604.810000	4000.000000	18000.000000	8000.000000	Trill	7.610216	13.500648	NaN	NaN	31.422119	0.000000
236	Spectrogram 1	1	2610.150000	2610.190000	4000.000000	18000.000000	8000.000000	Twitter	11.954327	9.978006	NaN	NaN	36.736928	0.000000
237	Spectrogram 1	1	2612.700000	2613.530000	4000.000000	18000.000000	8000.000000	Trill	7.615803	24.562002	NaN	NaN	79.702431	0.000000
238	Spectrogram 1	1	2616.550000	2616.770000	4000.000000	18000.000000	8000.000000	Trill	6.099287	10.761021	NaN	NaN	42.359945	0.000000
239	Spectrogram 1	1	2617.420000	2617.730000	4000.000000	18000.000000	8000.000000	Trill	5.015247	10.185593	NaN	NaN	36.559883	0.000000
240	Spectrogram 1	1	2618.510000	2618.530000	4000.000000	18000.000000	8000.000000	Twitter	5.104653	7.492251	NaN	NaN	41.203123	0.000000
241	Spectrogram 1	1	2627.440000	2627.460000	4000.000000	18000.000000	8000.000000	Sd-peep	12.027889	12.234224	NaN	NaN	30.340571	0.000000
242	Spectrogram 1	1	2627.750000	2627.780000	4000.000000	18000.000000	8000.000000	Trill	9.333719	8.379330	NaN	NaN	36.724940	0.000000
243	Spectrogram 1	1	2631.810000	2632.090000	4000.000000	18000.000000	8000.000000	Trill	11.889450	18.665893	NaN	NaN	38.311856	0.000000
244	Spectrogram 1	1	2658.880000	2659.820000	4000.000000	18000.000000	8000.000000	Trill	13.154104	30.000000	NaN	NaN	97.717775	0.000000
245	Spectrogram 1	1	2663.890000	2663.910000	4000.000000	18000.000000	8000.000000	Sd-peep	5.484639	16.219305	NaN	NaN	78.920302	0.000000
246	Spectrogram 1	1	2680.130000	2680.310000	4000.000000	18000.000000	8000.000000	Trill	4.810695	11.482729	NaN	NaN	45.955653	0.000000
247	Spectrogram 1	1	2695.920000	2696.140000	4000.000000	18000.000000	8000.000000	Trill	4.909551	10.727450	NaN	NaN	34.763388	0.000000
248	Spectrogram 1	1	2750.260000	2750.300000	4000.000000	18000.000000	8000.000000	Trill	5.426035	10.256871	NaN	NaN	46.703149	0.000000
249	Spectrogram 1	1	2761.590000	2762.210000	4000.000000	18000.000000	8000.000000	Phee	6.025912	13.399136	NaN	NaN	32.959634	0.000000
250	Spectrogram 1	1	2779.500000	2779.540000	4000.000000	18000.000000	8000.000000	Twitter	4.230796	14.851405	NaN	NaN	35.932465	0.000000
251	Spectrogram 1	1	2812.290000	2812.310000	4000.000000	18000.000000	8000.000000	Sd-peep	4.736655	10.683990	NaN	NaN	35.354494	0.000000
252	Spectrogram 1	1	2863.140000	2863.170000	4000.000000	18000.000000	8000.000000	Trill	4.576640	10.124143	NaN	NaN	40.899343	0.000000
253	Spectrogram 1	1	2863.540000	2863.830000	4000.000000	18000.000000	8000.000000	Phee	4.460420	12.095646	NaN	NaN	73.493323	0.000000
254	Spectrogram 1	1	2956.080000	2956.380000	4000.000000	18000.000000	8000.000000	Trill	4.035306	10.272125	NaN	NaN	35.394929	0.000000
255	Spectrogram 1	1	2965.600000	2965.940000	4000.000000	18000.000000	8000.000000	Trill	16.402316	30.000000	NaN	NaN	101.213577	0.000000
256	Spectrogram 1	1	2976.450000	2976.530000	4000.000000	18000.000000	8000.000000	Phee	4.480990	17.378801	NaN	NaN	48.738328	0.000000
257	Spectrogram 1	1	3050.800000	3051.170000	4000.000000	18000.000000	8000.000000	Trill	5.036696	15.249922	NaN	NaN	32.005175	0.000000
258	Spectrogram 1	1	3051.210000	3052.420000	4000.000000	18000.000000	8000.000000	Trill	5.123858	20.699038	NaN	NaN	33.241837	0.000000
259	Spectrogram 1	1	3052.610000	3052.900000	4000.000000	18000.000000	8000.000000	Sd-peep	4.977826	17.680321	NaN	NaN	50.156491	0.000000
260	Spectrogram 1	1	3122.360000	3122.460000	4000.000000	18000.000000	8000.000000	Trill	4.495673	13.029993	NaN	NaN	32.733159	0.000000
261	Spectrogram 1	1	3181.940000	3182.480000	4000.000000	18000.000000	8000.000000	Trill	4.319097	14.715602	NaN	NaN	51.878865	0.000000
262	Spectrogram 1	1	3185.640000	3185.880000	4000.000000	18000.000000	8000.000000	Trill	4.365813	9.709579	NaN	NaN	33.459034	0.000000
263	Spectrogram 1	1	3226.160000	3226.230000	4000.000000	18000.000000	8000.000000	Phee	4.184851	9.677893	NaN	NaN	32.897884	0.000000
264	Spectrogram 1	1	3239.830000	3239.870000	4000.000000	18000.000000	8000.000000	Trill	4.549706	10.297567	NaN	NaN	33.667051	0.000000
265	Spectrogram 1	1	3250.030000	3250.240000	4000.000000	18000.000000	8000.000000	Phee	5.561425	14.183442	NaN	NaN	56.205793	0.000000
266	Spectrogram 1	1	3294.090000	3294.510000	4000.000000	18000.000000	8000.000000	Trill	12.943674	28.702494	NaN	NaN	123.679146	0.000000
267	Spectrogram 1	1	3295.480000	3295.850000	4000.000000	18000.000000	8000.000000	Trill	10.987493	23.960596	NaN	NaN	98.817444	0.000000
268	Spectrogram 1	1	3303.770000	3304.190000	4000.000000	18000.000000	8000.000000	Trill	5.130451	16.864311	NaN	NaN	33.868668	0.000000
269	Spectrogram 1	1	3337.160000	3337.690000	4000.000000	18000.000000	8000.000000	Trill	5.654508	17.727914	NaN	NaN	63.428385	0.000000
270	Spectrogram 1	1	3365.260000	3365.570000	4000.000000	18000.000000	8000.000000	Trill	5.280492	19.961827	NaN	NaN	40.977394	0.000000
271	Spectrogram 1	1	3379.410000	3379.430000	4000.000000	18000.000000	8000.000000	Sd-peep	4.171933	13.331599	NaN	NaN	72.225609	0.000000
272	Spectrogram 1	1	3406.390000	3406.420000	4000.000000	18000.000000	8000.000000	Trill	4.060188	10.845702	NaN	NaN	65.053945	0.000000
273	Spectrogram 1	1	3437.260000	3437.790000	4000.000000	18000.000000	8000.000000	Trill	5.054010	12.641340	NaN	NaN	35.395412	0.000000
274	Spectrogram 1	1	3467.910000	3467.980000	4000.000000	18000.000000	8000.000000	Phee	4.013300	11.396904	NaN	NaN	41.316907	0.000000
275	Spectrogram 1	1	3499.570000	3499.630000	4000.000000	18000.000000	8000.000000	Trill	4.129456	11.962890	NaN	NaN	48.386834	0.000000
276	Spectrogram 1	1	3523.520000	3524.000000	4000.000000	18000.000000	8000.000000	Trill	7.020949	18.400595	NaN	NaN	47.078996	0.000000
277	Spectrogram 1	1	3583.500000	3583.880000	4000.000000	18000.000000	8000.000000	Trill	9.612308	23.497714	NaN	NaN	69.884778	0.000000
278	Spectrogram 1	1	3602.220000	3602.370000	4000.000000	18000.000000	8000.000000	Trill	4.941428	11.593783	NaN	NaN	65.205452	0.000000
279	Spectrogram 1	1	3608.100000	3608.850000	4000.000000	18000.000000	8000.000000	Phee	5.365688	23.744031	NaN	NaN	80.829826	0.000000
280	Spectrogram 1	1	3705.600000	3705.890000	4000.000000	18000.000000	8000.000000	Trill	4.656232	17.320409	NaN	NaN	40.793951	0.000000
281	Spectrogram 1	1	3765.950000	3767.200000	4000.000000	18000.000000	8000.000000	Trill	7.336770	25.545897	NaN	NaN	91.334632	0.000000
282	Spectrogram 1	1	3792.760000	3792.880000	4000.000000	18000.000000	8000.000000	Trill	4.084638	12.173931	NaN	NaN	38.755337	0.000000
283	Spectrogram 1	1	3797.500000	3797.520000	4000.000000	18000.000000	8000.000000	Sd-peep	5.558281	16.313053	NaN	NaN	39.305474	0.000000
284	Spectrogram 1	1	3800.390000	3800.560000	4000.000000	18000.000000	8000.000000	Trill	4.954172	14.994109	NaN	NaN	59.245643	0.000000
285	Spectrogram 1	1	3803.200000	3803.610000	4000.000000	18000.000000	8000.000000	Trill	4.071400	11.169560	NaN	NaN	37.428489	0.000000
286	Spectrogram 1	1	3806.270000	3806.520000	4000.000000	18000.000000	8000.000000	Trill	5.677074	9.478428	NaN	NaN	36.094672	0.000000
287	Spectrogram 1	1	3875.610000	3876.250000	4000.000000	18000.000000	8000.000000	Trill	7.480499	18.739541	NaN	NaN	58.518867	0.000000
288	Spectrogram 1	1	3896.840000	3896.920000	4000.000000	18000.000000	8000.000000	Trill	4.018727	11.854576	NaN	NaN	74.555941	0.000000
289	Spectrogram 1	1	3933.980000	3934.040000	4000.000000	18000.000000	8000.000000	Phee	6.523365	19.516205	NaN	NaN	80.550189	0.000000
290	Spectrogram 1	1	3943.650000	3943.670000	4000.000000	18000.000000	8000.000000	Trill	4.960309	12.500806	NaN	NaN	35.355287	0.000000
291	Spectrogram 1	1	3971.830000	3972.250000	4000.000000	18000.000000	8000.000000	Trill	16.770673	29.854408	NaN	NaN	98.386020	0.000000
292	Spectrogram 1	1	3980.000000	3980.040000	4000.000000	18000.000000	8000.000000	Trill	4.096205	8.898962	NaN	NaN	43.090174	0.000000
293	Spectrogram 1	1	4003.900000	4003.920000	4000.000000	18000.000000	8000.000000	Sd-peep	4.825531	11.797227	NaN	NaN	58.073135	0.000000
294	Spectrogram 1	1	4018.300000	4018.470000	4000.000000	18000.000000	8000.000000	Trill	4.282171	9.994032	NaN	NaN	35.944739	0.000000
295	Spectrogram 1	1	4026.470000	4026.750000	4000.000000	18000.000000	8000.000000	Phee	6.110029	30.000000	NaN	NaN	147.423733	0.000000
296	Spectrogram 1	1	4110.370000	4110.420000	4000.000000	18000.000000	8000.000000	Phee	5.573402	11.199644	NaN	NaN	30.011319	0.000000
297	Spectrogram 1	1	4118.690000	4119.750000	4000.000000	18000.000000	8000.000000	Trill	6.311014	20.765601	NaN	NaN	59.676921	0.000000
298	Spectrogram 1	1	4197.150000	4198.720000	4000.000000	18000.000000	8000.000000	Twitter	4.395156	27.071605	NaN	NaN	61.920543	0.000000
299	Spectrogram 1	1	4220.360000	4220.620000	4000.000000	18000.000000	8000.000000	Phee	4.518564	14.202632	NaN	NaN	81.510933	0.000000
300	Spectrogram 1	1	4220.830000	4220.950000	4000.000000	18000.000000	8000.000000	Trill	4.804804	17.332126	NaN	NaN	83.039507	0.000000
301	Spectrogram 1	1	4250.860000	4251.320000	4000.000000	18000.000000	8000.000000	Trill	10.785504	23.444115	NaN	NaN	76.566008	0.000000
302	Spectrogram 1	1	4281.290000	4281.350000	4000.000000	18000.000000	8000.000000	Trill	4.563670	10.463242	NaN	NaN	34.317519	0.000000
303	Spectrogram 1	1	4300.900000	4301.230000	4000.000000	18000.000000	8000.000000	Trill	14.705552	28.868748	NaN	NaN	57.765676	0.000000
304	Spectrogram 1	1	4308.310000	4308.830000	4000.000000	18000.000000	8000.000000	Trill	7.597403	21.405949	NaN	NaN	66.666195	0.000000
305	Spectrogram 1	1	4401.280000	4401.700000	4000.000000	18000.000000	8000.000000	Trill	10.688241	25.652171	NaN	NaN	73.818368	0.000000
306	Spectrogram 1	1	4498.620000	4498.670000	4000.000000	18000.000000	8000.000000	Trill	5.135243	8.767827	NaN	NaN	32.804966	0.000000
