Selection	View	Channel	Begin Time (s)	End Time (s)	Low Freq (Hz)	High Freq (Hz)	Max Freq (Hz)	Call Type	Energy Diff	Energy Par	Energy Diff (wl)	Energy Par (wl)	AHR	Exception
1	Spectrogram 1	1	2.360000	2.380000	4000.000000	18000.000000	8000.000000	Sd-peep	11.253023	13.966286	NaN	NaN	36.065203	0.000000
2	Spectrogram 1	1	15.600000	15.790000	4000.000000	18000.000000	8000.000000	Trill	5.284912	14.518379	NaN	NaN	76.856936	0.000000
3	Spectrogram 1	1	19.680000	19.710000	4000.000000	18000.000000	8000.000000	Trillphee	4.613468	7.772561	NaN	NaN	44.717661	0.000000
4	Spectrogram 1	1	21.880000	22.710000	4000.000000	18000.000000	8000.000000	Trill	7.243486	27.629467	NaN	NaN	89.488655	0.000000
5	Spectrogram 1	1	46.640000	46.790000	4000.000000	18000.000000	8000.000000	Trill	4.648863	9.523519	NaN	NaN	54.907628	0.000000
6	Spectrogram 1	1	71.370000	71.410000	4000.000000	18000.000000	8000.000000	Trillphee	7.579537	12.807137	NaN	NaN	81.381021	0.000000
7	Spectrogram 1	1	100.790000	100.840000	4000.000000	18000.000000	8000.000000	Trill	5.123506	9.926005	NaN	NaN	50.915817	0.000000
8	Spectrogram 1	1	101.010000	101.070000	4000.000000	18000.000000	8000.000000	Trill	4.275451	7.943857	NaN	NaN	48.524980	0.000000
9	Spectrogram 1	1	133.060000	133.090000	4000.000000	18000.000000	8000.000000	Sd-peep	4.992673	22.383546	NaN	NaN	44.353281	0.000000
10	Spectrogram 1	1	188.780000	188.850000	4000.000000	18000.000000	8000.000000	Trill	4.387952	11.672290	NaN	NaN	34.003235	0.000000
11	Spectrogram 1	1	189.310000	189.360000	4000.000000	18000.000000	8000.000000	Trill	4.779587	9.740971	NaN	NaN	41.589971	0.000000
12	Spectrogram 1	1	212.290000	212.490000	4000.000000	18000.000000	8000.000000	Trillphee	5.248296	10.234432	NaN	NaN	36.368749	0.000000
13	Spectrogram 1	1	215.440000	216.220000	4000.000000	18000.000000	8000.000000	Trill	13.035468	28.309362	NaN	NaN	133.327082	0.000000
14	Spectrogram 1	1	220.400000	220.470000	4000.000000	18000.000000	8000.000000	Trillphee	4.337719	6.751396	NaN	NaN	42.600007	0.000000
15	Spectrogram 1	1	238.180000	238.220000	4000.000000	18000.000000	8000.000000	Phee	5.053151	10.512350	NaN	NaN	39.424964	0.000000
16	Spectrogram 1	1	250.910000	252.540000	4000.000000	18000.000000	8000.000000	Phee	11.013609	26.277012	NaN	NaN	37.993089	0.000000
17	Spectrogram 1	1	252.740000	253.630000	4000.000000	18000.000000	8000.000000	Phee	12.818819	30.000000	NaN	NaN	32.641414	0.000000
18	Spectrogram 1	1	253.790000	254.690000	4000.000000	18000.000000	8000.000000	Phee	13.591223	30.000000	NaN	NaN	37.868178	0.000000
19	Spectrogram 1	1	265.430000	265.450000	4000.000000	18000.000000	8000.000000	Sd-peep	13.619197	13.426057	NaN	NaN	37.992023	0.000000
20	Spectrogram 1	1	275.690000	276.760000	4000.000000	18000.000000	8000.000000	Phee	7.823554	26.473941	NaN	NaN	37.694910	0.000000
21	Spectrogram 1	1	277.100000	277.900000	4000.000000	18000.000000	8000.000000	Phee	9.094667	30.000000	NaN	NaN	39.207709	0.000000
22	Spectrogram 1	1	278.230000	279.110000	4000.000000	18000.000000	8000.000000	Phee	8.663469	27.349372	NaN	NaN	39.110012	0.000000
23	Spectrogram 1	1	279.190000	280.130000	4000.000000	18000.000000	8000.000000	Phee	6.315893	25.390625	NaN	NaN	41.073572	0.000000
24	Spectrogram 1	1	288.300000	289.150000	4000.000000	18000.000000	8000.000000	Phee	8.773296	27.935194	NaN	NaN	33.771991	0.000000
25	Spectrogram 1	1	289.380000	290.180000	4000.000000	18000.000000	8000.000000	Phee	9.018551	27.814088	NaN	NaN	33.573648	0.000000
26	Spectrogram 1	1	290.380000	291.200000	4000.000000	18000.000000	8000.000000	Phee	8.616735	27.516045	NaN	NaN	32.056078	0.000000
27	Spectrogram 1	1	291.250000	292.170000	4000.000000	18000.000000	8000.000000	Trill	8.462792	29.173591	NaN	NaN	34.806481	0.000000
28	Spectrogram 1	1	296.900000	296.920000	4000.000000	18000.000000	8000.000000	Sd-peep	5.716485	14.094774	NaN	NaN	44.408946	0.000000
29	Spectrogram 1	1	305.850000	306.070000	4000.000000	18000.000000	8000.000000	Trillphee	4.219924	8.262629	NaN	NaN	48.460588	0.000000
30	Spectrogram 1	1	323.350000	324.310000	4000.000000	18000.000000	8000.000000	Phee	10.106329	29.520699	NaN	NaN	37.029099	0.000000
31	Spectrogram 1	1	324.560000	325.420000	4000.000000	18000.000000	8000.000000	Phee	9.736345	29.980245	NaN	NaN	33.503483	0.000000
32	Spectrogram 1	1	325.680000	326.540000	4000.000000	18000.000000	8000.000000	Phee	9.882537	29.692138	NaN	NaN	36.867448	0.000000
33	Spectrogram 1	1	399.270000	399.850000	4000.000000	18000.000000	8000.000000	Trill	7.130285	19.873326	NaN	NaN	60.856825	0.000000
34	Spectrogram 1	1	401.290000	401.380000	4000.000000	18000.000000	8000.000000	Trill	4.270430	7.077484	NaN	NaN	37.758625	0.000000
35	Spectrogram 1	1	405.040000	405.670000	4000.000000	18000.000000	8000.000000	Trill	4.329766	17.803581	NaN	NaN	48.983563	0.000000
36	Spectrogram 1	1	405.820000	406.110000	4000.000000	18000.000000	8000.000000	Trillphee	4.126065	17.796002	NaN	NaN	59.550463	0.000000
37	Spectrogram 1	1	413.410000	413.490000	4000.000000	18000.000000	8000.000000	Trill	4.051310	10.604846	NaN	NaN	38.806763	0.000000
38	Spectrogram 1	1	418.900000	418.920000	4000.000000	18000.000000	8000.000000	Sd-peep	5.239564	15.118595	NaN	NaN	36.940380	0.000000
39	Spectrogram 1	1	447.330000	448.150000	4000.000000	18000.000000	8000.000000	Phee	4.783899	17.217984	NaN	NaN	81.330905	0.000000
40	Spectrogram 1	1	522.940000	523.010000	4000.000000	18000.000000	8000.000000	Trill	5.538773	10.981415	NaN	NaN	40.400384	0.000000
41	Spectrogram 1	1	523.060000	523.140000	4000.000000	18000.000000	8000.000000	Trill	4.623029	10.344239	NaN	NaN	44.223869	0.000000
42	Spectrogram 1	1	523.300000	523.490000	4000.000000	18000.000000	8000.000000	Trill	4.132150	8.986915	NaN	NaN	37.116667	0.000000
43	Spectrogram 1	1	530.930000	531.310000	4000.000000	18000.000000	8000.000000	Trill	7.325865	17.258046	NaN	NaN	64.890646	0.000000
44	Spectrogram 1	1	568.700000	568.850000	4000.000000	18000.000000	8000.000000	Trill	5.844061	16.901425	NaN	NaN	49.965579	0.000000
45	Spectrogram 1	1	591.420000	591.540000	4000.000000	18000.000000	8000.000000	Trillphee	7.875472	13.154338	NaN	NaN	29.813480	0.000000
46	Spectrogram 1	1	624.480000	624.520000	4000.000000	18000.000000	8000.000000	Trill	10.414349	11.846468	NaN	NaN	30.376880	0.000000
47	Spectrogram 1	1	624.660000	624.720000	4000.000000	18000.000000	8000.000000	Phee	11.355561	15.211436	NaN	NaN	41.742742	0.000000
48	Spectrogram 1	1	637.520000	637.580000	4000.000000	18000.000000	8000.000000	Trill	10.984333	9.729874	NaN	NaN	29.958903	0.000000
49	Spectrogram 1	1	650.850000	650.910000	4000.000000	18000.000000	8000.000000	Trill	4.584448	12.087183	NaN	NaN	46.709716	0.000000
50	Spectrogram 1	1	650.970000	651.040000	4000.000000	18000.000000	8000.000000	Phee	4.195755	9.540278	NaN	NaN	32.667041	0.000000
51	Spectrogram 1	1	651.100000	651.160000	4000.000000	18000.000000	8000.000000	Trill	4.572351	10.614192	NaN	NaN	39.360376	0.000000
52	Spectrogram 1	1	651.460000	651.510000	4000.000000	18000.000000	8000.000000	Trill	4.499138	9.274840	NaN	NaN	34.774510	0.000000
53	Spectrogram 1	1	665.020000	665.050000	4000.000000	18000.000000	8000.000000	Trill	5.119069	10.703062	NaN	NaN	66.729566	0.000000
54	Spectrogram 1	1	678.790000	679.870000	4000.000000	18000.000000	8000.000000	Trillphee	5.259224	28.599158	NaN	NaN	42.773734	0.000000
55	Spectrogram 1	1	680.480000	681.330000	4000.000000	18000.000000	8000.000000	Phee	5.332545	30.000000	NaN	NaN	39.049664	0.000000
56	Spectrogram 1	1	681.370000	681.400000	4000.000000	18000.000000	8000.000000	Trill	6.791970	13.416186	NaN	NaN	34.223641	0.000000
57	Spectrogram 1	1	681.630000	682.440000	4000.000000	18000.000000	8000.000000	Phee	6.457527	30.000000	NaN	NaN	40.622990	0.000000
58	Spectrogram 1	1	682.730000	683.580000	4000.000000	18000.000000	8000.000000	Phee	5.919456	30.000000	NaN	NaN	50.123329	0.000000
59	Spectrogram 1	1	691.710000	691.730000	4000.000000	18000.000000	8000.000000	Sd-peep	4.797501	9.027097	NaN	NaN	45.729202	0.000000
60	Spectrogram 1	1	700.360000	701.430000	4000.000000	18000.000000	8000.000000	Phee	9.673330	30.000000	NaN	NaN	56.334111	0.000000
61	Spectrogram 1	1	701.510000	701.690000	4000.000000	18000.000000	8000.000000	Phee	12.425548	30.000000	NaN	NaN	233.120642	0.000000
62	Spectrogram 1	1	701.750000	701.920000	4000.000000	18000.000000	8000.000000	Trill	4.763694	22.126446	NaN	NaN	77.386555	0.000000
63	Spectrogram 1	1	702.030000	702.090000	4000.000000	18000.000000	8000.000000	Trill	8.166555	15.416198	NaN	NaN	54.983168	0.000000
64	Spectrogram 1	1	702.390000	703.230000	4000.000000	18000.000000	8000.000000	Phee	9.375756	29.703335	NaN	NaN	39.252487	0.000000
65	Spectrogram 1	1	703.440000	704.290000	4000.000000	18000.000000	8000.000000	Phee	10.160957	29.153551	NaN	NaN	40.068447	0.000000
66	Spectrogram 1	1	704.540000	705.360000	4000.000000	18000.000000	8000.000000	Phee	9.764184	29.977453	NaN	NaN	41.931360	0.000000
67	Spectrogram 1	1	713.720000	714.440000	4000.000000	18000.000000	8000.000000	Phee	10.192252	30.000000	NaN	NaN	40.183533	0.000000
68	Spectrogram 1	1	714.490000	714.680000	4000.000000	18000.000000	8000.000000	Trill	6.628995	21.158955	NaN	NaN	102.374206	0.000000
69	Spectrogram 1	1	715.100000	715.240000	4000.000000	18000.000000	8000.000000	Phee	9.719166	21.940018	NaN	NaN	88.694762	0.000000
70	Spectrogram 1	1	715.510000	716.580000	4000.000000	18000.000000	8000.000000	Phee	11.530304	30.000000	NaN	NaN	95.681632	0.000000
71	Spectrogram 1	1	716.830000	718.730000	4000.000000	18000.000000	8000.000000	Phee	7.772138	26.053004	NaN	NaN	30.120208	0.000000
72	Spectrogram 1	1	718.810000	718.890000	4000.000000	18000.000000	8000.000000	Trill	4.352598	15.091567	NaN	NaN	41.524930	0.000000
73	Spectrogram 1	1	737.360000	738.210000	4000.000000	18000.000000	8000.000000	Phee	7.608264	28.408222	NaN	NaN	36.444400	0.000000
74	Spectrogram 1	1	738.330000	738.380000	4000.000000	18000.000000	8000.000000	Trill	9.154284	16.036280	NaN	NaN	43.162802	0.000000
75	Spectrogram 1	1	738.640000	739.400000	4000.000000	18000.000000	8000.000000	Phee	8.456651	29.350677	NaN	NaN	40.951330	0.000000
76	Spectrogram 1	1	739.570000	739.630000	4000.000000	18000.000000	8000.000000	Trill	8.489461	18.053969	NaN	NaN	54.131098	0.000000
77	Spectrogram 1	1	739.780000	740.690000	4000.000000	18000.000000	8000.000000	Phee	9.724966	26.871698	NaN	NaN	39.489446	0.000000
78	Spectrogram 1	1	740.870000	741.670000	4000.000000	18000.000000	8000.000000	Phee	9.758287	30.000000	NaN	NaN	39.704836	0.000000
79	Spectrogram 1	1	741.890000	742.670000	4000.000000	18000.000000	8000.000000	Phee	8.485439	30.000000	NaN	NaN	43.937812	0.000000
80	Spectrogram 1	1	756.280000	756.330000	4000.000000	18000.000000	8000.000000	Trill	4.791517	9.050129	NaN	NaN	42.248313	0.000000
81	Spectrogram 1	1	774.370000	775.510000	4000.000000	18000.000000	8000.000000	Phee	7.960142	26.351590	NaN	NaN	44.404570	0.000000
82	Spectrogram 1	1	775.620000	775.730000	4000.000000	18000.000000	8000.000000	Trill	7.375191	24.536959	NaN	NaN	117.653371	0.000000
83	Spectrogram 1	1	775.940000	775.970000	4000.000000	18000.000000	8000.000000	Sd-peep	9.544413	15.486245	NaN	NaN	34.732068	0.000000
84	Spectrogram 1	1	776.260000	777.190000	4000.000000	18000.000000	8000.000000	Phee	10.162559	29.135930	NaN	NaN	38.435319	0.000000
85	Spectrogram 1	1	777.470000	778.290000	4000.000000	18000.000000	8000.000000	Phee	11.567755	29.150182	NaN	NaN	39.009601	0.000000
86	Spectrogram 1	1	778.470000	779.290000	4000.000000	18000.000000	8000.000000	Phee	7.970937	28.873304	NaN	NaN	40.767749	0.000000
87	Spectrogram 1	1	796.170000	796.570000	4000.000000	18000.000000	8000.000000	Phee	5.031789	8.315461	NaN	NaN	51.354122	0.000000
88	Spectrogram 1	1	800.560000	800.630000	4000.000000	18000.000000	8000.000000	Phee	4.157304	8.152589	NaN	NaN	34.870797	0.000000
89	Spectrogram 1	1	802.190000	802.260000	4000.000000	18000.000000	8000.000000	Trill	9.810904	12.888393	NaN	NaN	31.685866	0.000000
90	Spectrogram 1	1	802.680000	802.780000	4000.000000	18000.000000	8000.000000	Phee	5.501254	8.072032	NaN	NaN	32.560111	0.000000
91	Spectrogram 1	1	806.960000	807.150000	4000.000000	18000.000000	8000.000000	Phee	5.337491	8.428391	NaN	NaN	35.470449	0.000000
92	Spectrogram 1	1	818.940000	819.080000	4000.000000	18000.000000	8000.000000	Trill	7.071588	14.374976	NaN	NaN	45.735406	0.000000
93	Spectrogram 1	1	825.970000	825.990000	4000.000000	18000.000000	8000.000000	Sd-peep	10.269664	12.815653	NaN	NaN	31.432808	0.000000
94	Spectrogram 1	1	843.060000	843.180000	4000.000000	18000.000000	8000.000000	Phee	5.956376	8.448962	NaN	NaN	31.352934	0.000000
95	Spectrogram 1	1	867.140000	867.290000	4000.000000	18000.000000	8000.000000	Trillphee	5.700438	9.279462	NaN	NaN	41.822618	0.000000
96	Spectrogram 1	1	881.840000	881.880000	4000.000000	18000.000000	8000.000000	Phee	4.896918	9.553944	NaN	NaN	65.090567	0.000000
97	Spectrogram 1	1	890.220000	890.250000	4000.000000	18000.000000	8000.000000	Trill	4.422307	10.373708	NaN	NaN	73.234370	0.000000
98	Spectrogram 1	1	903.120000	903.170000	4000.000000	18000.000000	8000.000000	Phee	5.172140	8.370906	NaN	NaN	44.978058	0.000000
99	Spectrogram 1	1	908.200000	908.230000	4000.000000	18000.000000	8000.000000	Trill	13.808948	14.539390	NaN	NaN	28.383648	0.000000
100	Spectrogram 1	1	909.310000	909.670000	4000.000000	18000.000000	8000.000000	Trill	12.646063	26.852676	NaN	NaN	96.786529	0.000000
101	Spectrogram 1	1	913.180000	913.330000	4000.000000	18000.000000	8000.000000	Phee	4.775830	10.367452	NaN	NaN	33.824932	0.000000
102	Spectrogram 1	1	1023.520000	1023.540000	4000.000000	18000.000000	8000.000000	Sd-peep	12.751020	13.099318	NaN	NaN	31.229971	0.000000
103	Spectrogram 1	1	1025.170000	1025.330000	4000.000000	18000.000000	8000.000000	Phee	4.660600	10.101701	NaN	NaN	33.929707	0.000000
104	Spectrogram 1	1	1030.810000	1030.980000	4000.000000	18000.000000	8000.000000	Trillphee	6.606855	9.548553	NaN	NaN	29.792867	0.000000
105	Spectrogram 1	1	1031.140000	1031.200000	4000.000000	18000.000000	8000.000000	Trill	7.008896	13.641126	NaN	NaN	35.102201	0.000000
106	Spectrogram 1	1	1091.930000	1092.000000	4000.000000	18000.000000	8000.000000	Trill	10.749580	14.537336	NaN	NaN	32.682166	0.000000
107	Spectrogram 1	1	1148.390000	1148.490000	4000.000000	18000.000000	8000.000000	Twitter	6.148509	24.838547	NaN	NaN	50.665247	0.000000
108	Spectrogram 1	1	1148.560000	1150.190000	4000.000000	18000.000000	8000.000000	Twitter	5.852266	20.535896	NaN	NaN	35.901975	0.000000
109	Spectrogram 1	1	1242.760000	1243.430000	4000.000000	18000.000000	8000.000000	Trill	11.402224	29.696415	NaN	NaN	95.242321	0.000000
110	Spectrogram 1	1	1243.530000	1243.590000	4000.000000	18000.000000	8000.000000	Trill	8.268897	14.581396	NaN	NaN	101.255213	0.000000
111	Spectrogram 1	1	1273.420000	1273.850000	4000.000000	18000.000000	8000.000000	Trill	8.669552	24.775361	NaN	NaN	48.803064	0.000000
112	Spectrogram 1	1	1283.110000	1283.130000	4000.000000	18000.000000	8000.000000	Sd-peep	11.620199	13.635709	NaN	NaN	33.064981	0.000000
113	Spectrogram 1	1	1300.510000	1300.560000	4000.000000	18000.000000	8000.000000	Trill	4.722267	9.154892	NaN	NaN	36.493556	0.000000
114	Spectrogram 1	1	1309.580000	1309.980000	4000.000000	18000.000000	8000.000000	Trillphee	4.207278	8.464066	NaN	NaN	40.888313	0.000000
115	Spectrogram 1	1	1318.210000	1318.280000	4000.000000	18000.000000	8000.000000	Phee	6.290786	15.054715	NaN	NaN	107.604186	0.000000
116	Spectrogram 1	1	1319.570000	1319.980000	4000.000000	18000.000000	8000.000000	Trill	5.557930	18.091358	NaN	NaN	55.536808	0.000000
117	Spectrogram 1	1	1331.260000	1331.310000	4000.000000	18000.000000	8000.000000	Phee	4.246860	7.985640	NaN	NaN	48.862558	0.000000
118	Spectrogram 1	1	1332.730000	1332.920000	4000.000000	18000.000000	8000.000000	Trill	4.056910	12.807327	NaN	NaN	48.571492	0.000000
119	Spectrogram 1	1	1344.680000	1344.840000	4000.000000	18000.000000	8000.000000	Trillphee	6.299039	16.256579	NaN	NaN	94.032295	0.000000
120	Spectrogram 1	1	1353.940000	1354.010000	4000.000000	18000.000000	8000.000000	Phee	4.666960	9.161164	NaN	NaN	32.572135	0.000000
121	Spectrogram 1	1	1415.330000	1415.490000	4000.000000	18000.000000	8000.000000	Phee	5.129959	18.613720	NaN	NaN	95.330698	0.000000
122	Spectrogram 1	1	1416.380000	1416.440000	4000.000000	18000.000000	8000.000000	Trill	6.643296	10.465627	NaN	NaN	58.872528	0.000000
123	Spectrogram 1	1	1416.500000	1416.560000	4000.000000	18000.000000	8000.000000	Trill	6.583540	10.091919	NaN	NaN	53.779867	0.000000
124	Spectrogram 1	1	1416.610000	1416.660000	4000.000000	18000.000000	8000.000000	Trill	6.490027	10.159753	NaN	NaN	60.600395	0.000000
125	Spectrogram 1	1	1416.730000	1416.760000	4000.000000	18000.000000	8000.000000	Trill	7.015638	10.617718	NaN	NaN	63.591788	0.000000
126	Spectrogram 1	1	1421.790000	1421.820000	4000.000000	18000.000000	8000.000000	Trill	6.626765	10.226795	NaN	NaN	80.018182	0.000000
127	Spectrogram 1	1	1424.930000	1424.990000	4000.000000	18000.000000	8000.000000	Phee	5.021262	9.089476	NaN	NaN	33.665416	0.000000
128	Spectrogram 1	1	1425.230000	1425.270000	4000.000000	18000.000000	8000.000000	Trill	8.880528	11.740869	NaN	NaN	36.306520	0.000000
129	Spectrogram 1	1	1438.430000	1438.540000	4000.000000	18000.000000	8000.000000	Trill	5.394710	21.939215	NaN	NaN	62.023146	0.000000
130	Spectrogram 1	1	1438.580000	1439.080000	4000.000000	18000.000000	8000.000000	Trill	5.155874	14.778270	NaN	NaN	56.223905	0.000000
131	Spectrogram 1	1	1482.180000	1482.290000	4000.000000	18000.000000	8000.000000	Trill	9.874932	12.840745	NaN	NaN	29.216338	0.000000
132	Spectrogram 1	1	1482.560000	1482.720000	4000.000000	18000.000000	8000.000000	Phee	4.499964	9.184639	NaN	NaN	48.636748	0.000000
133	Spectrogram 1	1	1542.510000	1543.080000	4000.000000	18000.000000	8000.000000	Trill	4.151621	17.811204	NaN	NaN	48.102738	0.000000
134	Spectrogram 1	1	1558.900000	1559.050000	4000.000000	18000.000000	8000.000000	Phee	4.103069	8.689059	NaN	NaN	56.895301	0.000000
135	Spectrogram 1	1	1562.660000	1563.050000	4000.000000	18000.000000	8000.000000	Phee	5.445760	10.299640	NaN	NaN	55.788706	0.000000
136	Spectrogram 1	1	1574.410000	1574.850000	4000.000000	18000.000000	8000.000000	Trill	4.531013	16.972567	NaN	NaN	48.043652	0.000000
137	Spectrogram 1	1	1579.340000	1579.360000	4000.000000	18000.000000	8000.000000	Sd-peep	9.420258	12.888499	NaN	NaN	34.713214	0.000000
138	Spectrogram 1	1	1594.960000	1595.540000	4000.000000	18000.000000	8000.000000	Trill	4.522524	15.817445	NaN	NaN	53.294526	0.000000
139	Spectrogram 1	1	1600.490000	1600.760000	4000.000000	18000.000000	8000.000000	Phee	4.428615	12.102274	NaN	NaN	91.295897	0.000000
140	Spectrogram 1	1	1607.220000	1607.240000	4000.000000	18000.000000	8000.000000	Sd-peep	5.045217	7.298355	NaN	NaN	35.593935	0.000000
141	Spectrogram 1	1	1613.650000	1614.320000	4000.000000	18000.000000	8000.000000	Trill	4.613666	17.368919	NaN	NaN	60.230386	0.000000
142	Spectrogram 1	1	1658.620000	1659.720000	4000.000000	18000.000000	8000.000000	Phee	6.182282	18.309726	NaN	NaN	49.134746	0.000000
143	Spectrogram 1	1	1668.290000	1669.280000	4000.000000	18000.000000	8000.000000	Trillphee	4.408472	25.002902	NaN	NaN	83.064477	0.000000
144	Spectrogram 1	1	1696.530000	1696.570000	4000.000000	18000.000000	8000.000000	Trill	5.157263	9.074419	NaN	NaN	39.160740	0.000000
145	Spectrogram 1	1	1761.180000	1763.250000	4000.000000	18000.000000	8000.000000	Phee	4.114298	20.233830	NaN	NaN	57.476414	0.000000
146	Spectrogram 1	1	1763.410000	1763.940000	4000.000000	18000.000000	8000.000000	Phee	4.777457	21.668919	NaN	NaN	52.429466	0.000000
147	Spectrogram 1	1	1764.020000	1764.520000	4000.000000	18000.000000	8000.000000	Phee	5.596059	22.681043	NaN	NaN	93.375650	0.000000
148	Spectrogram 1	1	1789.190000	1789.480000	4000.000000	18000.000000	8000.000000	Trillphee	5.555618	12.330332	NaN	NaN	31.812571	0.000000
149	Spectrogram 1	1	1794.290000	1796.150000	4000.000000	18000.000000	8000.000000	Phee	4.422978	28.436850	NaN	NaN	97.505297	0.000000
150	Spectrogram 1	1	1815.940000	1817.440000	4000.000000	18000.000000	8000.000000	Trillphee	6.549894	29.204796	NaN	NaN	98.581281	0.000000
151	Spectrogram 1	1	1832.700000	1832.770000	4000.000000	18000.000000	8000.000000	Trill	6.588183	14.798456	NaN	NaN	39.010711	0.000000
152	Spectrogram 1	1	1832.840000	1832.940000	4000.000000	18000.000000	8000.000000	Trill	5.516903	13.296202	NaN	NaN	37.539590	0.000000
153	Spectrogram 1	1	1832.990000	1833.100000	4000.000000	18000.000000	8000.000000	Trill	5.150185	12.953043	NaN	NaN	35.703093	0.000000
154	Spectrogram 1	1	1833.140000	1833.870000	4000.000000	18000.000000	8000.000000	Trill	5.375849	13.425356	NaN	NaN	44.841539	0.000000
155	Spectrogram 1	1	1833.910000	1833.940000	4000.000000	18000.000000	8000.000000	Trill	4.720488	8.446072	NaN	NaN	61.638290	0.000000
156	Spectrogram 1	1	1852.090000	1852.170000	4000.000000	18000.000000	8000.000000	Trill	6.330359	17.346537	NaN	NaN	93.075067	0.000000
157	Spectrogram 1	1	1883.820000	1883.920000	4000.000000	18000.000000	8000.000000	Trill	5.833124	8.820450	NaN	NaN	53.822889	0.000000
158	Spectrogram 1	1	1894.670000	1894.780000	4000.000000	18000.000000	8000.000000	Trillphee	4.112356	11.451893	NaN	NaN	59.260615	0.000000
159	Spectrogram 1	1	1910.900000	1912.120000	4000.000000	18000.000000	8000.000000	Phee	6.560130	25.957351	NaN	NaN	98.015159	0.000000
160	Spectrogram 1	1	1953.490000	1953.570000	4000.000000	18000.000000	8000.000000	Trillphee	5.971820	11.666606	NaN	NaN	54.890383	0.000000
161	Spectrogram 1	1	1972.650000	1973.110000	4000.000000	18000.000000	8000.000000	Trill	5.375235	11.833477	NaN	NaN	40.476618	0.000000
162	Spectrogram 1	1	1973.150000	1973.190000	4000.000000	18000.000000	8000.000000	Trill	4.380784	8.549275	NaN	NaN	44.042094	0.000000
163	Spectrogram 1	1	1975.200000	1976.030000	4000.000000	18000.000000	8000.000000	Phee	5.091158	17.131385	NaN	NaN	80.480337	0.000000
164	Spectrogram 1	1	1976.170000	1976.410000	4000.000000	18000.000000	8000.000000	Phee	4.840961	13.352226	NaN	NaN	66.536683	0.000000
165	Spectrogram 1	1	1977.070000	1977.120000	4000.000000	18000.000000	8000.000000	Trill	6.291356	18.862058	NaN	NaN	61.120837	0.000000
166	Spectrogram 1	1	2013.530000	2013.580000	4000.000000	18000.000000	8000.000000	Trill	5.251309	9.017805	NaN	NaN	36.402070	0.000000
167	Spectrogram 1	1	2013.870000	2013.890000	4000.000000	18000.000000	8000.000000	Sd-peep	7.136108	11.881187	NaN	NaN	62.430327	0.000000
168	Spectrogram 1	1	2013.960000	2014.000000	4000.000000	18000.000000	8000.000000	Trill	5.923421	8.678769	NaN	NaN	46.589920	0.000000
169	Spectrogram 1	1	2036.550000	2037.350000	4000.000000	18000.000000	8000.000000	Trillphee	4.447831	16.208940	NaN	NaN	65.007709	0.000000
170	Spectrogram 1	1	2038.720000	2038.740000	4000.000000	18000.000000	8000.000000	Sd-peep	12.591664	12.261960	NaN	NaN	47.532018	0.000000
171	Spectrogram 1	1	2042.660000	2042.710000	4000.000000	18000.000000	8000.000000	Trill	4.318927	8.907383	NaN	NaN	40.784213	0.000000
172	Spectrogram 1	1	2050.620000	2050.970000	4000.000000	18000.000000	8000.000000	Trill	4.376652	14.959055	NaN	NaN	35.814041	0.000000
173	Spectrogram 1	1	2054.750000	2054.790000	4000.000000	18000.000000	8000.000000	Sd-peep	8.662907	20.127985	NaN	NaN	110.719450	0.000000
174	Spectrogram 1	1	2060.530000	2061.060000	4000.000000	18000.000000	8000.000000	Trill	4.236620	10.803410	NaN	NaN	32.545398	0.000000
175	Spectrogram 1	1	2068.600000	2068.800000	4000.000000	18000.000000	8000.000000	Trill	4.382904	20.062282	NaN	NaN	87.149978	0.000000
176	Spectrogram 1	1	2088.620000	2089.350000	4000.000000	18000.000000	8000.000000	Phee	4.970167	11.636441	NaN	NaN	71.738858	0.000000
177	Spectrogram 1	1	2121.440000	2122.570000	4000.000000	18000.000000	8000.000000	Trill	5.423042	26.437156	NaN	NaN	70.295194	0.000000
178	Spectrogram 1	1	2143.650000	2143.690000	4000.000000	18000.000000	8000.000000	Trillphee	4.813286	14.536604	NaN	NaN	77.298149	0.000000
179	Spectrogram 1	1	2157.840000	2157.910000	4000.000000	18000.000000	8000.000000	Trill	9.904853	11.627085	NaN	NaN	31.016229	0.000000
180	Spectrogram 1	1	2162.630000	2162.650000	4000.000000	18000.000000	8000.000000	Twitter	6.054821	11.743145	NaN	NaN	35.228938	0.000000
181	Spectrogram 1	1	2162.760000	2162.790000	4000.000000	18000.000000	8000.000000	Trill	4.549301	9.958389	NaN	NaN	44.688390	0.000000
182	Spectrogram 1	1	2164.600000	2164.950000	4000.000000	18000.000000	8000.000000	Trill	16.993797	30.000000	NaN	NaN	144.249439	0.000000
183	Spectrogram 1	1	2180.560000	2181.600000	4000.000000	18000.000000	8000.000000	Phee	5.386803	19.851907	NaN	NaN	82.474240	0.000000
184	Spectrogram 1	1	2181.730000	2181.970000	4000.000000	18000.000000	8000.000000	Trillphee	4.870058	12.561512	NaN	NaN	62.121330	0.000000
185	Spectrogram 1	1	2192.430000	2192.840000	4000.000000	18000.000000	8000.000000	Trillphee	5.831281	12.995502	NaN	NaN	52.788692	0.000000
186	Spectrogram 1	1	2206.430000	2206.690000	4000.000000	18000.000000	8000.000000	Trill	4.997370	19.112322	NaN	NaN	55.320432	0.000000
187	Spectrogram 1	1	2219.780000	2219.810000	4000.000000	18000.000000	8000.000000	Phee	6.289895	13.105663	NaN	NaN	57.470374	0.000000
188	Spectrogram 1	1	2230.260000	2230.290000	4000.000000	18000.000000	8000.000000	Sd-peep	8.992979	16.670730	NaN	NaN	28.975243	0.000000
189	Spectrogram 1	1	2236.860000	2237.180000	4000.000000	18000.000000	8000.000000	Trill	8.029955	12.019059	NaN	NaN	29.969150	0.000000
190	Spectrogram 1	1	2237.620000	2237.920000	4000.000000	18000.000000	8000.000000	Trill	7.703060	13.844789	NaN	NaN	29.423777	0.000000
191	Spectrogram 1	1	2244.800000	2244.880000	4000.000000	18000.000000	8000.000000	Sd-peep	4.622349	22.786285	NaN	NaN	56.491562	0.000000
192	Spectrogram 1	1	2281.010000	2281.330000	4000.000000	18000.000000	8000.000000	Trill	7.762353	20.304612	NaN	NaN	58.391570	0.000000
193	Spectrogram 1	1	2282.250000	2282.770000	4000.000000	18000.000000	8000.000000	Trillphee	4.683266	19.809441	NaN	NaN	65.266489	0.000000
194	Spectrogram 1	1	2282.810000	2283.640000	4000.000000	18000.000000	8000.000000	Trill	5.890948	18.726199	NaN	NaN	41.588131	0.000000
195	Spectrogram 1	1	2319.240000	2319.360000	4000.000000	18000.000000	8000.000000	Trillphee	8.534103	13.814787	NaN	NaN	29.743972	0.000000
196	Spectrogram 1	1	2320.130000	2320.160000	4000.000000	18000.000000	8000.000000	Sd-peep	5.034795	12.290762	NaN	NaN	80.093516	0.000000
197	Spectrogram 1	1	2321.160000	2321.870000	4000.000000	18000.000000	8000.000000	Trill	4.302454	10.187622	NaN	NaN	40.532602	0.000000
198	Spectrogram 1	1	2326.360000	2326.650000	4000.000000	18000.000000	8000.000000	Trill	4.748206	17.264528	NaN	NaN	42.537490	0.000000
199	Spectrogram 1	1	2332.380000	2332.410000	4000.000000	18000.000000	8000.000000	Sd-peep	5.249482	10.857537	NaN	NaN	33.936864	0.000000
200	Spectrogram 1	1	2332.980000	2333.310000	4000.000000	18000.000000	8000.000000	Phee	4.751227	15.419710	NaN	NaN	73.887446	0.000000
201	Spectrogram 1	1	2341.110000	2342.280000	4000.000000	18000.000000	8000.000000	Phee	5.537775	28.858776	NaN	NaN	64.487138	0.000000
202	Spectrogram 1	1	2342.480000	2343.390000	4000.000000	18000.000000	8000.000000	Trillphee	6.337314	30.268757	NaN	NaN	56.375472	0.000000
203	Spectrogram 1	1	2343.580000	2344.420000	4000.000000	18000.000000	8000.000000	Trillphee	5.925295	30.824173	NaN	NaN	59.587524	0.000000
204	Spectrogram 1	1	2385.920000	2386.040000	4000.000000	18000.000000	8000.000000	Trillphee	5.211149	19.622335	NaN	NaN	118.864446	0.000000
205	Spectrogram 1	1	2386.080000	2386.280000	4000.000000	18000.000000	8000.000000	Trillphee	5.737426	21.220789	NaN	NaN	123.573451	0.000000
206	Spectrogram 1	1	2386.340000	2386.380000	4000.000000	18000.000000	8000.000000	Trillphee	5.456273	22.614613	NaN	NaN	96.387376	0.000000
207	Spectrogram 1	1	2551.970000	2552.050000	4000.000000	18000.000000	8000.000000	Trill	7.138917	10.558823	NaN	NaN	29.483638	0.000000
208	Spectrogram 1	1	2599.160000	2599.200000	4000.000000	18000.000000	8000.000000	Trillphee	9.780230	10.377802	NaN	NaN	30.540533	0.000000
209	Spectrogram 1	1	2599.600000	2599.630000	4000.000000	18000.000000	8000.000000	Trill	10.003346	15.357527	NaN	NaN	30.554522	0.000000
210	Spectrogram 1	1	2603.600000	2603.630000	4000.000000	18000.000000	8000.000000	Trill	7.817021	11.306188	NaN	NaN	33.503963	0.000000
211	Spectrogram 1	1	2653.540000	2654.660000	4000.000000	18000.000000	8000.000000	Phee	6.314297	21.675042	NaN	NaN	121.993264	0.000000
212	Spectrogram 1	1	2672.910000	2672.980000	4000.000000	18000.000000	8000.000000	Trill	4.107975	11.762645	NaN	NaN	41.220205	0.000000
213	Spectrogram 1	1	2716.720000	2716.770000	4000.000000	18000.000000	8000.000000	Trill	4.179868	10.279427	NaN	NaN	45.645281	0.000000
214	Spectrogram 1	1	2717.510000	2717.540000	4000.000000	18000.000000	8000.000000	Trill	4.466893	7.373199	NaN	NaN	42.828678	0.000000
215	Spectrogram 1	1	2721.360000	2721.400000	4000.000000	18000.000000	8000.000000	Phee	5.370875	9.138063	NaN	NaN	67.526933	0.000000
216	Spectrogram 1	1	2743.520000	2745.140000	4000.000000	18000.000000	8000.000000	Trillphee	5.566942	23.619919	NaN	NaN	102.446042	0.000000
217	Spectrogram 1	1	2747.540000	2747.560000	4000.000000	18000.000000	8000.000000	Sd-peep	8.485750	18.845149	NaN	NaN	121.622217	0.000000
218	Spectrogram 1	1	2757.190000	2757.210000	4000.000000	18000.000000	8000.000000	Sd-peep	4.407364	8.249211	NaN	NaN	40.384099	0.000000
219	Spectrogram 1	1	2778.440000	2778.510000	4000.000000	18000.000000	8000.000000	Trill	4.546231	18.655728	NaN	NaN	42.245184	0.000000
220	Spectrogram 1	1	2794.050000	2794.070000	4000.000000	18000.000000	8000.000000	Sd-peep	4.809822	9.085753	NaN	NaN	31.450850	0.000000
221	Spectrogram 1	1	2844.300000	2844.410000	4000.000000	18000.000000	8000.000000	Trillphee	5.847117	13.754360	NaN	NaN	70.277274	0.000000
222	Spectrogram 1	1	2844.510000	2844.540000	4000.000000	18000.000000	8000.000000	Trill	4.937728	12.051526	NaN	NaN	46.099566	0.000000
223	Spectrogram 1	1	2906.750000	2906.770000	4000.000000	18000.000000	8000.000000	Sd-peep	5.723082	14.695074	NaN	NaN	46.832305	0.000000
224	Spectrogram 1	1	2906.840000	2906.920000	4000.000000	18000.000000	8000.000000	Trill	4.063086	11.189016	NaN	NaN	38.264147	0.000000
225	Spectrogram 1	1	2922.290000	2922.470000	4000.000000	18000.000000	8000.000000	Phee	6.125878	9.949506	NaN	NaN	39.369780	0.000000
226	Spectrogram 1	1	2942.440000	2942.460000	4000.000000	18000.000000	8000.000000	Sd-peep	7.420992	13.489202	NaN	NaN	30.243241	0.000000
227	Spectrogram 1	1	2968.130000	2968.190000	4000.000000	18000.000000	8000.000000	Phee	5.973866	8.380567	NaN	NaN	30.162068	0.000000
228	Spectrogram 1	1	2978.330000	2978.440000	4000.000000	18000.000000	8000.000000	Trillphee	4.102252	10.636221	NaN	NaN	42.242050	0.000000
229	Spectrogram 1	1	3016.500000	3016.540000	4000.000000	18000.000000	8000.000000	Phee	4.933524	9.052385	NaN	NaN	53.262405	0.000000
230	Spectrogram 1	1	3059.460000	3059.500000	4000.000000	18000.000000	8000.000000	Trill	4.299892	9.130844	NaN	NaN	34.357026	0.000000
231	Spectrogram 1	1	3079.610000	3080.200000	4000.000000	18000.000000	8000.000000	Phee	5.059220	14.321260	NaN	NaN	62.404918	0.000000
232	Spectrogram 1	1	3080.700000	3080.780000	4000.000000	18000.000000	8000.000000	Trillphee	4.160860	13.953447	NaN	NaN	78.237325	0.000000
233	Spectrogram 1	1	3080.840000	3081.040000	4000.000000	18000.000000	8000.000000	Phee	6.645857	14.377848	NaN	NaN	93.962598	0.000000
234	Spectrogram 1	1	3099.960000	3100.040000	4000.000000	18000.000000	8000.000000	Phee	5.780639	8.230446	NaN	NaN	46.003873	0.000000
235	Spectrogram 1	1	3151.700000	3152.210000	4000.000000	18000.000000	8000.000000	Trill	4.394175	27.073122	NaN	NaN	118.147397	0.000000
236	Spectrogram 1	1	3152.250000	3152.490000	4000.000000	18000.000000	8000.000000	Trill	5.424192	22.566437	NaN	NaN	96.267431	0.000000
237	Spectrogram 1	1	3152.800000	3153.740000	4000.000000	18000.000000	8000.000000	Trill	5.394105	24.621523	NaN	NaN	97.543114	0.000000
238	Spectrogram 1	1	3172.960000	3173.110000	4000.000000	18000.000000	8000.000000	Phee	4.242661	8.240186	NaN	NaN	32.533947	0.000000
239	Spectrogram 1	1	3182.320000	3182.380000	4000.000000	18000.000000	8000.000000	Trill	4.553400	9.349945	NaN	NaN	40.751914	0.000000
240	Spectrogram 1	1	3185.720000	3186.120000	4000.000000	18000.000000	8000.000000	Trill	5.366406	17.702650	NaN	NaN	53.129834	0.000000
241	Spectrogram 1	1	3189.180000	3189.250000	4000.000000	18000.000000	8000.000000	Phee	4.207970	9.178583	NaN	NaN	68.326239	0.000000
242	Spectrogram 1	1	3192.780000	3193.600000	4000.000000	18000.000000	8000.000000	Trill	5.078412	23.115367	NaN	NaN	61.534740	0.000000
243	Spectrogram 1	1	3194.840000	3195.960000	4000.000000	18000.000000	8000.000000	Trill	7.576332	21.922941	NaN	NaN	61.786932	0.000000
244	Spectrogram 1	1	3202.710000	3202.740000	4000.000000	18000.000000	8000.000000	Twitter	4.223257	10.990177	NaN	NaN	40.269507	0.000000
245	Spectrogram 1	1	3203.390000	3203.480000	4000.000000	18000.000000	8000.000000	Trillphee	5.476381	11.518202	NaN	NaN	35.844192	0.000000
246	Spectrogram 1	1	3222.910000	3222.950000	4000.000000	18000.000000	8000.000000	Trill	4.300822	9.322347	NaN	NaN	35.330932	0.000000
247	Spectrogram 1	1	3242.240000	3242.470000	4000.000000	18000.000000	8000.000000	Trillphee	4.856987	9.233949	NaN	NaN	52.263127	0.000000
248	Spectrogram 1	1	3243.620000	3244.110000	4000.000000	18000.000000	8000.000000	Trill	14.461165	26.952806	NaN	NaN	86.990307	0.000000
249	Spectrogram 1	1	3271.160000	3271.180000	4000.000000	18000.000000	8000.000000	Sd-peep	4.910131	11.158002	NaN	NaN	33.326220	0.000000
250	Spectrogram 1	1	3272.950000	3274.140000	4000.000000	18000.000000	8000.000000	Trill	10.441847	30.000000	NaN	NaN	64.051795	0.000000
251	Spectrogram 1	1	3330.380000	3330.400000	4000.000000	18000.000000	8000.000000	Sd-peep	10.729385	14.445298	NaN	NaN	31.737419	0.000000
252	Spectrogram 1	1	3358.010000	3358.470000	4000.000000	18000.000000	8000.000000	Trill	12.939210	25.503844	NaN	NaN	81.352746	0.000000
253	Spectrogram 1	1	3363.080000	3363.110000	4000.000000	18000.000000	8000.000000	Twitter	5.704391	14.667671	NaN	NaN	40.596793	0.000000
254	Spectrogram 1	1	3365.700000	3366.240000	4000.000000	18000.000000	8000.000000	Phee	4.748542	14.873009	NaN	NaN	49.490655	0.000000
255	Spectrogram 1	1	3384.960000	3385.030000	4000.000000	18000.000000	8000.000000	Phee	4.021647	11.386479	NaN	NaN	55.140550	0.000000
256	Spectrogram 1	1	3446.350000	3446.430000	4000.000000	18000.000000	8000.000000	Trillphee	4.430066	17.160463	NaN	NaN	46.579743	0.000000
257	Spectrogram 1	1	3452.600000	3453.990000	4000.000000	18000.000000	8000.000000	Phee	12.352654	29.660945	NaN	NaN	79.426266	0.000000
258	Spectrogram 1	1	3454.160000	3454.210000	4000.000000	18000.000000	8000.000000	Trill	12.049896	17.853277	NaN	NaN	65.096820	0.000000
259	Spectrogram 1	1	3454.530000	3455.430000	4000.000000	18000.000000	8000.000000	Phee	13.180402	30.000000	NaN	NaN	43.489376	0.000000
260	Spectrogram 1	1	3455.700000	3456.570000	4000.000000	18000.000000	8000.000000	Phee	13.720760	30.000000	NaN	NaN	45.986287	0.000000
261	Spectrogram 1	1	3491.050000	3491.100000	4000.000000	18000.000000	8000.000000	Trill	4.613498	17.698113	NaN	NaN	97.317241	0.000000
262	Spectrogram 1	1	3491.150000	3491.430000	4000.000000	18000.000000	8000.000000	Trill	5.546262	23.782986	NaN	NaN	96.662788	0.000000
263	Spectrogram 1	1	3491.520000	3492.200000	4000.000000	18000.000000	8000.000000	Trill	5.047515	29.727117	NaN	NaN	137.040950	0.000000
264	Spectrogram 1	1	3492.250000	3492.540000	4000.000000	18000.000000	8000.000000	Trill	6.104659	24.983183	NaN	NaN	111.553225	0.000000
265	Spectrogram 1	1	3492.980000	3493.010000	4000.000000	18000.000000	8000.000000	Trill	9.787329	21.018754	NaN	NaN	128.080440	0.000000
266	Spectrogram 1	1	3509.520000	3509.540000	4000.000000	18000.000000	8000.000000	Sd-peep	4.289410	15.033291	NaN	NaN	34.857677	0.000000
267	Spectrogram 1	1	3515.970000	3516.010000	4000.000000	18000.000000	8000.000000	Twitter	4.230614	12.474378	NaN	NaN	45.358247	0.000000
268	Spectrogram 1	1	3529.830000	3530.050000	4000.000000	18000.000000	8000.000000	Phee	5.152248	13.980006	NaN	NaN	58.652888	0.000000
269	Spectrogram 1	1	3531.700000	3531.760000	4000.000000	18000.000000	8000.000000	Phee	5.721067	11.254020	NaN	NaN	49.374344	0.000000
270	Spectrogram 1	1	3543.300000	3543.540000	4000.000000	18000.000000	8000.000000	Trill	4.247843	10.515697	NaN	NaN	39.182554	0.000000
271	Spectrogram 1	1	3543.580000	3544.070000	4000.000000	18000.000000	8000.000000	Trill	4.969199	11.786130	NaN	NaN	42.933060	0.000000
272	Spectrogram 1	1	3544.800000	3545.050000	4000.000000	18000.000000	8000.000000	Trill	6.907509	16.625257	NaN	NaN	42.885086	0.000000
273	Spectrogram 1	1	3553.300000	3553.750000	4000.000000	18000.000000	8000.000000	Phee	5.170789	16.594216	NaN	NaN	82.715140	0.000000
274	Spectrogram 1	1	3568.750000	3569.830000	4000.000000	18000.000000	8000.000000	Phee	4.119941	26.074684	NaN	NaN	66.157168	0.000000
275	Spectrogram 1	1	3574.370000	3574.920000	4000.000000	18000.000000	8000.000000	Trill	9.313694	21.455697	NaN	NaN	86.769083	0.000000
276	Spectrogram 1	1	3581.690000	3582.120000	4000.000000	18000.000000	8000.000000	Trill	13.503632	25.373182	NaN	NaN	107.392798	0.000000
277	Spectrogram 1	1	3598.140000	3598.530000	4000.000000	18000.000000	8000.000000	Trill	5.302445	13.575010	NaN	NaN	42.617836	0.000000
278	Spectrogram 1	1	3598.720000	3598.790000	4000.000000	18000.000000	8000.000000	Trill	6.686655	13.461942	NaN	NaN	35.079206	0.000000
279	Spectrogram 1	1	3598.850000	3598.900000	4000.000000	18000.000000	8000.000000	Trill	5.270021	11.523819	NaN	NaN	41.611790	0.000000
280	Spectrogram 1	1	3599.070000	3599.110000	4000.000000	18000.000000	8000.000000	Trill	5.687870	10.581215	NaN	NaN	45.004247	0.000000
281	Spectrogram 1	1	3604.990000	3605.080000	4000.000000	18000.000000	8000.000000	Trill	4.418094	21.019056	NaN	NaN	102.166664	0.000000
282	Spectrogram 1	1	3605.160000	3605.950000	4000.000000	18000.000000	8000.000000	Phee	4.500686	20.343883	NaN	NaN	100.248900	0.000000
283	Spectrogram 1	1	3608.230000	3608.570000	4000.000000	18000.000000	8000.000000	Trill	5.323851	10.751040	NaN	NaN	31.377660	0.000000
284	Spectrogram 1	1	3649.000000	3649.970000	4000.000000	18000.000000	8000.000000	Trill	12.299322	27.370686	NaN	NaN	121.524688	0.000000
285	Spectrogram 1	1	3653.240000	3653.270000	4000.000000	18000.000000	8000.000000	Trill	8.292092	10.270908	NaN	NaN	37.618830	0.000000
286	Spectrogram 1	1	3653.360000	3653.380000	4000.000000	18000.000000	8000.000000	Sd-peep	7.852039	12.205700	NaN	NaN	32.928245	0.000000
287	Spectrogram 1	1	3653.790000	3653.820000	4000.000000	18000.000000	8000.000000	Trillphee	8.333396	9.627408	NaN	NaN	32.768318	0.000000
288	Spectrogram 1	1	3668.540000	3669.400000	4000.000000	18000.000000	8000.000000	Phee	8.936748	26.335427	NaN	NaN	41.336457	0.000000
289	Spectrogram 1	1	3669.690000	3670.780000	4000.000000	18000.000000	8000.000000	Phee	12.763738	29.690274	NaN	NaN	45.998540	0.000000
290	Spectrogram 1	1	3671.030000	3671.940000	4000.000000	18000.000000	8000.000000	Phee	11.444293	29.855435	NaN	NaN	39.200300	0.000000
291	Spectrogram 1	1	3672.080000	3672.980000	4000.000000	18000.000000	8000.000000	Phee	11.042599	30.000000	NaN	NaN	36.051361	0.000000
292	Spectrogram 1	1	3681.800000	3682.160000	4000.000000	18000.000000	8000.000000	Trillphee	4.928541	11.043278	NaN	NaN	69.360736	0.000000
293	Spectrogram 1	1	3683.740000	3683.830000	4000.000000	18000.000000	8000.000000	Trill	11.407586	12.435551	NaN	NaN	34.262766	0.000000
294	Spectrogram 1	1	3688.180000	3688.200000	4000.000000	18000.000000	8000.000000	Sd-peep	12.124012	11.965132	NaN	NaN	37.981315	0.000000
295	Spectrogram 1	1	3689.740000	3689.780000	4000.000000	18000.000000	8000.000000	Trill	12.755389	13.566187	NaN	NaN	41.426728	0.000000
296	Spectrogram 1	1	3710.310000	3710.350000	4000.000000	18000.000000	8000.000000	Trill	4.028297	9.294529	NaN	NaN	45.414706	0.000000
297	Spectrogram 1	1	3713.560000	3713.710000	4000.000000	18000.000000	8000.000000	Sd-peep	6.318974	24.556186	NaN	NaN	47.143904	0.000000
298	Spectrogram 1	1	3713.780000	3714.430000	4000.000000	18000.000000	8000.000000	Trill	7.132281	30.000000	NaN	NaN	96.786410	0.000000
299	Spectrogram 1	1	3714.580000	3715.250000	4000.000000	18000.000000	8000.000000	Trill	7.642946	30.000000	NaN	NaN	84.575670	0.000000
300	Spectrogram 1	1	3715.390000	3715.830000	4000.000000	18000.000000	8000.000000	Trill	7.620620	28.380611	NaN	NaN	89.762339	0.000000
301	Spectrogram 1	1	3715.930000	3716.200000	4000.000000	18000.000000	8000.000000	Trill	9.619415	24.716371	NaN	NaN	122.073688	0.000000
302	Spectrogram 1	1	3736.940000	3737.890000	4000.000000	18000.000000	8000.000000	Phee	9.593591	26.075433	NaN	NaN	34.797642	0.000000
303	Spectrogram 1	1	3738.030000	3738.910000	4000.000000	18000.000000	8000.000000	Phee	8.816225	26.807425	NaN	NaN	37.633782	0.000000
304	Spectrogram 1	1	3739.090000	3739.140000	4000.000000	18000.000000	8000.000000	Trill	8.674397	15.132909	NaN	NaN	38.677022	0.000000
305	Spectrogram 1	1	3739.430000	3740.190000	4000.000000	18000.000000	8000.000000	Phee	9.065668	26.637110	NaN	NaN	34.061018	0.000000
306	Spectrogram 1	1	3740.360000	3741.130000	4000.000000	18000.000000	8000.000000	Phee	9.001013	27.328452	NaN	NaN	37.296927	0.000000
307	Spectrogram 1	1	3741.300000	3742.050000	4000.000000	18000.000000	8000.000000	Phee	8.903285	28.753992	NaN	NaN	43.359995	0.000000
308	Spectrogram 1	1	3750.810000	3750.930000	4000.000000	18000.000000	8000.000000	Phee	5.191627	25.355768	NaN	NaN	57.524176	0.000000
309	Spectrogram 1	1	3754.050000	3754.880000	4000.000000	18000.000000	8000.000000	Phee	9.070553	27.717221	NaN	NaN	37.786636	0.000000
310	Spectrogram 1	1	3755.070000	3755.110000	4000.000000	18000.000000	8000.000000	Trill	6.949564	26.521095	NaN	NaN	102.849448	0.000000
311	Spectrogram 1	1	3755.590000	3755.680000	4000.000000	18000.000000	8000.000000	Trill	9.338984	14.963689	NaN	NaN	49.371184	0.000000
312	Spectrogram 1	1	3755.900000	3756.680000	4000.000000	18000.000000	8000.000000	Phee	8.436515	26.314593	NaN	NaN	38.855933	0.000000
313	Spectrogram 1	1	3756.790000	3756.880000	4000.000000	18000.000000	8000.000000	Trill	11.529819	21.733583	NaN	NaN	83.201665	0.000000
314	Spectrogram 1	1	3757.120000	3757.840000	4000.000000	18000.000000	8000.000000	Phee	10.371501	29.903746	NaN	NaN	41.494086	0.000000
315	Spectrogram 1	1	3758.080000	3758.820000	4000.000000	18000.000000	8000.000000	Phee	9.410260	27.549103	NaN	NaN	34.267552	0.000000
316	Spectrogram 1	1	3758.950000	3759.690000	4000.000000	18000.000000	8000.000000	Phee	8.809771	28.828051	NaN	NaN	39.715990	0.000000
317	Spectrogram 1	1	3759.960000	3760.740000	4000.000000	18000.000000	8000.000000	Phee	9.426014	30.000000	NaN	NaN	43.244200	0.000000
318	Spectrogram 1	1	3761.720000	3761.800000	4000.000000	18000.000000	8000.000000	Phee	4.029563	8.286357	NaN	NaN	55.281678	0.000000
319	Spectrogram 1	1	3779.160000	3779.980000	4000.000000	18000.000000	8000.000000	Phee	12.108504	29.657306	NaN	NaN	34.583841	0.000000
320	Spectrogram 1	1	3780.150000	3780.970000	4000.000000	18000.000000	8000.000000	Phee	10.736749	27.785656	NaN	NaN	31.376928	0.000000
321	Spectrogram 1	1	3781.060000	3781.920000	4000.000000	18000.000000	8000.000000	Phee	10.419189	28.906977	NaN	NaN	40.680764	0.000000
322	Spectrogram 1	1	3782.350000	3783.190000	4000.000000	18000.000000	8000.000000	Phee	8.603041	27.406753	NaN	NaN	44.615039	0.000000
323	Spectrogram 1	1	3791.040000	3791.090000	4000.000000	18000.000000	8000.000000	Trill	4.422839	12.390288	NaN	NaN	47.747311	0.000000
324	Spectrogram 1	1	3791.170000	3791.200000	4000.000000	18000.000000	8000.000000	Trill	5.440784	12.333043	NaN	NaN	49.252496	0.000000
325	Spectrogram 1	1	3819.660000	3819.730000	4000.000000	18000.000000	8000.000000	Trill	4.942875	11.575124	NaN	NaN	37.807981	0.000000
326	Spectrogram 1	1	3865.860000	3866.250000	4000.000000	18000.000000	8000.000000	Trill	5.324121	19.841923	NaN	NaN	105.936627	0.000000
327	Spectrogram 1	1	3866.910000	3867.450000	4000.000000	18000.000000	8000.000000	Trill	4.248282	24.503693	NaN	NaN	122.532941	0.000000
328	Spectrogram 1	1	3867.840000	3869.060000	4000.000000	18000.000000	8000.000000	Trill	5.013684	25.474668	NaN	NaN	101.052320	0.000000
329	Spectrogram 1	1	3870.580000	3870.650000	4000.000000	18000.000000	8000.000000	Trillphee	4.602433	6.503642	NaN	NaN	38.783703	0.000000
330	Spectrogram 1	1	3889.350000	3890.090000	4000.000000	18000.000000	8000.000000	Trill	11.620641	26.272049	NaN	NaN	98.130784	0.000000
331	Spectrogram 1	1	3917.840000	3917.870000	4000.000000	18000.000000	8000.000000	Phee	5.030158	8.592040	NaN	NaN	59.088026	0.000000
332	Spectrogram 1	1	3923.440000	3924.510000	4000.000000	18000.000000	8000.000000	Phee	12.922044	30.000000	NaN	NaN	28.944890	0.000000
333	Spectrogram 1	1	3924.660000	3925.620000	4000.000000	18000.000000	8000.000000	Phee	13.137997	30.000000	NaN	NaN	28.971895	0.000000
334	Spectrogram 1	1	3925.760000	3926.640000	4000.000000	18000.000000	8000.000000	Phee	12.457597	30.000000	NaN	NaN	45.620315	0.000000
335	Spectrogram 1	1	3926.820000	3927.660000	4000.000000	18000.000000	8000.000000	Phee	12.144422	30.000000	NaN	NaN	46.646527	0.000000
336	Spectrogram 1	1	3948.930000	3948.980000	4000.000000	18000.000000	8000.000000	Trill	4.076729	8.687409	NaN	NaN	73.174704	0.000000
337	Spectrogram 1	1	3960.440000	3960.460000	4000.000000	18000.000000	8000.000000	Sd-peep	9.326622	11.379750	NaN	NaN	29.994700	0.000000
338	Spectrogram 1	1	3992.270000	3993.240000	4000.000000	18000.000000	8000.000000	Phee	4.535971	25.080348	NaN	NaN	42.056962	0.000000
339	Spectrogram 1	1	3993.780000	3994.660000	4000.000000	18000.000000	8000.000000	Phee	6.500378	28.726701	NaN	NaN	39.436201	0.000000
340	Spectrogram 1	1	3994.880000	3995.730000	4000.000000	18000.000000	8000.000000	Phee	4.768452	27.827304	NaN	NaN	40.114353	0.000000
341	Spectrogram 1	1	3996.070000	3996.950000	4000.000000	18000.000000	8000.000000	Phee	5.962344	27.856148	NaN	NaN	45.519846	0.000000
342	Spectrogram 1	1	4005.040000	4005.070000	4000.000000	18000.000000	8000.000000	Sd-peep	9.949544	12.231094	NaN	NaN	33.782638	0.000000
343	Spectrogram 1	1	4022.630000	4022.660000	4000.000000	18000.000000	8000.000000	Twitter	5.179616	16.165404	NaN	NaN	49.853933	0.000000
344	Spectrogram 1	1	4059.330000	4059.350000	4000.000000	18000.000000	8000.000000	Sd-peep	10.286336	9.724519	NaN	NaN	35.039477	0.000000
345	Spectrogram 1	1	4059.900000	4059.960000	4000.000000	18000.000000	8000.000000	Phee	5.788649	9.352585	NaN	NaN	33.477593	0.000000
346	Spectrogram 1	1	4067.530000	4068.540000	4000.000000	18000.000000	8000.000000	Phee	6.942138	28.367812	NaN	NaN	44.888595	0.000000
347	Spectrogram 1	1	4068.780000	4069.770000	4000.000000	18000.000000	8000.000000	Phee	6.107366	27.221174	NaN	NaN	45.782618	0.000000
348	Spectrogram 1	1	4070.030000	4070.920000	4000.000000	18000.000000	8000.000000	Phee	5.779130	28.994142	NaN	NaN	49.826839	0.000000
349	Spectrogram 1	1	4071.170000	4072.020000	4000.000000	18000.000000	8000.000000	Phee	5.834158	30.000000	NaN	NaN	53.940590	0.000000
350	Spectrogram 1	1	4079.240000	4079.980000	4000.000000	18000.000000	8000.000000	Phee	5.919218	29.445658	NaN	NaN	38.805074	0.000000
351	Spectrogram 1	1	4080.040000	4080.070000	4000.000000	18000.000000	8000.000000	Phee	7.815552	18.317161	NaN	NaN	87.793806	0.000000
352	Spectrogram 1	1	4080.120000	4080.200000	4000.000000	18000.000000	8000.000000	Trill	5.695093	19.459927	NaN	NaN	99.706063	0.000000
353	Spectrogram 1	1	4080.520000	4081.350000	4000.000000	18000.000000	8000.000000	Phee	5.543030	26.771965	NaN	NaN	41.842243	0.000000
354	Spectrogram 1	1	4081.770000	4082.560000	4000.000000	18000.000000	8000.000000	Phee	5.719827	25.415364	NaN	NaN	39.014050	0.000000
355	Spectrogram 1	1	4082.800000	4083.540000	4000.000000	18000.000000	8000.000000	Phee	6.284229	27.307260	NaN	NaN	40.742892	0.000000
356	Spectrogram 1	1	4083.760000	4084.590000	4000.000000	18000.000000	8000.000000	Phee	5.362892	27.611806	NaN	NaN	44.874455	0.000000
357	Spectrogram 1	1	4106.450000	4106.530000	4000.000000	18000.000000	8000.000000	Trill	4.293950	9.495734	NaN	NaN	40.495925	0.000000
358	Spectrogram 1	1	4107.940000	4107.970000	4000.000000	18000.000000	8000.000000	Trill	11.128076	13.125502	NaN	NaN	31.309646	0.000000
359	Spectrogram 1	1	4108.080000	4108.120000	4000.000000	18000.000000	8000.000000	Trill	11.430050	12.672304	NaN	NaN	29.178379	0.000000
360	Spectrogram 1	1	4109.910000	4109.940000	4000.000000	18000.000000	8000.000000	Trill	4.466228	11.036841	NaN	NaN	31.426165	0.000000
361	Spectrogram 1	1	4120.340000	4120.590000	4000.000000	18000.000000	8000.000000	Phee	4.005677	12.353229	NaN	NaN	78.335684	0.000000
362	Spectrogram 1	1	4129.300000	4129.380000	4000.000000	18000.000000	8000.000000	Phee	4.181717	8.047743	NaN	NaN	42.279674	0.000000
363	Spectrogram 1	1	4130.110000	4130.130000	4000.000000	18000.000000	8000.000000	Sd-peep	4.950994	7.737946	NaN	NaN	43.405857	0.000000
364	Spectrogram 1	1	4130.930000	4130.960000	4000.000000	18000.000000	8000.000000	Sd-peep	4.764847	13.489768	NaN	NaN	37.568816	0.000000
365	Spectrogram 1	1	4144.010000	4144.730000	4000.000000	18000.000000	8000.000000	Trillphee	5.207100	22.464119	NaN	NaN	79.256586	0.000000
366	Spectrogram 1	1	4144.790000	4145.020000	4000.000000	18000.000000	8000.000000	Phee	4.385581	20.417564	NaN	NaN	62.738326	0.000000
367	Spectrogram 1	1	4178.240000	4178.360000	4000.000000	18000.000000	8000.000000	Trill	6.385476	11.743995	NaN	NaN	31.310765	0.000000
368	Spectrogram 1	1	4185.100000	4185.950000	4000.000000	18000.000000	8000.000000	Trill	5.228429	21.782532	NaN	NaN	82.641013	0.000000
369	Spectrogram 1	1	4209.220000	4209.640000	4000.000000	18000.000000	8000.000000	Trill	5.449678	10.693563	NaN	NaN	43.223352	0.000000
370	Spectrogram 1	1	4212.190000	4212.240000	4000.000000	18000.000000	8000.000000	Phee	4.828908	6.435614	NaN	NaN	38.600592	0.000000
371	Spectrogram 1	1	4212.340000	4213.150000	4000.000000	18000.000000	8000.000000	Trill	4.953898	11.750878	NaN	NaN	42.270124	0.000000
372	Spectrogram 1	1	4214.810000	4214.860000	4000.000000	18000.000000	8000.000000	Trill	5.899235	9.595480	NaN	NaN	42.090011	0.000000
373	Spectrogram 1	1	4214.960000	4215.000000	4000.000000	18000.000000	8000.000000	Trill	4.684013	7.784681	NaN	NaN	33.611548	0.000000
374	Spectrogram 1	1	4215.090000	4215.120000	4000.000000	18000.000000	8000.000000	Trill	4.184802	6.902927	NaN	NaN	32.638357	0.000000
375	Spectrogram 1	1	4217.930000	4218.010000	4000.000000	18000.000000	8000.000000	Trill	4.868789	10.858430	NaN	NaN	34.353934	0.000000
376	Spectrogram 1	1	4227.330000	4227.920000	4000.000000	18000.000000	8000.000000	Trill	4.555543	14.024437	NaN	NaN	56.877254	0.000000
377	Spectrogram 1	1	4259.360000	4259.730000	4000.000000	18000.000000	8000.000000	Trill	14.531355	27.787016	NaN	NaN	92.332847	0.000000
378	Spectrogram 1	1	4268.100000	4268.240000	4000.000000	18000.000000	8000.000000	Trillphee	4.211219	13.406388	NaN	NaN	48.712392	0.000000
379	Spectrogram 1	1	4275.940000	4275.970000	4000.000000	18000.000000	8000.000000	Trill	9.829816	14.702408	NaN	NaN	30.646857	0.000000
380	Spectrogram 1	1	4314.670000	4314.700000	4000.000000	18000.000000	8000.000000	Trill	4.069349	7.696475	NaN	NaN	43.282694	0.000000
381	Spectrogram 1	1	4315.140000	4315.570000	4000.000000	18000.000000	8000.000000	Trill	4.157993	8.963921	NaN	NaN	45.819075	0.000000
382	Spectrogram 1	1	4315.610000	4315.700000	4000.000000	18000.000000	8000.000000	Trill	4.057400	8.664730	NaN	NaN	52.075970	0.000000
383	Spectrogram 1	1	4329.340000	4329.850000	4000.000000	18000.000000	8000.000000	Trill	16.029450	27.807655	NaN	NaN	116.432102	0.000000
