Selection	View	Channel	Begin Time (s)	End Time (s)	Low Freq (Hz)	High Freq (Hz)	Max Freq (Hz)	Call Type	Energy Diff	Energy Par	Energy Diff (wl)	Energy Par (wl)	AHR	Exception
1	Spectrogram 1	4	7.900000	8.070000	4000.000000	18000.000000	8000.000000	Trill	4.135992	6.971963	7.310932	11.146733	46.774518	0.000000
2	Spectrogram 1	5	77.330000	77.520000	4000.000000	18000.000000	8000.000000	Trill	4.914117	7.587215	-3.660211	5.857811	36.640189	0.000000
3	Spectrogram 1	5	100.150000	100.600000	4000.000000	18000.000000	8000.000000	Trill	5.442793	8.773307	-2.624633	4.871631	45.635995	0.000000
4	Spectrogram 1	4	107.080000	107.490000	4000.000000	18000.000000	8000.000000	Trill	4.656550	6.609309	3.573452	6.473794	48.018650	0.000000
5	Spectrogram 1	5	107.990000	108.310000	4000.000000	18000.000000	8000.000000	Trill	5.774244	7.586721	-4.672304	6.634161	38.711351	0.000000
6	Spectrogram 1	4	110.000000	110.340000	4000.000000	18000.000000	8000.000000	Trill	6.380015	9.427024	4.507295	7.908356	62.048324	0.000000
7	Spectrogram 1	5	143.570000	143.650000	4000.000000	18000.000000	8000.000000	Trill	5.736503	9.654650	-3.715276	6.549009	52.467554	0.000000
8	Spectrogram 1	5	143.720000	143.750000	4000.000000	18000.000000	8000.000000	P-peep	6.651883	9.813546	-1.746010	5.244961	65.397010	0.000000
9	Spectrogram 1	5	159.400000	159.500000	4000.000000	18000.000000	8000.000000	Trill	3.631450	5.695261	-4.138875	5.800849	35.805630	0.000000
10	Spectrogram 1	4	163.390000	163.510000	4000.000000	18000.000000	8000.000000	Trill	4.271763	8.826451	4.253691	6.202377	47.403992	0.000000
11	Spectrogram 1	4	230.300000	230.690000	4000.000000	18000.000000	8000.000000	Trill	8.608236	9.260946	1.455209	3.665887	65.487268	0.000000
12	Spectrogram 1	5	255.150000	255.390000	4000.000000	18000.000000	8000.000000	Trill	4.347004	6.893316	-2.967883	5.365973	44.963514	0.000000
13	Spectrogram 1	4	284.900000	284.970000	4000.000000	18000.000000	8000.000000	Trill	5.539363	8.358433	13.026570	15.908069	48.416525	0.000000
14	Spectrogram 1	4	285.010000	285.140000	4000.000000	18000.000000	8000.000000	Trill	3.553378	6.335796	10.846873	13.363286	49.803682	0.000000
15	Spectrogram 1	5	325.960000	326.020000	4000.000000	18000.000000	8000.000000	Trill	4.028490	5.304269	-1.953047	4.861244	42.355704	0.000000
16	Spectrogram 1	5	351.960000	352.020000	4000.000000	18000.000000	8000.000000	Trill	4.913055	8.545174	-1.320495	5.706517	49.726233	0.000000
17	Spectrogram 1	5	553.910000	553.980000	4000.000000	18000.000000	8000.000000	Trill	8.439542	10.569201	-4.822801	8.766060	67.222021	0.000000
18	Spectrogram 1	5	554.060000	554.120000	4000.000000	18000.000000	8000.000000	Trill	6.417539	6.868964	-4.267212	7.142289	46.304232	0.000000
19	Spectrogram 1	5	554.270000	554.390000	4000.000000	18000.000000	8000.000000	Trill	9.267610	12.239466	-4.499472	9.350202	78.880802	0.000000
20	Spectrogram 1	5	554.480000	554.560000	4000.000000	18000.000000	8000.000000	Trill	8.933701	9.906556	-1.957278	4.411183	70.614471	0.000000
21	Spectrogram 1	5	554.660000	554.730000	4000.000000	18000.000000	8000.000000	Trill	7.859389	8.989683	-2.180649	4.551342	57.343238	0.000000
22	Spectrogram 1	4	559.310000	559.670000	4000.000000	18000.000000	8000.000000	Trill	7.200411	11.572854	5.511987	10.260199	73.387067	0.000000
23	Spectrogram 1	4	652.400000	652.640000	4000.000000	18000.000000	8000.000000	Trill	4.146147	5.873684	5.479090	7.302375	45.432217	0.000000
24	Spectrogram 1	4	672.320000	672.800000	4000.000000	18000.000000	8000.000000	Trill	6.566811	10.710796	5.541377	10.359023	65.826380	0.000000
25	Spectrogram 1	5	677.040000	677.090000	4000.000000	18000.000000	8000.000000	Sd-peep	8.679732	7.892449	-3.667113	3.431748	29.383055	0.000000
26	Spectrogram 1	5	677.750000	677.820000	4000.000000	18000.000000	8000.000000	Trill	7.181543	10.582658	-0.330235	-4.138081	28.385571	1.000000
27	Spectrogram 1	5	686.910000	686.950000	4000.000000	18000.000000	8000.000000	Trill	8.994356	11.220965	-1.633016	3.696200	85.782119	0.000000
28	Spectrogram 1	5	691.490000	691.580000	4000.000000	18000.000000	8000.000000	Trill	9.945446	12.130605	-2.333435	4.323285	66.874373	0.000000
29	Spectrogram 1	4	768.210000	768.320000	4000.000000	18000.000000	8000.000000	Trillphee	8.832292	9.962096	0.767285	-1.451374	30.057934	1.000000
30	Spectrogram 1	4	824.490000	824.520000	4000.000000	18000.000000	8000.000000	Tse	10.903619	10.610304	4.200574	0.098751	29.018880	1.000000
31	Spectrogram 1	4	961.660000	961.990000	4000.000000	18000.000000	8000.000000	Trill	9.803334	12.468990	6.509095	11.626126	86.677176	0.000000
32	Spectrogram 1	4	963.350000	963.450000	4000.000000	18000.000000	8000.000000	Trill	6.103294	5.820940	5.883114	7.782630	40.556183	0.000000
33	Spectrogram 1	5	968.420000	968.490000	4000.000000	18000.000000	8000.000000	Trill	7.231736	11.938048	-4.661889	14.931195	72.824168	0.000000
34	Spectrogram 1	5	968.540000	968.770000	4000.000000	18000.000000	8000.000000	Trill	4.387312	6.504121	-3.088321	6.354490	43.311833	0.000000
35	Spectrogram 1	5	968.880000	968.920000	4000.000000	18000.000000	8000.000000	Trill	3.228006	4.205822	-5.161696	8.339944	41.401512	0.000000
36	Spectrogram 1	4	1045.580000	1045.680000	4000.000000	18000.000000	8000.000000	Trill	10.861218	11.490122	0.526088	3.490575	70.769734	1.000000
37	Spectrogram 1	4	1047.760000	1047.790000	4000.000000	18000.000000	8000.000000	Twitter	11.805299	18.759105	4.569668	10.868896	87.526253	0.000000
38	Spectrogram 1	5	1137.400000	1137.890000	4000.000000	18000.000000	8000.000000	Trill	2.730287	6.523338	-3.939419	5.359180	38.579407	0.000000
39	Spectrogram 1	4	1180.900000	1181.360000	4000.000000	18000.000000	8000.000000	Trill	4.423850	10.149241	4.148261	9.124972	61.839741	0.000000
40	Spectrogram 1	4	1251.300000	1251.620000	4000.000000	18000.000000	8000.000000	Trill	9.584844	11.964188	1.893962	6.356651	87.896566	0.000000
41	Spectrogram 1	5	1251.660000	1251.770000	4000.000000	18000.000000	8000.000000	Trill	7.960823	9.937887	-0.471932	2.739361	79.290973	1.000000
42	Spectrogram 1	5	1255.140000	1255.190000	4000.000000	18000.000000	8000.000000	Phee	5.559820	21.530769	-2.255491	5.311754	115.800702	0.000000
43	Spectrogram 1	5	1260.720000	1260.880000	4000.000000	18000.000000	8000.000000	Phee	1.772117	23.267519	-2.186673	9.898970	84.428231	0.000000
44	Spectrogram 1	5	1274.560000	1274.790000	4000.000000	18000.000000	8000.000000	Trill	4.408321	7.573883	-6.616470	8.488143	37.862960	0.000000
45	Spectrogram 1	5	1290.520000	1290.570000	4000.000000	18000.000000	8000.000000	Trill	7.930248	9.054432	-3.684049	7.697613	54.406809	0.000000
46	Spectrogram 1	5	1378.360000	1378.440000	4000.000000	18000.000000	8000.000000	Trill	9.097175	11.235203	-0.732926	3.551704	58.752549	1.000000
47	Spectrogram 1	4	1378.900000	1378.990000	4000.000000	18000.000000	8000.000000	Trill	7.775107	10.201416	0.635524	3.102716	82.900355	1.000000
48	Spectrogram 1	5	1395.700000	1395.790000	4000.000000	18000.000000	8000.000000	Trill	5.720607	9.049795	-2.588262	8.824179	73.920729	0.000000
49	Spectrogram 1	5	1396.710000	1396.970000	4000.000000	18000.000000	8000.000000	Trillphee	6.537052	9.973506	-2.174243	4.855520	86.185769	0.000000
50	Spectrogram 1	4	1410.580000	1411.060000	4000.000000	18000.000000	8000.000000	Phee	8.505484	17.146297	2.751630	7.288552	123.495598	0.000000
51	Spectrogram 1	4	1411.210000	1411.940000	4000.000000	18000.000000	8000.000000	Trillphee	8.533052	17.233385	2.512988	6.983389	123.268142	0.000000
52	Spectrogram 1	4	1412.110000	1412.450000	4000.000000	18000.000000	8000.000000	Trillphee	7.059751	13.169536	1.155504	5.019106	98.894158	0.000000
53	Spectrogram 1	5	1420.790000	1420.850000	4000.000000	18000.000000	8000.000000	Trill	6.521349	11.223350	-13.527183	18.214096	60.605458	0.000000
54	Spectrogram 1	5	1420.890000	1420.990000	4000.000000	18000.000000	8000.000000	Trill	4.970386	11.888011	-10.151577	16.643084	56.548221	0.000000
55	Spectrogram 1	5	1421.060000	1421.090000	4000.000000	18000.000000	8000.000000	Trill	6.809701	11.391133	-11.745135	15.839251	68.916237	0.000000
56	Spectrogram 1	4	1421.490000	1421.570000	4000.000000	18000.000000	8000.000000	Trill	6.476702	10.299898	5.378231	11.489637	69.750038	0.000000
57	Spectrogram 1	5	1425.150000	1425.220000	4000.000000	18000.000000	8000.000000	Trill	7.445741	11.889572	-15.955404	17.892911	59.947582	0.000000
58	Spectrogram 1	5	1425.280000	1425.590000	4000.000000	18000.000000	8000.000000	Trill	4.459537	8.092133	-14.311932	16.383032	49.240912	0.000000
59	Spectrogram 1	4	1426.270000	1426.290000	4000.000000	18000.000000	8000.000000	Tse	10.502714	17.161343	2.415867	8.274796	68.957338	0.000000
60	Spectrogram 1	4	1426.380000	1426.410000	4000.000000	18000.000000	8000.000000	Twitter	7.277191	12.987960	0.362262	7.219341	53.086679	1.000000
61	Spectrogram 1	4	1426.480000	1426.520000	4000.000000	18000.000000	8000.000000	Twitter	8.115180	14.865155	2.311432	9.435300	64.477610	0.000000
62	Spectrogram 1	4	1426.590000	1426.620000	4000.000000	18000.000000	8000.000000	Twitter	9.121723	16.207357	2.936311	10.677823	57.978090	0.000000
63	Spectrogram 1	5	1450.880000	1450.920000	4000.000000	18000.000000	8000.000000	Trill	12.499677	12.430290	-1.456495	0.185301	32.370005	1.000000
64	Spectrogram 1	5	1469.620000	1469.650000	4000.000000	18000.000000	8000.000000	Trill	10.660252	11.864399	-1.359470	-0.177523	30.333983	1.000000
65	Spectrogram 1	5	1470.010000	1470.040000	4000.000000	18000.000000	8000.000000	Tse	8.077540	7.835888	-3.221215	1.314335	30.463125	0.000000
66	Spectrogram 1	4	1544.900000	1544.950000	4000.000000	18000.000000	8000.000000	Phee	1.501167	22.660708	2.507747	7.145447	64.517828	2.000000
67	Spectrogram 1	4	1545.180000	1545.240000	4000.000000	18000.000000	8000.000000	Phee	4.235074	24.649071	4.105868	14.120081	95.394335	0.000000
68	Spectrogram 1	4	1604.110000	1604.150000	4000.000000	18000.000000	8000.000000	Trill	8.733661	12.042207	4.434303	6.870321	54.643270	0.000000
69	Spectrogram 1	5	1638.350000	1639.420000	4000.000000	18000.000000	8000.000000	Phee	0.164704	20.858199	-2.394031	8.904804	75.181563	2.000000
70	Spectrogram 1	5	1640.010000	1640.060000	4000.000000	18000.000000	8000.000000	Phee	-2.585800	15.252124	-4.113927	7.732872	38.324060	2.000000
71	Spectrogram 1	5	1640.140000	1640.250000	4000.000000	18000.000000	8000.000000	Phee	-4.205668	16.513748	-3.139315	5.532179	40.939619	2.000000
72	Spectrogram 1	5	1641.130000	1641.260000	4000.000000	18000.000000	8000.000000	Trill	8.116027	13.638129	-0.868015	6.475112	79.753758	0.000000
73	Spectrogram 1	4	1641.550000	1641.580000	4000.000000	18000.000000	8000.000000	Twitter	13.946573	22.297796	1.053320	14.075306	59.234671	0.000000
74	Spectrogram 1	4	1641.650000	1641.690000	4000.000000	18000.000000	8000.000000	Twitter	8.930204	18.568401	2.238585	12.849342	52.270254	0.000000
75	Spectrogram 1	4	1641.770000	1641.800000	4000.000000	18000.000000	8000.000000	Twitter	12.207562	21.010386	3.016900	16.179000	56.094051	0.000000
76	Spectrogram 1	4	1641.880000	1641.900000	4000.000000	18000.000000	8000.000000	Twitter	14.573839	22.355966	5.600581	20.950618	56.374406	0.000000
77	Spectrogram 1	4	1641.970000	1642.010000	4000.000000	18000.000000	8000.000000	Twitter	9.097150	19.401976	3.833224	14.187776	67.436782	0.000000
78	Spectrogram 1	4	1642.070000	1642.110000	4000.000000	18000.000000	8000.000000	Twitter	7.834979	17.766817	3.619042	9.254636	83.908558	0.000000
79	Spectrogram 1	4	1642.170000	1642.210000	4000.000000	18000.000000	8000.000000	Trill	6.473178	14.186994	2.078221	5.756969	87.593503	0.000000
80	Spectrogram 1	5	1715.940000	1715.990000	4000.000000	18000.000000	8000.000000	Trill	8.946223	12.745214	-3.788805	8.935338	69.011438	0.000000
81	Spectrogram 1	5	1716.300000	1716.390000	4000.000000	18000.000000	8000.000000	Trill	6.874912	8.719904	-1.025043	3.802332	58.454484	0.000000
82	Spectrogram 1	4	1719.870000	1719.980000	4000.000000	18000.000000	8000.000000	Trill	9.189245	13.907484	4.679281	12.509881	80.069924	0.000000
83	Spectrogram 1	4	1720.010000	1720.220000	4000.000000	18000.000000	8000.000000	Trill	7.107356	13.366058	6.407283	6.979006	67.709590	0.000000
84	Spectrogram 1	4	1720.290000	1720.360000	4000.000000	18000.000000	8000.000000	Trill	7.014918	10.007326	4.703724	8.818112	78.311025	0.000000
85	Spectrogram 1	5	1735.310000	1735.880000	4000.000000	18000.000000	8000.000000	Phee	-0.960424	19.250220	-1.745941	8.807770	67.230832	2.000000
86	Spectrogram 1	4	1737.170000	1737.200000	4000.000000	18000.000000	8000.000000	Twitter	9.796215	20.324665	5.278705	14.878446	52.853848	0.000000
87	Spectrogram 1	4	1737.290000	1737.310000	4000.000000	18000.000000	8000.000000	Twitter	11.200140	20.995784	9.972836	21.181874	45.000925	0.000000
88	Spectrogram 1	4	1737.510000	1737.540000	4000.000000	18000.000000	8000.000000	Twitter	9.529688	19.173144	6.798212	18.692561	48.517834	0.000000
89	Spectrogram 1	4	1737.620000	1737.650000	4000.000000	18000.000000	8000.000000	Twitter	10.603191	20.249805	5.738303	18.734313	49.665590	0.000000
90	Spectrogram 1	4	1737.730000	1737.760000	4000.000000	18000.000000	8000.000000	Twitter	10.422702	20.839275	5.534798	19.944929	47.944794	0.000000
91	Spectrogram 1	4	1737.950000	1737.970000	4000.000000	18000.000000	8000.000000	Twitter	12.791623	23.238773	8.758969	24.051974	53.645773	0.000000
92	Spectrogram 1	4	1738.050000	1738.080000	4000.000000	18000.000000	8000.000000	Twitter	10.791658	21.276626	8.304836	20.955042	48.635283	0.000000
93	Spectrogram 1	4	1738.150000	1738.180000	4000.000000	18000.000000	8000.000000	Twitter	9.668253	21.018079	8.721018	21.512247	43.217905	0.000000
94	Spectrogram 1	4	1738.360000	1738.380000	4000.000000	18000.000000	8000.000000	Twitter	6.444471	16.563859	2.015214	8.279568	51.258745	0.000000
95	Spectrogram 1	4	1739.860000	1740.220000	4000.000000	18000.000000	8000.000000	Trill	8.172896	11.798001	2.492506	9.003114	71.827263	0.000000
96	Spectrogram 1	4	1743.500000	1743.940000	4000.000000	18000.000000	8000.000000	Trill	7.325830	12.618349	10.050815	16.062501	76.238052	0.000000
97	Spectrogram 1	4	1755.910000	1755.950000	4000.000000	18000.000000	8000.000000	Trill	10.672467	10.072060	2.699001	0.491087	31.723931	1.000000
98	Spectrogram 1	5	1762.660000	1762.700000	4000.000000	18000.000000	8000.000000	Trill	9.801787	9.991665	-2.159091	0.091776	35.434107	1.000000
99	Spectrogram 1	4	1770.280000	1770.490000	4000.000000	18000.000000	8000.000000	Trill	3.158581	5.561766	11.036869	14.815514	37.823637	0.000000
100	Spectrogram 1	4	1771.840000	1771.870000	4000.000000	18000.000000	8000.000000	Twitter	7.339087	15.700823	13.059170	16.172208	57.395081	0.000000
101	Spectrogram 1	4	1771.940000	1771.970000	4000.000000	18000.000000	8000.000000	Twitter	9.832441	17.849192	11.249095	15.080124	66.648109	0.000000
102	Spectrogram 1	4	1772.120000	1772.160000	4000.000000	18000.000000	8000.000000	Trill	5.609769	10.200434	3.917284	6.167153	60.925226	0.000000
103	Spectrogram 1	4	1775.910000	1775.970000	4000.000000	18000.000000	8000.000000	Trill	8.946737	11.067298	0.691594	1.471568	30.303676	1.000000
104	Spectrogram 1	4	1778.600000	1778.670000	4000.000000	18000.000000	8000.000000	Trill	7.202746	7.152137	6.155647	9.007528	42.621360	0.000000
105	Spectrogram 1	4	1791.400000	1791.520000	4000.000000	18000.000000	8000.000000	Trill	7.940720	12.839857	8.293487	9.801904	67.781652	0.000000
106	Spectrogram 1	4	1791.820000	1791.840000	4000.000000	18000.000000	8000.000000	Twitter	12.227380	20.355066	5.177556	16.960064	64.435216	0.000000
107	Spectrogram 1	4	1791.920000	1791.950000	4000.000000	18000.000000	8000.000000	Twitter	9.592784	18.350883	8.275355	15.289696	66.867148	0.000000
108	Spectrogram 1	4	1792.020000	1792.050000	4000.000000	18000.000000	8000.000000	Twitter	7.203931	15.086737	1.783099	7.509162	65.006934	0.000000
109	Spectrogram 1	4	1802.930000	1802.980000	4000.000000	18000.000000	8000.000000	Trill	12.070024	13.808624	0.645069	2.518126	28.053493	1.000000
110	Spectrogram 1	5	1812.840000	1812.880000	4000.000000	18000.000000	8000.000000	Trill	8.910737	10.891561	-0.479750	2.363887	28.322098	1.000000
111	Spectrogram 1	4	1818.770000	1818.790000	4000.000000	18000.000000	8000.000000	Twitter	10.851531	20.749319	12.876750	19.329405	54.065341	0.000000
112	Spectrogram 1	4	1818.880000	1818.900000	4000.000000	18000.000000	8000.000000	Twitter	12.017881	19.799684	14.948215	22.021866	61.110595	0.000000
113	Spectrogram 1	4	1819.200000	1819.220000	4000.000000	18000.000000	8000.000000	Twitter	12.598379	22.356886	15.414950	23.968748	61.818982	0.000000
114	Spectrogram 1	4	1819.390000	1819.520000	4000.000000	18000.000000	8000.000000	Trill	3.517948	8.344206	3.180403	3.513585	39.054704	0.000000
115	Spectrogram 1	4	1819.660000	1819.890000	4000.000000	18000.000000	8000.000000	Trill	3.537929	11.739602	8.861217	13.418616	42.311651	0.000000
116	Spectrogram 1	4	1886.480000	1886.540000	4000.000000	18000.000000	8000.000000	Trill	8.391365	12.488625	3.944828	2.043237	28.865125	0.000000
117	Spectrogram 1	5	1888.780000	1889.900000	4000.000000	18000.000000	8000.000000	Phee	3.198867	27.011934	-0.954509	12.568051	94.590926	0.000000
118	Spectrogram 1	4	1890.070000	1890.130000	4000.000000	18000.000000	8000.000000	Trill	-0.288694	11.457272	4.109305	9.516485	31.150842	2.000000
119	Spectrogram 1	4	1906.300000	1906.670000	4000.000000	18000.000000	8000.000000	Trill	2.286756	8.008441	7.364048	11.235823	47.179797	0.000000
120	Spectrogram 1	4	1924.520000	1924.560000	4000.000000	18000.000000	8000.000000	Sd-peep	7.496263	9.016240	3.803424	1.912270	30.328502	0.000000
121	Spectrogram 1	5	1961.450000	1961.490000	4000.000000	18000.000000	8000.000000	Trill	9.982074	10.542860	-0.733204	-2.648809	29.209251	1.000000
122	Spectrogram 1	5	1961.650000	1961.700000	4000.000000	18000.000000	8000.000000	Trill	11.645952	12.143658	-0.017424	0.219588	29.058748	1.000000
123	Spectrogram 1	5	1983.900000	1983.970000	4000.000000	18000.000000	8000.000000	Trill	6.159032	11.955128	-7.663837	10.773759	55.530276	0.000000
124	Spectrogram 1	4	1995.270000	1995.330000	4000.000000	18000.000000	8000.000000	Trillphee	7.929976	11.053633	1.510900	1.664739	35.802770	1.000000
125	Spectrogram 1	5	2012.030000	2012.140000	4000.000000	18000.000000	8000.000000	Sd-peep	7.295364	9.851619	-0.358738	1.987800	32.206342	1.000000
126	Spectrogram 1	5	2131.490000	2131.540000	4000.000000	18000.000000	8000.000000	Trill	5.719964	10.524892	-3.860933	1.828858	33.109266	0.000000
127	Spectrogram 1	5	2133.910000	2133.940000	4000.000000	18000.000000	8000.000000	Tse	3.292639	14.383752	-2.842123	4.828486	70.628468	0.000000
128	Spectrogram 1	5	2143.400000	2143.650000	4000.000000	18000.000000	8000.000000	Trill	4.820932	6.737748	-5.684572	8.839590	45.859492	0.000000
129	Spectrogram 1	4	2153.170000	2153.230000	4000.000000	18000.000000	8000.000000	Trill	7.946504	10.443569	3.278477	2.791117	28.232477	0.000000
130	Spectrogram 1	4	2159.080000	2159.110000	4000.000000	18000.000000	8000.000000	Tse	9.840113	10.080042	2.825833	2.106613	33.204887	0.000000
131	Spectrogram 1	5	2190.330000	2190.550000	4000.000000	18000.000000	8000.000000	Sd-peep	4.344268	6.778014	-3.786757	6.148099	37.579981	0.000000
132	Spectrogram 1	5	2196.910000	2197.000000	4000.000000	18000.000000	8000.000000	Trill	4.217497	8.106079	-3.921273	6.782242	40.608633	0.000000
133	Spectrogram 1	4	2217.190000	2217.610000	4000.000000	18000.000000	8000.000000	Trill	6.137504	9.673028	1.730686	4.543802	65.459530	0.000000
134	Spectrogram 1	5	2223.520000	2223.560000	4000.000000	18000.000000	8000.000000	Tse	10.142092	15.564079	-0.000130	-2.420949	89.605786	1.000000
135	Spectrogram 1	4	2223.730000	2223.760000	4000.000000	18000.000000	8000.000000	Twitter	11.236090	18.476315	4.462376	8.770341	55.006256	0.000000
136	Spectrogram 1	4	2223.840000	2223.860000	4000.000000	18000.000000	8000.000000	Twitter	12.387414	19.020445	8.983763	15.663855	49.503987	0.000000
137	Spectrogram 1	5	2223.950000	2223.970000	4000.000000	18000.000000	8000.000000	Twitter	15.030127	23.281128	-1.342164	7.100113	56.661171	0.000000
138	Spectrogram 1	4	2224.050000	2224.080000	4000.000000	18000.000000	8000.000000	Twitter	14.019693	24.062069	1.187456	8.347864	60.409115	0.000000
139	Spectrogram 1	4	2224.130000	2224.180000	4000.000000	18000.000000	8000.000000	Twitter	8.777552	18.544010	1.438872	7.570051	75.410669	0.000000
140	Spectrogram 1	5	2224.230000	2224.270000	4000.000000	18000.000000	8000.000000	Twitter	6.837604	14.278087	-5.978967	2.987206	75.819920	0.000000
141	Spectrogram 1	5	2224.320000	2224.350000	4000.000000	18000.000000	8000.000000	Trill	8.384612	12.311569	-5.764116	1.340038	81.741171	0.000000
142	Spectrogram 1	5	2226.490000	2226.530000	4000.000000	18000.000000	8000.000000	Phee	5.738577	22.597322	-2.776760	8.967338	107.057437	0.000000
143	Spectrogram 1	4	2226.680000	2226.900000	4000.000000	18000.000000	8000.000000	Phee	2.385871	24.186500	2.070485	8.586756	111.274252	0.000000
144	Spectrogram 1	5	2226.940000	2227.150000	4000.000000	18000.000000	8000.000000	Phee	1.057440	20.885542	-2.512376	9.636522	79.981518	2.000000
145	Spectrogram 1	4	2235.670000	2235.710000	4000.000000	18000.000000	8000.000000	Trill	5.163384	7.109509	8.402458	8.677194	53.150229	0.000000
146	Spectrogram 1	4	2248.100000	2248.160000	4000.000000	18000.000000	8000.000000	Sd-peep	7.394602	6.796646	1.315230	1.121126	31.067830	1.000000
147	Spectrogram 1	5	2253.490000	2253.670000	4000.000000	18000.000000	8000.000000	Trill	4.607184	11.253637	-6.329097	9.470993	65.888363	0.000000
148	Spectrogram 1	5	2253.730000	2253.890000	4000.000000	18000.000000	8000.000000	Trill	8.130074	12.805708	-6.957107	13.726752	43.837221	0.000000
149	Spectrogram 1	5	2254.020000	2254.840000	4000.000000	18000.000000	8000.000000	Phee	4.084850	17.040585	-8.791320	19.070690	86.546053	0.000000
150	Spectrogram 1	5	2267.680000	2268.450000	4000.000000	18000.000000	8000.000000	Trillphee	2.713228	15.569484	-4.348401	10.004110	62.436889	0.000000
151	Spectrogram 1	5	2268.540000	2268.960000	4000.000000	18000.000000	8000.000000	Phee	4.107283	19.764300	-0.307288	14.201259	95.883433	0.000000
152	Spectrogram 1	5	2269.000000	2269.540000	4000.000000	18000.000000	8000.000000	Phee	5.011999	19.882369	-0.747045	8.508497	96.670609	0.000000
153	Spectrogram 1	5	2269.730000	2270.490000	4000.000000	18000.000000	8000.000000	Trill	6.295425	11.903108	-2.686371	6.626546	58.957707	0.000000
154	Spectrogram 1	5	2270.570000	2270.910000	4000.000000	18000.000000	8000.000000	Trill	2.084681	16.605517	-2.445604	10.937247	77.012145	0.000000
155	Spectrogram 1	5	2271.320000	2271.470000	4000.000000	18000.000000	8000.000000	Trill	6.070115	11.228955	-1.902799	4.532893	57.785792	0.000000
156	Spectrogram 1	5	2272.020000	2272.590000	4000.000000	18000.000000	8000.000000	Twitter	3.814349	9.591383	-7.427387	8.522072	36.351791	0.000000
157	Spectrogram 1	5	2272.770000	2273.620000	4000.000000	18000.000000	8000.000000	Trillphee	3.706183	12.356655	-1.846513	8.031133	73.660865	0.000000
158	Spectrogram 1	5	2274.450000	2274.600000	4000.000000	18000.000000	8000.000000	Trill	4.177457	8.636839	-2.773544	7.364521	34.531358	0.000000
159	Spectrogram 1	5	2274.630000	2274.750000	4000.000000	18000.000000	8000.000000	Trill	2.029288	7.680756	-2.527467	7.115912	28.425197	2.000000
160	Spectrogram 1	5	2278.640000	2279.460000	4000.000000	18000.000000	8000.000000	Trill	6.058811	9.185016	-6.472811	6.713174	33.211111	0.000000
161	Spectrogram 1	5	2279.580000	2279.980000	4000.000000	18000.000000	8000.000000	Trill	4.841068	15.846216	-1.982836	8.912959	71.269621	0.000000
162	Spectrogram 1	5	2280.010000	2280.300000	4000.000000	18000.000000	8000.000000	Trill	5.492551	12.713681	-2.664415	8.110194	70.894568	0.000000
163	Spectrogram 1	5	2280.900000	2282.120000	4000.000000	18000.000000	8000.000000	Trillphee	7.324494	15.870456	-8.773893	13.753695	32.948646	0.000000
164	Spectrogram 1	5	2282.280000	2282.920000	4000.000000	18000.000000	8000.000000	Trill	7.128910	22.118634	-6.895189	20.691047	96.534613	0.000000
165	Spectrogram 1	5	2283.090000	2284.570000	4000.000000	18000.000000	8000.000000	Trill	5.747415	14.637280	-4.116341	12.769087	63.573995	0.000000
166	Spectrogram 1	5	2285.030000	2285.330000	4000.000000	18000.000000	8000.000000	Trillphee	6.091482	10.998050	-6.629649	10.229668	71.567675	0.000000
167	Spectrogram 1	5	2293.450000	2295.830000	4000.000000	18000.000000	8000.000000	Phee	5.283816	23.619067	-3.997057	13.310251	84.037094	0.000000
168	Spectrogram 1	5	2295.930000	2296.110000	4000.000000	18000.000000	8000.000000	Trill	7.715503	19.944136	-1.787127	11.776002	84.224766	0.000000
169	Spectrogram 1	5	2296.310000	2296.780000	4000.000000	18000.000000	8000.000000	Trill	7.351331	13.747149	-4.378028	10.918684	77.011760	0.000000
170	Spectrogram 1	5	2296.920000	2297.090000	4000.000000	18000.000000	8000.000000	Phee	5.306199	16.326435	-7.711140	15.060450	78.755029	0.000000
171	Spectrogram 1	5	2297.170000	2297.810000	4000.000000	18000.000000	8000.000000	Trillphee	7.704758	12.995828	-5.548831	12.433519	89.777458	0.000000
172	Spectrogram 1	5	2298.010000	2298.780000	4000.000000	18000.000000	8000.000000	Trill	7.426079	11.843882	-6.732730	10.175324	38.258566	0.000000
173	Spectrogram 1	5	2298.920000	2299.390000	4000.000000	18000.000000	8000.000000	Trillphee	3.965232	12.488568	-11.004394	18.477255	69.184808	0.000000
174	Spectrogram 1	5	2300.410000	2300.820000	4000.000000	18000.000000	8000.000000	Trillphee	2.617277	11.789987	-3.190077	9.132248	63.376766	0.000000
175	Spectrogram 1	5	2300.860000	2301.180000	4000.000000	18000.000000	8000.000000	Trillphee	3.315842	13.971453	-2.731168	8.794543	73.042517	0.000000
176	Spectrogram 1	5	2301.370000	2301.540000	4000.000000	18000.000000	8000.000000	Trill	6.717719	10.668292	-8.930068	10.978701	34.906288	0.000000
177	Spectrogram 1	5	2301.660000	2303.230000	4000.000000	18000.000000	8000.000000	Trillphee	7.659257	17.377866	-7.333070	12.166906	42.924115	0.000000
178	Spectrogram 1	4	2303.320000	2303.390000	4000.000000	18000.000000	8000.000000	Twitter	5.447013	20.428485	0.967203	10.706183	61.450358	0.000000
179	Spectrogram 1	5	2303.520000	2303.570000	4000.000000	18000.000000	8000.000000	P-peep	5.296392	14.045142	-1.955233	3.788988	53.452895	0.000000
180	Spectrogram 1	5	2305.740000	2306.390000	4000.000000	18000.000000	8000.000000	Trill	7.456086	13.872903	-9.564608	12.503430	30.962231	0.000000
181	Spectrogram 1	5	2306.520000	2306.670000	4000.000000	18000.000000	8000.000000	Phee	4.870419	18.288839	-3.713684	10.455545	95.613261	0.000000
182	Spectrogram 1	5	2306.710000	2306.740000	4000.000000	18000.000000	8000.000000	Twitter	5.710077	21.683723	-2.108894	9.514346	57.135016	0.000000
183	Spectrogram 1	5	2307.310000	2307.360000	4000.000000	18000.000000	8000.000000	Trill	4.754865	9.302140	-1.114166	6.901164	37.748598	0.000000
184	Spectrogram 1	5	2309.030000	2309.110000	4000.000000	18000.000000	8000.000000	Phee	4.181815	11.024160	-1.929374	6.444174	78.691580	0.000000
185	Spectrogram 1	5	2309.220000	2309.280000	4000.000000	18000.000000	8000.000000	Trillphee	2.272158	9.320776	-4.646781	9.128288	60.428603	0.000000
186	Spectrogram 1	5	2309.960000	2310.610000	4000.000000	18000.000000	8000.000000	Trill	6.088046	11.824494	-2.258828	6.515489	59.076494	0.000000
187	Spectrogram 1	5	2310.990000	2311.810000	4000.000000	18000.000000	8000.000000	Trill	7.938623	13.686308	-7.460511	10.861825	36.215273	0.000000
188	Spectrogram 1	5	2311.980000	2313.040000	4000.000000	18000.000000	8000.000000	Trillphee	7.971331	21.041676	-2.642245	9.567208	138.779018	0.000000
189	Spectrogram 1	5	2313.880000	2314.210000	4000.000000	18000.000000	8000.000000	Trill	5.721910	11.778022	-3.112282	10.514548	67.120938	0.000000
190	Spectrogram 1	5	2314.730000	2315.270000	4000.000000	18000.000000	8000.000000	Trill	5.273116	11.527256	-3.098745	7.584345	68.292421	0.000000
191	Spectrogram 1	5	2316.080000	2316.750000	4000.000000	18000.000000	8000.000000	Trill	5.933687	10.585847	-6.128825	10.471802	52.373221	0.000000
192	Spectrogram 1	5	2316.910000	2317.060000	4000.000000	18000.000000	8000.000000	Trill	4.932195	16.668603	-3.969886	11.178233	88.318797	0.000000
193	Spectrogram 1	5	2317.130000	2317.620000	4000.000000	18000.000000	8000.000000	Trill	5.918204	13.498581	-4.161524	10.033136	75.323540	0.000000
194	Spectrogram 1	5	2317.690000	2317.800000	4000.000000	18000.000000	8000.000000	Tse	5.684794	17.924237	-2.200220	9.485264	61.545763	0.000000
195	Spectrogram 1	5	2317.880000	2318.680000	4000.000000	18000.000000	8000.000000	Trill	8.191889	16.681835	-7.192303	10.551271	30.283205	0.000000
196	Spectrogram 1	5	2319.110000	2319.160000	4000.000000	18000.000000	8000.000000	Twitter	8.333891	16.654743	-0.167966	2.339774	96.588922	1.000000
197	Spectrogram 1	4	2319.220000	2319.250000	4000.000000	18000.000000	8000.000000	Twitter	6.492732	11.039134	2.873329	5.941737	53.332455	0.000000
198	Spectrogram 1	4	2319.320000	2319.350000	4000.000000	18000.000000	8000.000000	Twitter	7.495179	14.173430	4.457246	8.541408	54.330598	0.000000
199	Spectrogram 1	4	2319.820000	2319.850000	4000.000000	18000.000000	8000.000000	Tse	3.720459	5.987750	6.660536	9.381487	40.044631	0.000000
200	Spectrogram 1	5	2322.140000	2322.340000	4000.000000	18000.000000	8000.000000	Trillphee	2.774053	8.205227	-2.912290	6.154461	53.122511	0.000000
201	Spectrogram 1	5	2327.770000	2327.840000	4000.000000	18000.000000	8000.000000	Sd-peep	5.798877	12.492647	-3.525412	6.908829	80.039971	0.000000
202	Spectrogram 1	5	2327.950000	2327.980000	4000.000000	18000.000000	8000.000000	P-peep	0.604721	7.743713	-3.556035	6.181295	51.326243	2.000000
203	Spectrogram 1	5	2330.510000	2330.610000	4000.000000	18000.000000	8000.000000	Sd-peep	1.625809	7.918927	-2.544736	6.616569	49.401299	2.000000
204	Spectrogram 1	4	2337.980000	2338.520000	4000.000000	18000.000000	8000.000000	Trill	7.104993	9.921191	0.174805	3.029987	44.420604	1.000000
205	Spectrogram 1	5	2339.140000	2339.200000	4000.000000	18000.000000	8000.000000	Sd-peep	6.675122	11.183552	-1.103530	5.436823	45.938481	0.000000
206	Spectrogram 1	5	2343.120000	2343.200000	4000.000000	18000.000000	8000.000000	Sd-peep	5.672715	9.052606	-2.595932	4.876327	69.077252	0.000000
207	Spectrogram 1	5	2343.260000	2343.340000	4000.000000	18000.000000	8000.000000	Trill	4.139695	7.480155	-2.890800	5.921900	55.499063	0.000000
208	Spectrogram 1	5	2350.260000	2350.310000	4000.000000	18000.000000	8000.000000	Sd-peep	5.306818	8.898329	-3.488986	7.499537	64.481244	0.000000
209	Spectrogram 1	5	2351.500000	2351.900000	4000.000000	18000.000000	8000.000000	Twitter	5.122439	11.417586	-7.509954	8.837586	39.610038	0.000000
210	Spectrogram 1	4	2352.770000	2352.960000	4000.000000	18000.000000	8000.000000	Trill	8.407348	12.191733	1.551357	5.499293	80.951348	0.000000
211	Spectrogram 1	5	2358.610000	2358.670000	4000.000000	18000.000000	8000.000000	Sd-peep	3.025775	9.178973	-5.488761	8.114521	53.024215	0.000000
212	Spectrogram 1	4	2402.540000	2402.560000	4000.000000	18000.000000	8000.000000	Sd-peep	-0.025442	11.005831	2.808026	6.788159	48.384544	2.000000
213	Spectrogram 1	5	2408.890000	2408.980000	4000.000000	18000.000000	8000.000000	Trill	8.208220	13.076950	-0.755637	5.290935	51.108978	0.000000
214	Spectrogram 1	5	2409.080000	2409.130000	4000.000000	18000.000000	8000.000000	Twitter	7.837302	10.890779	-1.821652	4.877827	61.243095	1.000000
215	Spectrogram 1	4	2412.880000	2412.910000	4000.000000	18000.000000	8000.000000	Twitter	6.473156	17.016569	8.409866	16.195219	48.057481	0.000000
216	Spectrogram 1	4	2412.980000	2413.010000	4000.000000	18000.000000	8000.000000	Twitter	9.333525	18.417728	7.078662	16.041776	60.969906	0.000000
217	Spectrogram 1	4	2413.080000	2413.110000	4000.000000	18000.000000	8000.000000	Twitter	10.571734	19.125887	6.973072	16.031697	61.458420	0.000000
218	Spectrogram 1	4	2413.180000	2413.220000	4000.000000	18000.000000	8000.000000	Twitter	7.524010	17.354380	5.742717	13.474205	62.247347	0.000000
219	Spectrogram 1	4	2413.270000	2413.320000	4000.000000	18000.000000	8000.000000	Twitter	5.524815	14.612982	4.524285	10.531941	57.394716	0.000000
220	Spectrogram 1	4	2416.400000	2416.840000	4000.000000	18000.000000	8000.000000	Twitter	2.130743	11.647049	7.124414	12.492281	38.047373	0.000000
221	Spectrogram 1	4	2423.910000	2425.150000	4000.000000	18000.000000	8000.000000	Phee	1.023453	28.337862	2.467917	15.029167	58.273327	2.000000
222	Spectrogram 1	5	2660.550000	2660.980000	4000.000000	18000.000000	8000.000000	Phee	3.718983	19.235474	-6.884723	15.349346	78.630815	0.000000
223	Spectrogram 1	5	2661.020000	2661.260000	4000.000000	18000.000000	8000.000000	Phee	3.231245	18.164717	-9.180803	18.080581	85.773280	0.000000
224	Spectrogram 1	5	2661.300000	2661.670000	4000.000000	18000.000000	8000.000000	Phee	2.590806	16.297603	-5.630777	17.782270	63.876896	0.000000
225	Spectrogram 1	5	2661.770000	2661.890000	4000.000000	18000.000000	8000.000000	Trill	-1.998465	6.119580	-7.898220	11.420991	39.825685	2.000000
226	Spectrogram 1	5	2662.220000	2662.820000	4000.000000	18000.000000	8000.000000	Phee	6.367587	24.994756	-2.831517	14.344199	121.558668	0.000000
227	Spectrogram 1	5	2662.890000	2663.390000	4000.000000	18000.000000	8000.000000	Trillphee	5.657410	24.574868	-0.477850	9.822789	111.147931	0.000000
228	Spectrogram 1	5	2664.710000	2666.100000	4000.000000	18000.000000	8000.000000	Phee	3.955324	20.314334	-2.375929	12.559060	75.176195	0.000000
229	Spectrogram 1	5	2666.170000	2666.240000	4000.000000	18000.000000	8000.000000	Twitter	8.586797	20.048787	-4.925223	16.770925	100.510291	0.000000
230	Spectrogram 1	5	2666.290000	2666.360000	4000.000000	18000.000000	8000.000000	Phee	4.267400	18.027239	-10.312420	14.701882	52.383808	0.000000
231	Spectrogram 1	5	2666.430000	2666.450000	4000.000000	18000.000000	8000.000000	Twitter	3.169045	11.235508	-4.811064	9.330960	55.055120	0.000000
232	Spectrogram 1	5	2666.460000	2666.490000	4000.000000	18000.000000	8000.000000	Sd-peep	4.807361	12.173366	-2.281104	5.001486	55.479421	0.000000
233	Spectrogram 1	4	2666.520000	2666.560000	4000.000000	18000.000000	8000.000000	Twitter	5.242861	20.715163	1.758999	13.641548	59.394849	0.000000
234	Spectrogram 1	4	2667.160000	2668.450000	4000.000000	18000.000000	8000.000000	Phee	6.944347	24.949679	0.403340	12.961082	86.741279	0.000000
235	Spectrogram 1	5	2668.520000	2669.090000	4000.000000	18000.000000	8000.000000	Trill	4.645019	14.660689	-6.653820	13.971813	73.863455	0.000000
236	Spectrogram 1	5	2669.580000	2670.420000	4000.000000	18000.000000	8000.000000	Trillphee	1.545538	11.190979	-4.942336	8.214886	69.282116	0.000000
237	Spectrogram 1	5	2670.490000	2670.550000	4000.000000	18000.000000	8000.000000	Trill	-1.372754	3.708573	-4.301160	6.814130	35.080177	2.000000
238	Spectrogram 1	5	2670.690000	2670.730000	4000.000000	18000.000000	8000.000000	P-peep	2.962420	5.257400	-2.999894	5.256029	40.684596	0.000000
239	Spectrogram 1	5	2675.090000	2675.170000	4000.000000	18000.000000	8000.000000	Trillphee	6.277226	10.432140	-3.761139	7.746323	68.849428	0.000000
240	Spectrogram 1	5	2675.210000	2675.270000	4000.000000	18000.000000	8000.000000	Trillphee	3.606111	11.499675	-4.532032	8.319254	63.477630	0.000000
241	Spectrogram 1	5	2681.680000	2681.710000	4000.000000	18000.000000	8000.000000	P-peep	4.803407	8.153935	-2.800227	6.397051	47.800904	0.000000
242	Spectrogram 1	5	2684.670000	2685.520000	4000.000000	18000.000000	8000.000000	Trill	7.667464	20.337219	-5.594476	9.101428	38.910622	0.000000
243	Spectrogram 1	4	2685.780000	2685.820000	4000.000000	18000.000000	8000.000000	Twitter	7.667275	16.849262	1.427783	5.371499	61.176674	1.000000
244	Spectrogram 1	5	2686.140000	2686.240000	4000.000000	18000.000000	8000.000000	Twitter	8.488561	30.242318	-2.729393	14.936344	94.001133	0.000000
245	Spectrogram 1	5	2688.000000	2688.940000	4000.000000	18000.000000	8000.000000	Trill	6.888275	12.939718	-3.743078	8.816637	46.618012	0.000000
246	Spectrogram 1	5	2689.500000	2690.190000	4000.000000	18000.000000	8000.000000	Phee	5.574236	18.694527	-5.784382	17.339983	58.522737	0.000000
247	Spectrogram 1	5	2690.450000	2690.790000	4000.000000	18000.000000	8000.000000	Trill	8.501987	12.762610	-2.235668	5.820839	90.285173	0.000000
248	Spectrogram 1	5	2691.840000	2692.080000	4000.000000	18000.000000	8000.000000	Sd-peep	2.723008	7.140307	-2.834033	6.194471	38.793177	0.000000
249	Spectrogram 1	5	2694.400000	2694.440000	4000.000000	18000.000000	8000.000000	Phee	8.340979	20.092962	-6.214099	16.358911	64.853612	0.000000
250	Spectrogram 1	5	2695.490000	2695.790000	4000.000000	18000.000000	8000.000000	Trillphee	5.602867	15.451041	-4.842882	11.077855	83.093086	0.000000
251	Spectrogram 1	5	2696.730000	2697.350000	4000.000000	18000.000000	8000.000000	Twitter	8.179892	16.404354	-9.475277	11.668468	29.018458	0.000000
252	Spectrogram 1	5	2697.500000	2697.620000	4000.000000	18000.000000	8000.000000	Twitter	4.547576	22.629699	-5.455178	16.342364	63.481005	0.000000
253	Spectrogram 1	5	2698.580000	2698.630000	4000.000000	18000.000000	8000.000000	Trill	2.917779	8.310973	-4.887810	8.129028	46.637484	0.000000
254	Spectrogram 1	5	2701.540000	2702.100000	4000.000000	18000.000000	8000.000000	Trill	3.111679	8.660115	-5.264652	8.031029	54.979718	0.000000
255	Spectrogram 1	5	2707.130000	2707.230000	4000.000000	18000.000000	8000.000000	Trillphee	5.533763	9.026725	-1.855961	4.247684	58.302276	0.000000
256	Spectrogram 1	4	2711.500000	2711.560000	4000.000000	18000.000000	8000.000000	Trillphee	2.435500	4.301730	2.964969	6.778697	35.785770	0.000000
257	Spectrogram 1	4	2726.790000	2726.850000	4000.000000	18000.000000	8000.000000	Sd-peep	5.035969	9.753068	2.747857	4.696542	70.199698	0.000000
258	Spectrogram 1	5	2754.380000	2754.420000	4000.000000	18000.000000	8000.000000	Trill	7.381558	8.162767	-2.077032	1.942560	31.892991	1.000000
259	Spectrogram 1	4	2827.680000	2828.210000	4000.000000	18000.000000	8000.000000	Trill	7.509005	13.961460	3.093283	8.103015	86.710254	0.000000
260	Spectrogram 1	4	2842.930000	2843.060000	4000.000000	18000.000000	8000.000000	Trill	2.937708	7.381877	3.758729	6.826882	40.422556	0.000000
261	Spectrogram 1	4	2864.450000	2865.200000	4000.000000	18000.000000	8000.000000	Trill	-2.623363	16.074210	1.944634	8.243389	58.832742	2.000000
262	Spectrogram 1	5	2865.250000	2865.320000	4000.000000	18000.000000	8000.000000	Phee	-4.526202	21.500758	-2.254409	10.865362	43.983760	2.000000
263	Spectrogram 1	4	2943.090000	2943.320000	4000.000000	18000.000000	8000.000000	Phee	-0.531140	21.106292	2.054985	11.417030	77.786194	2.000000
264	Spectrogram 1	4	2944.390000	2944.500000	4000.000000	18000.000000	8000.000000	Phee	-3.972781	18.361400	2.337419	11.808858	47.690158	2.000000
265	Spectrogram 1	4	2944.710000	2944.960000	4000.000000	18000.000000	8000.000000	Phee	-2.147444	25.207484	4.128154	17.370720	70.610704	2.000000
266	Spectrogram 1	5	2945.070000	2945.530000	4000.000000	18000.000000	8000.000000	Phee	-0.739588	23.168475	-2.575485	11.630296	76.856363	2.000000
267	Spectrogram 1	5	2983.390000	2983.410000	4000.000000	18000.000000	8000.000000	Tse	-0.452960	16.874299	-4.592340	12.290025	45.206023	2.000000
268	Spectrogram 1	4	2992.740000	2993.370000	4000.000000	18000.000000	8000.000000	Trillphee	6.832980	14.032927	2.414325	5.351702	87.601411	0.000000
269	Spectrogram 1	4	2993.500000	2994.110000	4000.000000	18000.000000	8000.000000	Trillphee	7.568313	14.199797	2.648732	5.290177	109.206621	0.000000
270	Spectrogram 1	4	3036.410000	3036.450000	4000.000000	18000.000000	8000.000000	Tse	4.518165	16.655935	2.294906	6.220471	109.183250	0.000000
271	Spectrogram 1	4	3037.370000	3037.440000	4000.000000	18000.000000	8000.000000	Trill	-2.095507	13.058520	3.024302	8.895775	57.011476	2.000000
272	Spectrogram 1	5	3086.940000	3087.030000	4000.000000	18000.000000	8000.000000	Trill	10.735816	12.602478	-2.308205	6.847839	65.878551	0.000000
273	Spectrogram 1	5	3088.010000	3088.070000	4000.000000	18000.000000	8000.000000	Trill	12.603164	13.219857	-0.397150	5.234414	67.657878	0.000000
274	Spectrogram 1	5	3093.630000	3093.790000	4000.000000	18000.000000	8000.000000	Trill	8.032482	9.795380	-0.637700	4.188959	60.310472	0.000000
275	Spectrogram 1	5	3093.890000	3094.010000	4000.000000	18000.000000	8000.000000	Trill	8.896931	11.871736	-0.208056	2.960149	64.409206	1.000000
276	Spectrogram 1	5	3180.620000	3181.000000	4000.000000	18000.000000	8000.000000	Phee	-1.489051	21.150416	-4.606987	15.515711	66.760076	2.000000
277	Spectrogram 1	5	3181.360000	3181.650000	4000.000000	18000.000000	8000.000000	Phee	0.776300	22.510423	-4.017898	13.194549	80.708188	0.000000
278	Spectrogram 1	5	3208.620000	3209.480000	4000.000000	18000.000000	8000.000000	Phee	-5.172601	25.102606	-3.270130	15.365172	71.800734	2.000000
279	Spectrogram 1	5	3209.890000	3210.130000	4000.000000	18000.000000	8000.000000	Phee	-1.649605	24.971735	-2.102904	16.999864	57.369047	2.000000
280	Spectrogram 1	5	3225.340000	3226.400000	4000.000000	18000.000000	8000.000000	Phee	-2.547612	27.450231	-2.314887	15.525183	52.789334	2.000000
281	Spectrogram 1	5	3227.450000	3228.550000	4000.000000	18000.000000	8000.000000	Phee	-0.954408	28.600244	-1.683878	14.632969	53.820253	2.000000
282	Spectrogram 1	4	3232.040000	3232.090000	4000.000000	18000.000000	8000.000000	Phee	-1.367256	17.312948	2.512847	10.132319	59.249338	2.000000
283	Spectrogram 1	4	3232.100000	3232.130000	4000.000000	18000.000000	8000.000000	Tse	-0.532270	18.620111	4.423586	10.834800	60.942874	2.000000
284	Spectrogram 1	4	3269.600000	3269.710000	4000.000000	18000.000000	8000.000000	Twitter	-0.860649	25.365705	2.679848	9.963962	64.889109	2.000000
285	Spectrogram 1	2	21.890000	21.940000	4000.000000	18000.000000	8000.000000	Trill	3.862618	9.772094	NaN	NaN	69.685778	0.000000
286	Spectrogram 1	2	170.360000	170.430000	4000.000000	18000.000000	8000.000000	Trill	8.540463	10.434883	NaN	NaN	38.007971	0.000000
287	Spectrogram 1	2	324.550000	324.610000	4000.000000	18000.000000	8000.000000	P-peep	3.958243	6.198797	NaN	NaN	44.003753	0.000000
288	Spectrogram 1	2	1142.390000	1142.440000	4000.000000	18000.000000	8000.000000	Trill	5.031767	12.284000	NaN	NaN	72.739245	0.000000
289	Spectrogram 1	2	1212.320000	1212.580000	4000.000000	18000.000000	8000.000000	Trill	6.330746	7.309738	NaN	NaN	44.843950	0.000000
290	Spectrogram 1	2	1213.270000	1213.350000	4000.000000	18000.000000	8000.000000	Trill	4.411358	7.626002	NaN	NaN	39.078341	0.000000
291	Spectrogram 1	2	1213.440000	1213.580000	4000.000000	18000.000000	8000.000000	Trillphee	3.501098	8.745824	NaN	NaN	51.864345	0.000000
292	Spectrogram 1	2	1215.500000	1215.640000	4000.000000	18000.000000	8000.000000	Trill	3.470159	7.565781	NaN	NaN	39.171500	0.000000
293	Spectrogram 1	2	1226.020000	1226.080000	4000.000000	18000.000000	8000.000000	Trill	5.706757	5.337521	NaN	NaN	42.157235	0.000000
294	Spectrogram 1	2	1230.840000	1230.980000	4000.000000	18000.000000	8000.000000	Trill	5.257100	10.632152	NaN	NaN	74.350306	0.000000
295	Spectrogram 1	2	1231.250000	1231.560000	4000.000000	18000.000000	8000.000000	Trill	3.532180	10.002474	NaN	NaN	62.772371	0.000000
296	Spectrogram 1	2	1231.790000	1231.990000	4000.000000	18000.000000	8000.000000	Trill	3.877894	7.163695	NaN	NaN	48.977001	0.000000
297	Spectrogram 1	2	1251.050000	1251.140000	4000.000000	18000.000000	8000.000000	Trill	16.134639	15.689586	NaN	NaN	114.994749	0.000000
298	Spectrogram 1	2	1253.980000	1254.060000	4000.000000	18000.000000	8000.000000	Trill	5.590390	18.936068	NaN	NaN	104.894724	0.000000
299	Spectrogram 1	2	1263.140000	1263.160000	4000.000000	18000.000000	8000.000000	Twitter	4.309607	11.796820	NaN	NaN	44.778587	0.000000
300	Spectrogram 1	2	1267.190000	1267.240000	4000.000000	18000.000000	8000.000000	Trill	9.747792	11.391204	NaN	NaN	35.787008	0.000000
301	Spectrogram 1	2	1275.850000	1276.190000	4000.000000	18000.000000	8000.000000	Trillphee	5.071958	6.091494	NaN	NaN	37.435530	0.000000
302	Spectrogram 1	2	1280.010000	1280.570000	4000.000000	18000.000000	8000.000000	Trillphee	6.182002	9.114463	NaN	NaN	65.658675	0.000000
303	Spectrogram 1	2	1308.990000	1309.060000	4000.000000	18000.000000	8000.000000	Trill	9.909899	12.184160	NaN	NaN	41.156687	0.000000
304	Spectrogram 1	2	1309.360000	1309.460000	4000.000000	18000.000000	8000.000000	Trill	9.126057	12.790804	NaN	NaN	52.653705	0.000000
305	Spectrogram 1	2	1309.880000	1309.940000	4000.000000	18000.000000	8000.000000	Trill	9.757168	13.858645	NaN	NaN	49.936066	0.000000
306	Spectrogram 1	2	1362.010000	1362.050000	4000.000000	18000.000000	8000.000000	Trill	3.193782	7.312375	NaN	NaN	51.970416	0.000000
307	Spectrogram 1	2	1369.070000	1369.590000	4000.000000	18000.000000	8000.000000	Phee	3.572680	17.962333	NaN	NaN	84.061375	0.000000
308	Spectrogram 1	2	1421.590000	1421.640000	4000.000000	18000.000000	8000.000000	Trill	4.842649	9.388702	NaN	NaN	65.814283	0.000000
309	Spectrogram 1	2	1422.030000	1422.140000	4000.000000	18000.000000	8000.000000	Trill	4.525771	7.836308	NaN	NaN	45.260249	0.000000
310	Spectrogram 1	2	1422.600000	1422.670000	4000.000000	18000.000000	8000.000000	Trill	4.646205	10.446464	NaN	NaN	56.905586	0.000000
311	Spectrogram 1	2	1422.980000	1423.080000	4000.000000	18000.000000	8000.000000	Trill	3.346227	8.245393	NaN	NaN	50.388356	0.000000
312	Spectrogram 1	2	1423.410000	1423.460000	4000.000000	18000.000000	8000.000000	Trill	6.405935	11.339382	NaN	NaN	81.698911	0.000000
313	Spectrogram 1	2	1423.570000	1423.730000	4000.000000	18000.000000	8000.000000	Trill	4.036074	8.701397	NaN	NaN	55.771361	0.000000
314	Spectrogram 1	2	1438.270000	1438.810000	4000.000000	18000.000000	8000.000000	Trill	9.630349	12.842515	NaN	NaN	88.203921	0.000000
315	Spectrogram 1	2	1452.850000	1452.910000	4000.000000	18000.000000	8000.000000	P-peep	4.142235	6.662119	NaN	NaN	45.186339	0.000000
316	Spectrogram 1	2	1460.460000	1460.490000	4000.000000	18000.000000	8000.000000	Trill	4.298521	7.380308	NaN	NaN	52.711788	0.000000
317	Spectrogram 1	2	1541.310000	1541.340000	4000.000000	18000.000000	8000.000000	Trill	3.896881	10.660494	NaN	NaN	65.304747	0.000000
318	Spectrogram 1	2	1543.200000	1543.250000	4000.000000	18000.000000	8000.000000	Sd-peep	3.431206	6.002920	NaN	NaN	38.443629	0.000000
319	Spectrogram 1	2	1543.770000	1543.870000	4000.000000	18000.000000	8000.000000	Phee	3.823658	11.170099	NaN	NaN	58.766685	0.000000
320	Spectrogram 1	2	1550.180000	1550.610000	4000.000000	18000.000000	8000.000000	Trill	4.443201	8.377513	NaN	NaN	46.048490	0.000000
321	Spectrogram 1	2	1562.010000	1562.040000	4000.000000	18000.000000	8000.000000	Phee	3.273835	15.230559	NaN	NaN	51.776207	0.000000
322	Spectrogram 1	2	1562.250000	1562.290000	4000.000000	18000.000000	8000.000000	Twitter	4.496220	10.750786	NaN	NaN	53.409807	0.000000
323	Spectrogram 1	2	1581.060000	1581.140000	4000.000000	18000.000000	8000.000000	P-peep	4.226401	6.505844	NaN	NaN	51.845001	0.000000
324	Spectrogram 1	2	1581.260000	1581.330000	4000.000000	18000.000000	8000.000000	Trill	3.727224	8.581690	NaN	NaN	53.310541	0.000000
325	Spectrogram 1	2	1584.120000	1584.150000	4000.000000	18000.000000	8000.000000	Trill	4.705447	11.602052	NaN	NaN	68.361333	0.000000
326	Spectrogram 1	2	1587.520000	1587.600000	4000.000000	18000.000000	8000.000000	P-peep	3.260260	6.506322	NaN	NaN	45.191002	0.000000
327	Spectrogram 1	2	1594.660000	1594.700000	4000.000000	18000.000000	8000.000000	Trill	3.749878	6.247266	NaN	NaN	40.118759	0.000000
328	Spectrogram 1	2	1600.770000	1600.850000	4000.000000	18000.000000	8000.000000	Trill	3.696562	15.830394	NaN	NaN	66.835016	0.000000
329	Spectrogram 1	2	1601.460000	1601.530000	4000.000000	18000.000000	8000.000000	Trill	5.088288	16.382421	NaN	NaN	82.909267	0.000000
330	Spectrogram 1	2	1637.350000	1637.380000	4000.000000	18000.000000	8000.000000	Trill	5.507314	12.918814	NaN	NaN	64.321845	0.000000
331	Spectrogram 1	2	1638.910000	1639.230000	4000.000000	18000.000000	8000.000000	Phee	4.542128	24.507085	NaN	NaN	115.021119	0.000000
332	Spectrogram 1	2	1645.390000	1645.440000	4000.000000	18000.000000	8000.000000	Phee	5.059708	18.369744	NaN	NaN	103.251616	0.000000
333	Spectrogram 1	2	1645.600000	1645.720000	4000.000000	18000.000000	8000.000000	Trill	3.904453	7.881173	NaN	NaN	47.341687	0.000000
334	Spectrogram 1	2	1666.060000	1666.440000	4000.000000	18000.000000	8000.000000	Trill	8.511751	11.284430	NaN	NaN	72.587107	0.000000
335	Spectrogram 1	2	1667.540000	1667.640000	4000.000000	18000.000000	8000.000000	Trill	4.222720	9.187765	NaN	NaN	59.925426	0.000000
336	Spectrogram 1	2	1667.930000	1668.010000	4000.000000	18000.000000	8000.000000	P-peep	3.770861	5.820390	NaN	NaN	42.213103	0.000000
337	Spectrogram 1	2	1676.890000	1676.930000	4000.000000	18000.000000	8000.000000	Trill	3.435302	8.254033	NaN	NaN	55.401982	0.000000
338	Spectrogram 1	2	1690.210000	1690.240000	4000.000000	18000.000000	8000.000000	Tse	7.573415	13.581337	NaN	NaN	77.064016	0.000000
339	Spectrogram 1	2	1704.610000	1704.650000	4000.000000	18000.000000	8000.000000	Trill	4.535635	6.136069	NaN	NaN	60.941007	0.000000
340	Spectrogram 1	2	1704.690000	1704.780000	4000.000000	18000.000000	8000.000000	Trill	5.177024	7.530289	NaN	NaN	63.765178	0.000000
341	Spectrogram 1	2	1733.200000	1733.240000	4000.000000	18000.000000	8000.000000	Twitter	3.810215	10.318451	NaN	NaN	54.068816	0.000000
342	Spectrogram 1	2	1758.130000	1758.220000	4000.000000	18000.000000	8000.000000	Trill	5.500205	12.034165	NaN	NaN	89.709029	0.000000
343	Spectrogram 1	2	1779.520000	1779.740000	4000.000000	18000.000000	8000.000000	Trill	12.604542	14.012182	NaN	NaN	70.792179	0.000000
344	Spectrogram 1	2	1780.450000	1780.540000	4000.000000	18000.000000	8000.000000	Trill	5.501363	9.172540	NaN	NaN	49.589605	0.000000
345	Spectrogram 1	2	1780.600000	1780.770000	4000.000000	18000.000000	8000.000000	Phee	3.668330	11.367290	NaN	NaN	60.762144	0.000000
346	Spectrogram 1	2	1810.180000	1810.260000	4000.000000	18000.000000	8000.000000	Trill	4.314077	6.868377	NaN	NaN	50.084098	0.000000
347	Spectrogram 1	2	1816.500000	1817.170000	4000.000000	18000.000000	8000.000000	Trill	8.262104	10.766991	NaN	NaN	62.933517	0.000000
348	Spectrogram 1	2	1818.710000	1818.760000	4000.000000	18000.000000	8000.000000	Tse	10.700187	14.198667	NaN	NaN	64.973414	0.000000
349	Spectrogram 1	2	1820.810000	1821.390000	4000.000000	18000.000000	8000.000000	Trillphee	7.355904	12.283651	NaN	NaN	70.511127	0.000000
350	Spectrogram 1	2	1821.570000	1821.850000	4000.000000	18000.000000	8000.000000	Phee	6.835879	12.613722	NaN	NaN	75.286016	0.000000
351	Spectrogram 1	2	1834.240000	1834.280000	4000.000000	18000.000000	8000.000000	P-peep	6.236640	6.357746	NaN	NaN	39.643053	0.000000
352	Spectrogram 1	2	1845.580000	1845.640000	4000.000000	18000.000000	8000.000000	Trill	6.466414	13.540520	NaN	NaN	87.956754	0.000000
353	Spectrogram 1	2	1924.960000	1925.020000	4000.000000	18000.000000	8000.000000	Trill	4.967848	7.813618	NaN	NaN	68.856083	0.000000
354	Spectrogram 1	2	1962.930000	1963.420000	4000.000000	18000.000000	8000.000000	Trill	9.392874	13.634605	NaN	NaN	83.219442	0.000000
355	Spectrogram 1	2	1970.360000	1971.060000	4000.000000	18000.000000	8000.000000	Phee	14.091049	25.392946	NaN	NaN	196.456781	0.000000
356	Spectrogram 1	2	1980.270000	1980.610000	4000.000000	18000.000000	8000.000000	Phee	5.223712	8.754790	NaN	NaN	52.580559	0.000000
357	Spectrogram 1	2	1985.710000	1985.810000	4000.000000	18000.000000	8000.000000	Trill	5.528205	9.778567	NaN	NaN	61.620693	0.000000
358	Spectrogram 1	2	1985.850000	1985.910000	4000.000000	18000.000000	8000.000000	Trillphee	4.639398	6.673712	NaN	NaN	47.175486	0.000000
359	Spectrogram 1	2	1985.960000	1986.130000	4000.000000	18000.000000	8000.000000	Phee	4.026332	6.652854	NaN	NaN	47.773966	0.000000
360	Spectrogram 1	2	2011.770000	2011.800000	4000.000000	18000.000000	8000.000000	Sd-peep	6.881024	7.077496	NaN	NaN	37.008950	0.000000
361	Spectrogram 1	2	2017.730000	2017.790000	4000.000000	18000.000000	8000.000000	Trill	10.131227	13.238197	NaN	NaN	45.013854	0.000000
362	Spectrogram 1	2	2018.410000	2018.460000	4000.000000	18000.000000	8000.000000	Tse	10.595606	10.426911	NaN	NaN	51.902607	0.000000
363	Spectrogram 1	2	2092.400000	2092.460000	4000.000000	18000.000000	8000.000000	Trill	7.576088	14.240258	NaN	NaN	102.730791	0.000000
364	Spectrogram 1	2	2093.520000	2093.600000	4000.000000	18000.000000	8000.000000	Trill	3.874722	10.919982	NaN	NaN	62.535530	0.000000
365	Spectrogram 1	2	2134.590000	2134.740000	4000.000000	18000.000000	8000.000000	P-peep	5.538179	12.407504	NaN	NaN	97.040451	0.000000
366	Spectrogram 1	2	2134.950000	2134.990000	4000.000000	18000.000000	8000.000000	Trill	6.766331	15.234649	NaN	NaN	118.421599	0.000000
367	Spectrogram 1	2	2161.660000	2162.980000	4000.000000	18000.000000	8000.000000	Trillphee	16.709854	20.785209	NaN	NaN	55.030302	0.000000
368	Spectrogram 1	2	2164.400000	2164.470000	4000.000000	18000.000000	8000.000000	Trill	9.447477	9.382936	NaN	NaN	39.065289	0.000000
369	Spectrogram 1	2	2164.700000	2166.320000	4000.000000	18000.000000	8000.000000	Phee	17.521552	25.187227	NaN	NaN	48.396298	0.000000
370	Spectrogram 1	2	2174.110000	2174.170000	4000.000000	18000.000000	8000.000000	Trill	4.917964	7.852256	NaN	NaN	66.602613	0.000000
371	Spectrogram 1	2	2179.130000	2179.150000	4000.000000	18000.000000	8000.000000	Sd-peep	4.529694	8.112459	NaN	NaN	51.727755	0.000000
372	Spectrogram 1	2	2183.140000	2183.160000	4000.000000	18000.000000	8000.000000	Tse	5.336885	9.402521	NaN	NaN	53.371125	0.000000
373	Spectrogram 1	2	2183.280000	2183.320000	4000.000000	18000.000000	8000.000000	Twitter	4.158167	9.934864	NaN	NaN	63.173571	0.000000
374	Spectrogram 1	2	2277.040000	2277.070000	4000.000000	18000.000000	8000.000000	Trill	3.475493	9.524264	NaN	NaN	45.154789	0.000000
375	Spectrogram 1	2	2324.700000	2324.980000	4000.000000	18000.000000	8000.000000	Trillphee	5.662394	7.634453	NaN	NaN	45.473400	0.000000
376	Spectrogram 1	2	2326.710000	2326.780000	4000.000000	18000.000000	8000.000000	Trillphee	4.910728	6.980446	NaN	NaN	41.726985	0.000000
377	Spectrogram 1	2	2326.820000	2327.120000	4000.000000	18000.000000	8000.000000	Phee	6.136201	10.172341	NaN	NaN	83.907383	0.000000
378	Spectrogram 1	2	2327.260000	2327.370000	4000.000000	18000.000000	8000.000000	P-peep	5.892308	10.847118	NaN	NaN	107.524832	0.000000
379	Spectrogram 1	2	2328.560000	2328.810000	4000.000000	18000.000000	8000.000000	Trillphee	4.312629	5.576963	NaN	NaN	38.191100	0.000000
380	Spectrogram 1	2	2333.260000	2333.520000	4000.000000	18000.000000	8000.000000	Trillphee	3.183576	5.788246	NaN	NaN	42.099556	0.000000
381	Spectrogram 1	2	2333.650000	2333.760000	4000.000000	18000.000000	8000.000000	P-peep	6.298061	12.831517	NaN	NaN	87.661013	0.000000
382	Spectrogram 1	2	2336.090000	2336.140000	4000.000000	18000.000000	8000.000000	Phee	3.332271	6.857073	NaN	NaN	43.304982	0.000000
383	Spectrogram 1	2	2336.180000	2336.510000	4000.000000	18000.000000	8000.000000	Phee	3.726332	7.199407	NaN	NaN	47.537558	0.000000
384	Spectrogram 1	2	2359.550000	2359.980000	4000.000000	18000.000000	8000.000000	Trill	13.538636	16.485804	NaN	NaN	128.356357	0.000000
385	Spectrogram 1	2	2408.970000	2409.090000	4000.000000	18000.000000	8000.000000	Trill	4.526982	7.497706	NaN	NaN	44.844788	0.000000
386	Spectrogram 1	2	2410.360000	2410.900000	4000.000000	18000.000000	8000.000000	Phee	4.018376	7.485730	NaN	NaN	44.010278	0.000000
387	Spectrogram 1	2	2413.590000	2414.320000	4000.000000	18000.000000	8000.000000	Phee	4.949654	13.907904	NaN	NaN	69.624518	0.000000
388	Spectrogram 1	2	2417.780000	2417.860000	4000.000000	18000.000000	8000.000000	Trill	5.880534	9.568236	NaN	NaN	50.860987	0.000000
389	Spectrogram 1	2	2417.900000	2418.830000	4000.000000	18000.000000	8000.000000	Phee	5.006852	17.498802	NaN	NaN	98.969237	0.000000
390	Spectrogram 1	2	2419.920000	2419.950000	4000.000000	18000.000000	8000.000000	Twitter	6.176713	15.467987	NaN	NaN	55.415130	0.000000
391	Spectrogram 1	2	2420.030000	2420.070000	4000.000000	18000.000000	8000.000000	Twitter	6.042356	14.763534	NaN	NaN	57.643725	0.000000
392	Spectrogram 1	2	2420.160000	2420.180000	4000.000000	18000.000000	8000.000000	Tse	4.742259	17.869386	NaN	NaN	54.910145	0.000000
393	Spectrogram 1	2	2420.520000	2420.560000	4000.000000	18000.000000	8000.000000	Twitter	5.597562	16.696226	NaN	NaN	60.139852	0.000000
394	Spectrogram 1	2	2420.620000	2420.670000	4000.000000	18000.000000	8000.000000	Twitter	5.842957	14.484129	NaN	NaN	65.054627	0.000000
395	Spectrogram 1	2	2420.740000	2420.770000	4000.000000	18000.000000	8000.000000	P-peep	4.643214	13.455034	NaN	NaN	51.523119	0.000000
396	Spectrogram 1	2	2421.980000	2422.160000	4000.000000	18000.000000	8000.000000	Sd-peep	5.755652	8.970361	NaN	NaN	35.878371	0.000000
397	Spectrogram 1	2	2427.760000	2427.830000	4000.000000	18000.000000	8000.000000	Trill	4.253771	5.962554	NaN	NaN	39.491430	0.000000
398	Spectrogram 1	2	2428.430000	2428.960000	4000.000000	18000.000000	8000.000000	Trillphee	4.471952	10.718375	NaN	NaN	62.066567	0.000000
399	Spectrogram 1	2	2430.940000	2431.000000	4000.000000	18000.000000	8000.000000	Trillphee	6.246883	11.750374	NaN	NaN	84.878907	0.000000
400	Spectrogram 1	2	2431.150000	2432.150000	4000.000000	18000.000000	8000.000000	Trill	7.044842	16.003261	NaN	NaN	96.969186	0.000000
401	Spectrogram 1	2	2432.810000	2432.880000	4000.000000	18000.000000	8000.000000	Trillphee	6.222854	11.601479	NaN	NaN	70.392798	0.000000
402	Spectrogram 1	2	2432.920000	2433.440000	4000.000000	18000.000000	8000.000000	Trill	5.835218	9.802855	NaN	NaN	47.805259	0.000000
403	Spectrogram 1	2	2433.680000	2434.000000	4000.000000	18000.000000	8000.000000	Trillphee	6.011498	14.577325	NaN	NaN	93.565940	0.000000
404	Spectrogram 1	2	2434.350000	2434.430000	4000.000000	18000.000000	8000.000000	P-peep	6.813496	13.353983	NaN	NaN	77.894792	0.000000
405	Spectrogram 1	2	2438.340000	2438.370000	4000.000000	18000.000000	8000.000000	P-peep	4.682682	7.435620	NaN	NaN	42.753274	0.000000
406	Spectrogram 1	2	2442.030000	2442.110000	4000.000000	18000.000000	8000.000000	Phee	5.798759	11.084372	NaN	NaN	69.543226	0.000000
407	Spectrogram 1	2	2442.150000	2442.200000	4000.000000	18000.000000	8000.000000	Phee	5.129291	8.211042	NaN	NaN	68.385315	0.000000
408	Spectrogram 1	2	2442.850000	2443.080000	4000.000000	18000.000000	8000.000000	Trill	5.437654	10.183713	NaN	NaN	51.646108	0.000000
409	Spectrogram 1	2	2443.540000	2443.600000	4000.000000	18000.000000	8000.000000	P-peep	5.703987	8.222467	NaN	NaN	51.129987	0.000000
410	Spectrogram 1	2	2444.010000	2444.370000	4000.000000	18000.000000	8000.000000	Trill	5.612922	6.373065	NaN	NaN	37.526812	0.000000
411	Spectrogram 1	2	2445.690000	2445.720000	4000.000000	18000.000000	8000.000000	Tse	5.524998	11.868991	NaN	NaN	38.303636	0.000000
412	Spectrogram 1	2	2445.930000	2445.950000	4000.000000	18000.000000	8000.000000	Phee	7.686268	17.140738	NaN	NaN	54.317353	0.000000
413	Spectrogram 1	2	2446.180000	2446.210000	4000.000000	18000.000000	8000.000000	Twitter	7.391726	16.715858	NaN	NaN	59.261051	0.000000
414	Spectrogram 1	2	2446.290000	2446.320000	4000.000000	18000.000000	8000.000000	Trill	3.915926	9.111516	NaN	NaN	48.800219	0.000000
415	Spectrogram 1	2	2462.430000	2462.500000	4000.000000	18000.000000	8000.000000	Sd-peep	8.748354	10.572920	NaN	NaN	58.327210	0.000000
416	Spectrogram 1	2	2501.250000	2501.270000	4000.000000	18000.000000	8000.000000	Sd-peep	3.684378	9.857495	NaN	NaN	55.470727	0.000000
417	Spectrogram 1	2	2529.660000	2529.740000	4000.000000	18000.000000	8000.000000	Sd-peep	13.707859	19.495102	NaN	NaN	121.662307	0.000000
418	Spectrogram 1	2	2529.800000	2529.880000	4000.000000	18000.000000	8000.000000	Trill	11.813464	15.749598	NaN	NaN	110.688502	0.000000
419	Spectrogram 1	2	2540.460000	2540.640000	4000.000000	18000.000000	8000.000000	Phee	3.812302	10.077983	NaN	NaN	53.176580	0.000000
420	Spectrogram 1	2	2542.330000	2543.410000	4000.000000	18000.000000	8000.000000	Trill	4.707593	9.567060	NaN	NaN	44.178415	0.000000
421	Spectrogram 1	2	2543.580000	2543.620000	4000.000000	18000.000000	8000.000000	Trill	10.138236	8.287204	NaN	NaN	39.334075	0.000000
422	Spectrogram 1	2	2547.370000	2547.450000	4000.000000	18000.000000	8000.000000	Trill	3.332403	9.719765	NaN	NaN	43.811746	0.000000
423	Spectrogram 1	2	2574.630000	2574.660000	4000.000000	18000.000000	8000.000000	Twitter	4.570531	10.593782	NaN	NaN	44.008461	0.000000
424	Spectrogram 1	2	2601.490000	2601.760000	4000.000000	18000.000000	8000.000000	Trill	12.713326	16.974222	NaN	NaN	122.999399	0.000000
425	Spectrogram 1	2	2621.690000	2621.720000	4000.000000	18000.000000	8000.000000	Twitter	7.195610	10.476618	NaN	NaN	67.225050	0.000000
426	Spectrogram 1	2	2627.160000	2627.300000	4000.000000	18000.000000	8000.000000	Trillphee	3.783161	11.494322	NaN	NaN	62.434299	0.000000
427	Spectrogram 1	2	2658.110000	2658.210000	4000.000000	18000.000000	8000.000000	Phee	4.468442	8.395037	NaN	NaN	52.785971	0.000000
428	Spectrogram 1	2	2658.240000	2658.640000	4000.000000	18000.000000	8000.000000	Phee	4.488066	9.254735	NaN	NaN	66.690107	0.000000
429	Spectrogram 1	2	2658.680000	2658.870000	4000.000000	18000.000000	8000.000000	P-peep	4.620149	11.373692	NaN	NaN	68.434406	0.000000
430	Spectrogram 1	2	2669.320000	2669.370000	4000.000000	18000.000000	8000.000000	P-peep	5.682204	11.222231	NaN	NaN	62.571381	0.000000
431	Spectrogram 1	2	2670.970000	2671.130000	4000.000000	18000.000000	8000.000000	Trill	3.751036	7.410585	NaN	NaN	48.113980	0.000000
432	Spectrogram 1	2	2672.630000	2672.710000	4000.000000	18000.000000	8000.000000	Trill	5.018556	6.662926	NaN	NaN	52.232250	0.000000
433	Spectrogram 1	2	2674.000000	2674.680000	4000.000000	18000.000000	8000.000000	Phee	4.298267	9.170368	NaN	NaN	59.506773	0.000000
434	Spectrogram 1	2	2675.540000	2675.660000	4000.000000	18000.000000	8000.000000	P-peep	5.118930	16.285423	NaN	NaN	83.318455	0.000000
435	Spectrogram 1	2	2677.410000	2677.500000	4000.000000	18000.000000	8000.000000	Trill	4.753310	8.859149	NaN	NaN	68.413738	0.000000
436	Spectrogram 1	2	2683.240000	2683.360000	4000.000000	18000.000000	8000.000000	Trill	3.430070	8.288084	NaN	NaN	48.976445	0.000000
437	Spectrogram 1	2	2700.870000	2701.100000	4000.000000	18000.000000	8000.000000	Trill	11.974075	16.092005	NaN	NaN	94.844341	0.000000
438	Spectrogram 1	2	2707.890000	2707.930000	4000.000000	18000.000000	8000.000000	Trill	4.425034	6.864572	NaN	NaN	43.504783	0.000000
439	Spectrogram 1	2	2711.620000	2711.690000	4000.000000	18000.000000	8000.000000	P-peep	9.100685	12.096669	NaN	NaN	82.726182	0.000000
440	Spectrogram 1	2	2714.180000	2714.550000	4000.000000	18000.000000	8000.000000	Trill	12.090257	14.672295	NaN	NaN	87.757428	0.000000
441	Spectrogram 1	2	2735.130000	2735.240000	4000.000000	18000.000000	8000.000000	Trill	3.742884	7.802118	NaN	NaN	40.482256	0.000000
442	Spectrogram 1	2	2740.210000	2742.060000	4000.000000	18000.000000	8000.000000	Phee	18.051318	28.787985	NaN	NaN	107.707748	0.000000
443	Spectrogram 1	2	2742.900000	2744.190000	4000.000000	18000.000000	8000.000000	Phee	16.096571	34.821692	NaN	NaN	91.732604	0.000000
444	Spectrogram 1	2	2746.290000	2746.320000	4000.000000	18000.000000	8000.000000	Twitter	4.075944	10.659399	NaN	NaN	59.089266	0.000000
445	Spectrogram 1	2	2752.450000	2753.940000	4000.000000	18000.000000	8000.000000	Trillphee	12.675196	23.978758	NaN	NaN	45.195955	0.000000
446	Spectrogram 1	2	2756.430000	2756.480000	4000.000000	18000.000000	8000.000000	Sd-peep	10.043315	10.227209	NaN	NaN	35.825591	0.000000
447	Spectrogram 1	2	2756.750000	2758.220000	4000.000000	18000.000000	8000.000000	Phee	13.948318	29.052717	NaN	NaN	57.317362	0.000000
448	Spectrogram 1	2	2761.150000	2761.200000	4000.000000	18000.000000	8000.000000	P-peep	3.711692	4.862093	NaN	NaN	47.708637	0.000000
449	Spectrogram 1	2	2776.820000	2776.930000	4000.000000	18000.000000	8000.000000	Trill	3.346430	9.767311	NaN	NaN	56.761536	0.000000
450	Spectrogram 1	2	2788.770000	2790.150000	4000.000000	18000.000000	8000.000000	Phee	16.329555	25.364700	NaN	NaN	46.090119	0.000000
451	Spectrogram 1	2	2831.900000	2831.940000	4000.000000	18000.000000	8000.000000	Trill	4.027560	5.977279	NaN	NaN	49.136304	0.000000
452	Spectrogram 1	2	2832.990000	2834.560000	4000.000000	18000.000000	8000.000000	Trillphee	14.361484	22.094994	NaN	NaN	42.710315	0.000000
453	Spectrogram 1	2	2835.700000	2837.160000	4000.000000	18000.000000	8000.000000	Phee	13.776026	25.625726	NaN	NaN	48.717357	0.000000
454	Spectrogram 1	2	2843.980000	2844.040000	4000.000000	18000.000000	8000.000000	Trill	4.339998	8.190028	NaN	NaN	52.930558	0.000000
455	Spectrogram 1	2	2850.310000	2850.390000	4000.000000	18000.000000	8000.000000	P-peep	3.971920	5.958392	NaN	NaN	42.378814	0.000000
456	Spectrogram 1	2	2852.080000	2852.140000	4000.000000	18000.000000	8000.000000	Trill	4.798311	9.071864	NaN	NaN	62.662824	0.000000
457	Spectrogram 1	2	2852.410000	2852.450000	4000.000000	18000.000000	8000.000000	P-peep	6.938291	8.245729	NaN	NaN	51.240770	0.000000
458	Spectrogram 1	2	2860.810000	2860.990000	4000.000000	18000.000000	8000.000000	Trill	4.517775	10.911265	NaN	NaN	53.244867	0.000000
459	Spectrogram 1	2	2869.480000	2869.600000	4000.000000	18000.000000	8000.000000	Trill	3.253908	7.749848	NaN	NaN	47.988828	0.000000
460	Spectrogram 1	2	2888.210000	2888.420000	4000.000000	18000.000000	8000.000000	Trill	5.437214	10.197553	NaN	NaN	59.550634	0.000000
461	Spectrogram 1	2	2892.660000	2892.700000	4000.000000	18000.000000	8000.000000	Trill	4.192791	12.120887	NaN	NaN	67.554802	0.000000
462	Spectrogram 1	2	2892.930000	2892.980000	4000.000000	18000.000000	8000.000000	Trill	4.762917	13.914451	NaN	NaN	89.576929	0.000000
463	Spectrogram 1	2	2893.530000	2893.760000	4000.000000	18000.000000	8000.000000	Trillphee	3.152090	7.817427	NaN	NaN	47.967356	0.000000
464	Spectrogram 1	2	2899.470000	2899.500000	4000.000000	18000.000000	8000.000000	Trill	4.132073	5.337044	NaN	NaN	41.993846	0.000000
465	Spectrogram 1	2	2901.690000	2901.760000	4000.000000	18000.000000	8000.000000	Trill	3.423492	5.441435	NaN	NaN	42.865118	0.000000
466	Spectrogram 1	2	2913.150000	2913.180000	4000.000000	18000.000000	8000.000000	Sd-peep	4.159813	10.409125	NaN	NaN	52.611515	0.000000
467	Spectrogram 1	2	2921.020000	2921.070000	4000.000000	18000.000000	8000.000000	Trill	3.126740	8.972708	NaN	NaN	53.171763	0.000000
468	Spectrogram 1	2	2921.470000	2921.570000	4000.000000	18000.000000	8000.000000	Trill	4.581647	11.388577	NaN	NaN	70.839281	0.000000
469	Spectrogram 1	2	2923.960000	2924.030000	4000.000000	18000.000000	8000.000000	Sd-peep	6.673098	12.391349	NaN	NaN	92.247094	0.000000
470	Spectrogram 1	2	2924.260000	2924.310000	4000.000000	18000.000000	8000.000000	Twitter	6.577145	19.968505	NaN	NaN	104.044153	0.000000
471	Spectrogram 1	2	2931.060000	2931.100000	4000.000000	18000.000000	8000.000000	Tse	5.059225	18.107970	NaN	NaN	100.239938	0.000000
472	Spectrogram 1	2	2931.360000	2931.570000	4000.000000	18000.000000	8000.000000	Trill	3.498164	12.429502	NaN	NaN	59.959263	0.000000
473	Spectrogram 1	2	2934.020000	2934.050000	4000.000000	18000.000000	8000.000000	Trill	4.104396	6.555813	NaN	NaN	57.776780	0.000000
474	Spectrogram 1	2	2936.440000	2936.530000	4000.000000	18000.000000	8000.000000	Sd-peep	3.786022	11.683740	NaN	NaN	56.644890	0.000000
475	Spectrogram 1	2	2936.570000	2936.690000	4000.000000	18000.000000	8000.000000	Phee	4.721702	12.649893	NaN	NaN	67.361563	0.000000
476	Spectrogram 1	2	2939.750000	2939.780000	4000.000000	18000.000000	8000.000000	Trill	5.336007	8.024197	NaN	NaN	54.076012	0.000000
477	Spectrogram 1	2	2942.470000	2942.900000	4000.000000	18000.000000	8000.000000	Trill	3.400553	14.292595	NaN	NaN	67.087991	0.000000
478	Spectrogram 1	2	2943.420000	2943.510000	4000.000000	18000.000000	8000.000000	Phee	5.014137	24.163292	NaN	NaN	117.380654	0.000000
479	Spectrogram 1	2	2943.680000	2943.800000	4000.000000	18000.000000	8000.000000	Trill	3.564040	14.984834	NaN	NaN	57.973172	0.000000
480	Spectrogram 1	2	2949.750000	2949.790000	4000.000000	18000.000000	8000.000000	Sd-peep	5.491525	4.926156	NaN	NaN	38.497670	0.000000
481	Spectrogram 1	2	2957.850000	2957.930000	4000.000000	18000.000000	8000.000000	Trill	8.744072	9.554682	NaN	NaN	37.926550	0.000000
482	Spectrogram 1	2	2983.750000	2983.770000	4000.000000	18000.000000	8000.000000	Twitter	4.399015	11.451483	NaN	NaN	52.078033	0.000000
483	Spectrogram 1	2	2987.430000	2987.580000	4000.000000	18000.000000	8000.000000	Trill	3.748410	6.924266	NaN	NaN	47.376363	0.000000
484	Spectrogram 1	2	2994.000000	2995.560000	4000.000000	18000.000000	8000.000000	Phee	13.707511	20.073790	NaN	NaN	62.263123	0.000000
485	Spectrogram 1	2	2996.130000	2997.550000	4000.000000	18000.000000	8000.000000	Phee	14.721269	29.087744	NaN	NaN	92.065642	0.000000
486	Spectrogram 1	2	3008.410000	3008.830000	4000.000000	18000.000000	8000.000000	Trill	4.066065	7.353079	NaN	NaN	48.223045	0.000000
487	Spectrogram 1	2	3008.910000	3008.990000	4000.000000	18000.000000	8000.000000	Trill	4.112003	6.733904	NaN	NaN	46.091661	0.000000
488	Spectrogram 1	2	3035.110000	3035.140000	4000.000000	18000.000000	8000.000000	Trill	4.143883	6.400023	NaN	NaN	40.629306	0.000000
489	Spectrogram 1	2	3042.620000	3042.690000	4000.000000	18000.000000	8000.000000	P-peep	4.233913	5.526829	NaN	NaN	38.691159	0.000000
490	Spectrogram 1	2	3055.740000	3055.780000	4000.000000	18000.000000	8000.000000	Trill	3.619049	5.380647	NaN	NaN	41.533386	0.000000
491	Spectrogram 1	2	3064.180000	3064.200000	4000.000000	18000.000000	8000.000000	Twitter	4.516794	14.499851	NaN	NaN	51.258421	0.000000
492	Spectrogram 1	2	3095.100000	3095.140000	4000.000000	18000.000000	8000.000000	Trill	5.185236	7.603541	NaN	NaN	56.776612	0.000000
493	Spectrogram 1	2	3119.890000	3119.930000	4000.000000	18000.000000	8000.000000	P-peep	4.462173	8.461389	NaN	NaN	75.309291	0.000000
494	Spectrogram 1	2	3123.460000	3123.510000	4000.000000	18000.000000	8000.000000	Trill	3.609922	7.130888	NaN	NaN	47.732937	0.000000
495	Spectrogram 1	2	3176.650000	3176.680000	4000.000000	18000.000000	8000.000000	Tse	4.607013	8.829246	NaN	NaN	40.116361	0.000000
496	Spectrogram 1	2	3176.980000	3177.070000	4000.000000	18000.000000	8000.000000	Trill	4.221496	7.451672	NaN	NaN	48.227852	0.000000
497	Spectrogram 1	2	3187.450000	3187.520000	4000.000000	18000.000000	8000.000000	P-peep	5.283872	6.986401	NaN	NaN	47.532736	0.000000
498	Spectrogram 1	2	3196.250000	3196.300000	4000.000000	18000.000000	8000.000000	Trill	4.353940	6.792332	NaN	NaN	40.390121	0.000000
499	Spectrogram 1	2	3196.370000	3196.460000	4000.000000	18000.000000	8000.000000	Trill	4.332339	6.230043	NaN	NaN	46.812390	0.000000
500	Spectrogram 1	2	3234.500000	3234.610000	4000.000000	18000.000000	8000.000000	P-peep	6.407477	14.316888	NaN	NaN	99.258709	0.000000
501	Spectrogram 1	2	3248.000000	3248.490000	4000.000000	18000.000000	8000.000000	Trill	3.441050	9.088719	NaN	NaN	53.909469	0.000000
502	Spectrogram 1	2	3253.750000	3253.780000	4000.000000	18000.000000	8000.000000	Trill	5.422531	8.748670	NaN	NaN	50.763714	0.000000
503	Spectrogram 1	2	3261.060000	3261.140000	4000.000000	18000.000000	8000.000000	Trill	3.524985	8.181829	NaN	NaN	46.057766	0.000000
504	Spectrogram 1	2	3271.800000	3271.880000	4000.000000	18000.000000	8000.000000	Trill	3.987031	7.730217	NaN	NaN	51.066406	0.000000
