Selection	View	Channel	Begin Time (s)	End Time (s)	Low Freq (Hz)	High Freq (Hz)	Max Freq (Hz)	Call Type	Energy Diff	Energy Par	Energy Diff (wl)	Energy Par (wl)	AHR	Exception
1	Spectrogram 1	1	10.900000	10.950000	4000.000000	18000.000000	8000.000000	Trill	4.200494	10.710853	NaN	NaN	38.654235	0.000000
2	Spectrogram 1	1	38.500000	39.810000	4000.000000	18000.000000	8000.000000	Phee	7.969513	26.018785	NaN	NaN	35.435109	0.000000
3	Spectrogram 1	1	39.870000	39.990000	4000.000000	18000.000000	8000.000000	Trill	7.460512	15.878100	NaN	NaN	85.270552	0.000000
4	Spectrogram 1	1	40.280000	40.350000	4000.000000	18000.000000	8000.000000	Trill	9.792812	13.890588	NaN	NaN	32.564789	0.000000
5	Spectrogram 1	1	40.630000	41.740000	4000.000000	18000.000000	8000.000000	Phee	9.656378	26.538939	NaN	NaN	42.906017	0.000000
6	Spectrogram 1	1	41.990000	42.890000	4000.000000	18000.000000	8000.000000	Phee	11.307760	29.308986	NaN	NaN	45.083008	0.000000
7	Spectrogram 1	1	43.170000	44.050000	4000.000000	18000.000000	8000.000000	Phee	10.718477	29.474679	NaN	NaN	46.893489	0.000000
8	Spectrogram 1	1	57.520000	58.690000	4000.000000	18000.000000	8000.000000	Phee	8.696404	24.614224	NaN	NaN	33.713856	0.000000
9	Spectrogram 1	1	58.760000	58.810000	4000.000000	18000.000000	8000.000000	Trill	7.111559	7.072041	NaN	NaN	57.190905	0.000000
10	Spectrogram 1	1	58.890000	58.970000	4000.000000	18000.000000	8000.000000	Trill	10.969688	14.904186	NaN	NaN	32.606107	0.000000
11	Spectrogram 1	1	59.180000	59.980000	4000.000000	18000.000000	8000.000000	Phee	10.829844	30.000000	NaN	NaN	37.845488	0.000000
12	Spectrogram 1	1	60.010000	60.100000	4000.000000	18000.000000	8000.000000	Trill	11.748719	18.915555	NaN	NaN	35.656614	0.000000
13	Spectrogram 1	1	60.280000	61.190000	4000.000000	18000.000000	8000.000000	Phee	11.531266	28.384270	NaN	NaN	40.044852	0.000000
14	Spectrogram 1	1	61.350000	62.310000	4000.000000	18000.000000	8000.000000	Phee	10.138091	26.173982	NaN	NaN	41.008512	0.000000
15	Spectrogram 1	1	62.560000	63.390000	4000.000000	18000.000000	8000.000000	Phee	11.346198	29.305051	NaN	NaN	44.955670	0.000000
16	Spectrogram 1	1	63.720000	63.750000	4000.000000	18000.000000	8000.000000	Trill	10.555642	15.076269	NaN	NaN	74.247970	0.000000
17	Spectrogram 1	1	110.690000	110.760000	4000.000000	18000.000000	8000.000000	Trill	7.205264	10.684926	NaN	NaN	44.627825	0.000000
18	Spectrogram 1	1	151.960000	151.990000	4000.000000	18000.000000	8000.000000	Sd-peep	6.481320	13.127301	NaN	NaN	41.505219	0.000000
19	Spectrogram 1	1	202.190000	202.220000	4000.000000	18000.000000	8000.000000	Trill	5.215029	13.383835	NaN	NaN	41.884753	0.000000
20	Spectrogram 1	1	229.110000	229.200000	4000.000000	18000.000000	8000.000000	Trillphee	4.784431	15.121112	NaN	NaN	68.227243	0.000000
21	Spectrogram 1	1	299.290000	299.310000	4000.000000	18000.000000	8000.000000	Sd-peep	6.654419	7.511157	NaN	NaN	29.552557	0.000000
22	Spectrogram 1	1	330.710000	330.750000	4000.000000	18000.000000	8000.000000	Trill	11.062841	15.523640	NaN	NaN	31.356872	0.000000
23	Spectrogram 1	1	363.310000	363.390000	4000.000000	18000.000000	8000.000000	Twitter	8.952664	27.118958	NaN	NaN	61.587034	0.000000
24	Spectrogram 1	1	363.490000	364.610000	4000.000000	18000.000000	8000.000000	Twitter	8.820714	25.303451	NaN	NaN	40.508193	0.000000
25	Spectrogram 1	1	365.000000	365.030000	4000.000000	18000.000000	8000.000000	Sd-peep	4.920931	16.440260	NaN	NaN	64.211001	0.000000
26	Spectrogram 1	1	367.260000	368.160000	4000.000000	18000.000000	8000.000000	Trill	5.319540	19.187128	NaN	NaN	55.563200	0.000000
27	Spectrogram 1	1	369.840000	369.870000	4000.000000	18000.000000	8000.000000	Phee	5.115942	7.597891	NaN	NaN	53.153830	0.000000
28	Spectrogram 1	1	373.220000	373.270000	4000.000000	18000.000000	8000.000000	Trillphee	10.912481	14.923879	NaN	NaN	35.140727	0.000000
29	Spectrogram 1	1	377.970000	377.990000	4000.000000	18000.000000	8000.000000	Sd-peep	4.230488	6.727852	NaN	NaN	46.162397	0.000000
30	Spectrogram 1	1	392.580000	392.620000	4000.000000	18000.000000	8000.000000	Trill	5.734713	9.223879	NaN	NaN	31.976521	0.000000
31	Spectrogram 1	1	399.020000	399.050000	4000.000000	18000.000000	8000.000000	Trill	8.033757	11.147701	NaN	NaN	37.517451	0.000000
32	Spectrogram 1	1	399.130000	399.160000	4000.000000	18000.000000	8000.000000	Trill	7.898385	8.634858	NaN	NaN	33.820140	0.000000
33	Spectrogram 1	1	399.690000	399.710000	4000.000000	18000.000000	8000.000000	Sd-peep	10.673015	12.031152	NaN	NaN	33.434015	0.000000
34	Spectrogram 1	1	400.940000	400.960000	4000.000000	18000.000000	8000.000000	Sd-peep	9.632242	10.560668	NaN	NaN	40.607530	0.000000
35	Spectrogram 1	1	418.330000	418.350000	4000.000000	18000.000000	8000.000000	Sd-peep	9.036204	9.657585	NaN	NaN	36.411963	0.000000
36	Spectrogram 1	1	418.440000	418.460000	4000.000000	18000.000000	8000.000000	Sd-peep	8.897116	8.642158	NaN	NaN	38.561029	0.000000
37	Spectrogram 1	1	438.030000	438.060000	4000.000000	18000.000000	8000.000000	Trill	7.929538	11.950660	NaN	NaN	34.413598	0.000000
38	Spectrogram 1	1	444.080000	444.210000	4000.000000	18000.000000	8000.000000	Trillphee	4.441202	8.522512	NaN	NaN	44.375124	0.000000
39	Spectrogram 1	1	450.220000	450.250000	4000.000000	18000.000000	8000.000000	Sd-peep	4.051514	10.657203	NaN	NaN	48.582278	0.000000
40	Spectrogram 1	1	528.970000	530.040000	4000.000000	18000.000000	8000.000000	Phee	12.407789	30.000000	NaN	NaN	40.122609	0.000000
41	Spectrogram 1	1	530.250000	531.230000	4000.000000	18000.000000	8000.000000	Phee	10.846243	28.437707	NaN	NaN	35.320754	0.000000
42	Spectrogram 1	1	531.330000	531.430000	4000.000000	18000.000000	8000.000000	Phee	13.307068	23.196250	NaN	NaN	117.204718	0.000000
43	Spectrogram 1	1	531.620000	532.650000	4000.000000	18000.000000	8000.000000	Phee	12.782603	29.705066	NaN	NaN	47.864870	0.000000
44	Spectrogram 1	1	532.870000	533.690000	4000.000000	18000.000000	8000.000000	Phee	12.836386	30.000000	NaN	NaN	42.665833	0.000000
45	Spectrogram 1	1	533.920000	534.790000	4000.000000	18000.000000	8000.000000	Phee	11.733247	29.116779	NaN	NaN	44.176641	0.000000
46	Spectrogram 1	1	550.860000	550.970000	4000.000000	18000.000000	8000.000000	Trill	4.087555	8.427890	NaN	NaN	41.484759	0.000000
47	Spectrogram 1	1	556.440000	556.480000	4000.000000	18000.000000	8000.000000	Trill	7.660533	10.385771	NaN	NaN	34.168844	0.000000
48	Spectrogram 1	1	564.210000	564.240000	4000.000000	18000.000000	8000.000000	Sd-peep	4.133217	11.872653	NaN	NaN	42.255750	0.000000
49	Spectrogram 1	1	565.770000	565.840000	4000.000000	18000.000000	8000.000000	Trill	9.441271	9.041304	NaN	NaN	33.621683	0.000000
50	Spectrogram 1	1	566.800000	566.880000	4000.000000	18000.000000	8000.000000	Trill	11.745643	13.063960	NaN	NaN	34.730242	0.000000
51	Spectrogram 1	1	576.140000	576.180000	4000.000000	18000.000000	8000.000000	Sd-peep	5.104129	18.037019	NaN	NaN	62.301510	0.000000
52	Spectrogram 1	1	580.070000	580.190000	4000.000000	18000.000000	8000.000000	Phee	4.139757	14.914141	NaN	NaN	53.799645	0.000000
53	Spectrogram 1	1	581.070000	581.120000	4000.000000	18000.000000	8000.000000	Twitter	5.544333	15.231657	NaN	NaN	39.186803	0.000000
54	Spectrogram 1	1	582.560000	582.610000	4000.000000	18000.000000	8000.000000	Trill	4.191055	13.979052	NaN	NaN	34.703300	0.000000
55	Spectrogram 1	1	584.100000	584.150000	4000.000000	18000.000000	8000.000000	Trill	6.088791	15.361038	NaN	NaN	47.287683	0.000000
56	Spectrogram 1	1	585.510000	585.540000	4000.000000	18000.000000	8000.000000	Sd-peep	5.981688	16.581704	NaN	NaN	68.847286	0.000000
57	Spectrogram 1	1	586.070000	586.100000	4000.000000	18000.000000	8000.000000	Twitter	4.561245	18.064213	NaN	NaN	47.448675	0.000000
58	Spectrogram 1	1	588.720000	588.740000	4000.000000	18000.000000	8000.000000	Sd-peep	4.415079	14.330218	NaN	NaN	34.573240	0.000000
59	Spectrogram 1	1	593.100000	593.160000	4000.000000	18000.000000	8000.000000	Trill	6.707164	11.365465	NaN	NaN	31.743927	0.000000
60	Spectrogram 1	1	631.590000	631.870000	4000.000000	18000.000000	8000.000000	Trill	4.362160	9.398539	NaN	NaN	46.093781	0.000000
61	Spectrogram 1	1	636.620000	636.650000	4000.000000	18000.000000	8000.000000	Twitter	4.080626	12.167269	NaN	NaN	38.892728	0.000000
62	Spectrogram 1	1	648.850000	648.900000	4000.000000	18000.000000	8000.000000	Trill	5.007270	9.326623	NaN	NaN	44.696795	0.000000
63	Spectrogram 1	1	649.040000	649.060000	4000.000000	18000.000000	8000.000000	Sd-peep	4.544317	6.722326	NaN	NaN	39.609991	0.000000
64	Spectrogram 1	1	652.380000	652.620000	4000.000000	18000.000000	8000.000000	Trill	4.543791	15.361079	NaN	NaN	56.689479	0.000000
65	Spectrogram 1	1	668.200000	669.820000	4000.000000	18000.000000	8000.000000	Phee	4.132706	27.811725	NaN	NaN	107.442955	0.000000
66	Spectrogram 1	1	675.600000	676.790000	4000.000000	18000.000000	8000.000000	Phee	4.279788	28.903060	NaN	NaN	73.972577	0.000000
67	Spectrogram 1	1	680.780000	680.820000	4000.000000	18000.000000	8000.000000	Trill	5.118248	8.276556	NaN	NaN	45.600618	0.000000
68	Spectrogram 1	1	686.000000	686.020000	4000.000000	18000.000000	8000.000000	Sd-peep	11.847927	12.288133	NaN	NaN	30.047865	0.000000
69	Spectrogram 1	1	704.110000	704.440000	4000.000000	18000.000000	8000.000000	Trill	5.115799	16.842124	NaN	NaN	52.055062	0.000000
70	Spectrogram 1	1	728.160000	728.240000	4000.000000	18000.000000	8000.000000	Trill	4.694170	6.621529	NaN	NaN	40.760070	0.000000
71	Spectrogram 1	1	763.600000	763.990000	4000.000000	18000.000000	8000.000000	Trill	5.425726	17.242208	NaN	NaN	62.290918	0.000000
72	Spectrogram 1	1	810.960000	811.210000	4000.000000	18000.000000	8000.000000	Trill	5.016455	11.815304	NaN	NaN	55.981406	0.000000
73	Spectrogram 1	1	812.160000	812.490000	4000.000000	18000.000000	8000.000000	Trill	5.303270	18.145560	NaN	NaN	56.794939	0.000000
74	Spectrogram 1	1	813.780000	813.940000	4000.000000	18000.000000	8000.000000	Trill	5.189169	9.179394	NaN	NaN	44.152239	0.000000
75	Spectrogram 1	1	831.000000	831.040000	4000.000000	18000.000000	8000.000000	Trillphee	10.587460	8.557177	NaN	NaN	50.107959	0.000000
76	Spectrogram 1	1	832.770000	832.890000	4000.000000	18000.000000	8000.000000	Trill	9.668209	10.564246	NaN	NaN	45.809458	0.000000
77	Spectrogram 1	1	833.020000	833.070000	4000.000000	18000.000000	8000.000000	Trill	11.808224	10.935850	NaN	NaN	43.464179	0.000000
78	Spectrogram 1	1	833.850000	833.980000	4000.000000	18000.000000	8000.000000	Trill	11.390806	11.783832	NaN	NaN	47.683562	0.000000
79	Spectrogram 1	1	834.340000	834.430000	4000.000000	18000.000000	8000.000000	Trillphee	7.527370	6.098499	NaN	NaN	35.148417	0.000000
80	Spectrogram 1	1	834.830000	834.970000	4000.000000	18000.000000	8000.000000	Sd-peep	8.509437	27.196078	NaN	NaN	54.454508	0.000000
81	Spectrogram 1	1	835.400000	835.470000	4000.000000	18000.000000	8000.000000	Sd-peep	9.552646	27.807227	NaN	NaN	78.778575	0.000000
82	Spectrogram 1	1	850.500000	850.550000	4000.000000	18000.000000	8000.000000	Trill	4.589045	8.538740	NaN	NaN	32.310552	0.000000
83	Spectrogram 1	1	853.190000	853.220000	4000.000000	18000.000000	8000.000000	Twitter	12.495781	13.131304	NaN	NaN	66.170479	0.000000
84	Spectrogram 1	1	869.680000	869.700000	4000.000000	18000.000000	8000.000000	Sd-peep	6.791760	10.553421	NaN	NaN	29.459383	0.000000
85	Spectrogram 1	1	885.900000	885.980000	4000.000000	18000.000000	8000.000000	Trill	6.653146	8.269942	NaN	NaN	38.493450	0.000000
86	Spectrogram 1	1	906.680000	907.190000	4000.000000	18000.000000	8000.000000	Trill	11.494626	26.331642	NaN	NaN	96.432121	0.000000
87	Spectrogram 1	1	918.950000	919.360000	4000.000000	18000.000000	8000.000000	Trill	13.621836	28.354754	NaN	NaN	112.114163	0.000000
88	Spectrogram 1	1	939.200000	939.240000	4000.000000	18000.000000	8000.000000	Trill	13.382203	14.447943	NaN	NaN	44.307674	0.000000
89	Spectrogram 1	1	957.750000	957.880000	4000.000000	18000.000000	8000.000000	Trill	5.657529	13.072483	NaN	NaN	30.693051	0.000000
90	Spectrogram 1	1	960.370000	960.790000	4000.000000	18000.000000	8000.000000	Trillphee	14.534829	25.023929	NaN	NaN	30.947707	0.000000
91	Spectrogram 1	1	962.930000	962.970000	4000.000000	18000.000000	8000.000000	Trillphee	4.629661	6.297442	NaN	NaN	35.538113	0.000000
92	Spectrogram 1	1	974.220000	974.260000	4000.000000	18000.000000	8000.000000	Twitter	10.809111	12.592237	NaN	NaN	58.138241	0.000000
93	Spectrogram 1	1	974.730000	974.760000	4000.000000	18000.000000	8000.000000	Trill	9.605892	13.986241	NaN	NaN	29.224521	0.000000
94	Spectrogram 1	1	974.940000	975.180000	4000.000000	18000.000000	8000.000000	Trillphee	12.804576	14.282069	NaN	NaN	30.591326	0.000000
95	Spectrogram 1	1	975.590000	975.670000	4000.000000	18000.000000	8000.000000	Trill	4.424127	9.192290	NaN	NaN	41.829709	0.000000
96	Spectrogram 1	1	1012.370000	1013.430000	4000.000000	18000.000000	8000.000000	Trill	12.223075	30.000000	NaN	NaN	97.810181	0.000000
97	Spectrogram 1	1	1013.630000	1014.510000	4000.000000	18000.000000	8000.000000	Trill	13.508608	30.000000	NaN	NaN	71.556376	0.000000
98	Spectrogram 1	1	1014.600000	1015.100000	4000.000000	18000.000000	8000.000000	Trill	13.055788	30.000000	NaN	NaN	77.315747	0.000000
99	Spectrogram 1	1	1017.520000	1017.550000	4000.000000	18000.000000	8000.000000	Trill	4.417018	12.315398	NaN	NaN	48.842937	0.000000
100	Spectrogram 1	1	1018.010000	1018.260000	4000.000000	18000.000000	8000.000000	Trill	5.666255	20.244711	NaN	NaN	41.367197	0.000000
101	Spectrogram 1	1	1018.340000	1018.870000	4000.000000	18000.000000	8000.000000	Trill	5.316498	20.994418	NaN	NaN	58.702649	0.000000
102	Spectrogram 1	1	1020.140000	1020.260000	4000.000000	18000.000000	8000.000000	Sd-peep	8.931424	21.177003	NaN	NaN	66.109669	0.000000
103	Spectrogram 1	1	1033.780000	1033.920000	4000.000000	18000.000000	8000.000000	Sd-peep	10.737240	26.951223	NaN	NaN	60.263850	0.000000
104	Spectrogram 1	1	1033.980000	1034.270000	4000.000000	18000.000000	8000.000000	Trill	11.883130	23.367346	NaN	NaN	104.866584	0.000000
105	Spectrogram 1	1	1034.540000	1034.680000	4000.000000	18000.000000	8000.000000	Sd-peep	10.128481	20.918698	NaN	NaN	84.838007	0.000000
106	Spectrogram 1	1	1059.770000	1059.970000	4000.000000	18000.000000	8000.000000	Sd-peep	7.388165	29.959562	NaN	NaN	31.708550	0.000000
107	Spectrogram 1	1	1060.020000	1060.060000	4000.000000	18000.000000	8000.000000	Trill	9.045989	12.069756	NaN	NaN	33.071270	0.000000
108	Spectrogram 1	1	1069.960000	1070.080000	4000.000000	18000.000000	8000.000000	Sd-peep	6.774924	30.975563	NaN	NaN	41.223647	0.000000
109	Spectrogram 1	1	1070.230000	1070.320000	4000.000000	18000.000000	8000.000000	Sd-peep	8.181572	20.774264	NaN	NaN	67.450077	0.000000
110	Spectrogram 1	1	1070.680000	1070.820000	4000.000000	18000.000000	8000.000000	Sd-peep	6.703892	26.562977	NaN	NaN	48.416705	0.000000
111	Spectrogram 1	1	1071.020000	1071.190000	4000.000000	18000.000000	8000.000000	Trill	6.965930	17.467933	NaN	NaN	41.894782	0.000000
112	Spectrogram 1	1	1072.640000	1072.780000	4000.000000	18000.000000	8000.000000	Sd-peep	6.177964	20.796140	NaN	NaN	32.081179	0.000000
113	Spectrogram 1	1	1072.950000	1073.140000	4000.000000	18000.000000	8000.000000	Sd-peep	4.611262	17.336726	NaN	NaN	33.641377	0.000000
114	Spectrogram 1	1	1082.380000	1082.410000	4000.000000	18000.000000	8000.000000	Sd-peep	5.371648	18.279491	NaN	NaN	71.122529	0.000000
115	Spectrogram 1	1	1084.120000	1084.180000	4000.000000	18000.000000	8000.000000	Trill	5.259750	6.948071	NaN	NaN	40.935611	0.000000
116	Spectrogram 1	1	1159.980000	1160.070000	4000.000000	18000.000000	8000.000000	Trill	5.318997	21.968061	NaN	NaN	78.707887	0.000000
117	Spectrogram 1	1	1324.390000	1324.410000	4000.000000	18000.000000	8000.000000	Sd-peep	4.668176	22.050165	NaN	NaN	61.792135	0.000000
118	Spectrogram 1	1	1368.890000	1368.990000	4000.000000	18000.000000	8000.000000	Trill	4.628026	9.538365	NaN	NaN	42.072380	0.000000
119	Spectrogram 1	1	1369.080000	1369.110000	4000.000000	18000.000000	8000.000000	Trill	5.986275	8.466692	NaN	NaN	30.173429	0.000000
120	Spectrogram 1	1	1401.880000	1402.210000	4000.000000	18000.000000	8000.000000	Trill	15.863448	30.000000	NaN	NaN	121.225501	0.000000
121	Spectrogram 1	1	1414.020000	1414.070000	4000.000000	18000.000000	8000.000000	Trill	6.692373	11.616039	NaN	NaN	30.245999	0.000000
122	Spectrogram 1	1	1427.180000	1427.530000	4000.000000	18000.000000	8000.000000	Trill	4.887889	17.208074	NaN	NaN	54.333360	0.000000
123	Spectrogram 1	1	1427.710000	1427.880000	4000.000000	18000.000000	8000.000000	Trill	7.056810	11.923356	NaN	NaN	80.918437	0.000000
124	Spectrogram 1	1	1428.070000	1428.100000	4000.000000	18000.000000	8000.000000	Trill	6.086395	7.917997	NaN	NaN	47.033021	0.000000
125	Spectrogram 1	1	1432.370000	1432.410000	4000.000000	18000.000000	8000.000000	Trill	5.681618	11.383809	NaN	NaN	51.936733	0.000000
126	Spectrogram 1	1	1432.890000	1433.360000	4000.000000	18000.000000	8000.000000	Trill	5.956342	19.789797	NaN	NaN	43.559746	0.000000
127	Spectrogram 1	1	1443.330000	1443.650000	4000.000000	18000.000000	8000.000000	Trillphee	5.726070	8.332556	NaN	NaN	36.732196	0.000000
128	Spectrogram 1	1	1492.370000	1492.410000	4000.000000	18000.000000	8000.000000	Trill	5.806704	7.910929	NaN	NaN	34.132595	0.000000
129	Spectrogram 1	1	1500.600000	1500.920000	4000.000000	18000.000000	8000.000000	Trill	12.854522	28.656243	NaN	NaN	93.111566	0.000000
130	Spectrogram 1	1	1524.710000	1525.770000	4000.000000	18000.000000	8000.000000	Phee	10.123697	30.000000	NaN	NaN	38.662905	0.000000
131	Spectrogram 1	1	1526.010000	1526.910000	4000.000000	18000.000000	8000.000000	Phee	9.608265	30.000000	NaN	NaN	37.594865	0.000000
132	Spectrogram 1	1	1527.180000	1528.200000	4000.000000	18000.000000	8000.000000	Phee	7.870133	27.130665	NaN	NaN	33.820683	0.000000
133	Spectrogram 1	1	1536.340000	1536.400000	4000.000000	18000.000000	8000.000000	Trill	4.539028	12.074538	NaN	NaN	45.471288	0.000000
134	Spectrogram 1	1	1537.000000	1537.050000	4000.000000	18000.000000	8000.000000	Trill	4.905713	10.905008	NaN	NaN	41.383074	0.000000
135	Spectrogram 1	1	1541.620000	1542.520000	4000.000000	18000.000000	8000.000000	Phee	9.669761	29.948993	NaN	NaN	36.881892	0.000000
136	Spectrogram 1	1	1542.940000	1543.010000	4000.000000	18000.000000	8000.000000	Trill	9.177989	15.360058	NaN	NaN	33.267610	0.000000
137	Spectrogram 1	1	1543.260000	1544.140000	4000.000000	18000.000000	8000.000000	Phee	10.482535	30.000000	NaN	NaN	54.648675	0.000000
138	Spectrogram 1	1	1544.290000	1544.350000	4000.000000	18000.000000	8000.000000	Trill	9.945533	16.684882	NaN	NaN	41.947358	0.000000
139	Spectrogram 1	1	1544.610000	1545.410000	4000.000000	18000.000000	8000.000000	Phee	10.271197	29.733657	NaN	NaN	33.484748	0.000000
140	Spectrogram 1	1	1545.580000	1546.400000	4000.000000	18000.000000	8000.000000	Phee	10.357495	29.231136	NaN	NaN	37.839429	0.000000
141	Spectrogram 1	1	1546.630000	1547.460000	4000.000000	18000.000000	8000.000000	Trillphee	9.552567	29.342913	NaN	NaN	40.445164	0.000000
142	Spectrogram 1	1	1575.680000	1576.760000	4000.000000	18000.000000	8000.000000	Phee	10.196921	28.675504	NaN	NaN	43.876359	0.000000
143	Spectrogram 1	1	1577.070000	1577.230000	4000.000000	18000.000000	8000.000000	Trill	7.088006	21.083760	NaN	NaN	87.542178	0.000000
144	Spectrogram 1	1	1577.620000	1578.580000	4000.000000	18000.000000	8000.000000	Phee	10.800430	29.641942	NaN	NaN	43.266950	0.000000
145	Spectrogram 1	1	1578.820000	1579.680000	4000.000000	18000.000000	8000.000000	Phee	9.580569	29.096091	NaN	NaN	31.726643	0.000000
146	Spectrogram 1	1	1579.870000	1580.700000	4000.000000	18000.000000	8000.000000	Phee	9.666567	29.380784	NaN	NaN	34.403980	0.000000
147	Spectrogram 1	1	1585.310000	1585.350000	4000.000000	18000.000000	8000.000000	Trill	4.420849	9.256709	NaN	NaN	51.908918	0.000000
148	Spectrogram 1	1	1587.620000	1587.700000	4000.000000	18000.000000	8000.000000	Phee	4.113934	10.267939	NaN	NaN	34.878767	0.000000
149	Spectrogram 1	1	1587.740000	1587.830000	4000.000000	18000.000000	8000.000000	Trill	4.386441	11.078230	NaN	NaN	37.110862	0.000000
150	Spectrogram 1	1	1587.870000	1587.940000	4000.000000	18000.000000	8000.000000	Trill	5.182197	12.060955	NaN	NaN	39.243713	0.000000
151	Spectrogram 1	1	1594.090000	1594.920000	4000.000000	18000.000000	8000.000000	Phee	8.937916	27.432869	NaN	NaN	33.127518	0.000000
152	Spectrogram 1	1	1595.270000	1595.470000	4000.000000	18000.000000	8000.000000	Trill	6.615746	23.564027	NaN	NaN	80.947712	0.000000
153	Spectrogram 1	1	1595.700000	1595.760000	4000.000000	18000.000000	8000.000000	Trill	8.719034	14.875950	NaN	NaN	39.964519	0.000000
154	Spectrogram 1	1	1596.020000	1596.880000	4000.000000	18000.000000	8000.000000	Phee	9.529702	28.280680	NaN	NaN	36.669551	0.000000
155	Spectrogram 1	1	1597.060000	1597.880000	4000.000000	18000.000000	8000.000000	Phee	9.680379	28.406776	NaN	NaN	36.962691	0.000000
156	Spectrogram 1	1	1598.070000	1598.970000	4000.000000	18000.000000	8000.000000	Phee	9.005968	28.077647	NaN	NaN	37.607468	0.000000
157	Spectrogram 1	1	1599.470000	1599.500000	4000.000000	18000.000000	8000.000000	Trill	10.525588	15.668319	NaN	NaN	72.136341	0.000000
158	Spectrogram 1	1	1616.680000	1617.540000	4000.000000	18000.000000	8000.000000	Phee	8.228185	26.905269	NaN	NaN	30.352229	0.000000
159	Spectrogram 1	1	1618.040000	1618.970000	4000.000000	18000.000000	8000.000000	Phee	8.067832	24.553386	NaN	NaN	33.607895	0.000000
160	Spectrogram 1	1	1619.190000	1619.980000	4000.000000	18000.000000	8000.000000	Phee	8.210212	27.124849	NaN	NaN	35.056506	0.000000
161	Spectrogram 1	1	1620.300000	1621.140000	4000.000000	18000.000000	8000.000000	Phee	9.468568	26.943955	NaN	NaN	37.859861	0.000000
162	Spectrogram 1	1	1621.420000	1622.240000	4000.000000	18000.000000	8000.000000	Phee	10.197032	28.942429	NaN	NaN	42.700903	0.000000
163	Spectrogram 1	1	1663.730000	1663.770000	4000.000000	18000.000000	8000.000000	Trill	10.603100	11.988590	NaN	NaN	34.135308	0.000000
164	Spectrogram 1	1	1695.200000	1695.290000	4000.000000	18000.000000	8000.000000	Trill	4.441920	9.854994	NaN	NaN	39.005404	0.000000
165	Spectrogram 1	1	1695.330000	1695.400000	4000.000000	18000.000000	8000.000000	Phee	4.929609	8.653172	NaN	NaN	40.342815	0.000000
166	Spectrogram 1	1	1703.720000	1703.750000	4000.000000	18000.000000	8000.000000	Trill	10.419337	10.215846	NaN	NaN	32.157410	0.000000
167	Spectrogram 1	1	1728.610000	1728.640000	4000.000000	18000.000000	8000.000000	Trill	5.607485	7.691334	NaN	NaN	37.231892	0.000000
168	Spectrogram 1	1	1730.490000	1730.520000	4000.000000	18000.000000	8000.000000	Trill	5.462896	8.351746	NaN	NaN	46.318339	0.000000
169	Spectrogram 1	1	1754.440000	1754.480000	4000.000000	18000.000000	8000.000000	Trill	11.419905	13.659461	NaN	NaN	33.701029	0.000000
170	Spectrogram 1	1	1769.340000	1769.450000	4000.000000	18000.000000	8000.000000	Trill	4.051775	10.446087	NaN	NaN	43.957546	0.000000
171	Spectrogram 1	1	1782.790000	1782.850000	4000.000000	18000.000000	8000.000000	Phee	4.980460	8.782183	NaN	NaN	36.681370	0.000000
172	Spectrogram 1	1	1840.840000	1841.200000	4000.000000	18000.000000	8000.000000	Trill	13.909095	28.902370	NaN	NaN	109.728457	0.000000
173	Spectrogram 1	1	1841.430000	1841.510000	4000.000000	18000.000000	8000.000000	Trillphee	13.123585	18.381635	NaN	NaN	38.724722	0.000000
174	Spectrogram 1	1	1843.130000	1843.270000	4000.000000	18000.000000	8000.000000	Phee	7.734178	11.978093	NaN	NaN	36.393101	0.000000
175	Spectrogram 1	1	1862.500000	1862.780000	4000.000000	18000.000000	8000.000000	Trill	4.881089	18.024428	NaN	NaN	52.830916	0.000000
176	Spectrogram 1	1	1876.670000	1876.930000	4000.000000	18000.000000	8000.000000	Phee	4.679344	11.406851	NaN	NaN	32.588292	0.000000
177	Spectrogram 1	1	1909.690000	1909.720000	4000.000000	18000.000000	8000.000000	Trill	11.707059	14.643157	NaN	NaN	30.770608	0.000000
178	Spectrogram 1	1	1919.600000	1919.640000	4000.000000	18000.000000	8000.000000	Trill	4.741651	11.645668	NaN	NaN	50.653702	0.000000
179	Spectrogram 1	1	1953.260000	1953.300000	4000.000000	18000.000000	8000.000000	Trill	7.952089	12.092103	NaN	NaN	29.762872	0.000000
180	Spectrogram 1	1	1983.780000	1984.350000	4000.000000	18000.000000	8000.000000	Trill	16.103779	30.000000	NaN	NaN	123.249359	0.000000
181	Spectrogram 1	1	2034.940000	2035.670000	4000.000000	18000.000000	8000.000000	Trill	5.485780	20.421531	NaN	NaN	47.522386	0.000000
182	Spectrogram 1	1	2072.620000	2072.660000	4000.000000	18000.000000	8000.000000	Twitter	4.079064	15.616810	NaN	NaN	35.073130	0.000000
183	Spectrogram 1	1	2101.680000	2102.010000	4000.000000	18000.000000	8000.000000	Trill	9.841825	24.772060	NaN	NaN	49.570615	0.000000
184	Spectrogram 1	1	2122.700000	2123.170000	4000.000000	18000.000000	8000.000000	Trill	12.523128	24.771381	NaN	NaN	91.952110	0.000000
185	Spectrogram 1	1	2130.130000	2130.610000	4000.000000	18000.000000	8000.000000	Trill	13.785054	27.024252	NaN	NaN	113.673625	0.000000
186	Spectrogram 1	1	2131.140000	2131.160000	4000.000000	18000.000000	8000.000000	Sd-peep	9.023481	10.866172	NaN	NaN	40.839021	0.000000
187	Spectrogram 1	1	2138.010000	2138.360000	4000.000000	18000.000000	8000.000000	Trill	13.517843	26.763100	NaN	NaN	114.129993	0.000000
188	Spectrogram 1	1	2159.320000	2159.690000	4000.000000	18000.000000	8000.000000	Trill	13.524556	28.162053	NaN	NaN	95.472707	0.000000
189	Spectrogram 1	1	2161.950000	2162.480000	4000.000000	18000.000000	8000.000000	Trill	12.152093	26.028017	NaN	NaN	102.368744	0.000000
190	Spectrogram 1	1	2165.350000	2165.380000	4000.000000	18000.000000	8000.000000	Trill	4.054565	6.126781	NaN	NaN	39.680177	0.000000
191	Spectrogram 1	1	2242.220000	2242.530000	4000.000000	18000.000000	8000.000000	Trill	9.087811	21.381633	NaN	NaN	66.079049	0.000000
192	Spectrogram 1	1	2245.330000	2245.670000	4000.000000	18000.000000	8000.000000	Trill	12.403546	27.137981	NaN	NaN	94.896826	0.000000
193	Spectrogram 1	1	2267.270000	2267.300000	4000.000000	18000.000000	8000.000000	Phee	4.100661	10.407979	NaN	NaN	41.662059	0.000000
194	Spectrogram 1	1	2318.310000	2319.540000	4000.000000	18000.000000	8000.000000	Phee	9.196738	28.905452	NaN	NaN	41.921829	0.000000
195	Spectrogram 1	1	2319.810000	2320.720000	4000.000000	18000.000000	8000.000000	Phee	10.425040	28.727494	NaN	NaN	43.711262	0.000000
196	Spectrogram 1	1	2320.940000	2321.760000	4000.000000	18000.000000	8000.000000	Phee	10.180288	28.195446	NaN	NaN	43.181247	0.000000
197	Spectrogram 1	1	2321.960000	2322.830000	4000.000000	18000.000000	8000.000000	Trillphee	8.125687	26.696717	NaN	NaN	45.736847	0.000000
198	Spectrogram 1	1	2333.380000	2333.650000	4000.000000	18000.000000	8000.000000	Trill	4.558761	7.714986	NaN	NaN	43.224818	0.000000
199	Spectrogram 1	1	2391.360000	2391.460000	4000.000000	18000.000000	8000.000000	Trillphee	10.746862	11.686439	NaN	NaN	39.966738	0.000000
200	Spectrogram 1	1	2412.540000	2412.630000	4000.000000	18000.000000	8000.000000	Trill	4.202595	7.364657	NaN	NaN	36.229625	0.000000
201	Spectrogram 1	1	2414.750000	2414.810000	4000.000000	18000.000000	8000.000000	Trill	6.351204	12.185888	NaN	NaN	49.062281	0.000000
202	Spectrogram 1	1	2434.480000	2434.520000	4000.000000	18000.000000	8000.000000	Trill	6.561979	12.339630	NaN	NaN	46.136267	0.000000
203	Spectrogram 1	1	2448.850000	2449.900000	4000.000000	18000.000000	8000.000000	Phee	5.241447	28.168819	NaN	NaN	41.186131	0.000000
204	Spectrogram 1	1	2450.160000	2451.110000	4000.000000	18000.000000	8000.000000	Phee	5.165212	26.004671	NaN	NaN	37.546627	0.000000
205	Spectrogram 1	1	2451.320000	2452.170000	4000.000000	18000.000000	8000.000000	Phee	5.648099	28.301529	NaN	NaN	42.143359	0.000000
206	Spectrogram 1	1	2473.540000	2473.590000	4000.000000	18000.000000	8000.000000	Trill	4.062431	10.829285	NaN	NaN	40.539291	0.000000
207	Spectrogram 1	1	2493.970000	2494.300000	4000.000000	18000.000000	8000.000000	Trill	11.586268	24.148468	NaN	NaN	88.323549	0.000000
208	Spectrogram 1	1	2531.830000	2531.860000	4000.000000	18000.000000	8000.000000	Trill	6.408044	9.799769	NaN	NaN	40.401526	0.000000
209	Spectrogram 1	1	2560.390000	2561.300000	4000.000000	18000.000000	8000.000000	Phee	5.327676	26.649127	NaN	NaN	37.716101	0.000000
210	Spectrogram 1	1	2561.460000	2562.320000	4000.000000	18000.000000	8000.000000	Phee	5.919397	28.503073	NaN	NaN	40.636087	0.000000
211	Spectrogram 1	1	2567.120000	2567.140000	4000.000000	18000.000000	8000.000000	Sd-peep	4.347808	6.894807	NaN	NaN	31.924284	0.000000
212	Spectrogram 1	1	2568.020000	2568.080000	4000.000000	18000.000000	8000.000000	Trill	4.915291	9.293246	NaN	NaN	49.683935	0.000000
213	Spectrogram 1	1	2586.880000	2586.950000	4000.000000	18000.000000	8000.000000	Trill	4.311322	13.038460	NaN	NaN	38.005828	0.000000
214	Spectrogram 1	1	2606.650000	2606.710000	4000.000000	18000.000000	8000.000000	Trill	5.024947	7.697670	NaN	NaN	36.422105	0.000000
215	Spectrogram 1	1	2648.870000	2649.040000	4000.000000	18000.000000	8000.000000	Trill	4.558638	9.392150	NaN	NaN	37.306962	0.000000
216	Spectrogram 1	1	2715.350000	2715.740000	4000.000000	18000.000000	8000.000000	Phee	4.176088	11.583472	NaN	NaN	33.946564	0.000000
217	Spectrogram 1	1	2747.660000	2748.670000	4000.000000	18000.000000	8000.000000	Phee	8.491523	28.234026	NaN	NaN	37.017522	0.000000
218	Spectrogram 1	1	2748.840000	2748.890000	4000.000000	18000.000000	8000.000000	Trill	8.540514	15.153067	NaN	NaN	37.242392	0.000000
219	Spectrogram 1	1	2749.170000	2750.100000	4000.000000	18000.000000	8000.000000	Phee	9.095895	29.465352	NaN	NaN	36.034033	0.000000
220	Spectrogram 1	1	2750.160000	2750.240000	4000.000000	18000.000000	8000.000000	Trill	9.113098	16.418599	NaN	NaN	46.624636	0.000000
221	Spectrogram 1	1	2750.490000	2751.350000	4000.000000	18000.000000	8000.000000	Phee	10.222491	29.248111	NaN	NaN	40.409974	0.000000
222	Spectrogram 1	1	2751.550000	2752.340000	4000.000000	18000.000000	8000.000000	Phee	10.200080	29.998405	NaN	NaN	39.826020	0.000000
223	Spectrogram 1	1	2752.570000	2753.360000	4000.000000	18000.000000	8000.000000	Phee	9.609452	29.102808	NaN	NaN	40.858867	0.000000
224	Spectrogram 1	1	2753.800000	2753.840000	4000.000000	18000.000000	8000.000000	Trill	10.296635	14.247490	NaN	NaN	67.121915	0.000000
225	Spectrogram 1	1	2760.360000	2761.130000	4000.000000	18000.000000	8000.000000	Phee	7.970033	27.293239	NaN	NaN	33.766358	0.000000
226	Spectrogram 1	1	2761.250000	2761.420000	4000.000000	18000.000000	8000.000000	Trill	4.832204	21.869510	NaN	NaN	78.155438	0.000000
227	Spectrogram 1	1	2761.570000	2761.630000	4000.000000	18000.000000	8000.000000	Trill	8.486562	15.088785	NaN	NaN	38.894225	0.000000
228	Spectrogram 1	1	2762.860000	2763.640000	4000.000000	18000.000000	8000.000000	Phee	9.863579	28.506629	NaN	NaN	30.827408	0.000000
229	Spectrogram 1	1	2763.760000	2764.610000	4000.000000	18000.000000	8000.000000	Phee	10.597507	30.000000	NaN	NaN	39.368812	0.000000
230	Spectrogram 1	1	2764.980000	2765.010000	4000.000000	18000.000000	8000.000000	Trill	10.359804	13.069131	NaN	NaN	69.752468	0.000000
231	Spectrogram 1	1	2777.150000	2777.930000	4000.000000	18000.000000	8000.000000	Phee	9.118355	29.203985	NaN	NaN	35.525314	0.000000
232	Spectrogram 1	1	2778.200000	2778.390000	4000.000000	18000.000000	8000.000000	Trill	7.351271	23.457773	NaN	NaN	90.112518	0.000000
233	Spectrogram 1	1	2778.780000	2778.890000	4000.000000	18000.000000	8000.000000	Trill	6.618791	11.860137	NaN	NaN	38.598859	0.000000
234	Spectrogram 1	1	2779.180000	2779.970000	4000.000000	18000.000000	8000.000000	Phee	10.471707	29.923938	NaN	NaN	38.650280	0.000000
235	Spectrogram 1	1	2780.200000	2780.990000	4000.000000	18000.000000	8000.000000	Phee	10.713704	29.418775	NaN	NaN	38.357291	0.000000
236	Spectrogram 1	1	2781.220000	2782.040000	4000.000000	18000.000000	8000.000000	Phee	9.490088	28.837649	NaN	NaN	43.768445	0.000000
237	Spectrogram 1	1	2782.300000	2783.140000	4000.000000	18000.000000	8000.000000	Phee	9.349573	29.495259	NaN	NaN	44.749662	0.000000
238	Spectrogram 1	1	2921.470000	2921.490000	4000.000000	18000.000000	8000.000000	Sd-peep	5.534489	10.136576	NaN	NaN	57.307100	0.000000
239	Spectrogram 1	1	2946.860000	2947.600000	4000.000000	18000.000000	8000.000000	Trill	8.276546	23.793331	NaN	NaN	38.226109	0.000000
240	Spectrogram 1	1	2947.690000	2948.120000	4000.000000	18000.000000	8000.000000	Trill	8.637468	25.063377	NaN	NaN	69.333062	0.000000
241	Spectrogram 1	1	2948.190000	2948.520000	4000.000000	18000.000000	8000.000000	Trill	9.122190	22.327548	NaN	NaN	73.685145	0.000000
242	Spectrogram 1	1	2950.780000	2950.840000	4000.000000	18000.000000	8000.000000	Trill	4.513406	13.350553	NaN	NaN	35.467930	0.000000
243	Spectrogram 1	1	2956.580000	2956.850000	4000.000000	18000.000000	8000.000000	Phee	5.519634	11.194954	NaN	NaN	30.162440	0.000000
244	Spectrogram 1	1	2957.160000	2957.250000	4000.000000	18000.000000	8000.000000	Trillphee	5.596857	12.171926	NaN	NaN	48.740846	0.000000
245	Spectrogram 1	1	2957.430000	2957.480000	4000.000000	18000.000000	8000.000000	Trillphee	4.137130	10.027434	NaN	NaN	33.280303	0.000000
246	Spectrogram 1	1	3013.400000	3013.460000	4000.000000	18000.000000	8000.000000	Trill	4.852488	9.498704	NaN	NaN	31.281852	0.000000
247	Spectrogram 1	1	3044.870000	3044.920000	4000.000000	18000.000000	8000.000000	Trill	4.688184	8.890540	NaN	NaN	44.730066	0.000000
248	Spectrogram 1	1	3060.470000	3060.570000	4000.000000	18000.000000	8000.000000	Trill	4.697805	10.412572	NaN	NaN	36.919994	0.000000
249	Spectrogram 1	1	3060.610000	3060.700000	4000.000000	18000.000000	8000.000000	Trill	4.555936	11.441170	NaN	NaN	45.828835	0.000000
250	Spectrogram 1	1	3065.050000	3065.300000	4000.000000	18000.000000	8000.000000	Trill	11.743758	11.993480	NaN	NaN	34.600702	0.000000
251	Spectrogram 1	1	3111.910000	3111.960000	4000.000000	18000.000000	8000.000000	Trill	4.413112	10.235933	NaN	NaN	44.062839	0.000000
252	Spectrogram 1	1	3134.530000	3134.630000	4000.000000	18000.000000	8000.000000	Trill	9.668189	11.662468	NaN	NaN	29.429786	0.000000
253	Spectrogram 1	1	3140.880000	3140.900000	4000.000000	18000.000000	8000.000000	Sd-peep	6.779566	7.245818	NaN	NaN	61.375586	0.000000
254	Spectrogram 1	1	3155.270000	3155.300000	4000.000000	18000.000000	8000.000000	Trill	10.694900	10.852126	NaN	NaN	40.878066	0.000000
255	Spectrogram 1	1	3186.960000	3187.040000	4000.000000	18000.000000	8000.000000	Phee	4.241702	8.933015	NaN	NaN	33.319742	0.000000
256	Spectrogram 1	1	3213.170000	3213.210000	4000.000000	18000.000000	8000.000000	Sd-peep	6.169534	12.591121	NaN	NaN	56.398566	0.000000
257	Spectrogram 1	1	3214.320000	3214.370000	4000.000000	18000.000000	8000.000000	Trill	5.821188	9.822613	NaN	NaN	37.644537	0.000000
258	Spectrogram 1	1	3253.540000	3253.900000	4000.000000	18000.000000	8000.000000	Trill	7.301094	19.103992	NaN	NaN	71.135903	0.000000
259	Spectrogram 1	1	3261.570000	3261.590000	4000.000000	18000.000000	8000.000000	Sd-peep	10.272368	15.486904	NaN	NaN	28.764154	0.000000
260	Spectrogram 1	1	3267.150000	3267.490000	4000.000000	18000.000000	8000.000000	Trill	12.775870	27.434279	NaN	NaN	106.109001	0.000000
261	Spectrogram 1	1	3268.300000	3268.320000	4000.000000	18000.000000	8000.000000	Sd-peep	8.665969	10.220959	NaN	NaN	30.484665	0.000000
262	Spectrogram 1	1	3270.090000	3270.110000	4000.000000	18000.000000	8000.000000	Sd-peep	7.524729	9.648763	NaN	NaN	43.676884	0.000000
263	Spectrogram 1	1	3270.220000	3270.250000	4000.000000	18000.000000	8000.000000	Trill	9.723565	11.691636	NaN	NaN	28.654443	0.000000
264	Spectrogram 1	1	3296.250000	3296.400000	4000.000000	18000.000000	8000.000000	Trill	4.873379	10.496769	NaN	NaN	37.409279	0.000000
265	Spectrogram 1	1	3303.560000	3303.940000	4000.000000	18000.000000	8000.000000	Trill	4.299099	14.016179	NaN	NaN	33.675200	0.000000
266	Spectrogram 1	1	3304.760000	3304.820000	4000.000000	18000.000000	8000.000000	Trill	5.540704	11.585006	NaN	NaN	38.971470	0.000000
267	Spectrogram 1	1	3318.710000	3318.750000	4000.000000	18000.000000	8000.000000	Trill	4.192210	9.755505	NaN	NaN	41.250445	0.000000
268	Spectrogram 1	1	3321.740000	3321.770000	4000.000000	18000.000000	8000.000000	Twitter	5.609466	14.160105	NaN	NaN	48.410218	0.000000
269	Spectrogram 1	1	3336.110000	3336.160000	4000.000000	18000.000000	8000.000000	Phee	4.331463	8.012061	NaN	NaN	31.857463	0.000000
270	Spectrogram 1	1	3352.630000	3352.670000	4000.000000	18000.000000	8000.000000	Trill	4.404071	10.878474	NaN	NaN	43.913141	0.000000
271	Spectrogram 1	1	3355.870000	3355.950000	4000.000000	18000.000000	8000.000000	Trill	4.261159	12.043891	NaN	NaN	42.963478	0.000000
272	Spectrogram 1	1	3373.130000	3373.250000	4000.000000	18000.000000	8000.000000	Trill	4.471313	12.195645	NaN	NaN	45.459222	0.000000
273	Spectrogram 1	1	3374.760000	3374.790000	4000.000000	18000.000000	8000.000000	Trill	9.883751	9.068820	NaN	NaN	37.364842	0.000000
274	Spectrogram 1	1	3378.750000	3379.200000	4000.000000	18000.000000	8000.000000	Trill	4.314985	16.039224	NaN	NaN	42.109592	0.000000
275	Spectrogram 1	1	3391.520000	3391.590000	4000.000000	18000.000000	8000.000000	Trill	4.397989	8.800893	NaN	NaN	35.145087	0.000000
276	Spectrogram 1	1	3409.950000	3410.000000	4000.000000	18000.000000	8000.000000	Trill	4.655023	11.938810	NaN	NaN	49.645162	0.000000
277	Spectrogram 1	1	3410.390000	3410.450000	4000.000000	18000.000000	8000.000000	Trill	4.025783	11.925889	NaN	NaN	49.101867	0.000000
278	Spectrogram 1	1	3410.500000	3410.550000	4000.000000	18000.000000	8000.000000	Trill	4.065863	11.861249	NaN	NaN	43.111127	0.000000
279	Spectrogram 1	1	3418.140000	3418.280000	4000.000000	18000.000000	8000.000000	Phee	4.925614	9.825376	NaN	NaN	34.793806	0.000000
280	Spectrogram 1	1	3422.270000	3422.400000	4000.000000	18000.000000	8000.000000	Phee	5.407763	11.778213	NaN	NaN	34.190137	0.000000
281	Spectrogram 1	1	3426.520000	3426.840000	4000.000000	18000.000000	8000.000000	Phee	6.295118	14.576007	NaN	NaN	31.627369	0.000000
282	Spectrogram 1	1	3426.890000	3426.930000	4000.000000	18000.000000	8000.000000	Trill	5.563360	10.655175	NaN	NaN	30.479508	0.000000
283	Spectrogram 1	1	3433.810000	3433.930000	4000.000000	18000.000000	8000.000000	Phee	10.386242	16.035448	NaN	NaN	30.756271	0.000000
284	Spectrogram 1	1	3433.990000	3434.120000	4000.000000	18000.000000	8000.000000	Trill	7.324191	14.645382	NaN	NaN	30.306322	0.000000
285	Spectrogram 1	1	3434.170000	3434.210000	4000.000000	18000.000000	8000.000000	Trill	10.564240	14.458213	NaN	NaN	49.941832	0.000000
286	Spectrogram 1	1	3434.300000	3434.340000	4000.000000	18000.000000	8000.000000	Trillphee	7.190672	11.053559	NaN	NaN	43.066080	0.000000
287	Spectrogram 1	1	3436.350000	3436.570000	4000.000000	18000.000000	8000.000000	Phee	4.651052	9.289998	NaN	NaN	40.056277	0.000000
288	Spectrogram 1	1	3441.590000	3441.640000	4000.000000	18000.000000	8000.000000	Trill	5.016431	16.721558	NaN	NaN	41.737310	0.000000
289	Spectrogram 1	1	3443.670000	3443.710000	4000.000000	18000.000000	8000.000000	Trill	7.873306	14.307307	NaN	NaN	40.875350	0.000000
290	Spectrogram 1	1	3456.330000	3456.360000	4000.000000	18000.000000	8000.000000	Trill	11.163230	12.125475	NaN	NaN	38.193192	0.000000
291	Spectrogram 1	1	3470.220000	3470.280000	4000.000000	18000.000000	8000.000000	Trillphee	4.150528	13.456627	NaN	NaN	49.139500	0.000000
292	Spectrogram 1	1	3470.370000	3470.470000	4000.000000	18000.000000	8000.000000	Trillphee	5.224971	15.787818	NaN	NaN	57.395256	0.000000
293	Spectrogram 1	1	3472.510000	3472.930000	4000.000000	18000.000000	8000.000000	Trill	10.100924	23.743911	NaN	NaN	76.755225	0.000000
294	Spectrogram 1	1	3474.690000	3475.320000	4000.000000	18000.000000	8000.000000	Trill	10.925505	25.693661	NaN	NaN	88.790338	0.000000
295	Spectrogram 1	1	3483.220000	3483.270000	4000.000000	18000.000000	8000.000000	Trill	5.172285	13.796550	NaN	NaN	43.777286	0.000000
296	Spectrogram 1	1	3508.930000	3509.320000	4000.000000	18000.000000	8000.000000	Trill	4.608025	16.497111	NaN	NaN	54.589863	0.000000
297	Spectrogram 1	1	3533.380000	3533.790000	4000.000000	18000.000000	8000.000000	Trill	11.880325	28.299830	NaN	NaN	90.616921	0.000000
298	Spectrogram 1	1	3535.090000	3535.120000	4000.000000	18000.000000	8000.000000	Trill	7.970890	8.763382	NaN	NaN	30.939874	0.000000
299	Spectrogram 1	1	3570.130000	3570.460000	4000.000000	18000.000000	8000.000000	Trill	6.757068	18.623952	NaN	NaN	50.677925	0.000000
300	Spectrogram 1	1	3573.900000	3573.960000	4000.000000	18000.000000	8000.000000	Trill	4.069331	10.058508	NaN	NaN	45.701524	0.000000
301	Spectrogram 1	1	3583.400000	3583.780000	4000.000000	18000.000000	8000.000000	Trill	5.149884	17.352681	NaN	NaN	48.204367	0.000000
302	Spectrogram 1	1	3650.790000	3650.810000	4000.000000	18000.000000	8000.000000	Sd-peep	6.672099	8.556101	NaN	NaN	31.577655	0.000000
303	Spectrogram 1	1	3655.120000	3655.440000	4000.000000	18000.000000	8000.000000	Trill	5.818150	18.679978	NaN	NaN	52.085493	0.000000
304	Spectrogram 1	1	3655.770000	3655.800000	4000.000000	18000.000000	8000.000000	Trill	4.742941	8.421965	NaN	NaN	49.136209	0.000000
305	Spectrogram 1	1	3697.320000	3697.630000	4000.000000	18000.000000	8000.000000	Trill	6.267800	18.624462	NaN	NaN	45.261089	0.000000
306	Spectrogram 1	1	3697.670000	3698.190000	4000.000000	18000.000000	8000.000000	Trill	4.044272	11.381434	NaN	NaN	60.332538	0.000000
307	Spectrogram 1	1	3717.560000	3717.840000	4000.000000	18000.000000	8000.000000	Trill	5.840620	10.417247	NaN	NaN	51.090887	0.000000
308	Spectrogram 1	1	3721.520000	3721.570000	4000.000000	18000.000000	8000.000000	Trill	6.101908	14.582493	NaN	NaN	59.037348	0.000000
309	Spectrogram 1	1	3726.580000	3727.070000	4000.000000	18000.000000	8000.000000	Trill	7.620900	17.416766	NaN	NaN	54.268498	0.000000
310	Spectrogram 1	1	3727.130000	3727.180000	4000.000000	18000.000000	8000.000000	Trill	4.259775	11.072066	NaN	NaN	47.177573	0.000000
311	Spectrogram 1	1	3727.260000	3727.290000	4000.000000	18000.000000	8000.000000	Trill	4.948381	13.841296	NaN	NaN	58.959908	0.000000
312	Spectrogram 1	1	3737.870000	3737.910000	4000.000000	18000.000000	8000.000000	Trill	4.321746	7.626879	NaN	NaN	38.134939	0.000000
313	Spectrogram 1	1	3739.980000	3740.370000	4000.000000	18000.000000	8000.000000	Trill	8.503247	21.438760	NaN	NaN	68.676892	0.000000
314	Spectrogram 1	1	3744.360000	3744.600000	4000.000000	18000.000000	8000.000000	Trill	4.478406	7.525979	NaN	NaN	35.433013	0.000000
315	Spectrogram 1	1	3781.330000	3781.370000	4000.000000	18000.000000	8000.000000	Trill	12.970303	13.582520	NaN	NaN	42.781535	0.000000
316	Spectrogram 1	1	3782.190000	3782.220000	4000.000000	18000.000000	8000.000000	Trillphee	4.331243	6.972076	NaN	NaN	32.460772	0.000000
317	Spectrogram 1	1	3787.640000	3788.100000	4000.000000	18000.000000	8000.000000	Trill	6.352523	16.841824	NaN	NaN	55.406263	0.000000
318	Spectrogram 1	1	3789.690000	3789.720000	4000.000000	18000.000000	8000.000000	Trill	4.340614	8.186496	NaN	NaN	34.290591	0.000000
319	Spectrogram 1	1	3804.090000	3804.240000	4000.000000	18000.000000	8000.000000	Phee	4.211621	8.892503	NaN	NaN	46.892248	0.000000
320	Spectrogram 1	1	3804.860000	3805.370000	4000.000000	18000.000000	8000.000000	Trill	6.457890	18.066213	NaN	NaN	63.202619	0.000000
321	Spectrogram 1	1	3808.470000	3808.500000	4000.000000	18000.000000	8000.000000	Trill	4.456053	9.160050	NaN	NaN	31.433119	0.000000
322	Spectrogram 1	1	3810.440000	3810.500000	4000.000000	18000.000000	8000.000000	Trill	6.808163	10.914897	NaN	NaN	33.757803	0.000000
323	Spectrogram 1	1	3811.140000	3811.190000	4000.000000	18000.000000	8000.000000	Trill	5.331115	10.692029	NaN	NaN	34.245918	0.000000
324	Spectrogram 1	1	3811.260000	3811.290000	4000.000000	18000.000000	8000.000000	Trill	4.878549	9.005226	NaN	NaN	51.707066	0.000000
325	Spectrogram 1	1	3829.830000	3829.880000	4000.000000	18000.000000	8000.000000	Trill	4.236373	9.858409	NaN	NaN	42.621999	0.000000
326	Spectrogram 1	1	3832.570000	3832.640000	4000.000000	18000.000000	8000.000000	Trill	4.509610	11.364775	NaN	NaN	46.106176	0.000000
327	Spectrogram 1	1	3850.060000	3851.090000	4000.000000	18000.000000	8000.000000	Phee	10.780756	30.000000	NaN	NaN	42.539131	0.000000
328	Spectrogram 1	1	3851.320000	3852.240000	4000.000000	18000.000000	8000.000000	Phee	9.415731	27.963130	NaN	NaN	39.011022	0.000000
329	Spectrogram 1	1	3852.450000	3853.240000	4000.000000	18000.000000	8000.000000	Trillphee	9.267583	28.817404	NaN	NaN	44.250584	0.000000
330	Spectrogram 1	1	3868.270000	3868.290000	4000.000000	18000.000000	8000.000000	Sd-peep	4.224570	13.143358	NaN	NaN	50.247085	0.000000
331	Spectrogram 1	1	3874.280000	3874.800000	4000.000000	18000.000000	8000.000000	Trill	4.125803	10.748527	NaN	NaN	35.624628	0.000000
332	Spectrogram 1	1	3957.300000	3958.280000	4000.000000	18000.000000	8000.000000	Phee	7.384897	28.300228	NaN	NaN	35.981687	0.000000
333	Spectrogram 1	1	3958.550000	3959.530000	4000.000000	18000.000000	8000.000000	Phee	8.987166	29.565131	NaN	NaN	38.854849	0.000000
334	Spectrogram 1	1	3959.800000	3959.980000	4000.000000	18000.000000	8000.000000	Phee	9.016542	30.000000	NaN	NaN	45.228201	0.000000
335	Spectrogram 1	1	3960.010000	3960.600000	4000.000000	18000.000000	8000.000000	Phee	8.422296	28.125723	NaN	NaN	39.380231	0.000000
336	Spectrogram 1	1	3960.860000	3961.660000	4000.000000	18000.000000	8000.000000	Phee	8.585572	28.557648	NaN	NaN	40.804032	0.000000
337	Spectrogram 1	1	3970.470000	3970.520000	4000.000000	18000.000000	8000.000000	Trill	7.417508	9.742222	NaN	NaN	30.972040	0.000000
338	Spectrogram 1	1	3973.640000	3973.740000	4000.000000	18000.000000	8000.000000	Trill	10.026060	15.619072	NaN	NaN	32.633189	0.000000
339	Spectrogram 1	1	3992.080000	3992.110000	4000.000000	18000.000000	8000.000000	Trill	5.275493	8.786737	NaN	NaN	49.828090	0.000000
340	Spectrogram 1	1	4018.830000	4018.860000	4000.000000	18000.000000	8000.000000	Twitter	10.012208	12.732225	NaN	NaN	48.179952	0.000000
341	Spectrogram 1	1	4079.140000	4079.380000	4000.000000	18000.000000	8000.000000	Trill	4.905319	9.509875	NaN	NaN	48.978863	0.000000
342	Spectrogram 1	1	4095.130000	4095.200000	4000.000000	18000.000000	8000.000000	Trill	12.040266	11.736736	NaN	NaN	39.958692	0.000000
343	Spectrogram 1	1	4111.300000	4111.320000	4000.000000	18000.000000	8000.000000	Sd-peep	9.745466	13.649253	NaN	NaN	39.969576	0.000000
344	Spectrogram 1	1	4122.930000	4123.360000	4000.000000	18000.000000	8000.000000	Trill	15.182992	30.000000	NaN	NaN	125.247987	0.000000
345	Spectrogram 1	1	4140.880000	4141.170000	4000.000000	18000.000000	8000.000000	Trill	5.729713	17.992738	NaN	NaN	49.263575	0.000000
346	Spectrogram 1	1	4144.220000	4144.270000	4000.000000	18000.000000	8000.000000	Trill	4.342578	11.038153	NaN	NaN	36.505369	0.000000
347	Spectrogram 1	1	4176.360000	4176.790000	4000.000000	18000.000000	8000.000000	Trill	7.165735	17.915780	NaN	NaN	58.131080	0.000000
348	Spectrogram 1	1	4250.460000	4250.620000	4000.000000	18000.000000	8000.000000	Trill	5.159603	11.205274	NaN	NaN	35.515734	0.000000
349	Spectrogram 1	1	4257.490000	4257.550000	4000.000000	18000.000000	8000.000000	Trill	5.017655	11.361525	NaN	NaN	42.718064	0.000000
350	Spectrogram 1	1	4265.860000	4266.220000	4000.000000	18000.000000	8000.000000	Trill	4.913810	17.244818	NaN	NaN	51.854773	0.000000
351	Spectrogram 1	1	4271.100000	4272.020000	4000.000000	18000.000000	8000.000000	Twitter	5.012503	20.147636	NaN	NaN	34.061920	0.000000
352	Spectrogram 1	1	4291.050000	4291.160000	4000.000000	18000.000000	8000.000000	Phee	4.234646	6.978833	NaN	NaN	45.217883	0.000000
353	Spectrogram 1	1	4304.220000	4304.240000	4000.000000	18000.000000	8000.000000	Sd-peep	8.524690	12.846234	NaN	NaN	68.722677	0.000000
354	Spectrogram 1	1	4323.940000	4324.300000	4000.000000	18000.000000	8000.000000	Trill	10.424618	25.405554	NaN	NaN	84.226662	0.000000
355	Spectrogram 1	1	4335.570000	4335.700000	4000.000000	18000.000000	8000.000000	Phee	6.165816	8.509148	NaN	NaN	34.036979	0.000000
356	Spectrogram 1	1	4341.790000	4342.160000	4000.000000	18000.000000	8000.000000	Trill	4.005642	14.851289	NaN	NaN	43.640124	0.000000
357	Spectrogram 1	1	4350.810000	4350.970000	4000.000000	18000.000000	8000.000000	Trill	6.108657	9.733242	NaN	NaN	33.592668	0.000000
358	Spectrogram 1	1	4364.220000	4364.240000	4000.000000	18000.000000	8000.000000	Sd-peep	4.147182	11.972106	NaN	NaN	40.391711	0.000000
359	Spectrogram 1	1	4373.630000	4373.730000	4000.000000	18000.000000	8000.000000	Trill	4.060315	14.373884	NaN	NaN	43.557975	0.000000
360	Spectrogram 1	1	4408.020000	4408.060000	4000.000000	18000.000000	8000.000000	Trill	4.609859	8.249047	NaN	NaN	41.607161	0.000000
361	Spectrogram 1	1	4442.300000	4443.330000	4000.000000	18000.000000	8000.000000	Phee	11.863692	30.000000	NaN	NaN	53.634677	0.000000
362	Spectrogram 1	1	4443.600000	4444.550000	4000.000000	18000.000000	8000.000000	Phee	15.349671	30.000000	NaN	NaN	40.145546	0.000000
363	Spectrogram 1	1	4444.770000	4445.690000	4000.000000	18000.000000	8000.000000	Phee	12.391914	30.000000	NaN	NaN	43.743062	0.000000
364	Spectrogram 1	1	4449.270000	4449.320000	4000.000000	18000.000000	8000.000000	Trill	4.125313	9.496223	NaN	NaN	43.713116	0.000000
365	Spectrogram 1	1	4463.680000	4463.770000	4000.000000	18000.000000	8000.000000	Trill	4.721503	10.459843	NaN	NaN	39.203613	0.000000
366	Spectrogram 1	1	4463.830000	4463.900000	4000.000000	18000.000000	8000.000000	Trill	4.636892	9.553533	NaN	NaN	35.852627	0.000000
367	Spectrogram 1	1	4464.090000	4464.180000	4000.000000	18000.000000	8000.000000	Trill	6.052563	9.826571	NaN	NaN	29.973637	0.000000
368	Spectrogram 1	1	4464.220000	4464.300000	4000.000000	18000.000000	8000.000000	Trill	4.111590	9.644047	NaN	NaN	38.951728	0.000000
369	Spectrogram 1	1	4464.350000	4464.450000	4000.000000	18000.000000	8000.000000	Trill	5.112119	9.934737	NaN	NaN	39.472331	0.000000
370	Spectrogram 1	1	4464.500000	4464.570000	4000.000000	18000.000000	8000.000000	Trill	4.900234	9.990246	NaN	NaN	42.608326	0.000000
371	Spectrogram 1	1	4464.620000	4464.690000	4000.000000	18000.000000	8000.000000	Phee	4.588022	8.354002	NaN	NaN	43.631365	0.000000
372	Spectrogram 1	1	4509.370000	4510.640000	4000.000000	18000.000000	8000.000000	Twitter	8.362013	26.264881	NaN	NaN	48.159008	0.000000
373	Spectrogram 1	1	4524.260000	4524.440000	4000.000000	18000.000000	8000.000000	Trill	4.227113	9.337812	NaN	NaN	35.805003	0.000000
374	Spectrogram 1	1	4525.570000	4525.610000	4000.000000	18000.000000	8000.000000	Twitter	10.948414	11.799861	NaN	NaN	45.272330	0.000000
375	Spectrogram 1	1	4526.270000	4526.340000	4000.000000	18000.000000	8000.000000	Trill	4.119178	10.620854	NaN	NaN	36.354468	0.000000
376	Spectrogram 1	1	4526.690000	4526.780000	4000.000000	18000.000000	8000.000000	Trill	4.279951	11.908314	NaN	NaN	33.106825	0.000000
377	Spectrogram 1	1	4526.820000	4526.880000	4000.000000	18000.000000	8000.000000	Trill	4.818414	12.275573	NaN	NaN	36.196766	0.000000
378	Spectrogram 1	1	4527.700000	4528.060000	4000.000000	18000.000000	8000.000000	Trill	12.712241	30.000000	NaN	NaN	103.646963	0.000000
379	Spectrogram 1	1	4561.560000	4561.590000	4000.000000	18000.000000	8000.000000	Trill	9.591206	16.044392	NaN	NaN	32.416260	0.000000
380	Spectrogram 1	1	4561.920000	4562.010000	4000.000000	18000.000000	8000.000000	Trill	5.712764	11.025103	NaN	NaN	39.638467	0.000000
381	Spectrogram 1	1	4585.510000	4585.720000	4000.000000	18000.000000	8000.000000	Trill	4.210476	9.558987	NaN	NaN	52.215056	0.000000
382	Spectrogram 1	1	4611.690000	4612.800000	4000.000000	18000.000000	8000.000000	Trill	8.016679	23.628185	NaN	NaN	97.845027	0.000000
383	Spectrogram 1	1	4673.230000	4673.300000	4000.000000	18000.000000	8000.000000	Trill	4.571100	11.801635	NaN	NaN	45.460048	0.000000
384	Spectrogram 1	1	4684.640000	4684.700000	4000.000000	18000.000000	8000.000000	Trill	13.887205	16.240563	NaN	NaN	41.731218	0.000000
385	Spectrogram 1	1	4715.730000	4715.800000	4000.000000	18000.000000	8000.000000	Trill	4.322854	7.674617	NaN	NaN	42.780050	0.000000
386	Spectrogram 1	1	4723.010000	4723.030000	4000.000000	18000.000000	8000.000000	Sd-peep	6.157949	9.692248	NaN	NaN	32.234315	0.000000
387	Spectrogram 1	1	4744.940000	4745.200000	4000.000000	18000.000000	8000.000000	Trill	4.866050	19.209153	NaN	NaN	51.037787	0.000000
388	Spectrogram 1	1	4766.160000	4766.180000	4000.000000	18000.000000	8000.000000	Sd-peep	5.691955	12.072164	NaN	NaN	42.832341	0.000000
389	Spectrogram 1	1	4771.250000	4771.280000	4000.000000	18000.000000	8000.000000	Sd-peep	5.501440	9.626249	NaN	NaN	34.807314	0.000000
390	Spectrogram 1	1	4783.710000	4783.760000	4000.000000	18000.000000	8000.000000	Trill	14.059308	14.411193	NaN	NaN	29.340822	0.000000
391	Spectrogram 1	1	4787.550000	4788.250000	4000.000000	18000.000000	8000.000000	Trill	4.774253	21.909651	NaN	NaN	73.220889	0.000000
392	Spectrogram 1	1	4792.580000	4792.610000	4000.000000	18000.000000	8000.000000	Trill	4.311843	8.258793	NaN	NaN	37.326568	0.000000
393	Spectrogram 1	1	4797.720000	4798.190000	4000.000000	18000.000000	8000.000000	Trill	5.421445	15.774094	NaN	NaN	53.715215	0.000000
394	Spectrogram 1	1	4799.020000	4799.080000	4000.000000	18000.000000	8000.000000	Trill	4.165191	8.580591	NaN	NaN	44.473872	0.000000
395	Spectrogram 1	1	4803.960000	4804.010000	4000.000000	18000.000000	8000.000000	Trill	4.089496	7.646553	NaN	NaN	38.189769	0.000000
396	Spectrogram 1	1	4811.250000	4811.500000	4000.000000	18000.000000	8000.000000	Trill	5.494502	16.578964	NaN	NaN	50.518886	0.000000
397	Spectrogram 1	1	4825.390000	4825.520000	4000.000000	18000.000000	8000.000000	Trill	4.944784	8.540346	NaN	NaN	32.579110	0.000000
398	Spectrogram 1	1	4899.440000	4899.460000	4000.000000	18000.000000	8000.000000	Sd-peep	6.348264	7.960341	NaN	NaN	37.194730	0.000000
399	Spectrogram 1	1	4912.050000	4912.440000	4000.000000	18000.000000	8000.000000	Trill	11.821081	25.276448	NaN	NaN	81.108506	0.000000
400	Spectrogram 1	1	4918.050000	4918.130000	4000.000000	18000.000000	8000.000000	Trill	4.992276	12.103960	NaN	NaN	39.979497	0.000000
401	Spectrogram 1	1	4921.130000	4921.450000	4000.000000	18000.000000	8000.000000	Trill	5.728795	19.092394	NaN	NaN	50.923413	0.000000
402	Spectrogram 1	1	4937.700000	4938.150000	4000.000000	18000.000000	8000.000000	Trill	19.166291	30.000000	NaN	NaN	167.448370	0.000000
403	Spectrogram 1	1	4946.390000	4946.750000	4000.000000	18000.000000	8000.000000	Trill	8.946741	20.237173	NaN	NaN	66.177301	0.000000
404	Spectrogram 1	1	4979.940000	4979.980000	4000.000000	18000.000000	8000.000000	Twitter	11.479242	14.312013	NaN	NaN	41.959990	0.000000
405	Spectrogram 1	1	4984.510000	4984.730000	4000.000000	18000.000000	8000.000000	Trill	8.838661	20.885079	NaN	NaN	77.008742	0.000000
406	Spectrogram 1	1	4984.790000	4985.440000	4000.000000	18000.000000	8000.000000	Phee	7.797626	20.423700	NaN	NaN	92.174812	0.000000
407	Spectrogram 1	1	4992.840000	4992.910000	4000.000000	18000.000000	8000.000000	Trill	4.237716	8.273657	NaN	NaN	34.402550	0.000000
408	Spectrogram 1	1	5004.610000	5004.680000	4000.000000	18000.000000	8000.000000	Trill	8.575326	11.298437	NaN	NaN	31.740636	0.000000
409	Spectrogram 1	1	5004.730000	5004.750000	4000.000000	18000.000000	8000.000000	Sd-peep	10.653278	13.173266	NaN	NaN	42.733742	0.000000
410	Spectrogram 1	1	5012.510000	5012.830000	4000.000000	18000.000000	8000.000000	Trill	7.215344	17.579402	NaN	NaN	60.326448	0.000000
411	Spectrogram 1	1	5034.440000	5034.910000	4000.000000	18000.000000	8000.000000	Trill	4.218936	15.145354	NaN	NaN	43.540734	0.000000
412	Spectrogram 1	1	5061.330000	5062.320000	4000.000000	18000.000000	8000.000000	Trillphee	6.071311	29.171926	NaN	NaN	57.751645	0.000000
413	Spectrogram 1	1	5062.560000	5063.550000	4000.000000	18000.000000	8000.000000	Trillphee	6.119093	26.675440	NaN	NaN	41.751917	0.000000
414	Spectrogram 1	1	5063.770000	5064.630000	4000.000000	18000.000000	8000.000000	Trillphee	7.006613	28.520486	NaN	NaN	47.881036	0.000000
415	Spectrogram 1	1	5097.410000	5097.530000	4000.000000	18000.000000	8000.000000	Trill	10.717973	13.258993	NaN	NaN	35.354312	0.000000
416	Spectrogram 1	1	5108.740000	5109.100000	4000.000000	18000.000000	8000.000000	Trill	7.479944	17.642556	NaN	NaN	48.506461	0.000000
417	Spectrogram 1	1	5120.530000	5120.840000	4000.000000	18000.000000	8000.000000	Trill	4.156863	11.054353	NaN	NaN	53.267882	0.000000
418	Spectrogram 1	1	5158.490000	5158.600000	4000.000000	18000.000000	8000.000000	Twitter	7.109221	26.145032	NaN	NaN	58.830007	0.000000
419	Spectrogram 1	1	5158.650000	5159.450000	4000.000000	18000.000000	8000.000000	Twitter	7.023351	19.843963	NaN	NaN	38.510631	0.000000
420	Spectrogram 1	1	5159.520000	5159.550000	4000.000000	18000.000000	8000.000000	Twitter	4.966657	7.351090	NaN	NaN	51.852757	0.000000
421	Spectrogram 1	1	5169.840000	5169.870000	4000.000000	18000.000000	8000.000000	Trill	9.008441	10.996349	NaN	NaN	34.180595	0.000000
422	Spectrogram 1	1	5169.950000	5169.980000	4000.000000	18000.000000	8000.000000	Trill	8.599139	11.065915	NaN	NaN	35.541505	0.000000
423	Spectrogram 1	1	5212.150000	5212.170000	4000.000000	18000.000000	8000.000000	Sd-peep	4.490856	5.969481	NaN	NaN	35.008930	0.000000
424	Spectrogram 1	1	5213.560000	5213.630000	4000.000000	18000.000000	8000.000000	Trill	10.544843	13.658675	NaN	NaN	31.431853	0.000000
425	Spectrogram 1	1	5226.730000	5227.690000	4000.000000	18000.000000	8000.000000	Trill	4.097629	10.235150	NaN	NaN	45.487226	0.000000
426	Spectrogram 1	1	5227.730000	5227.760000	4000.000000	18000.000000	8000.000000	Trill	5.706665	7.980952	NaN	NaN	48.605188	0.000000
427	Spectrogram 1	1	5229.030000	5229.410000	4000.000000	18000.000000	8000.000000	Trill	8.553389	16.289509	NaN	NaN	66.613156	0.000000
428	Spectrogram 1	1	5257.080000	5257.130000	4000.000000	18000.000000	8000.000000	Phee	5.321764	9.635458	NaN	NaN	60.956969	0.000000
429	Spectrogram 1	1	5284.930000	5285.300000	4000.000000	18000.000000	8000.000000	Trill	11.845360	25.199529	NaN	NaN	101.512188	0.000000
430	Spectrogram 1	1	5287.640000	5287.710000	4000.000000	18000.000000	8000.000000	Trill	4.251527	9.457161	NaN	NaN	38.223829	0.000000
431	Spectrogram 1	1	5295.090000	5295.120000	4000.000000	18000.000000	8000.000000	Trill	7.917560	8.320456	NaN	NaN	32.987514	0.000000
432	Spectrogram 1	1	5295.180000	5295.320000	4000.000000	18000.000000	8000.000000	Sd-peep	7.925825	27.326814	NaN	NaN	49.143259	0.000000
433	Spectrogram 1	1	5297.190000	5297.330000	4000.000000	18000.000000	8000.000000	Sd-peep	7.257984	25.820248	NaN	NaN	39.272134	0.000000
434	Spectrogram 1	1	5302.180000	5302.380000	4000.000000	18000.000000	8000.000000	Sd-peep	4.536376	19.525746	NaN	NaN	40.776669	0.000000
435	Spectrogram 1	1	5342.610000	5342.800000	4000.000000	18000.000000	8000.000000	Sd-peep	5.361350	19.012037	NaN	NaN	51.125932	0.000000
436	Spectrogram 1	1	5343.030000	5343.100000	4000.000000	18000.000000	8000.000000	Sd-peep	9.071803	25.447014	NaN	NaN	67.128236	0.000000
437	Spectrogram 1	1	5371.700000	5371.800000	4000.000000	18000.000000	8000.000000	Phee	5.548257	29.384663	NaN	NaN	129.837568	0.000000
438	Spectrogram 1	1	5389.540000	5389.570000	4000.000000	18000.000000	8000.000000	Trill	5.797336	11.785873	NaN	NaN	32.043474	0.000000
439	Spectrogram 1	1	5398.580000	5399.430000	4000.000000	18000.000000	8000.000000	Trill	6.313095	19.410079	NaN	NaN	39.020864	0.000000
440	Spectrogram 1	1	5400.010000	5400.330000	4000.000000	18000.000000	8000.000000	Trill	8.814326	26.348671	NaN	NaN	75.325347	0.000000
441	Spectrogram 1	1	5400.370000	5400.580000	4000.000000	18000.000000	8000.000000	Trill	9.397899	22.220562	NaN	NaN	63.681162	0.000000
442	Spectrogram 1	1	5400.700000	5400.830000	4000.000000	18000.000000	8000.000000	Trill	9.329364	18.288096	NaN	NaN	78.108460	0.000000
443	Spectrogram 1	1	5400.920000	5401.070000	4000.000000	18000.000000	8000.000000	Sd-peep	5.415696	17.351838	NaN	NaN	46.747120	0.000000
444	Spectrogram 1	1	5401.160000	5401.300000	4000.000000	18000.000000	8000.000000	Sd-peep	9.944077	21.706476	NaN	NaN	59.103818	0.000000
445	Spectrogram 1	1	5401.920000	5402.150000	4000.000000	18000.000000	8000.000000	Sd-peep	7.357872	19.091584	NaN	NaN	68.339526	0.000000
446	Spectrogram 1	1	5527.640000	5527.930000	4000.000000	18000.000000	8000.000000	Trill	6.642994	18.487560	NaN	NaN	39.684045	0.000000
447	Spectrogram 1	1	5528.330000	5528.420000	4000.000000	18000.000000	8000.000000	Trill	5.235982	7.894496	NaN	NaN	33.252824	0.000000
448	Spectrogram 1	1	5534.190000	5534.220000	4000.000000	18000.000000	8000.000000	Trill	5.800652	8.967797	NaN	NaN	32.613519	0.000000
449	Spectrogram 1	1	5539.460000	5539.520000	4000.000000	18000.000000	8000.000000	Trillphee	5.368094	12.637279	NaN	NaN	59.483439	0.000000
450	Spectrogram 1	1	5549.360000	5549.750000	4000.000000	18000.000000	8000.000000	Trill	5.573820	16.110347	NaN	NaN	43.799815	0.000000
451	Spectrogram 1	1	5562.380000	5563.280000	4000.000000	18000.000000	8000.000000	Trill	18.361945	30.000000	NaN	NaN	186.518660	0.000000
452	Spectrogram 1	1	5568.020000	5568.350000	4000.000000	18000.000000	8000.000000	Trill	7.528189	19.118428	NaN	NaN	57.617449	0.000000
453	Spectrogram 1	1	5575.650000	5575.680000	4000.000000	18000.000000	8000.000000	Trill	6.787302	7.275214	NaN	NaN	32.406724	0.000000
454	Spectrogram 1	1	5581.830000	5581.870000	4000.000000	18000.000000	8000.000000	Trill	4.819304	9.083919	NaN	NaN	35.916225	0.000000
455	Spectrogram 1	1	5582.360000	5582.790000	4000.000000	18000.000000	8000.000000	Trill	11.188972	22.672124	NaN	NaN	79.714846	0.000000
456	Spectrogram 1	1	5599.920000	5600.410000	4000.000000	18000.000000	8000.000000	Trill	8.314573	23.337030	NaN	NaN	42.104361	0.000000
457	Spectrogram 1	1	5607.810000	5607.840000	4000.000000	18000.000000	8000.000000	Trill	8.656618	12.478240	NaN	NaN	29.809890	0.000000
458	Spectrogram 1	1	5614.010000	5614.410000	4000.000000	18000.000000	8000.000000	Trill	13.843880	28.083608	NaN	NaN	83.548604	0.000000
459	Spectrogram 1	1	5616.120000	5616.150000	4000.000000	18000.000000	8000.000000	Trill	4.906263	8.445704	NaN	NaN	42.652247	0.000000
460	Spectrogram 1	1	5619.400000	5619.780000	4000.000000	18000.000000	8000.000000	Trill	5.958968	17.630493	NaN	NaN	56.985764	0.000000
461	Spectrogram 1	1	5632.380000	5632.810000	4000.000000	18000.000000	8000.000000	Trill	4.691289	14.772961	NaN	NaN	31.189872	0.000000
462	Spectrogram 1	1	5633.840000	5634.740000	4000.000000	18000.000000	8000.000000	Trill	4.787863	18.614379	NaN	NaN	32.518927	0.000000
463	Spectrogram 1	1	5635.700000	5635.900000	4000.000000	18000.000000	8000.000000	Trill	4.472975	10.217277	NaN	NaN	50.230266	0.000000
464	Spectrogram 1	1	5640.010000	5640.250000	4000.000000	18000.000000	8000.000000	Trill	4.153012	11.002825	NaN	NaN	57.805997	0.000000
465	Spectrogram 1	1	5654.740000	5654.800000	4000.000000	18000.000000	8000.000000	Trill	7.438270	8.715345	NaN	NaN	45.728182	0.000000
466	Spectrogram 1	1	5675.260000	5675.410000	4000.000000	18000.000000	8000.000000	Trill	5.795855	25.223382	NaN	NaN	112.982157	0.000000
467	Spectrogram 1	1	5682.500000	5682.780000	4000.000000	18000.000000	8000.000000	Trill	4.460932	18.703579	NaN	NaN	42.252428	0.000000
468	Spectrogram 1	1	5688.910000	5689.040000	4000.000000	18000.000000	8000.000000	Trill	5.255974	10.892856	NaN	NaN	37.315136	0.000000
469	Spectrogram 1	1	5734.220000	5734.410000	4000.000000	18000.000000	8000.000000	Trill	4.163675	17.031477	NaN	NaN	40.617122	0.000000
470	Spectrogram 1	1	5749.760000	5749.860000	4000.000000	18000.000000	8000.000000	Phee	4.046020	6.027282	NaN	NaN	35.872847	0.000000
471	Spectrogram 1	1	5752.240000	5752.300000	4000.000000	18000.000000	8000.000000	Trill	4.378043	8.188545	NaN	NaN	41.811536	0.000000
472	Spectrogram 1	1	5755.720000	5755.790000	4000.000000	18000.000000	8000.000000	Trill	12.356697	15.256764	NaN	NaN	28.954481	0.000000
473	Spectrogram 1	1	5756.800000	5756.830000	4000.000000	18000.000000	8000.000000	Trill	4.583970	7.780550	NaN	NaN	37.192134	0.000000
474	Spectrogram 1	1	5762.580000	5762.740000	4000.000000	18000.000000	8000.000000	Trill	4.488044	7.798689	NaN	NaN	44.431852	0.000000
475	Spectrogram 1	1	5775.120000	5776.480000	4000.000000	18000.000000	8000.000000	Trillphee	9.341150	31.961829	NaN	NaN	83.269537	0.000000
476	Spectrogram 1	1	5802.120000	5802.210000	4000.000000	18000.000000	8000.000000	Trill	5.458766	8.574142	NaN	NaN	35.418285	0.000000
477	Spectrogram 1	1	5814.220000	5814.370000	4000.000000	18000.000000	8000.000000	Trill	5.927258	10.761572	NaN	NaN	56.982233	0.000000
478	Spectrogram 1	1	5848.570000	5848.770000	4000.000000	18000.000000	8000.000000	Twitter	8.782091	21.111924	NaN	NaN	40.160992	0.000000
479	Spectrogram 1	1	5848.810000	5849.950000	4000.000000	18000.000000	8000.000000	Twitter	10.208917	28.336524	NaN	NaN	36.216557	0.000000
480	Spectrogram 1	1	5857.720000	5857.750000	4000.000000	18000.000000	8000.000000	Trill	4.572129	12.192449	NaN	NaN	70.528886	0.000000
481	Spectrogram 1	1	5867.260000	5867.750000	4000.000000	18000.000000	8000.000000	Trill	4.151152	10.548509	NaN	NaN	37.978324	0.000000
482	Spectrogram 1	1	5867.990000	5868.410000	4000.000000	18000.000000	8000.000000	Trill	4.699919	11.513753	NaN	NaN	45.353257	0.000000
483	Spectrogram 1	1	5870.590000	5870.620000	4000.000000	18000.000000	8000.000000	Sd-peep	4.618928	10.130715	NaN	NaN	31.318114	0.000000
484	Spectrogram 1	1	5879.240000	5879.340000	4000.000000	18000.000000	8000.000000	Trill	4.081280	8.727400	NaN	NaN	47.687767	0.000000
485	Spectrogram 1	1	5893.060000	5893.280000	4000.000000	18000.000000	8000.000000	Phee	4.379759	9.624162	NaN	NaN	37.858900	0.000000
486	Spectrogram 1	1	5909.150000	5909.620000	4000.000000	18000.000000	8000.000000	Trillphee	4.403955	15.607495	NaN	NaN	40.187086	0.000000
487	Spectrogram 1	1	5940.010000	5941.170000	4000.000000	18000.000000	8000.000000	Trill	4.165810	23.764049	NaN	NaN	39.185944	0.000000
488	Spectrogram 1	1	5941.350000	5941.910000	4000.000000	18000.000000	8000.000000	Trillphee	5.184175	13.158708	NaN	NaN	37.239975	0.000000
489	Spectrogram 1	1	5942.320000	5942.470000	4000.000000	18000.000000	8000.000000	Phee	4.465028	10.928956	NaN	NaN	32.086896	0.000000
490	Spectrogram 1	1	5951.250000	5951.320000	4000.000000	18000.000000	8000.000000	Phee	4.344165	6.004787	NaN	NaN	40.758248	0.000000
491	Spectrogram 1	1	5966.980000	5967.000000	4000.000000	18000.000000	8000.000000	Sd-peep	5.931633	14.674789	NaN	NaN	53.322560	0.000000
492	Spectrogram 1	1	5981.370000	5981.500000	4000.000000	18000.000000	8000.000000	Trill	6.506194	14.472869	NaN	NaN	47.494200	0.000000
493	Spectrogram 1	1	5992.600000	5992.650000	4000.000000	18000.000000	8000.000000	Phee	4.154415	7.110154	NaN	NaN	34.401489	0.000000
494	Spectrogram 1	1	6018.430000	6018.470000	4000.000000	18000.000000	8000.000000	Phee	4.273864	6.670418	NaN	NaN	39.874377	0.000000
495	Spectrogram 1	1	6048.350000	6048.380000	4000.000000	18000.000000	8000.000000	Phee	4.155731	10.970394	NaN	NaN	38.565720	0.000000
496	Spectrogram 1	1	6050.210000	6050.270000	4000.000000	18000.000000	8000.000000	Trillphee	4.444406	12.729897	NaN	NaN	42.258530	0.000000
497	Spectrogram 1	1	6056.650000	6057.990000	4000.000000	18000.000000	8000.000000	Phee	4.159895	27.596121	NaN	NaN	80.390233	0.000000
498	Spectrogram 1	1	6069.210000	6069.320000	4000.000000	18000.000000	8000.000000	Trill	4.948347	10.683496	NaN	NaN	34.384014	0.000000
499	Spectrogram 1	1	6069.830000	6070.610000	4000.000000	18000.000000	8000.000000	Trill	4.539273	28.386305	NaN	NaN	58.912370	0.000000
500	Spectrogram 1	1	6071.110000	6072.410000	4000.000000	18000.000000	8000.000000	Trill	4.842067	23.824141	NaN	NaN	36.225765	0.000000
501	Spectrogram 1	1	6076.630000	6077.030000	4000.000000	18000.000000	8000.000000	Trill	11.210076	26.057283	NaN	NaN	65.461776	0.000000
502	Spectrogram 1	1	6081.260000	6081.580000	4000.000000	18000.000000	8000.000000	Trill	5.094960	15.551917	NaN	NaN	31.429567	0.000000
503	Spectrogram 1	1	6083.030000	6083.830000	4000.000000	18000.000000	8000.000000	Trill	4.087560	28.710540	NaN	NaN	61.927089	0.000000
504	Spectrogram 1	1	6097.750000	6098.010000	4000.000000	18000.000000	8000.000000	Trill	8.000513	19.019201	NaN	NaN	44.868785	0.000000
505	Spectrogram 1	1	6102.440000	6103.510000	4000.000000	18000.000000	8000.000000	Trill	5.330452	21.563039	NaN	NaN	73.202171	0.000000
506	Spectrogram 1	1	6106.120000	6106.140000	4000.000000	18000.000000	8000.000000	Sd-peep	7.208946	8.471312	NaN	NaN	29.774536	0.000000
507	Spectrogram 1	1	6133.680000	6133.940000	4000.000000	18000.000000	8000.000000	Trill	8.631771	19.564247	NaN	NaN	56.906695	0.000000
508	Spectrogram 1	1	6139.600000	6140.250000	4000.000000	18000.000000	8000.000000	Trill	12.177168	23.578747	NaN	NaN	103.739705	0.000000
509	Spectrogram 1	1	6165.660000	6165.970000	4000.000000	18000.000000	8000.000000	Trill	5.143548	17.352055	NaN	NaN	56.079082	0.000000
510	Spectrogram 1	1	6169.390000	6169.430000	4000.000000	18000.000000	8000.000000	Trill	6.095748	11.826319	NaN	NaN	32.234391	0.000000
511	Spectrogram 1	1	6174.250000	6174.410000	4000.000000	18000.000000	8000.000000	Trill	5.289563	11.744928	NaN	NaN	42.073170	0.000000
512	Spectrogram 1	1	6178.580000	6178.980000	4000.000000	18000.000000	8000.000000	Trill	5.308901	16.291892	NaN	NaN	51.860612	0.000000
513	Spectrogram 1	1	6180.270000	6180.290000	4000.000000	18000.000000	8000.000000	Sd-peep	6.133520	11.488728	NaN	NaN	58.928701	0.000000
514	Spectrogram 1	1	6184.040000	6184.130000	4000.000000	18000.000000	8000.000000	Trill	4.118585	17.715516	NaN	NaN	75.380890	0.000000
515	Spectrogram 1	1	6184.180000	6184.330000	4000.000000	18000.000000	8000.000000	Trill	4.170581	15.938140	NaN	NaN	72.126933	0.000000
516	Spectrogram 1	1	6192.000000	6192.050000	4000.000000	18000.000000	8000.000000	Trill	4.327583	12.481404	NaN	NaN	43.846180	0.000000
517	Spectrogram 1	1	6192.540000	6192.940000	4000.000000	18000.000000	8000.000000	Trill	8.416216	21.590226	NaN	NaN	64.023898	0.000000
518	Spectrogram 1	1	6195.700000	6195.740000	4000.000000	18000.000000	8000.000000	Trill	6.095298	17.614226	NaN	NaN	87.300224	0.000000
519	Spectrogram 1	1	6195.840000	6195.870000	4000.000000	18000.000000	8000.000000	Trill	8.207172	19.709491	NaN	NaN	112.726338	0.000000
520	Spectrogram 1	1	6200.180000	6200.230000	4000.000000	18000.000000	8000.000000	Trill	4.447623	13.337352	NaN	NaN	40.705720	0.000000
521	Spectrogram 1	1	6205.110000	6205.300000	4000.000000	18000.000000	8000.000000	Trill	4.408061	17.032072	NaN	NaN	41.339937	0.000000
522	Spectrogram 1	1	6226.890000	6226.960000	4000.000000	18000.000000	8000.000000	Trill	10.219557	14.152596	NaN	NaN	30.166758	0.000000
523	Spectrogram 1	1	6229.090000	6230.470000	4000.000000	18000.000000	8000.000000	Trill	11.513107	30.000000	NaN	NaN	132.367631	0.000000
524	Spectrogram 1	1	6251.180000	6251.480000	4000.000000	18000.000000	8000.000000	Trill	5.702978	15.963886	NaN	NaN	54.951501	0.000000
525	Spectrogram 1	1	6264.220000	6264.730000	4000.000000	18000.000000	8000.000000	Trill	8.736416	18.874100	NaN	NaN	71.068756	0.000000
526	Spectrogram 1	1	6269.190000	6270.250000	4000.000000	18000.000000	8000.000000	Phee	7.220782	27.539889	NaN	NaN	38.072945	0.000000
527	Spectrogram 1	1	6270.520000	6271.450000	4000.000000	18000.000000	8000.000000	Phee	6.982939	28.613730	NaN	NaN	37.018189	0.000000
528	Spectrogram 1	1	6271.690000	6272.560000	4000.000000	18000.000000	8000.000000	Phee	6.298249	26.711604	NaN	NaN	36.031218	0.000000
