Selection	View	Channel	Begin Time (s)	End Time (s)	Low Freq (Hz)	High Freq (Hz)	Max Freq (Hz)	Call Type	Energy Diff	Energy Par	Energy Diff (wl)	Energy Par (wl)	AHR	Exception
1	Spectrogram 1	1	8.920000	9.030000	4000.000000	18000.000000	8000.000000	Sd-peep	5.514641	20.123062	NaN	NaN	31.393523	0.000000
2	Spectrogram 1	1	9.240000	10.440000	4000.000000	18000.000000	8000.000000	Trill	10.374199	32.083989	NaN	NaN	89.436270	0.000000
3	Spectrogram 1	1	10.540000	12.270000	4000.000000	18000.000000	8000.000000	Trill	10.409542	31.331465	NaN	NaN	81.686911	0.000000
4	Spectrogram 1	1	16.910000	17.030000	4000.000000	18000.000000	8000.000000	Sd-peep	7.067818	22.831111	NaN	NaN	45.037094	0.000000
5	Spectrogram 1	1	24.610000	27.230000	4000.000000	18000.000000	8000.000000	Twitter	8.276289	28.518093	NaN	NaN	58.559385	0.000000
6	Spectrogram 1	1	32.700000	33.370000	4000.000000	18000.000000	8000.000000	Trill	4.624811	21.071267	NaN	NaN	36.105595	0.000000
7	Spectrogram 1	1	33.910000	34.130000	4000.000000	18000.000000	8000.000000	Trill	4.966849	20.940155	NaN	NaN	33.621808	0.000000
8	Spectrogram 1	1	54.930000	55.220000	4000.000000	18000.000000	8000.000000	Sd-peep	5.030323	21.359445	NaN	NaN	46.215833	0.000000
9	Spectrogram 1	1	55.270000	56.520000	4000.000000	18000.000000	8000.000000	Trill	9.409066	27.467658	NaN	NaN	88.258643	0.000000
10	Spectrogram 1	1	56.570000	57.080000	4000.000000	18000.000000	8000.000000	Trill	8.709868	26.656404	NaN	NaN	58.687277	0.000000
11	Spectrogram 1	1	57.120000	57.640000	4000.000000	18000.000000	8000.000000	Trill	7.844746	25.119295	NaN	NaN	67.595509	0.000000
12	Spectrogram 1	1	61.890000	62.290000	4000.000000	18000.000000	8000.000000	Trill	5.326606	18.695737	NaN	NaN	40.531960	0.000000
13	Spectrogram 1	1	62.640000	63.050000	4000.000000	18000.000000	8000.000000	Trill	12.723633	24.842852	NaN	NaN	117.448114	0.000000
14	Spectrogram 1	1	63.150000	63.630000	4000.000000	18000.000000	8000.000000	Trill	10.571698	31.507460	NaN	NaN	88.096360	0.000000
15	Spectrogram 1	1	63.670000	64.140000	4000.000000	18000.000000	8000.000000	Trill	11.497991	33.727042	NaN	NaN	77.780804	0.000000
16	Spectrogram 1	1	64.230000	64.720000	4000.000000	18000.000000	8000.000000	Trill	11.465765	34.860267	NaN	NaN	80.642194	0.000000
17	Spectrogram 1	1	64.810000	65.220000	4000.000000	18000.000000	8000.000000	Trill	11.578828	32.066828	NaN	NaN	90.767126	0.000000
18	Spectrogram 1	1	65.280000	65.420000	4000.000000	18000.000000	8000.000000	Trill	7.558444	19.190759	NaN	NaN	102.620251	0.000000
19	Spectrogram 1	1	66.420000	66.560000	4000.000000	18000.000000	8000.000000	Trill	7.432164	17.034344	NaN	NaN	41.579337	0.000000
20	Spectrogram 1	1	68.890000	70.550000	4000.000000	18000.000000	8000.000000	Trill	6.445042	24.051120	NaN	NaN	36.314811	0.000000
21	Spectrogram 1	1	70.610000	70.750000	4000.000000	18000.000000	8000.000000	Trill	4.879814	17.453034	NaN	NaN	41.935006	0.000000
22	Spectrogram 1	1	77.260000	78.420000	4000.000000	18000.000000	8000.000000	Trill	8.518512	31.318033	NaN	NaN	56.389157	0.000000
23	Spectrogram 1	1	78.530000	79.150000	4000.000000	18000.000000	8000.000000	Trill	8.063016	30.339818	NaN	NaN	49.185232	0.000000
24	Spectrogram 1	1	79.230000	79.840000	4000.000000	18000.000000	8000.000000	Trill	10.017028	33.339118	NaN	NaN	56.159403	0.000000
25	Spectrogram 1	1	79.930000	80.910000	4000.000000	18000.000000	8000.000000	Phee	7.600202	26.397303	NaN	NaN	60.571976	0.000000
26	Spectrogram 1	1	82.410000	82.580000	4000.000000	18000.000000	8000.000000	Sd-peep	4.987041	17.630702	NaN	NaN	34.497613	0.000000
27	Spectrogram 1	1	89.610000	89.970000	4000.000000	18000.000000	8000.000000	Sd-peep	6.353731	23.202455	NaN	NaN	31.902518	0.000000
28	Spectrogram 1	1	95.170000	96.150000	4000.000000	18000.000000	8000.000000	Trill	9.181402	31.022690	NaN	NaN	50.432582	0.000000
29	Spectrogram 1	1	96.270000	96.800000	4000.000000	18000.000000	8000.000000	Trill	9.562313	30.470259	NaN	NaN	70.690708	0.000000
30	Spectrogram 1	1	96.890000	97.350000	4000.000000	18000.000000	8000.000000	Trill	9.883080	30.472813	NaN	NaN	79.643397	0.000000
31	Spectrogram 1	1	104.580000	104.720000	4000.000000	18000.000000	8000.000000	Trill	5.234359	13.999537	NaN	NaN	30.365488	0.000000
32	Spectrogram 1	1	108.680000	108.790000	4000.000000	18000.000000	8000.000000	Sd-peep	6.277224	19.330428	NaN	NaN	40.665275	0.000000
33	Spectrogram 1	1	108.990000	109.450000	4000.000000	18000.000000	8000.000000	Trill	10.864421	27.592868	NaN	NaN	96.390995	0.000000
34	Spectrogram 1	1	109.530000	110.010000	4000.000000	18000.000000	8000.000000	Trill	9.600855	30.934749	NaN	NaN	79.933736	0.000000
35	Spectrogram 1	1	110.070000	111.500000	4000.000000	18000.000000	8000.000000	Trill	4.229108	20.896862	NaN	NaN	35.764226	0.000000
36	Spectrogram 1	1	122.060000	124.460000	4000.000000	18000.000000	8000.000000	Twitter	6.064454	25.013545	NaN	NaN	29.946050	0.000000
37	Spectrogram 1	1	138.710000	139.430000	4000.000000	18000.000000	8000.000000	Trill	7.471731	27.280610	NaN	NaN	67.547579	0.000000
38	Spectrogram 1	1	139.520000	140.130000	4000.000000	18000.000000	8000.000000	Trill	8.144319	33.382662	NaN	NaN	68.383156	0.000000
39	Spectrogram 1	1	140.230000	140.840000	4000.000000	18000.000000	8000.000000	Trill	8.044115	29.554638	NaN	NaN	62.240864	0.000000
40	Spectrogram 1	1	140.920000	141.660000	4000.000000	18000.000000	8000.000000	Trill	7.375054	28.813424	NaN	NaN	69.793990	0.000000
41	Spectrogram 1	1	144.550000	144.690000	4000.000000	18000.000000	8000.000000	Sd-peep	5.612208	16.052870	NaN	NaN	32.859986	0.000000
42	Spectrogram 1	1	145.050000	145.270000	4000.000000	18000.000000	8000.000000	Trill	6.152758	20.278832	NaN	NaN	34.731470	0.000000
43	Spectrogram 1	1	146.440000	146.970000	4000.000000	18000.000000	8000.000000	Trill	5.732045	19.341818	NaN	NaN	35.069528	0.000000
44	Spectrogram 1	1	154.050000	154.150000	4000.000000	18000.000000	8000.000000	Sd-peep	6.820587	18.738694	NaN	NaN	50.651126	0.000000
45	Spectrogram 1	1	154.430000	154.530000	4000.000000	18000.000000	8000.000000	Sd-peep	6.076527	18.608622	NaN	NaN	44.783494	0.000000
46	Spectrogram 1	1	154.680000	154.790000	4000.000000	18000.000000	8000.000000	Trill	6.765002	19.306248	NaN	NaN	45.894181	0.000000
47	Spectrogram 1	1	154.930000	155.030000	4000.000000	18000.000000	8000.000000	Sd-peep	7.497936	18.736895	NaN	NaN	46.354737	0.000000
48	Spectrogram 1	1	165.220000	166.460000	4000.000000	18000.000000	8000.000000	Phee	4.732858	27.599056	NaN	NaN	82.275186	0.000000
49	Spectrogram 1	1	168.990000	169.580000	4000.000000	18000.000000	8000.000000	Trill	11.656516	32.108069	NaN	NaN	85.676017	0.000000
50	Spectrogram 1	1	169.750000	170.580000	4000.000000	18000.000000	8000.000000	Trill	10.022021	30.982492	NaN	NaN	52.916594	0.000000
51	Spectrogram 1	1	170.700000	171.390000	4000.000000	18000.000000	8000.000000	Trill	10.722206	29.107224	NaN	NaN	58.173883	0.000000
52	Spectrogram 1	1	171.430000	172.100000	4000.000000	18000.000000	8000.000000	Trill	9.273375	27.166223	NaN	NaN	57.495678	0.000000
53	Spectrogram 1	1	197.490000	198.640000	4000.000000	18000.000000	8000.000000	Trill	7.631073	29.262932	NaN	NaN	75.930773	0.000000
54	Spectrogram 1	1	214.000000	215.000000	4000.000000	18000.000000	8000.000000	Trill	8.632087	29.462357	NaN	NaN	65.220711	0.000000
55	Spectrogram 1	1	215.180000	216.020000	4000.000000	18000.000000	8000.000000	Trill	10.709201	33.742735	NaN	NaN	60.850008	0.000000
56	Spectrogram 1	1	216.160000	216.770000	4000.000000	18000.000000	8000.000000	Trill	9.096753	29.246359	NaN	NaN	56.736845	0.000000
57	Spectrogram 1	1	216.860000	217.530000	4000.000000	18000.000000	8000.000000	Trill	7.585746	27.453318	NaN	NaN	66.399367	0.000000
58	Spectrogram 1	1	230.610000	231.150000	4000.000000	18000.000000	8000.000000	Trill	9.336985	26.414657	NaN	NaN	49.113774	0.000000
59	Spectrogram 1	1	251.200000	251.310000	4000.000000	18000.000000	8000.000000	Sd-peep	4.948223	17.887939	NaN	NaN	41.673433	0.000000
60	Spectrogram 1	1	251.390000	251.840000	4000.000000	18000.000000	8000.000000	Trill	10.228936	24.785462	NaN	NaN	84.296654	0.000000
61	Spectrogram 1	1	251.920000	252.430000	4000.000000	18000.000000	8000.000000	Trill	5.504551	23.957368	NaN	NaN	52.537357	0.000000
62	Spectrogram 1	1	252.500000	253.300000	4000.000000	18000.000000	8000.000000	Trill	6.512335	25.071923	NaN	NaN	68.358666	0.000000
63	Spectrogram 1	1	253.410000	253.530000	4000.000000	18000.000000	8000.000000	Trill	5.037833	20.116064	NaN	NaN	66.066007	0.000000
64	Spectrogram 1	1	270.160000	270.290000	4000.000000	18000.000000	8000.000000	Sd-peep	5.941978	20.235125	NaN	NaN	31.049115	0.000000
65	Spectrogram 1	1	270.440000	272.220000	4000.000000	18000.000000	8000.000000	Trill	8.224884	27.525626	NaN	NaN	81.568367	0.000000
66	Spectrogram 1	1	272.300000	272.850000	4000.000000	18000.000000	8000.000000	Trill	6.430126	26.321195	NaN	NaN	77.899180	0.000000
67	Spectrogram 1	1	279.250000	279.750000	4000.000000	18000.000000	8000.000000	Trill	5.735211	19.072036	NaN	NaN	45.209781	0.000000
68	Spectrogram 1	1	286.370000	286.580000	4000.000000	18000.000000	8000.000000	Trill	5.684074	20.966043	NaN	NaN	39.985134	0.000000
69	Spectrogram 1	1	288.090000	288.200000	4000.000000	18000.000000	8000.000000	Sd-peep	8.058323	25.308449	NaN	NaN	53.365307	0.000000
70	Spectrogram 1	1	288.360000	288.960000	4000.000000	18000.000000	8000.000000	Trill	6.225530	25.864302	NaN	NaN	72.142689	0.000000
71	Spectrogram 1	1	289.080000	289.660000	4000.000000	18000.000000	8000.000000	Trill	6.242175	25.869813	NaN	NaN	57.261859	0.000000
72	Spectrogram 1	1	289.760000	290.310000	4000.000000	18000.000000	8000.000000	Trill	5.182707	25.810205	NaN	NaN	68.900438	0.000000
73	Spectrogram 1	1	290.420000	290.650000	4000.000000	18000.000000	8000.000000	Trill	7.898558	29.822069	NaN	NaN	106.691244	0.000000
74	Spectrogram 1	1	300.530000	300.660000	4000.000000	18000.000000	8000.000000	Twitter	8.922345	27.506971	NaN	NaN	58.490193	0.000000
75	Spectrogram 1	1	300.700000	302.070000	4000.000000	18000.000000	8000.000000	Twitter	7.039789	25.544005	NaN	NaN	30.669383	0.000000
76	Spectrogram 1	1	303.210000	303.530000	4000.000000	18000.000000	8000.000000	Trill	6.096064	22.332201	NaN	NaN	38.962072	0.000000
77	Spectrogram 1	1	317.610000	320.150000	4000.000000	18000.000000	8000.000000	Trill	5.248903	24.215317	NaN	NaN	49.068261	0.000000
78	Spectrogram 1	1	320.200000	320.310000	4000.000000	18000.000000	8000.000000	Trill	6.019184	18.459881	NaN	NaN	81.713110	0.000000
79	Spectrogram 1	1	323.760000	324.130000	4000.000000	18000.000000	8000.000000	Phee	4.131350	22.607358	NaN	NaN	72.503186	0.000000
80	Spectrogram 1	1	327.010000	329.680000	4000.000000	18000.000000	8000.000000	Trill	7.046379	28.241219	NaN	NaN	47.412178	0.000000
81	Spectrogram 1	1	329.800000	330.280000	4000.000000	18000.000000	8000.000000	Trill	9.347947	28.043225	NaN	NaN	68.798952	0.000000
82	Spectrogram 1	1	336.160000	337.790000	4000.000000	18000.000000	8000.000000	Trill	4.825820	23.436174	NaN	NaN	38.284547	0.000000
83	Spectrogram 1	1	337.920000	338.570000	4000.000000	18000.000000	8000.000000	Trill	8.524993	29.627174	NaN	NaN	74.680070	0.000000
84	Spectrogram 1	1	338.720000	339.570000	4000.000000	18000.000000	8000.000000	Trill	8.742554	31.390738	NaN	NaN	62.498427	0.000000
85	Spectrogram 1	1	339.770000	340.280000	4000.000000	18000.000000	8000.000000	Trill	10.442944	31.908535	NaN	NaN	84.728409	0.000000
86	Spectrogram 1	1	340.380000	340.620000	4000.000000	18000.000000	8000.000000	Trill	13.003450	33.269950	NaN	NaN	154.668023	0.000000
87	Spectrogram 1	1	341.230000	341.470000	4000.000000	18000.000000	8000.000000	Trill	5.040440	19.116072	NaN	NaN	33.708837	0.000000
88	Spectrogram 1	1	341.970000	342.730000	4000.000000	18000.000000	8000.000000	Trill	6.622489	23.283324	NaN	NaN	37.729520	0.000000
89	Spectrogram 1	1	342.790000	343.010000	4000.000000	18000.000000	8000.000000	Trill	6.035438	16.771261	NaN	NaN	43.885993	0.000000
90	Spectrogram 1	1	349.010000	350.180000	4000.000000	18000.000000	8000.000000	Trill	5.267971	22.857934	NaN	NaN	30.907043	0.000000
91	Spectrogram 1	1	350.240000	350.580000	4000.000000	18000.000000	8000.000000	Trill	5.642389	21.867975	NaN	NaN	31.988870	0.000000
92	Spectrogram 1	1	351.440000	351.960000	4000.000000	18000.000000	8000.000000	Trill	6.210030	21.472816	NaN	NaN	37.464133	0.000000
93	Spectrogram 1	1	352.470000	353.070000	4000.000000	18000.000000	8000.000000	Trill	7.139470	23.975917	NaN	NaN	60.413615	0.000000
94	Spectrogram 1	1	353.200000	353.770000	4000.000000	18000.000000	8000.000000	Trill	10.718586	32.827314	NaN	NaN	106.039215	0.000000
95	Spectrogram 1	1	353.880000	354.430000	4000.000000	18000.000000	8000.000000	Trill	10.094350	32.353295	NaN	NaN	101.766776	0.000000
96	Spectrogram 1	1	354.570000	355.130000	4000.000000	18000.000000	8000.000000	Trill	8.881437	29.127884	NaN	NaN	87.742218	0.000000
97	Spectrogram 1	1	361.110000	362.890000	4000.000000	18000.000000	8000.000000	Trill	7.388784	28.763414	NaN	NaN	33.014210	0.000000
98	Spectrogram 1	1	377.250000	377.880000	4000.000000	18000.000000	8000.000000	Trill	8.100188	29.739594	NaN	NaN	68.206422	0.000000
99	Spectrogram 1	1	378.070000	378.650000	4000.000000	18000.000000	8000.000000	Trill	11.603146	34.172229	NaN	NaN	74.893999	0.000000
100	Spectrogram 1	1	378.690000	379.430000	4000.000000	18000.000000	8000.000000	Trill	10.850676	29.698320	NaN	NaN	65.922568	0.000000
101	Spectrogram 1	1	391.700000	393.260000	4000.000000	18000.000000	8000.000000	Trill	6.463252	25.214008	NaN	NaN	74.618888	0.000000
102	Spectrogram 1	1	393.450000	393.950000	4000.000000	18000.000000	8000.000000	Trill	8.657416	30.915186	NaN	NaN	83.265537	0.000000
103	Spectrogram 1	1	394.080000	396.070000	4000.000000	18000.000000	8000.000000	Phee	4.797218	25.769718	NaN	NaN	78.529642	0.000000
104	Spectrogram 1	1	403.990000	406.820000	4000.000000	18000.000000	8000.000000	Trill	5.507279	22.347163	NaN	NaN	51.352294	0.000000
105	Spectrogram 1	1	406.980000	407.570000	4000.000000	18000.000000	8000.000000	Trill	5.825491	26.346408	NaN	NaN	84.620223	0.000000
106	Spectrogram 1	1	469.930000	471.550000	4000.000000	18000.000000	8000.000000	Trill	4.903499	25.439606	NaN	NaN	46.258703	0.000000
107	Spectrogram 1	1	471.590000	472.140000	4000.000000	18000.000000	8000.000000	Trill	6.256626	27.110796	NaN	NaN	61.651455	0.000000
108	Spectrogram 1	1	540.230000	540.620000	4000.000000	18000.000000	8000.000000	Phee	4.759784	16.637481	NaN	NaN	64.017475	0.000000
109	Spectrogram 1	1	559.830000	560.520000	4000.000000	18000.000000	8000.000000	Trill	7.878126	21.962624	NaN	NaN	62.205898	0.000000
110	Spectrogram 1	1	560.600000	560.890000	4000.000000	18000.000000	8000.000000	Trill	8.498156	25.120455	NaN	NaN	93.197089	0.000000
111	Spectrogram 1	1	560.940000	561.270000	4000.000000	18000.000000	8000.000000	Trill	8.841984	27.573956	NaN	NaN	96.084384	0.000000
112	Spectrogram 1	1	561.370000	561.580000	4000.000000	18000.000000	8000.000000	Trill	6.278705	19.682471	NaN	NaN	66.960219	0.000000
113	Spectrogram 1	1	561.650000	561.790000	4000.000000	18000.000000	8000.000000	Trill	6.377408	16.639194	NaN	NaN	83.942997	0.000000
114	Spectrogram 1	1	566.780000	568.700000	4000.000000	18000.000000	8000.000000	Trill	4.494138	20.364287	NaN	NaN	38.449521	0.000000
115	Spectrogram 1	1	568.790000	569.900000	4000.000000	18000.000000	8000.000000	Trill	7.587289	25.405491	NaN	NaN	75.587134	0.000000
116	Spectrogram 1	1	592.570000	593.590000	4000.000000	18000.000000	8000.000000	Trill	5.809218	23.110516	NaN	NaN	49.520037	0.000000
117	Spectrogram 1	1	593.670000	594.160000	4000.000000	18000.000000	8000.000000	Trill	8.745520	26.732606	NaN	NaN	72.932114	0.000000
118	Spectrogram 1	1	594.200000	594.510000	4000.000000	18000.000000	8000.000000	Trillphee	5.084329	19.834451	NaN	NaN	58.559037	0.000000
119	Spectrogram 1	1	718.910000	719.980000	4000.000000	18000.000000	8000.000000	Trill	8.942866	28.615190	NaN	NaN	86.434152	0.000000
120	Spectrogram 1	1	720.010000	720.220000	4000.000000	18000.000000	8000.000000	Trill	8.098517	29.776494	NaN	NaN	88.152408	0.000000
121	Spectrogram 1	1	720.310000	721.570000	4000.000000	18000.000000	8000.000000	Trill	8.279717	29.566010	NaN	NaN	72.199980	0.000000
122	Spectrogram 1	1	721.660000	722.090000	4000.000000	18000.000000	8000.000000	Trill	9.207493	28.019723	NaN	NaN	99.808701	0.000000
123	Spectrogram 1	1	778.310000	778.520000	4000.000000	18000.000000	8000.000000	Trill	4.366634	9.381215	NaN	NaN	58.146409	0.000000
124	Spectrogram 1	1	818.270000	818.830000	4000.000000	18000.000000	8000.000000	Trill	11.105102	25.920911	NaN	NaN	100.694702	0.000000
125	Spectrogram 1	1	818.950000	819.070000	4000.000000	18000.000000	8000.000000	Trill	10.927327	21.925395	NaN	NaN	100.737748	0.000000
126	Spectrogram 1	1	835.240000	835.750000	4000.000000	18000.000000	8000.000000	Trill	9.226101	21.450977	NaN	NaN	75.977256	0.000000
127	Spectrogram 1	1	850.910000	851.610000	4000.000000	18000.000000	8000.000000	Phee	4.299095	12.737578	NaN	NaN	69.055733	0.000000
128	Spectrogram 1	1	899.300000	899.750000	4000.000000	18000.000000	8000.000000	Trill	9.687263	22.869424	NaN	NaN	57.733488	0.000000
129	Spectrogram 1	1	1162.060000	1162.290000	4000.000000	18000.000000	8000.000000	Trill	7.860281	23.258614	NaN	NaN	92.057881	0.000000
130	Spectrogram 1	1	1222.390000	1223.690000	4000.000000	18000.000000	8000.000000	Twitter	5.944916	26.143851	NaN	NaN	31.359093	0.000000
131	Spectrogram 1	1	1266.510000	1267.200000	4000.000000	18000.000000	8000.000000	Trill	8.300231	28.649131	NaN	NaN	82.693019	0.000000
132	Spectrogram 1	1	1267.240000	1267.690000	4000.000000	18000.000000	8000.000000	Trill	8.276230	29.646732	NaN	NaN	83.229898	0.000000
133	Spectrogram 1	1	1267.740000	1268.180000	4000.000000	18000.000000	8000.000000	Trill	7.958119	28.628182	NaN	NaN	85.340363	0.000000
134	Spectrogram 1	1	1286.830000	1286.950000	4000.000000	18000.000000	8000.000000	Twitter	6.084241	25.098738	NaN	NaN	46.483584	0.000000
135	Spectrogram 1	1	1287.000000	1288.300000	4000.000000	18000.000000	8000.000000	Twitter	6.772200	24.639386	NaN	NaN	36.926223	0.000000
136	Spectrogram 1	1	1295.830000	1296.440000	4000.000000	18000.000000	8000.000000	Trill	8.765132	25.008045	NaN	NaN	56.842737	0.000000
137	Spectrogram 1	1	1309.700000	1310.920000	4000.000000	18000.000000	8000.000000	Phee	4.815809	29.626146	NaN	NaN	92.529282	0.000000
138	Spectrogram 1	1	1384.300000	1384.860000	4000.000000	18000.000000	8000.000000	Trill	7.888015	30.147819	NaN	NaN	75.527194	0.000000
139	Spectrogram 1	1	1384.930000	1385.470000	4000.000000	18000.000000	8000.000000	Trill	8.206510	28.817882	NaN	NaN	76.753000	0.000000
140	Spectrogram 1	1	1385.530000	1386.050000	4000.000000	18000.000000	8000.000000	Trill	8.868463	29.725375	NaN	NaN	79.990356	0.000000
141	Spectrogram 1	1	1386.120000	1386.320000	4000.000000	18000.000000	8000.000000	Trill	12.716435	32.068908	NaN	NaN	115.394596	0.000000
142	Spectrogram 1	1	1400.440000	1402.810000	4000.000000	18000.000000	8000.000000	Phee	4.754878	23.594771	NaN	NaN	63.314015	0.000000
143	Spectrogram 1	1	1616.750000	1617.270000	4000.000000	18000.000000	8000.000000	Phee	4.283125	16.720744	NaN	NaN	39.458689	0.000000
144	Spectrogram 1	1	1676.700000	1678.110000	4000.000000	18000.000000	8000.000000	Phee	5.010646	24.233353	NaN	NaN	63.020351	0.000000
145	Spectrogram 1	1	1699.870000	1700.080000	4000.000000	18000.000000	8000.000000	Phee	4.578119	15.794944	NaN	NaN	31.753504	0.000000
146	Spectrogram 1	1	2131.260000	2131.380000	4000.000000	18000.000000	8000.000000	Trillphee	6.167759	13.676461	NaN	NaN	36.541924	0.000000
147	Spectrogram 1	1	2153.400000	2154.160000	4000.000000	18000.000000	8000.000000	Trillphee	4.907119	15.206359	NaN	NaN	32.567041	0.000000
148	Spectrogram 1	1	2193.710000	2195.360000	4000.000000	18000.000000	8000.000000	Twitter	5.853166	26.378968	NaN	NaN	32.404486	0.000000
149	Spectrogram 1	1	2222.360000	2222.960000	4000.000000	18000.000000	8000.000000	Trill	10.833646	34.588634	NaN	NaN	98.407356	0.000000
150	Spectrogram 1	1	2223.080000	2223.630000	4000.000000	18000.000000	8000.000000	Trill	8.957315	30.993174	NaN	NaN	78.335434	0.000000
151	Spectrogram 1	1	2223.770000	2224.370000	4000.000000	18000.000000	8000.000000	Trill	6.715122	25.276451	NaN	NaN	74.382113	0.000000
152	Spectrogram 1	1	2254.090000	2254.880000	4000.000000	18000.000000	8000.000000	Trillphee	4.498774	22.250291	NaN	NaN	44.597315	0.000000
153	Spectrogram 1	1	2254.950000	2255.500000	4000.000000	18000.000000	8000.000000	Trill	7.732691	29.664257	NaN	NaN	92.007974	0.000000
154	Spectrogram 1	1	2255.610000	2256.130000	4000.000000	18000.000000	8000.000000	Trill	10.226493	30.303333	NaN	NaN	86.568383	0.000000
155	Spectrogram 1	1	2256.260000	2256.730000	4000.000000	18000.000000	8000.000000	Trill	10.503451	28.542978	NaN	NaN	89.022302	0.000000
156	Spectrogram 1	1	2289.190000	2289.540000	4000.000000	18000.000000	8000.000000	Trill	11.807937	22.302929	NaN	NaN	72.706605	0.000000
157	Spectrogram 1	1	2307.740000	2308.320000	4000.000000	18000.000000	8000.000000	Trill	9.156377	23.117638	NaN	NaN	67.996707	0.000000
158	Spectrogram 1	1	2308.390000	2308.700000	4000.000000	18000.000000	8000.000000	Trill	9.036143	25.679614	NaN	NaN	93.392793	0.000000
159	Spectrogram 1	1	2308.800000	2309.170000	4000.000000	18000.000000	8000.000000	Trill	8.767166	27.379896	NaN	NaN	84.392108	0.000000
160	Spectrogram 1	1	2350.070000	2350.620000	4000.000000	18000.000000	8000.000000	Trill	10.854012	28.146805	NaN	NaN	90.302030	0.000000
161	Spectrogram 1	1	2350.730000	2350.900000	4000.000000	18000.000000	8000.000000	Trill	10.548342	24.500334	NaN	NaN	105.861415	0.000000
162	Spectrogram 1	1	2356.260000	2357.670000	4000.000000	18000.000000	8000.000000	Twitter	5.900926	21.008344	NaN	NaN	40.548559	0.000000
163	Spectrogram 1	1	2363.010000	2363.830000	4000.000000	18000.000000	8000.000000	Trill	10.734712	27.984833	NaN	NaN	81.191043	0.000000
164	Spectrogram 1	1	2363.870000	2364.370000	4000.000000	18000.000000	8000.000000	Trill	8.794468	30.159892	NaN	NaN	85.270186	0.000000
165	Spectrogram 1	1	2364.430000	2364.840000	4000.000000	18000.000000	8000.000000	Trill	9.368360	29.864156	NaN	NaN	84.871522	0.000000
166	Spectrogram 1	1	2364.910000	2365.260000	4000.000000	18000.000000	8000.000000	Trill	9.825051	29.538912	NaN	NaN	118.132203	0.000000
167	Spectrogram 1	1	2365.330000	2365.430000	4000.000000	18000.000000	8000.000000	Trill	10.284198	23.638502	NaN	NaN	98.388437	0.000000
168	Spectrogram 1	1	2384.260000	2385.020000	4000.000000	18000.000000	8000.000000	Trill	7.266814	20.917876	NaN	NaN	41.252300	0.000000
169	Spectrogram 1	1	2411.420000	2411.550000	4000.000000	18000.000000	8000.000000	Sd-peep	5.544114	15.374953	NaN	NaN	35.600426	0.000000
170	Spectrogram 1	1	2411.600000	2412.140000	4000.000000	18000.000000	8000.000000	Trill	10.190694	27.235443	NaN	NaN	83.255890	0.000000
171	Spectrogram 1	1	2412.220000	2412.740000	4000.000000	18000.000000	8000.000000	Trill	7.153616	26.903863	NaN	NaN	67.201926	0.000000
172	Spectrogram 1	1	2412.780000	2413.830000	4000.000000	18000.000000	8000.000000	Trill	8.779160	29.322480	NaN	NaN	79.656026	0.000000
173	Spectrogram 1	1	2413.880000	2414.120000	4000.000000	18000.000000	8000.000000	Trill	12.395264	32.287505	NaN	NaN	112.451445	0.000000
174	Spectrogram 1	1	2438.980000	2439.090000	4000.000000	18000.000000	8000.000000	Twitter	5.854945	24.698535	NaN	NaN	44.842727	0.000000
175	Spectrogram 1	1	2439.310000	2440.530000	4000.000000	18000.000000	8000.000000	Twitter	6.719056	23.080560	NaN	NaN	39.653375	0.000000
176	Spectrogram 1	1	2449.620000	2450.230000	4000.000000	18000.000000	8000.000000	Trill	11.563617	23.867512	NaN	NaN	79.061996	0.000000
177	Spectrogram 1	1	2464.810000	2465.390000	4000.000000	18000.000000	8000.000000	Trill	10.859108	23.520507	NaN	NaN	68.008188	0.000000
178	Spectrogram 1	1	2470.090000	2472.020000	4000.000000	18000.000000	8000.000000	Twitter	5.432158	28.056908	NaN	NaN	33.618337	0.000000
179	Spectrogram 1	1	2515.960000	2516.290000	4000.000000	18000.000000	8000.000000	Trill	13.294519	25.441426	NaN	NaN	68.377627	0.000000
180	Spectrogram 1	1	2542.180000	2542.740000	4000.000000	18000.000000	8000.000000	Trill	5.616151	17.125226	NaN	NaN	49.776540	0.000000
181	Spectrogram 1	1	2612.430000	2612.620000	4000.000000	18000.000000	8000.000000	Phee	4.168305	11.114993	NaN	NaN	63.374025	0.000000
182	Spectrogram 1	1	2616.120000	2616.610000	4000.000000	18000.000000	8000.000000	Trill	10.705822	24.908350	NaN	NaN	85.481667	0.000000
183	Spectrogram 1	1	2616.710000	2617.420000	4000.000000	18000.000000	8000.000000	Trill	10.537053	26.303513	NaN	NaN	74.734599	0.000000
184	Spectrogram 1	1	2617.480000	2617.800000	4000.000000	18000.000000	8000.000000	Trill	10.155771	25.723422	NaN	NaN	84.666664	0.000000
185	Spectrogram 1	1	2617.910000	2618.170000	4000.000000	18000.000000	8000.000000	Trill	8.032308	19.373877	NaN	NaN	88.004863	0.000000
186	Spectrogram 1	1	2618.220000	2618.320000	4000.000000	18000.000000	8000.000000	Trill	8.651551	15.851266	NaN	NaN	96.811697	0.000000
187	Spectrogram 1	1	2697.290000	2698.570000	4000.000000	18000.000000	8000.000000	Phee	4.870377	20.908883	NaN	NaN	80.686095	0.000000
188	Spectrogram 1	1	2778.120000	2778.520000	4000.000000	18000.000000	8000.000000	Trill	6.999131	23.499517	NaN	NaN	71.494717	0.000000
189	Spectrogram 1	1	2782.690000	2782.790000	4000.000000	18000.000000	8000.000000	Trillphee	10.484844	15.967544	NaN	NaN	28.626476	0.000000
190	Spectrogram 1	1	2816.530000	2816.830000	4000.000000	18000.000000	8000.000000	Trill	11.043306	22.609148	NaN	NaN	71.608606	0.000000
191	Spectrogram 1	1	2856.980000	2858.040000	4000.000000	18000.000000	8000.000000	Trillphee	6.940590	20.173692	NaN	NaN	64.421848	0.000000
192	Spectrogram 1	1	2863.580000	2864.370000	4000.000000	18000.000000	8000.000000	Trill	11.029904	27.183316	NaN	NaN	105.242808	0.000000
193	Spectrogram 1	1	2871.880000	2872.060000	4000.000000	18000.000000	8000.000000	Trill	9.240285	19.661299	NaN	NaN	42.950524	0.000000
194	Spectrogram 1	1	2883.300000	2883.960000	4000.000000	18000.000000	8000.000000	Trill	11.031901	22.853774	NaN	NaN	70.917917	0.000000
195	Spectrogram 1	1	2884.110000	2884.600000	4000.000000	18000.000000	8000.000000	Trill	7.543496	21.297415	NaN	NaN	67.721373	0.000000
196	Spectrogram 1	1	2885.700000	2885.810000	4000.000000	18000.000000	8000.000000	Twitter	4.130492	19.866803	NaN	NaN	50.034082	0.000000
197	Spectrogram 1	1	2885.860000	2885.970000	4000.000000	18000.000000	8000.000000	Twitter	5.670740	25.074082	NaN	NaN	36.458185	0.000000
198	Spectrogram 1	1	2886.010000	2886.110000	4000.000000	18000.000000	8000.000000	Twitter	5.597959	25.203922	NaN	NaN	31.353710	0.000000
199	Spectrogram 1	1	2886.150000	2886.390000	4000.000000	18000.000000	8000.000000	Twitter	6.345109	23.483641	NaN	NaN	30.067207	0.000000
200	Spectrogram 1	1	2886.430000	2886.910000	4000.000000	18000.000000	8000.000000	Twitter	5.891039	22.378974	NaN	NaN	33.825419	0.000000
201	Spectrogram 1	1	2895.310000	2895.990000	4000.000000	18000.000000	8000.000000	Trill	10.443294	24.040816	NaN	NaN	80.635297	0.000000
202	Spectrogram 1	1	2905.840000	2905.970000	4000.000000	18000.000000	8000.000000	Sd-peep	5.805038	28.267130	NaN	NaN	33.023108	0.000000
203	Spectrogram 1	1	2906.010000	2906.670000	4000.000000	18000.000000	8000.000000	Trill	9.323076	28.716238	NaN	NaN	72.876531	0.000000
204	Spectrogram 1	1	2906.750000	2907.270000	4000.000000	18000.000000	8000.000000	Trill	8.051086	30.135662	NaN	NaN	59.608016	0.000000
205	Spectrogram 1	1	2907.410000	2907.970000	4000.000000	18000.000000	8000.000000	Trill	9.346535	30.835918	NaN	NaN	69.115800	0.000000
206	Spectrogram 1	1	2911.400000	2911.510000	4000.000000	18000.000000	8000.000000	Sd-peep	5.118693	24.504177	NaN	NaN	36.743050	0.000000
207	Spectrogram 1	1	2911.580000	2912.270000	4000.000000	18000.000000	8000.000000	Trill	9.815484	25.030094	NaN	NaN	67.170815	0.000000
208	Spectrogram 1	1	2912.360000	2912.870000	4000.000000	18000.000000	8000.000000	Trill	8.777055	26.881905	NaN	NaN	83.050912	0.000000
209	Spectrogram 1	1	2912.970000	2913.400000	4000.000000	18000.000000	8000.000000	Trill	10.549878	30.258671	NaN	NaN	90.410941	0.000000
210	Spectrogram 1	1	2913.550000	2913.700000	4000.000000	18000.000000	8000.000000	Trill	13.248393	25.226065	NaN	NaN	149.832639	0.000000
211	Spectrogram 1	1	2991.190000	2992.040000	4000.000000	18000.000000	8000.000000	Trill	9.736004	27.289524	NaN	NaN	85.090938	0.000000
212	Spectrogram 1	1	3004.100000	3004.840000	4000.000000	18000.000000	8000.000000	Trill	8.094158	17.472531	NaN	NaN	63.915172	0.000000
213	Spectrogram 1	1	3007.850000	3007.970000	4000.000000	18000.000000	8000.000000	Twitter	6.155823	25.022712	NaN	NaN	43.482004	0.000000
214	Spectrogram 1	1	3044.250000	3045.150000	4000.000000	18000.000000	8000.000000	Trill	8.531316	23.492916	NaN	NaN	56.618249	0.000000
215	Spectrogram 1	1	3050.140000	3050.260000	4000.000000	18000.000000	8000.000000	Twitter	6.758432	24.877361	NaN	NaN	51.572726	0.000000
216	Spectrogram 1	1	3050.300000	3051.390000	4000.000000	18000.000000	8000.000000	Twitter	6.502750	23.979935	NaN	NaN	29.996306	0.000000
217	Spectrogram 1	1	3056.170000	3056.910000	4000.000000	18000.000000	8000.000000	Trill	10.829392	27.975194	NaN	NaN	88.292255	0.000000
218	Spectrogram 1	1	3056.980000	3057.470000	4000.000000	18000.000000	8000.000000	Trill	8.446133	26.883317	NaN	NaN	70.300893	0.000000
219	Spectrogram 1	1	3057.550000	3058.030000	4000.000000	18000.000000	8000.000000	Trill	8.724951	28.601892	NaN	NaN	70.366412	0.000000
220	Spectrogram 1	1	3104.430000	3104.940000	4000.000000	18000.000000	8000.000000	Trill	9.760332	32.209307	NaN	NaN	77.155250	0.000000
221	Spectrogram 1	1	3105.020000	3106.180000	4000.000000	18000.000000	8000.000000	Trill	7.206797	27.862506	NaN	NaN	44.556520	0.000000
222	Spectrogram 1	1	3106.250000	3106.790000	4000.000000	18000.000000	8000.000000	Trill	9.027001	28.276018	NaN	NaN	64.175187	0.000000
223	Spectrogram 1	1	3106.840000	3107.260000	4000.000000	18000.000000	8000.000000	Trill	9.457577	29.445231	NaN	NaN	86.198107	0.000000
224	Spectrogram 1	1	3109.710000	3109.820000	4000.000000	18000.000000	8000.000000	Sd-peep	6.185511	19.454761	NaN	NaN	31.742306	0.000000
225	Spectrogram 1	1	3110.210000	3110.320000	4000.000000	18000.000000	8000.000000	Sd-peep	6.147861	19.616348	NaN	NaN	35.996989	0.000000
226	Spectrogram 1	1	3111.890000	3112.030000	4000.000000	18000.000000	8000.000000	Sd-peep	6.341545	20.801381	NaN	NaN	55.154687	0.000000
227	Spectrogram 1	1	3112.390000	3113.100000	4000.000000	18000.000000	8000.000000	Trill	11.988227	29.128691	NaN	NaN	71.606686	0.000000
228	Spectrogram 1	1	3113.220000	3114.080000	4000.000000	18000.000000	8000.000000	Trill	10.836967	33.508721	NaN	NaN	72.895019	0.000000
229	Spectrogram 1	1	3114.130000	3115.180000	4000.000000	18000.000000	8000.000000	Trill	9.827586	29.552280	NaN	NaN	75.925725	0.000000
230	Spectrogram 1	1	3118.430000	3118.560000	4000.000000	18000.000000	8000.000000	Sd-peep	6.749985	15.994103	NaN	NaN	47.115370	0.000000
231	Spectrogram 1	1	3118.760000	3119.180000	4000.000000	18000.000000	8000.000000	Trill	13.973463	25.074884	NaN	NaN	112.138267	0.000000
232	Spectrogram 1	1	3119.280000	3119.700000	4000.000000	18000.000000	8000.000000	Trill	11.980473	31.047272	NaN	NaN	138.171847	0.000000
233	Spectrogram 1	1	3119.800000	3119.980000	4000.000000	18000.000000	8000.000000	Trill	13.981841	32.826522	NaN	NaN	153.134459	0.000000
234	Spectrogram 1	1	3120.010000	3120.160000	4000.000000	18000.000000	8000.000000	Trill	6.556522	24.710251	NaN	NaN	69.709270	0.000000
235	Spectrogram 1	1	3120.250000	3120.570000	4000.000000	18000.000000	8000.000000	Trill	12.583235	31.916898	NaN	NaN	109.685663	0.000000
236	Spectrogram 1	1	3120.720000	3121.030000	4000.000000	18000.000000	8000.000000	Trill	10.224809	28.739775	NaN	NaN	114.137130	0.000000
237	Spectrogram 1	1	3122.740000	3122.860000	4000.000000	18000.000000	8000.000000	Sd-peep	5.988402	16.482524	NaN	NaN	41.607054	0.000000
238	Spectrogram 1	1	3129.320000	3130.010000	4000.000000	18000.000000	8000.000000	Trill	11.754594	29.311867	NaN	NaN	84.317883	0.000000
239	Spectrogram 1	1	3130.070000	3130.540000	4000.000000	18000.000000	8000.000000	Trill	9.893557	29.900245	NaN	NaN	89.218781	0.000000
240	Spectrogram 1	1	3130.640000	3131.100000	4000.000000	18000.000000	8000.000000	Trill	9.846235	30.402781	NaN	NaN	76.188258	0.000000
241	Spectrogram 1	1	3165.830000	3166.390000	4000.000000	18000.000000	8000.000000	Trill	12.724387	27.498529	NaN	NaN	77.957867	0.000000
242	Spectrogram 1	1	3166.510000	3166.610000	4000.000000	18000.000000	8000.000000	Trill	10.442015	19.655982	NaN	NaN	72.899065	0.000000
243	Spectrogram 1	1	3193.300000	3195.090000	4000.000000	18000.000000	8000.000000	Trill	4.773165	28.173677	NaN	NaN	71.177279	0.000000
244	Spectrogram 1	1	3198.860000	3199.380000	4000.000000	18000.000000	8000.000000	Trill	11.027324	26.436876	NaN	NaN	86.036582	0.000000
245	Spectrogram 1	1	3199.420000	3199.820000	4000.000000	18000.000000	8000.000000	Trill	9.667478	30.327609	NaN	NaN	101.441088	0.000000
246	Spectrogram 1	1	3199.950000	3200.420000	4000.000000	18000.000000	8000.000000	Trill	9.108173	31.844853	NaN	NaN	93.074694	0.000000
247	Spectrogram 1	1	3200.480000	3200.900000	4000.000000	18000.000000	8000.000000	Trill	9.163713	30.031951	NaN	NaN	80.483267	0.000000
248	Spectrogram 1	1	3200.980000	3201.110000	4000.000000	18000.000000	8000.000000	Trill	11.433438	27.231028	NaN	NaN	91.080396	0.000000
249	Spectrogram 1	1	3239.640000	3239.980000	4000.000000	18000.000000	8000.000000	Trill	7.017468	27.633951	NaN	NaN	64.524711	0.000000
250	Spectrogram 1	1	3240.010000	3241.380000	4000.000000	18000.000000	8000.000000	Trill	6.814513	24.610001	NaN	NaN	58.920001	0.000000
251	Spectrogram 1	1	3241.470000	3242.110000	4000.000000	18000.000000	8000.000000	Phee	5.690751	21.996281	NaN	NaN	50.729518	0.000000
252	Spectrogram 1	1	3242.150000	3242.640000	4000.000000	18000.000000	8000.000000	Trill	8.400643	22.702871	NaN	NaN	70.152874	0.000000
253	Spectrogram 1	1	3242.690000	3242.970000	4000.000000	18000.000000	8000.000000	Trill	10.183222	27.042008	NaN	NaN	106.153843	0.000000
254	Spectrogram 1	1	3246.050000	3246.200000	4000.000000	18000.000000	8000.000000	Sd-peep	4.756476	22.476213	NaN	NaN	33.682097	0.000000
255	Spectrogram 1	1	3255.680000	3256.250000	4000.000000	18000.000000	8000.000000	Trill	9.585034	23.960585	NaN	NaN	80.704115	0.000000
256	Spectrogram 1	1	3256.350000	3256.830000	4000.000000	18000.000000	8000.000000	Trill	6.675950	23.320920	NaN	NaN	72.741927	0.000000
257	Spectrogram 1	1	3256.930000	3257.400000	4000.000000	18000.000000	8000.000000	Trill	7.507654	24.910397	NaN	NaN	87.431928	0.000000
258	Spectrogram 1	1	3257.520000	3258.020000	4000.000000	18000.000000	8000.000000	Trillphee	6.753567	22.828702	NaN	NaN	75.148405	0.000000
259	Spectrogram 1	1	3262.040000	3262.290000	4000.000000	18000.000000	8000.000000	Trill	5.797734	21.002664	NaN	NaN	37.204217	0.000000
260	Spectrogram 1	1	3262.400000	3263.090000	4000.000000	18000.000000	8000.000000	Trill	10.337376	28.280797	NaN	NaN	85.078980	0.000000
261	Spectrogram 1	1	3263.210000	3263.880000	4000.000000	18000.000000	8000.000000	Trill	9.197418	29.981652	NaN	NaN	85.422821	0.000000
262	Spectrogram 1	1	3263.940000	3264.440000	4000.000000	18000.000000	8000.000000	Trill	7.577936	28.255360	NaN	NaN	78.456471	0.000000
263	Spectrogram 1	1	3264.520000	3264.840000	4000.000000	18000.000000	8000.000000	Trill	6.811084	27.824511	NaN	NaN	85.995087	0.000000
264	Spectrogram 1	1	3269.120000	3269.680000	4000.000000	18000.000000	8000.000000	Trill	10.254383	22.216901	NaN	NaN	78.929970	0.000000
265	Spectrogram 1	1	3269.760000	3269.970000	4000.000000	18000.000000	8000.000000	Trill	9.292322	22.212037	NaN	NaN	74.925041	0.000000
266	Spectrogram 1	1	3270.070000	3270.360000	4000.000000	18000.000000	8000.000000	Trill	7.838526	23.805933	NaN	NaN	95.039304	0.000000
267	Spectrogram 1	1	3270.440000	3270.710000	4000.000000	18000.000000	8000.000000	Trill	7.669811	22.046735	NaN	NaN	98.301969	0.000000
268	Spectrogram 1	1	3280.410000	3281.070000	4000.000000	18000.000000	8000.000000	Trill	10.572623	23.740244	NaN	NaN	78.204939	0.000000
269	Spectrogram 1	1	3281.200000	3281.490000	4000.000000	18000.000000	8000.000000	Trill	6.755595	18.082689	NaN	NaN	65.162913	0.000000
270	Spectrogram 1	1	3281.550000	3281.890000	4000.000000	18000.000000	8000.000000	Trill	7.166078	25.672694	NaN	NaN	84.329357	0.000000
271	Spectrogram 1	1	3282.030000	3282.450000	4000.000000	18000.000000	8000.000000	Trill	7.315200	24.031461	NaN	NaN	94.751403	0.000000
272	Spectrogram 1	1	3284.120000	3284.250000	4000.000000	18000.000000	8000.000000	Sd-peep	5.506760	18.643127	NaN	NaN	38.116710	0.000000
273	Spectrogram 1	1	3287.610000	3287.720000	4000.000000	18000.000000	8000.000000	Trill	5.589442	15.508073	NaN	NaN	44.492413	0.000000
274	Spectrogram 1	1	3287.820000	3288.570000	4000.000000	18000.000000	8000.000000	Trill	8.414595	25.231269	NaN	NaN	90.955568	0.000000
275	Spectrogram 1	1	3288.730000	3289.290000	4000.000000	18000.000000	8000.000000	Trill	4.222685	21.448721	NaN	NaN	34.114827	0.000000
276	Spectrogram 1	1	3289.330000	3290.610000	4000.000000	18000.000000	8000.000000	Trill	7.874686	23.972215	NaN	NaN	74.031718	0.000000
277	Spectrogram 1	1	3302.220000	3302.730000	4000.000000	18000.000000	8000.000000	Trillphee	4.583609	19.152455	NaN	NaN	93.563065	0.000000
278	Spectrogram 1	1	3303.500000	3303.890000	4000.000000	18000.000000	8000.000000	Trill	11.352829	22.585902	NaN	NaN	67.335018	0.000000
279	Spectrogram 1	1	3314.140000	3314.670000	4000.000000	18000.000000	8000.000000	Trill	6.315391	20.340962	NaN	NaN	54.752865	0.000000
280	Spectrogram 1	1	3328.100000	3328.700000	4000.000000	18000.000000	8000.000000	Trill	11.112341	22.016651	NaN	NaN	61.025567	0.000000
281	Spectrogram 1	1	3346.240000	3346.840000	4000.000000	18000.000000	8000.000000	Trill	8.110247	21.682428	NaN	NaN	59.995362	0.000000
282	Spectrogram 1	1	3346.950000	3347.460000	4000.000000	18000.000000	8000.000000	Trill	7.174902	23.553360	NaN	NaN	74.839680	0.000000
283	Spectrogram 1	1	3347.570000	3348.060000	4000.000000	18000.000000	8000.000000	Trill	4.659391	22.096145	NaN	NaN	71.129717	0.000000
284	Spectrogram 1	1	3348.140000	3348.440000	4000.000000	18000.000000	8000.000000	Trill	8.409394	23.516188	NaN	NaN	78.017283	0.000000
285	Spectrogram 1	1	3348.560000	3348.730000	4000.000000	18000.000000	8000.000000	Trill	7.811751	20.970097	NaN	NaN	100.759202	0.000000
286	Spectrogram 1	1	3383.590000	3384.190000	4000.000000	18000.000000	8000.000000	Trill	4.721177	21.035574	NaN	NaN	71.872034	0.000000
287	Spectrogram 1	1	3384.300000	3384.740000	4000.000000	18000.000000	8000.000000	Trill	5.082824	21.520680	NaN	NaN	59.998799	0.000000
288	Spectrogram 1	1	3384.840000	3385.330000	4000.000000	18000.000000	8000.000000	Trill	6.412097	23.980306	NaN	NaN	73.177473	0.000000
289	Spectrogram 1	1	3385.370000	3385.700000	4000.000000	18000.000000	8000.000000	Trill	10.232109	31.063232	NaN	NaN	124.067837	0.000000
290	Spectrogram 1	1	3389.010000	3389.140000	4000.000000	18000.000000	8000.000000	Sd-peep	4.156441	15.694263	NaN	NaN	36.871091	0.000000
291	Spectrogram 1	1	3389.360000	3389.890000	4000.000000	18000.000000	8000.000000	Trill	11.946585	21.415931	NaN	NaN	96.145871	0.000000
292	Spectrogram 1	1	3389.990000	3390.340000	4000.000000	18000.000000	8000.000000	Trill	8.056407	25.389982	NaN	NaN	99.491023	0.000000
293	Spectrogram 1	1	3390.450000	3390.800000	4000.000000	18000.000000	8000.000000	Trill	8.817201	25.878578	NaN	NaN	113.681054	0.000000
294	Spectrogram 1	1	3390.890000	3391.290000	4000.000000	18000.000000	8000.000000	Trill	5.207114	19.351729	NaN	NaN	67.860417	0.000000
295	Spectrogram 1	1	3391.380000	3391.620000	4000.000000	18000.000000	8000.000000	Trill	8.704451	24.264699	NaN	NaN	121.855300	0.000000
296	Spectrogram 1	1	3394.120000	3394.640000	4000.000000	18000.000000	8000.000000	Trill	6.205362	21.148848	NaN	NaN	37.734929	0.000000
297	Spectrogram 1	1	3403.390000	3404.760000	4000.000000	18000.000000	8000.000000	Trillphee	4.114062	24.873973	NaN	NaN	87.766385	0.000000
298	Spectrogram 1	1	3405.040000	3406.140000	4000.000000	18000.000000	8000.000000	Phee	4.461389	28.446606	NaN	NaN	91.963970	0.000000
299	Spectrogram 1	1	3423.490000	3425.020000	4000.000000	18000.000000	8000.000000	Trill	7.460519	27.478214	NaN	NaN	71.361611	0.000000
300	Spectrogram 1	1	3425.060000	3426.500000	4000.000000	18000.000000	8000.000000	Trill	8.528708	27.827234	NaN	NaN	76.272975	0.000000
301	Spectrogram 1	1	3477.790000	3479.810000	4000.000000	18000.000000	8000.000000	Trillphee	4.040696	26.881393	NaN	NaN	87.319568	0.000000
302	Spectrogram 1	1	3485.710000	3486.240000	4000.000000	18000.000000	8000.000000	Trill	10.691816	25.119460	NaN	NaN	77.061580	0.000000
303	Spectrogram 1	1	3486.320000	3486.530000	4000.000000	18000.000000	8000.000000	Trill	7.210117	19.367581	NaN	NaN	82.064687	0.000000
304	Spectrogram 1	1	3491.760000	3492.460000	4000.000000	18000.000000	8000.000000	Trill	5.314517	19.575096	NaN	NaN	59.844308	0.000000
305	Spectrogram 1	1	3492.620000	3493.150000	4000.000000	18000.000000	8000.000000	Trill	5.533148	26.140052	NaN	NaN	87.823887	0.000000
306	Spectrogram 1	1	3493.210000	3493.720000	4000.000000	18000.000000	8000.000000	Trill	5.960071	25.619828	NaN	NaN	75.596886	0.000000
307	Spectrogram 1	1	3493.760000	3494.210000	4000.000000	18000.000000	8000.000000	Trill	5.910803	24.024284	NaN	NaN	60.438243	0.000000
308	Spectrogram 1	1	3598.000000	3598.350000	4000.000000	18000.000000	8000.000000	Trill	9.554270	23.451219	NaN	NaN	58.343036	0.000000
309	Spectrogram 1	1	3699.580000	3700.060000	4000.000000	18000.000000	8000.000000	Trill	11.904449	25.493176	NaN	NaN	64.893416	0.000000
310	Spectrogram 1	1	3751.100000	3751.450000	4000.000000	18000.000000	8000.000000	Trill	13.953420	27.251070	NaN	NaN	71.904982	0.000000
311	Spectrogram 1	1	3767.040000	3767.580000	4000.000000	18000.000000	8000.000000	Trill	8.499130	24.458791	NaN	NaN	57.349919	0.000000
312	Spectrogram 1	1	3782.810000	3783.520000	4000.000000	18000.000000	8000.000000	Twitter	6.722552	21.967478	NaN	NaN	46.794148	0.000000
313	Spectrogram 1	1	3783.560000	3785.380000	4000.000000	18000.000000	8000.000000	Trill	7.156860	28.224628	NaN	NaN	48.409246	0.000000
314	Spectrogram 1	1	3785.490000	3786.580000	4000.000000	18000.000000	8000.000000	Trill	7.876663	30.548016	NaN	NaN	70.106458	0.000000
315	Spectrogram 1	1	3791.930000	3792.500000	4000.000000	18000.000000	8000.000000	Trill	12.304496	27.380409	NaN	NaN	67.680818	0.000000
316	Spectrogram 1	1	3793.460000	3793.580000	4000.000000	18000.000000	8000.000000	Sd-peep	10.252121	27.811011	NaN	NaN	67.599138	0.000000
317	Spectrogram 1	1	3793.620000	3794.520000	4000.000000	18000.000000	8000.000000	Trill	4.991700	20.356966	NaN	NaN	41.418910	0.000000
318	Spectrogram 1	1	3797.460000	3798.010000	4000.000000	18000.000000	8000.000000	Trill	10.219218	28.003512	NaN	NaN	92.121876	0.000000
319	Spectrogram 1	1	3798.050000	3798.540000	4000.000000	18000.000000	8000.000000	Trill	9.406944	26.427777	NaN	NaN	80.346343	0.000000
320	Spectrogram 1	1	3798.610000	3799.080000	4000.000000	18000.000000	8000.000000	Trill	9.659590	27.514214	NaN	NaN	109.850598	0.000000
321	Spectrogram 1	1	3799.200000	3799.620000	4000.000000	18000.000000	8000.000000	Trill	9.986129	28.110254	NaN	NaN	108.763715	0.000000
322	Spectrogram 1	1	3799.730000	3800.030000	4000.000000	18000.000000	8000.000000	Trill	8.631154	25.205941	NaN	NaN	88.285918	0.000000
323	Spectrogram 1	1	3801.490000	3801.710000	4000.000000	18000.000000	8000.000000	Trill	6.591317	22.290623	NaN	NaN	54.639286	0.000000
324	Spectrogram 1	1	3802.080000	3802.190000	4000.000000	18000.000000	8000.000000	Trill	5.405653	16.239375	NaN	NaN	41.408941	0.000000
325	Spectrogram 1	1	3805.760000	3806.120000	4000.000000	18000.000000	8000.000000	Sd-peep	6.221234	23.777970	NaN	NaN	38.819048	0.000000
326	Spectrogram 1	1	3806.170000	3806.370000	4000.000000	18000.000000	8000.000000	Trill	6.215457	20.701530	NaN	NaN	37.674626	0.000000
327	Spectrogram 1	1	3806.910000	3807.010000	4000.000000	18000.000000	8000.000000	Trill	5.794105	15.492377	NaN	NaN	48.395359	0.000000
328	Spectrogram 1	1	3807.420000	3807.560000	4000.000000	18000.000000	8000.000000	Trill	6.031456	15.378203	NaN	NaN	48.744170	0.000000
329	Spectrogram 1	1	3808.240000	3808.600000	4000.000000	18000.000000	8000.000000	Trill	6.654967	20.833229	NaN	NaN	48.296386	0.000000
330	Spectrogram 1	1	3808.690000	3808.790000	4000.000000	18000.000000	8000.000000	Trill	7.108267	20.379851	NaN	NaN	64.229262	0.000000
331	Spectrogram 1	1	3840.780000	3841.390000	4000.000000	18000.000000	8000.000000	Trill	10.152004	28.453628	NaN	NaN	63.510545	0.000000
332	Spectrogram 1	1	3856.130000	3857.310000	4000.000000	18000.000000	8000.000000	Twitter	5.875342	26.608964	NaN	NaN	31.895660	0.000000
333	Spectrogram 1	1	3859.380000	3861.020000	4000.000000	18000.000000	8000.000000	Trill	5.562521	26.039282	NaN	NaN	45.816435	0.000000
334	Spectrogram 1	1	3861.160000	3861.460000	4000.000000	18000.000000	8000.000000	Trill	8.540669	28.807915	NaN	NaN	66.873322	0.000000
335	Spectrogram 1	1	3861.520000	3861.950000	4000.000000	18000.000000	8000.000000	Trill	6.999781	25.980499	NaN	NaN	53.909648	0.000000
336	Spectrogram 1	1	3866.490000	3867.580000	4000.000000	18000.000000	8000.000000	Trill	6.019992	21.073978	NaN	NaN	39.024745	0.000000
337	Spectrogram 1	1	3867.700000	3868.210000	4000.000000	18000.000000	8000.000000	Trill	10.340558	29.594192	NaN	NaN	113.515203	0.000000
338	Spectrogram 1	1	3868.300000	3868.840000	4000.000000	18000.000000	8000.000000	Trill	6.707782	26.948339	NaN	NaN	76.586616	0.000000
339	Spectrogram 1	1	3921.160000	3923.190000	4000.000000	18000.000000	8000.000000	Trill	5.545333	23.841077	NaN	NaN	46.651477	0.000000
340	Spectrogram 1	1	3965.260000	3967.070000	4000.000000	18000.000000	8000.000000	Phee	4.149801	18.188893	NaN	NaN	38.913219	0.000000
341	Spectrogram 1	1	3967.180000	3968.290000	4000.000000	18000.000000	8000.000000	Trill	8.867703	31.289246	NaN	NaN	86.114213	0.000000
342	Spectrogram 1	1	3968.330000	3968.830000	4000.000000	18000.000000	8000.000000	Trill	10.176650	30.287781	NaN	NaN	84.975793	0.000000
343	Spectrogram 1	1	3968.870000	3969.020000	4000.000000	18000.000000	8000.000000	Trill	9.973878	32.180660	NaN	NaN	105.922559	0.000000
344	Spectrogram 1	1	4015.220000	4015.920000	4000.000000	18000.000000	8000.000000	Trill	6.582729	29.088117	NaN	NaN	94.078594	0.000000
345	Spectrogram 1	1	4015.990000	4016.660000	4000.000000	18000.000000	8000.000000	Trill	5.563509	24.563591	NaN	NaN	82.103232	0.000000
346	Spectrogram 1	1	4016.700000	4017.170000	4000.000000	18000.000000	8000.000000	Trill	8.795978	27.897710	NaN	NaN	111.129043	0.000000
347	Spectrogram 1	1	4017.220000	4017.620000	4000.000000	18000.000000	8000.000000	Trill	9.859227	24.787025	NaN	NaN	126.193104	0.000000
348	Spectrogram 1	1	4025.930000	4026.970000	4000.000000	18000.000000	8000.000000	Trill	8.136958	26.430250	NaN	NaN	81.392477	0.000000
349	Spectrogram 1	1	4027.050000	4027.810000	4000.000000	18000.000000	8000.000000	Trill	10.410756	31.397397	NaN	NaN	72.636596	0.000000
350	Spectrogram 1	1	4027.870000	4028.520000	4000.000000	18000.000000	8000.000000	Trill	10.879200	31.959372	NaN	NaN	76.112141	0.000000
351	Spectrogram 1	1	4028.600000	4029.070000	4000.000000	18000.000000	8000.000000	Trill	12.139595	34.915852	NaN	NaN	94.999132	0.000000
352	Spectrogram 1	1	4041.530000	4041.740000	4000.000000	18000.000000	8000.000000	Trill	10.616708	22.267764	NaN	NaN	102.679467	0.000000
353	Spectrogram 1	1	4041.890000	4042.310000	4000.000000	18000.000000	8000.000000	Trill	12.151290	32.500887	NaN	NaN	98.979132	0.000000
354	Spectrogram 1	1	4042.470000	4042.790000	4000.000000	18000.000000	8000.000000	Trill	11.077294	32.129886	NaN	NaN	81.882830	0.000000
355	Spectrogram 1	1	4042.920000	4043.490000	4000.000000	18000.000000	8000.000000	Trill	9.284613	29.419830	NaN	NaN	95.407479	0.000000
356	Spectrogram 1	1	4043.560000	4044.110000	4000.000000	18000.000000	8000.000000	Trill	10.145274	30.955627	NaN	NaN	89.378006	0.000000
