Selection	View	Channel	Begin Time (s)	End Time (s)	Low Freq (Hz)	High Freq (Hz)	Max Freq (Hz)	Call Type	Energy Diff	Energy Par	Energy Diff (wl)	Energy Par (wl)	AHR	Exception
1	Spectrogram 1	5	35.270000	35.470000	4000.000000	18000.000000	8000.000000	Trill	4.256254	5.781691	3.000586	5.346065	33.251241	0.000000
2	Spectrogram 1	5	37.770000	37.860000	4000.000000	18000.000000	8000.000000	Trill	10.472833	10.398498	5.618362	-0.483579	48.121529	1.000000
3	Spectrogram 1	5	46.100000	46.140000	4000.000000	18000.000000	8000.000000	Sd-peep	10.906061	13.064089	2.929684	-1.095830	29.423645	1.000000
4	Spectrogram 1	5	50.460000	50.500000	4000.000000	18000.000000	8000.000000	Trill	11.051081	10.419203	3.067418	-0.780304	30.297820	1.000000
5	Spectrogram 1	6	51.830000	51.860000	4000.000000	18000.000000	8000.000000	P-peep	7.326550	6.622505	-0.265331	1.206745	31.548470	1.000000
6	Spectrogram 1	6	56.980000	57.020000	4000.000000	18000.000000	8000.000000	Sd-peep	7.248663	5.969241	-0.626633	2.582648	28.359884	1.000000
7	Spectrogram 1	5	86.650000	86.690000	4000.000000	18000.000000	8000.000000	Trill	9.763842	10.687426	3.495743	1.860239	30.515006	0.000000
8	Spectrogram 1	5	92.490000	92.700000	4000.000000	18000.000000	8000.000000	Phee	3.690398	7.682219	4.237594	2.875592	42.762169	0.000000
9	Spectrogram 1	5	108.860000	109.220000	4000.000000	18000.000000	8000.000000	Trill	6.171619	9.230513	5.330068	2.836839	51.287209	0.000000
10	Spectrogram 1	6	112.740000	113.020000	4000.000000	18000.000000	8000.000000	Trill	7.318887	10.334865	-0.553081	2.276372	54.472284	1.000000
11	Spectrogram 1	6	114.490000	115.310000	4000.000000	18000.000000	8000.000000	Trill	7.427513	14.539230	-0.091174	2.571777	73.085695	1.000000
12	Spectrogram 1	6	122.100000	122.140000	4000.000000	18000.000000	8000.000000	Sd-peep	8.921639	7.504627	-3.313311	-0.357332	31.590297	1.000000
13	Spectrogram 1	6	123.120000	123.280000	4000.000000	18000.000000	8000.000000	Sd-peep	8.694830	7.362776	-9.145649	-0.023412	29.765398	1.000000
14	Spectrogram 1	6	126.490000	126.730000	4000.000000	18000.000000	8000.000000	Trillphee	8.065701	11.081030	-5.534014	3.464571	79.855546	0.000000
15	Spectrogram 1	6	126.770000	127.270000	4000.000000	18000.000000	8000.000000	Phee	7.044810	11.669850	-6.223027	2.985520	73.514666	0.000000
16	Spectrogram 1	6	131.090000	131.120000	4000.000000	18000.000000	8000.000000	Trill	8.873110	7.277270	-2.294104	1.315585	33.751927	1.000000
17	Spectrogram 1	6	132.170000	132.560000	4000.000000	18000.000000	8000.000000	Trill	8.862722	9.760744	-2.336096	1.601455	58.992005	1.000000
18	Spectrogram 1	6	150.190000	150.260000	4000.000000	18000.000000	8000.000000	Trill	7.512381	7.080840	-0.192135	2.095176	36.029037	1.000000
19	Spectrogram 1	5	158.720000	158.760000	4000.000000	18000.000000	8000.000000	Trill	8.946596	9.737295	0.159750	-1.394970	30.305616	1.000000
20	Spectrogram 1	5	158.840000	158.900000	4000.000000	18000.000000	8000.000000	Trill	11.296380	13.271645	7.395875	4.497575	38.283204	0.000000
21	Spectrogram 1	6	162.840000	163.000000	4000.000000	18000.000000	8000.000000	Sd-peep	7.729869	7.143643	-1.100138	2.486754	29.162361	1.000000
22	Spectrogram 1	6	165.920000	166.480000	4000.000000	18000.000000	8000.000000	Trillphee	8.779517	13.001456	-1.710479	4.052307	88.480535	0.000000
23	Spectrogram 1	6	166.500000	166.600000	4000.000000	18000.000000	8000.000000	Trill	7.964108	13.179976	-3.138040	4.157262	76.914477	0.000000
24	Spectrogram 1	5	173.170000	173.440000	4000.000000	18000.000000	8000.000000	Trill	8.688420	11.979256	1.744379	-0.291802	47.862460	1.000000
25	Spectrogram 1	6	175.010000	175.380000	4000.000000	18000.000000	8000.000000	Trillphee	6.378016	9.314533	-1.481722	3.659233	67.256781	0.000000
26	Spectrogram 1	6	175.690000	175.760000	4000.000000	18000.000000	8000.000000	Sd-peep	8.385463	11.168944	-0.544534	2.984445	54.983529	1.000000
27	Spectrogram 1	5	190.790000	190.830000	4000.000000	18000.000000	8000.000000	Trill	10.905471	10.538906	0.426084	-0.991252	28.415993	1.000000
28	Spectrogram 1	6	226.580000	226.640000	4000.000000	18000.000000	8000.000000	Sd-peep	8.473629	9.750154	-2.205542	1.595038	37.271791	1.000000
29	Spectrogram 1	5	242.790000	243.000000	4000.000000	18000.000000	8000.000000	Trill	8.966560	10.968668	0.416016	2.495776	50.458753	1.000000
30	Spectrogram 1	5	250.050000	250.080000	4000.000000	18000.000000	8000.000000	Tse	8.650157	7.475115	0.106428	-1.315233	33.715664	1.000000
31	Spectrogram 1	6	250.540000	250.600000	4000.000000	18000.000000	8000.000000	Sd-peep	8.337250	7.076710	-1.635331	0.408240	29.164351	1.000000
32	Spectrogram 1	5	252.770000	252.810000	4000.000000	18000.000000	8000.000000	Sd-peep	8.378909	7.278774	1.121775	2.591827	30.498974	1.000000
33	Spectrogram 1	5	264.490000	264.740000	4000.000000	18000.000000	8000.000000	Trill	6.993857	7.783753	1.268043	2.178834	35.961621	1.000000
34	Spectrogram 1	5	269.070000	269.270000	4000.000000	18000.000000	8000.000000	Trill	7.542047	10.627698	0.659800	2.440607	54.648252	1.000000
35	Spectrogram 1	6	272.160000	272.540000	4000.000000	18000.000000	8000.000000	Trill	7.153793	11.256594	-1.134983	1.351140	57.874628	1.000000
36	Spectrogram 1	6	307.610000	307.980000	4000.000000	18000.000000	8000.000000	Trill	9.419700	14.068237	-0.103153	2.324144	72.921742	1.000000
37	Spectrogram 1	6	377.260000	377.300000	4000.000000	18000.000000	8000.000000	Trill	7.011601	6.327373	-1.702909	2.298082	45.045646	1.000000
38	Spectrogram 1	6	379.120000	379.200000	4000.000000	18000.000000	8000.000000	Trill	12.025943	14.117835	-0.406738	2.434536	70.723021	1.000000
39	Spectrogram 1	5	398.870000	399.000000	4000.000000	18000.000000	8000.000000	Phee	7.130428	19.399479	0.929051	2.736292	116.214112	1.000000
40	Spectrogram 1	5	400.110000	400.370000	4000.000000	18000.000000	8000.000000	Trill	11.416064	11.415532	0.109425	2.274665	63.017951	1.000000
41	Spectrogram 1	5	401.970000	402.980000	4000.000000	18000.000000	8000.000000	Phee	8.649018	19.640728	0.122465	2.802260	114.286941	1.000000
42	Spectrogram 1	6	423.110000	423.200000	4000.000000	18000.000000	8000.000000	Trill	11.241117	12.838445	-1.938207	1.542827	65.871577	1.000000
43	Spectrogram 1	6	427.400000	427.560000	4000.000000	18000.000000	8000.000000	Sd-peep	5.466531	5.296558	-4.330084	2.192774	30.853020	0.000000
44	Spectrogram 1	5	446.710000	446.790000	4000.000000	18000.000000	8000.000000	Trill	12.784391	13.101644	1.155926	1.942793	71.012328	1.000000
45	Spectrogram 1	5	511.680000	511.910000	4000.000000	18000.000000	8000.000000	Trill	5.771008	7.118295	2.958610	5.602228	45.167085	0.000000
46	Spectrogram 1	6	520.690000	520.770000	4000.000000	18000.000000	8000.000000	Trill	10.451835	12.628750	-0.731940	1.547695	48.815256	1.000000
47	Spectrogram 1	6	560.010000	560.650000	4000.000000	18000.000000	8000.000000	Phee	5.293154	34.282758	-0.306514	13.382606	118.092042	0.000000
48	Spectrogram 1	5	560.700000	561.360000	4000.000000	18000.000000	8000.000000	Phee	5.989162	29.511675	2.358614	11.929583	108.447642	0.000000
49	Spectrogram 1	6	561.980000	563.440000	4000.000000	18000.000000	8000.000000	Phee	4.650081	28.823829	-0.014819	9.193058	98.486297	0.000000
50	Spectrogram 1	5	563.690000	563.730000	4000.000000	18000.000000	8000.000000	Twitter	12.323626	16.652740	0.697656	2.017609	88.157093	1.000000
51	Spectrogram 1	5	563.860000	563.900000	4000.000000	18000.000000	8000.000000	Twitter	13.904283	19.953072	0.316608	1.720818	70.653728	1.000000
52	Spectrogram 1	5	564.010000	564.060000	4000.000000	18000.000000	8000.000000	Twitter	11.919307	20.208299	0.384343	4.130991	55.883231	1.000000
53	Spectrogram 1	5	564.170000	564.210000	4000.000000	18000.000000	8000.000000	Twitter	13.095056	22.002854	0.404683	3.982732	63.957252	1.000000
54	Spectrogram 1	5	564.310000	564.350000	4000.000000	18000.000000	8000.000000	Twitter	13.529368	23.676488	0.251868	4.934563	65.862265	1.000000
55	Spectrogram 1	6	564.430000	564.490000	4000.000000	18000.000000	8000.000000	Twitter	10.465497	18.734850	-0.712147	4.001162	57.674304	1.000000
56	Spectrogram 1	5	564.560000	564.620000	4000.000000	18000.000000	8000.000000	Twitter	11.040783	19.434859	1.276124	4.317222	66.078973	1.000000
57	Spectrogram 1	5	564.690000	564.750000	4000.000000	18000.000000	8000.000000	Twitter	11.829903	19.993999	1.209129	3.856775	75.117475	1.000000
58	Spectrogram 1	5	564.820000	564.890000	4000.000000	18000.000000	8000.000000	Twitter	10.490751	19.180807	0.138165	3.261131	67.313503	1.000000
59	Spectrogram 1	5	564.930000	565.030000	4000.000000	18000.000000	8000.000000	Twitter	9.110630	15.568798	3.362599	3.397482	70.200605	1.000000
60	Spectrogram 1	5	565.070000	565.100000	4000.000000	18000.000000	8000.000000	Twitter	10.574484	13.282668	1.832077	2.225149	67.531405	1.000000
61	Spectrogram 1	6	568.210000	568.580000	4000.000000	18000.000000	8000.000000	Trill	7.363341	9.331856	-0.212593	2.603412	49.368312	1.000000
62	Spectrogram 1	5	569.280000	569.380000	4000.000000	18000.000000	8000.000000	Trill	8.480351	7.269958	0.101077	2.414656	40.696563	1.000000
63	Spectrogram 1	5	581.600000	581.920000	4000.000000	18000.000000	8000.000000	Trill	10.194741	12.109222	1.962250	2.316664	57.070095	0.000000
64	Spectrogram 1	6	590.060000	590.100000	4000.000000	18000.000000	8000.000000	Twitter	8.728598	16.767957	-0.571057	2.530094	60.199095	1.000000
65	Spectrogram 1	6	590.200000	590.240000	4000.000000	18000.000000	8000.000000	Twitter	8.126585	15.818537	-1.772524	3.986090	57.158564	1.000000
66	Spectrogram 1	5	590.340000	590.390000	4000.000000	18000.000000	8000.000000	Twitter	7.852858	16.092331	0.169438	2.970821	54.758828	1.000000
67	Spectrogram 1	6	590.500000	590.530000	4000.000000	18000.000000	8000.000000	Twitter	8.219618	18.259958	-2.645660	6.810721	60.898549	0.000000
68	Spectrogram 1	6	590.630000	590.690000	4000.000000	18000.000000	8000.000000	Twitter	7.458618	16.545377	-2.047761	5.701903	57.821301	0.000000
69	Spectrogram 1	5	590.900000	590.980000	4000.000000	18000.000000	8000.000000	Twitter	7.516138	15.220202	0.085640	2.788325	62.754550	1.000000
70	Spectrogram 1	5	591.030000	591.060000	4000.000000	18000.000000	8000.000000	Trill	8.222383	10.924138	5.345897	2.239631	63.090966	0.000000
71	Spectrogram 1	5	595.480000	595.580000	4000.000000	18000.000000	8000.000000	Trill	7.084267	6.419278	2.952745	1.416089	36.501801	0.000000
72	Spectrogram 1	5	610.690000	610.920000	4000.000000	18000.000000	8000.000000	Sd-peep	7.757327	7.690016	0.272947	2.272247	55.064700	1.000000
73	Spectrogram 1	5	615.340000	615.430000	4000.000000	18000.000000	8000.000000	Trill	12.166411	14.452068	1.314156	0.296938	64.802032	1.000000
74	Spectrogram 1	5	620.550000	621.010000	4000.000000	18000.000000	8000.000000	Trill	6.912648	8.165270	0.170392	2.324715	50.086513	1.000000
75	Spectrogram 1	5	626.510000	627.170000	4000.000000	18000.000000	8000.000000	Trillphee	9.938686	14.929659	0.257076	2.271517	102.166410	1.000000
76	Spectrogram 1	6	631.150000	631.190000	4000.000000	18000.000000	8000.000000	Trill	8.033426	6.779757	-0.690435	2.478318	29.548919	1.000000
77	Spectrogram 1	6	645.880000	646.190000	4000.000000	18000.000000	8000.000000	Trill	7.629232	9.411454	-4.621047	2.015430	52.499001	0.000000
78	Spectrogram 1	5	648.660000	648.900000	4000.000000	18000.000000	8000.000000	Trill	9.902030	11.687134	0.718381	-2.728663	83.331038	1.000000
79	Spectrogram 1	5	649.940000	650.220000	4000.000000	18000.000000	8000.000000	Trill	8.519875	10.466248	0.385909	1.363752	54.092966	1.000000
80	Spectrogram 1	5	660.170000	660.330000	4000.000000	18000.000000	8000.000000	Trill	8.481072	9.013336	0.935581	1.557702	53.631095	1.000000
81	Spectrogram 1	6	670.350000	670.720000	4000.000000	18000.000000	8000.000000	Sd-peep	9.975607	9.124831	-0.827321	1.004929	29.576810	1.000000
82	Spectrogram 1	5	674.890000	674.930000	4000.000000	18000.000000	8000.000000	Trill	7.379165	6.235785	0.675560	2.533928	37.396253	1.000000
83	Spectrogram 1	5	695.200000	695.610000	4000.000000	18000.000000	8000.000000	Trill	6.906719	9.431689	1.845536	-1.176024	43.149834	1.000000
84	Spectrogram 1	5	703.450000	703.610000	4000.000000	18000.000000	8000.000000	Trill	9.278032	10.224086	1.550988	1.634706	65.479151	1.000000
85	Spectrogram 1	6	703.830000	704.140000	4000.000000	18000.000000	8000.000000	Trillphee	10.659419	15.213472	-0.912146	2.065281	99.416341	1.000000
86	Spectrogram 1	5	706.410000	707.650000	4000.000000	18000.000000	8000.000000	Phee	15.073732	22.880601	0.308036	2.145543	160.199181	1.000000
87	Spectrogram 1	6	721.300000	721.340000	4000.000000	18000.000000	8000.000000	Sd-peep	8.808051	7.924814	-1.563176	0.841829	29.983799	1.000000
88	Spectrogram 1	6	723.780000	723.850000	4000.000000	18000.000000	8000.000000	Trill	7.940591	7.818819	-3.179044	3.966631	52.442734	0.000000
89	Spectrogram 1	6	726.820000	727.010000	4000.000000	18000.000000	8000.000000	Trill	9.831524	8.959724	-2.367725	3.810643	63.830657	0.000000
90	Spectrogram 1	6	733.720000	733.760000	4000.000000	18000.000000	8000.000000	Trill	4.568601	6.206637	-2.442160	3.808238	36.866944	0.000000
91	Spectrogram 1	6	753.880000	753.990000	4000.000000	18000.000000	8000.000000	Phee	7.424342	14.989569	-1.635028	2.257914	63.236616	1.000000
92	Spectrogram 1	6	754.410000	754.500000	4000.000000	18000.000000	8000.000000	Trill	4.927401	5.288007	-2.684096	3.580414	33.372426	0.000000
93	Spectrogram 1	6	755.390000	755.430000	4000.000000	18000.000000	8000.000000	Trill	6.348647	6.580878	-2.376151	3.650110	36.323505	0.000000
94	Spectrogram 1	6	758.030000	758.120000	4000.000000	18000.000000	8000.000000	Trill	4.912719	9.927315	-2.543400	3.860571	60.591423	0.000000
95	Spectrogram 1	6	762.750000	763.120000	4000.000000	18000.000000	8000.000000	Trill	6.381445	8.603911	-2.766077	3.901177	46.013856	0.000000
96	Spectrogram 1	6	764.440000	764.800000	4000.000000	18000.000000	8000.000000	Trill	16.679460	19.604053	-5.068853	6.920058	151.296716	0.000000
97	Spectrogram 1	6	765.180000	765.580000	4000.000000	18000.000000	8000.000000	Trill	6.324907	8.413851	-3.296367	3.266178	40.517888	0.000000
98	Spectrogram 1	6	765.850000	766.240000	4000.000000	18000.000000	8000.000000	Trill	6.950962	8.344054	-2.530217	3.581702	44.126579	0.000000
99	Spectrogram 1	6	783.920000	784.140000	4000.000000	18000.000000	8000.000000	Trill	9.620209	10.329190	-2.414729	3.882754	78.788850	0.000000
100	Spectrogram 1	6	784.180000	784.240000	4000.000000	18000.000000	8000.000000	Trill	6.889025	6.362288	-3.049714	3.483661	37.094079	0.000000
101	Spectrogram 1	6	797.860000	798.010000	4000.000000	18000.000000	8000.000000	Trill	8.986159	8.727662	-3.913362	3.576072	48.559863	0.000000
102	Spectrogram 1	6	798.830000	798.930000	4000.000000	18000.000000	8000.000000	Sd-peep	9.223084	8.307115	-0.466268	1.664179	29.028153	1.000000
103	Spectrogram 1	6	804.190000	804.260000	4000.000000	18000.000000	8000.000000	Trill	4.586250	5.465951	-2.727745	3.130667	34.080599	0.000000
104	Spectrogram 1	6	804.300000	804.390000	4000.000000	18000.000000	8000.000000	Trill	7.987377	7.341012	-2.980298	3.291331	41.332769	0.000000
105	Spectrogram 1	6	812.060000	812.420000	4000.000000	18000.000000	8000.000000	P-peep	5.257166	5.812121	-2.371678	3.527364	40.551529	0.000000
106	Spectrogram 1	6	819.950000	820.390000	4000.000000	18000.000000	8000.000000	Trill	8.998595	9.938276	-1.515603	3.004030	60.314516	0.000000
107	Spectrogram 1	6	824.420000	824.500000	4000.000000	18000.000000	8000.000000	Sd-peep	5.038641	4.654009	-3.952405	5.042587	33.575543	0.000000
108	Spectrogram 1	6	829.850000	829.880000	4000.000000	18000.000000	8000.000000	Trill	6.909769	6.249044	-3.615053	4.107729	43.592482	0.000000
109	Spectrogram 1	6	833.430000	833.930000	4000.000000	18000.000000	8000.000000	Trill	8.037584	9.062687	-2.893505	3.738278	61.971177	0.000000
110	Spectrogram 1	6	845.930000	846.020000	4000.000000	18000.000000	8000.000000	Trill	7.318769	6.793574	-3.281857	2.701096	48.183265	0.000000
111	Spectrogram 1	6	862.170000	862.250000	4000.000000	18000.000000	8000.000000	Trill	6.022359	7.076677	-3.852126	3.766950	39.112297	0.000000
112	Spectrogram 1	5	869.900000	869.960000	4000.000000	18000.000000	8000.000000	Trill	13.504802	14.038053	4.954859	-6.789871	72.286989	1.000000
113	Spectrogram 1	6	873.290000	873.730000	4000.000000	18000.000000	8000.000000	Trill	9.477849	9.550596	-2.888743	3.813203	72.545157	0.000000
114	Spectrogram 1	6	877.990000	878.200000	4000.000000	18000.000000	8000.000000	Trill	7.924240	12.385048	-5.969224	3.520013	67.683790	0.000000
115	Spectrogram 1	6	880.310000	881.040000	4000.000000	18000.000000	8000.000000	Trill	6.020262	12.162186	-2.073032	3.532315	71.665417	0.000000
116	Spectrogram 1	6	882.120000	882.220000	4000.000000	18000.000000	8000.000000	P-peep	5.973999	7.402038	-3.889066	3.088367	49.360085	0.000000
117	Spectrogram 1	6	884.200000	884.500000	4000.000000	18000.000000	8000.000000	Trill	7.717398	7.967987	-1.521899	2.320037	42.821738	1.000000
118	Spectrogram 1	6	885.010000	885.380000	4000.000000	18000.000000	8000.000000	Trill	6.204281	7.488959	-2.643821	2.277462	41.029576	0.000000
119	Spectrogram 1	6	891.300000	891.460000	4000.000000	18000.000000	8000.000000	Trill	12.676817	14.129654	-3.058026	4.287953	102.978971	0.000000
120	Spectrogram 1	6	891.530000	891.650000	4000.000000	18000.000000	8000.000000	Trillphee	8.684766	10.019767	-2.255568	3.735421	72.107436	0.000000
121	Spectrogram 1	6	897.090000	897.520000	4000.000000	18000.000000	8000.000000	Phee	3.283303	7.514853	-2.885239	4.199232	47.594186	0.000000
122	Spectrogram 1	6	898.110000	898.140000	4000.000000	18000.000000	8000.000000	Trill	4.492945	6.666092	-2.381201	3.571608	33.260766	0.000000
123	Spectrogram 1	6	898.750000	899.040000	4000.000000	18000.000000	8000.000000	Sd-peep	6.507400	6.321615	-2.166864	3.669717	53.352997	0.000000
124	Spectrogram 1	6	907.290000	907.650000	4000.000000	18000.000000	8000.000000	Trill	5.107455	6.163048	-2.164258	3.689612	35.572872	0.000000
125	Spectrogram 1	5	909.460000	909.500000	4000.000000	18000.000000	8000.000000	Twitter	11.656188	13.429864	1.123878	0.983632	58.780069	1.000000
126	Spectrogram 1	6	909.590000	909.640000	4000.000000	18000.000000	8000.000000	Twitter	14.231179	17.171617	-1.270240	2.472870	79.102063	1.000000
127	Spectrogram 1	6	909.730000	909.790000	4000.000000	18000.000000	8000.000000	Twitter	11.700845	13.983984	-2.391902	3.501109	63.868058	1.000000
128	Spectrogram 1	6	909.860000	909.940000	4000.000000	18000.000000	8000.000000	Trill	9.018058	9.628024	-1.990969	3.287355	45.656655	0.000000
129	Spectrogram 1	6	910.840000	911.050000	4000.000000	18000.000000	8000.000000	Sd-peep	4.041955	5.758654	-4.607727	3.275165	30.174268	0.000000
130	Spectrogram 1	6	921.870000	921.940000	4000.000000	18000.000000	8000.000000	P-peep	5.122373	10.807094	-2.437643	3.632996	64.026574	0.000000
131	Spectrogram 1	6	922.750000	923.240000	4000.000000	18000.000000	8000.000000	Phee	3.355097	7.998054	-6.736248	3.339662	44.653057	0.000000
132	Spectrogram 1	6	927.370000	927.470000	4000.000000	18000.000000	8000.000000	Sd-peep	5.866018	5.894690	-2.041324	3.354269	32.590530	0.000000
133	Spectrogram 1	6	928.050000	928.190000	4000.000000	18000.000000	8000.000000	Sd-peep	5.965322	5.232134	-2.190308	2.804939	30.381439	0.000000
134	Spectrogram 1	6	938.860000	938.950000	4000.000000	18000.000000	8000.000000	Trill	5.478991	5.922645	-2.101294	3.567362	40.092636	0.000000
135	Spectrogram 1	6	943.380000	943.630000	4000.000000	18000.000000	8000.000000	Trill	7.110944	9.649126	-1.987036	3.535067	52.137404	0.000000
136	Spectrogram 1	6	955.890000	956.230000	4000.000000	18000.000000	8000.000000	Trillphee	11.325782	11.176171	-3.900810	3.157028	36.996543	0.000000
137	Spectrogram 1	6	956.420000	956.690000	4000.000000	18000.000000	8000.000000	Trill	4.286891	12.895510	-2.111515	3.987567	42.769709	0.000000
138	Spectrogram 1	6	965.630000	965.790000	4000.000000	18000.000000	8000.000000	Trill	6.705328	17.721792	-1.466093	4.566752	97.775479	0.000000
139	Spectrogram 1	6	970.480000	970.560000	4000.000000	18000.000000	8000.000000	Sd-peep	4.603337	5.237068	-3.085287	3.931325	45.973672	0.000000
140	Spectrogram 1	6	996.210000	996.270000	4000.000000	18000.000000	8000.000000	Trill	5.274673	6.883406	-2.209805	3.704275	48.350094	0.000000
141	Spectrogram 1	6	997.230000	997.310000	4000.000000	18000.000000	8000.000000	Trill	9.220622	8.326943	-2.629036	3.891541	53.052099	0.000000
142	Spectrogram 1	6	998.970000	999.060000	4000.000000	18000.000000	8000.000000	Trill	8.489164	7.590011	-1.868571	3.372860	44.255441	0.000000
143	Spectrogram 1	6	1030.870000	1030.950000	4000.000000	18000.000000	8000.000000	Trill	6.424650	5.959563	-2.273364	3.637931	34.944148	0.000000
144	Spectrogram 1	6	1042.450000	1042.780000	4000.000000	18000.000000	8000.000000	Trill	6.788275	8.296006	-2.418889	3.707051	47.709157	0.000000
145	Spectrogram 1	6	1047.210000	1047.600000	4000.000000	18000.000000	8000.000000	Trill	7.029087	8.376440	-1.561814	3.399314	49.081543	0.000000
146	Spectrogram 1	6	1095.010000	1095.110000	4000.000000	18000.000000	8000.000000	Trill	5.403574	8.047134	-2.918428	2.375193	35.926980	0.000000
147	Spectrogram 1	6	1117.310000	1117.530000	4000.000000	18000.000000	8000.000000	Trill	5.833431	8.292288	-2.115551	3.713407	53.063478	0.000000
148	Spectrogram 1	6	1134.560000	1134.590000	4000.000000	18000.000000	8000.000000	Trill	3.747605	4.003510	-3.630731	4.457709	45.780653	0.000000
149	Spectrogram 1	6	1163.050000	1163.110000	4000.000000	18000.000000	8000.000000	Trill	5.404914	7.030680	-3.432045	2.357596	34.206788	0.000000
150	Spectrogram 1	6	1164.600000	1164.720000	4000.000000	18000.000000	8000.000000	Trill	6.934088	11.334601	-2.073928	-1.453797	36.888321	1.000000
151	Spectrogram 1	6	1173.440000	1173.480000	4000.000000	18000.000000	8000.000000	P-peep	7.183161	6.878980	-0.309662	0.753252	49.588886	1.000000
152	Spectrogram 1	6	1179.360000	1179.510000	4000.000000	18000.000000	8000.000000	Trill	10.660888	10.607783	-4.340635	1.844333	31.171431	0.000000
153	Spectrogram 1	6	1179.780000	1180.250000	4000.000000	18000.000000	8000.000000	Trill	4.738704	6.040118	-2.328725	3.748912	31.010147	0.000000
154	Spectrogram 1	6	1192.410000	1192.550000	4000.000000	18000.000000	8000.000000	Sd-peep	5.501976	4.742936	-2.077292	3.513026	29.698277	0.000000
155	Spectrogram 1	6	1193.360000	1193.430000	4000.000000	18000.000000	8000.000000	Trill	4.505382	5.459818	-2.082112	3.751638	36.921026	0.000000
156	Spectrogram 1	6	1194.220000	1194.310000	4000.000000	18000.000000	8000.000000	Trill	5.808351	8.079855	-2.194654	3.575528	45.351719	0.000000
157	Spectrogram 1	6	1196.080000	1196.260000	4000.000000	18000.000000	8000.000000	Sd-peep	5.576274	5.393579	-3.818040	3.789864	31.558583	0.000000
158	Spectrogram 1	6	1201.650000	1201.750000	4000.000000	18000.000000	8000.000000	Trill	6.718351	8.170053	-4.263474	3.911930	57.664151	0.000000
159	Spectrogram 1	6	1205.910000	1205.940000	4000.000000	18000.000000	8000.000000	P-peep	9.568759	11.819260	-5.207038	2.987350	88.953429	0.000000
160	Spectrogram 1	5	1210.200000	1210.340000	4000.000000	18000.000000	8000.000000	Trill	5.875609	7.384953	5.296644	1.936814	45.637060	0.000000
161	Spectrogram 1	6	1214.820000	1214.910000	4000.000000	18000.000000	8000.000000	Trill	8.425963	9.614543	-2.793562	3.794472	62.739025	0.000000
162	Spectrogram 1	6	1227.620000	1227.860000	4000.000000	18000.000000	8000.000000	Trill	7.222842	9.061937	-2.342649	3.848045	53.547374	0.000000
163	Spectrogram 1	6	1231.570000	1231.680000	4000.000000	18000.000000	8000.000000	Sd-peep	3.914875	5.648878	-2.533886	3.755577	35.689841	0.000000
164	Spectrogram 1	6	1231.770000	1231.820000	4000.000000	18000.000000	8000.000000	Sd-peep	3.772241	3.699805	-2.700190	3.845646	31.797913	0.000000
165	Spectrogram 1	6	1243.630000	1243.810000	4000.000000	18000.000000	8000.000000	Trill	8.745381	9.358648	-1.936562	0.273202	51.284246	1.000000
166	Spectrogram 1	6	1250.380000	1250.420000	4000.000000	18000.000000	8000.000000	P-peep	9.151079	7.053680	-6.224404	-0.356112	44.782648	1.000000
167	Spectrogram 1	6	1250.730000	1250.860000	4000.000000	18000.000000	8000.000000	Sd-peep	9.909947	9.766013	-5.710744	-0.971639	35.285548	1.000000
168	Spectrogram 1	6	1258.340000	1258.540000	4000.000000	18000.000000	8000.000000	Trill	9.866180	11.073534	-2.666759	3.059658	75.762369	0.000000
169	Spectrogram 1	6	1258.790000	1258.820000	4000.000000	18000.000000	8000.000000	Trill	7.010859	5.864733	-1.439434	1.903506	32.912275	1.000000
170	Spectrogram 1	6	1275.330000	1275.400000	4000.000000	18000.000000	8000.000000	Sd-peep	4.617872	4.228563	-3.369112	3.343454	34.580294	0.000000
171	Spectrogram 1	6	1286.380000	1286.910000	4000.000000	18000.000000	8000.000000	Trillphee	9.503374	13.255035	-3.046906	2.576229	92.724250	0.000000
172	Spectrogram 1	6	1287.110000	1287.160000	4000.000000	18000.000000	8000.000000	Sd-peep	9.686437	8.160613	-0.514824	-0.424161	30.376012	1.000000
173	Spectrogram 1	6	1288.610000	1288.830000	4000.000000	18000.000000	8000.000000	Trill	7.859416	9.957743	-2.150578	3.380610	53.438219	0.000000
174	Spectrogram 1	6	1292.640000	1292.730000	4000.000000	18000.000000	8000.000000	Sd-peep	8.358083	6.799613	-0.284157	-0.196501	28.155778	1.000000
175	Spectrogram 1	6	1292.950000	1293.070000	4000.000000	18000.000000	8000.000000	Trill	5.871966	6.898721	-3.127708	2.295378	38.568147	0.000000
176	Spectrogram 1	6	1293.120000	1293.170000	4000.000000	18000.000000	8000.000000	Trill	8.175031	9.232973	-2.374125	2.819420	64.632660	0.000000
177	Spectrogram 1	6	1293.330000	1293.590000	4000.000000	18000.000000	8000.000000	Trillphee	10.500364	12.605753	-3.523362	3.415423	87.588726	0.000000
178	Spectrogram 1	6	1309.820000	1309.870000	4000.000000	18000.000000	8000.000000	Trill	4.162942	5.244858	-2.962676	3.413697	36.626983	0.000000
179	Spectrogram 1	6	1314.770000	1315.050000	4000.000000	18000.000000	8000.000000	Trill	7.162228	8.077305	-1.454268	2.676519	46.642898	1.000000
180	Spectrogram 1	6	1327.720000	1328.100000	4000.000000	18000.000000	8000.000000	Phee	6.095691	8.019587	-2.946853	4.137271	55.991507	0.000000
181	Spectrogram 1	6	1333.960000	1334.130000	4000.000000	18000.000000	8000.000000	Trill	9.170640	10.304850	-0.406974	-1.493951	34.500890	1.000000
182	Spectrogram 1	6	1347.490000	1347.740000	4000.000000	18000.000000	8000.000000	Trill	8.859030	8.902504	-1.884030	3.557803	73.523193	0.000000
183	Spectrogram 1	6	1360.220000	1360.310000	4000.000000	18000.000000	8000.000000	Trill	6.825028	6.338935	-2.248553	3.725518	40.178697	0.000000
184	Spectrogram 1	6	1370.460000	1370.540000	4000.000000	18000.000000	8000.000000	Trillphee	4.595953	5.228725	-3.451140	3.071440	34.834217	0.000000
185	Spectrogram 1	6	1385.730000	1385.770000	4000.000000	18000.000000	8000.000000	Tse	10.773697	11.152637	-3.332006	1.799319	28.892433	0.000000
186	Spectrogram 1	6	1391.480000	1391.630000	4000.000000	18000.000000	8000.000000	Trill	6.315244	8.717796	-3.606965	2.650392	38.491623	0.000000
187	Spectrogram 1	6	1391.780000	1391.850000	4000.000000	18000.000000	8000.000000	Trill	4.651083	7.774150	-3.390287	2.766682	46.704855	0.000000
188	Spectrogram 1	6	1392.800000	1393.450000	4000.000000	18000.000000	8000.000000	Trill	7.329589	8.883313	-2.920773	2.370655	54.051815	0.000000
189	Spectrogram 1	6	1394.100000	1394.230000	4000.000000	18000.000000	8000.000000	Trill	7.137802	12.951942	-3.061527	3.382098	52.594615	0.000000
190	Spectrogram 1	6	1396.510000	1396.550000	4000.000000	18000.000000	8000.000000	Twitter	14.279954	21.250339	-5.397687	7.639699	83.107444	0.000000
191	Spectrogram 1	6	1396.630000	1396.710000	4000.000000	18000.000000	8000.000000	Twitter	13.013302	19.309035	-3.451649	4.940498	70.363056	0.000000
192	Spectrogram 1	6	1396.790000	1396.850000	4000.000000	18000.000000	8000.000000	Twitter	13.222733	19.134415	-3.836770	5.759232	73.982077	0.000000
193	Spectrogram 1	6	1396.920000	1396.980000	4000.000000	18000.000000	8000.000000	Trill	11.763808	14.316495	-3.184163	4.009391	75.300876	0.000000
194	Spectrogram 1	6	1397.070000	1397.130000	4000.000000	18000.000000	8000.000000	Trill	6.468430	5.756986	-2.988140	3.780840	39.978290	0.000000
195	Spectrogram 1	6	1414.610000	1414.890000	4000.000000	18000.000000	8000.000000	Trill	9.990069	12.237752	-0.836367	0.443404	65.654480	1.000000
196	Spectrogram 1	6	1421.050000	1421.090000	4000.000000	18000.000000	8000.000000	Trill	10.760316	12.344013	-3.172866	4.469154	77.343295	0.000000
197	Spectrogram 1	6	1421.160000	1421.210000	4000.000000	18000.000000	8000.000000	Trill	9.336570	10.744668	-1.382881	3.615726	73.612556	0.000000
198	Spectrogram 1	6	1423.380000	1423.480000	4000.000000	18000.000000	8000.000000	P-peep	8.835431	8.902517	-1.712535	2.827624	61.174256	0.000000
199	Spectrogram 1	6	1423.560000	1423.650000	4000.000000	18000.000000	8000.000000	Trill	9.512925	9.322088	-0.486356	2.299322	73.331259	1.000000
200	Spectrogram 1	6	1427.150000	1427.540000	4000.000000	18000.000000	8000.000000	Trill	7.868848	11.184988	-1.939840	2.851497	57.834317	0.000000
201	Spectrogram 1	6	1431.510000	1431.720000	4000.000000	18000.000000	8000.000000	Trill	11.440256	13.525600	-2.573587	4.129467	97.869993	0.000000
202	Spectrogram 1	6	1440.190000	1440.250000	4000.000000	18000.000000	8000.000000	Trill	6.918914	6.814793	-4.479468	3.274021	46.044803	0.000000
203	Spectrogram 1	6	1440.290000	1440.440000	4000.000000	18000.000000	8000.000000	Trill	6.768915	6.126546	-2.191044	2.255494	40.909577	0.000000
204	Spectrogram 1	6	1445.590000	1445.730000	4000.000000	18000.000000	8000.000000	Sd-peep	5.335965	6.847008	-2.228035	3.490734	36.343673	0.000000
205	Spectrogram 1	6	1445.990000	1446.170000	4000.000000	18000.000000	8000.000000	P-peep	5.653713	5.675067	-3.179039	2.281095	36.513254	0.000000
206	Spectrogram 1	6	1446.780000	1446.840000	4000.000000	18000.000000	8000.000000	P-peep	5.075586	3.988529	-3.818983	3.122504	29.854063	0.000000
207	Spectrogram 1	6	1455.830000	1455.900000	4000.000000	18000.000000	8000.000000	Sd-peep	3.804274	4.560276	-3.200087	3.849532	32.832485	0.000000
208	Spectrogram 1	6	1472.170000	1472.360000	4000.000000	18000.000000	8000.000000	Trill	7.472347	10.749966	-1.515192	3.212435	59.089209	0.000000
209	Spectrogram 1	6	1473.810000	1473.860000	4000.000000	18000.000000	8000.000000	Trill	6.012565	5.417187	-4.251623	5.401907	38.712981	0.000000
210	Spectrogram 1	6	1495.180000	1495.490000	4000.000000	18000.000000	8000.000000	Trill	6.940550	8.444005	-2.126063	3.194043	49.529746	0.000000
211	Spectrogram 1	6	1506.050000	1506.080000	4000.000000	18000.000000	8000.000000	Trill	5.546290	4.485522	-3.778679	4.347886	33.469276	0.000000
212	Spectrogram 1	6	1506.160000	1506.200000	4000.000000	18000.000000	8000.000000	P-peep	5.205507	4.901755	-1.966929	3.536146	34.800169	0.000000
213	Spectrogram 1	6	1506.260000	1506.310000	4000.000000	18000.000000	8000.000000	Trill	6.246735	5.448758	-2.326400	3.675997	32.166494	0.000000
214	Spectrogram 1	6	1510.910000	1510.950000	4000.000000	18000.000000	8000.000000	P-peep	5.857938	6.055241	-2.175401	3.764016	47.076231	0.000000
215	Spectrogram 1	6	1520.410000	1520.630000	4000.000000	18000.000000	8000.000000	Trill	4.922573	6.348802	-1.939156	3.572006	37.831248	0.000000
216	Spectrogram 1	6	1521.370000	1521.450000	4000.000000	18000.000000	8000.000000	Sd-peep	4.275969	4.186604	-2.541980	3.585545	30.680820	0.000000
217	Spectrogram 1	6	1525.590000	1525.710000	4000.000000	18000.000000	8000.000000	Sd-peep	9.975877	8.521221	-3.164048	1.245775	28.220438	1.000000
218	Spectrogram 1	6	1526.140000	1526.200000	4000.000000	18000.000000	8000.000000	Trill	9.133801	11.092237	-2.004281	1.788465	29.062477	1.000000
219	Spectrogram 1	6	1526.240000	1526.330000	4000.000000	18000.000000	8000.000000	Sd-peep	7.570772	5.966818	-1.087967	2.175270	28.873495	1.000000
220	Spectrogram 1	5	1529.860000	1530.210000	4000.000000	18000.000000	8000.000000	Trill	7.206177	11.407698	0.253479	2.711377	66.408375	1.000000
221	Spectrogram 1	6	1533.420000	1533.480000	4000.000000	18000.000000	8000.000000	Trill	7.877186	6.709319	-0.030611	0.529139	32.123021	1.000000
222	Spectrogram 1	5	1534.450000	1534.530000	4000.000000	18000.000000	8000.000000	Sd-peep	9.486063	9.024507	0.494264	2.699852	34.552044	1.000000
223	Spectrogram 1	6	1536.000000	1536.050000	4000.000000	18000.000000	8000.000000	Trill	6.600383	6.089385	-4.671766	1.946688	39.619942	0.000000
224	Spectrogram 1	6	1536.110000	1536.440000	4000.000000	18000.000000	8000.000000	Sd-peep	7.292358	7.568377	-2.728521	2.245901	49.297160	0.000000
225	Spectrogram 1	6	1537.980000	1538.020000	4000.000000	18000.000000	8000.000000	P-peep	3.924982	3.089063	-3.088448	3.468334	29.655463	0.000000
226	Spectrogram 1	6	1540.320000	1540.490000	4000.000000	18000.000000	8000.000000	Sd-peep	5.932940	5.463503	-2.508073	3.396318	28.335956	0.000000
227	Spectrogram 1	6	1541.850000	1541.920000	4000.000000	18000.000000	8000.000000	Trill	8.424069	10.544699	-1.771900	3.484294	72.071871	0.000000
228	Spectrogram 1	6	1546.320000	1546.620000	4000.000000	18000.000000	8000.000000	Trill	4.344469	8.946105	-2.237490	3.713213	47.816245	0.000000
229	Spectrogram 1	5	1548.010000	1548.050000	4000.000000	18000.000000	8000.000000	Trillphee	11.104552	9.668087	0.107441	1.689319	32.258512	1.000000
230	Spectrogram 1	6	1550.300000	1550.650000	4000.000000	18000.000000	8000.000000	Trill	5.923818	8.182385	-2.049912	3.045570	40.468330	0.000000
231	Spectrogram 1	6	1551.300000	1551.480000	4000.000000	18000.000000	8000.000000	Trill	8.409894	14.516225	-1.893318	3.718406	99.684930	0.000000
232	Spectrogram 1	6	1551.530000	1551.860000	4000.000000	18000.000000	8000.000000	Phee	4.700577	13.808539	-2.171885	3.543337	78.945560	0.000000
233	Spectrogram 1	6	1552.050000	1552.740000	4000.000000	18000.000000	8000.000000	Trill	7.905721	14.159217	-2.140590	3.722760	81.053839	0.000000
234	Spectrogram 1	6	1553.260000	1553.370000	4000.000000	18000.000000	8000.000000	Trill	7.548396	9.364878	-2.206176	3.559155	44.258852	0.000000
235	Spectrogram 1	6	1554.750000	1554.780000	4000.000000	18000.000000	8000.000000	Tse	8.053202	12.721751	-3.078806	4.110890	66.183925	0.000000
236	Spectrogram 1	6	1554.880000	1554.920000	4000.000000	18000.000000	8000.000000	Twitter	7.919750	14.514609	-3.984822	5.328976	62.393797	0.000000
237	Spectrogram 1	6	1555.010000	1555.040000	4000.000000	18000.000000	8000.000000	Twitter	7.944848	16.498489	-1.993274	4.043460	67.953197	1.000000
238	Spectrogram 1	6	1555.080000	1555.110000	4000.000000	18000.000000	8000.000000	Tse	6.627064	11.751768	-2.448102	3.534262	56.412998	0.000000
239	Spectrogram 1	6	1555.130000	1555.160000	4000.000000	18000.000000	8000.000000	Twitter	8.636621	14.782467	-1.406431	4.470067	57.663508	1.000000
240	Spectrogram 1	6	1555.260000	1555.290000	4000.000000	18000.000000	8000.000000	Twitter	6.945939	13.592666	-0.680293	3.069668	46.179994	1.000000
241	Spectrogram 1	6	1557.670000	1557.910000	4000.000000	18000.000000	8000.000000	Trill	8.112535	8.897380	-1.304624	3.139021	40.414288	0.000000
242	Spectrogram 1	5	1565.000000	1565.410000	4000.000000	18000.000000	8000.000000	Trill	8.549886	12.090088	0.504731	0.171514	50.697221	1.000000
243	Spectrogram 1	5	1566.160000	1566.200000	4000.000000	18000.000000	8000.000000	Tse	11.231733	15.420722	2.984809	1.706221	75.494472	0.000000
244	Spectrogram 1	5	1566.320000	1566.370000	4000.000000	18000.000000	8000.000000	Twitter	12.003399	19.165237	4.239433	0.372634	63.041468	1.000000
245	Spectrogram 1	5	1566.480000	1566.520000	4000.000000	18000.000000	8000.000000	Twitter	12.900086	17.506983	2.313442	0.618409	56.440304	1.000000
246	Spectrogram 1	6	1566.630000	1566.670000	4000.000000	18000.000000	8000.000000	Twitter	13.510122	19.897629	-0.951975	1.182902	76.096225	1.000000
247	Spectrogram 1	6	1566.760000	1566.810000	4000.000000	18000.000000	8000.000000	Twitter	12.710917	19.798794	-3.563152	4.809365	79.071224	0.000000
248	Spectrogram 1	6	1566.890000	1566.940000	4000.000000	18000.000000	8000.000000	Twitter	11.178702	15.071197	-2.926308	4.084438	62.153475	1.000000
249	Spectrogram 1	6	1567.010000	1567.060000	4000.000000	18000.000000	8000.000000	Trill	11.411073	15.854102	-1.824740	3.503220	77.009674	0.000000
250	Spectrogram 1	5	1567.140000	1567.170000	4000.000000	18000.000000	8000.000000	Twitter	8.847465	13.559735	0.717665	2.230239	61.979785	1.000000
251	Spectrogram 1	6	1567.270000	1567.320000	4000.000000	18000.000000	8000.000000	Twitter	11.103832	17.552351	-1.388378	2.481781	89.034470	1.000000
252	Spectrogram 1	6	1567.400000	1567.460000	4000.000000	18000.000000	8000.000000	Twitter	10.806733	17.315025	-2.044967	3.775640	68.063351	1.000000
253	Spectrogram 1	6	1567.540000	1567.590000	4000.000000	18000.000000	8000.000000	Twitter	11.414133	17.597624	-2.868860	3.856758	78.945109	1.000000
254	Spectrogram 1	5	1567.670000	1567.730000	4000.000000	18000.000000	8000.000000	Twitter	11.412326	17.000936	0.901062	0.301538	80.464913	1.000000
255	Spectrogram 1	6	1567.810000	1567.870000	4000.000000	18000.000000	8000.000000	Twitter	11.649677	18.616368	-0.944755	2.827560	77.816018	1.000000
256	Spectrogram 1	6	1567.950000	1568.020000	4000.000000	18000.000000	8000.000000	Twitter	10.915839	17.595437	-2.210965	3.447592	75.896666	1.000000
257	Spectrogram 1	6	1568.090000	1568.130000	4000.000000	18000.000000	8000.000000	Trill	9.793778	13.107399	-2.484761	3.094673	73.635563	0.000000
258	Spectrogram 1	6	1569.450000	1570.270000	4000.000000	18000.000000	8000.000000	Trill	7.710458	13.572028	-2.685360	3.847388	65.139825	0.000000
259	Spectrogram 1	6	1570.880000	1570.960000	4000.000000	18000.000000	8000.000000	Trill	11.014683	13.045071	-3.663388	1.912108	39.609376	0.000000
260	Spectrogram 1	6	1571.480000	1571.520000	4000.000000	18000.000000	8000.000000	Sd-peep	3.539362	7.071137	-4.936965	3.214291	49.246490	0.000000
261	Spectrogram 1	6	1572.250000	1572.890000	4000.000000	18000.000000	8000.000000	Trill	8.010302	12.908249	-2.975458	2.664017	69.676072	0.000000
262	Spectrogram 1	6	1574.250000	1574.310000	4000.000000	18000.000000	8000.000000	Trill	4.347527	7.584491	-2.786800	3.883172	40.199964	0.000000
263	Spectrogram 1	5	1575.450000	1575.480000	4000.000000	18000.000000	8000.000000	Twitter	15.443293	25.759695	0.972155	1.732599	73.980954	1.000000
264	Spectrogram 1	5	1575.590000	1575.630000	4000.000000	18000.000000	8000.000000	Twitter	14.517397	22.521132	2.239499	3.693666	59.466280	1.000000
265	Spectrogram 1	6	1575.730000	1575.780000	4000.000000	18000.000000	8000.000000	Twitter	14.518747	22.421910	-3.344126	4.345653	56.862474	1.000000
266	Spectrogram 1	6	1575.870000	1575.910000	4000.000000	18000.000000	8000.000000	Twitter	16.024344	25.226455	-5.034180	4.667236	60.236081	0.000000
267	Spectrogram 1	6	1575.990000	1576.040000	4000.000000	18000.000000	8000.000000	Twitter	14.639563	21.944902	-4.543754	4.620013	57.841480	0.000000
268	Spectrogram 1	6	1576.120000	1576.180000	4000.000000	18000.000000	8000.000000	Twitter	14.005944	20.450685	-1.672361	3.762951	65.361419	1.000000
269	Spectrogram 1	6	1576.240000	1576.310000	4000.000000	18000.000000	8000.000000	Twitter	11.791790	17.287408	-2.119329	2.102489	81.147152	1.000000
270	Spectrogram 1	6	1576.370000	1576.410000	4000.000000	18000.000000	8000.000000	Tse	12.036178	14.252413	-4.258741	3.788123	74.570697	0.000000
271	Spectrogram 1	6	1576.520000	1576.540000	4000.000000	18000.000000	8000.000000	Tse	10.641971	14.786849	-3.123881	4.223108	93.978247	0.000000
272	Spectrogram 1	6	1576.630000	1576.660000	4000.000000	18000.000000	8000.000000	Tse	6.514868	13.828780	-1.266193	4.454368	44.490007	0.000000
273	Spectrogram 1	6	1576.990000	1577.020000	4000.000000	18000.000000	8000.000000	Twitter	9.691066	17.455281	-4.501580	10.227173	57.800394	0.000000
274	Spectrogram 1	6	1577.110000	1577.130000	4000.000000	18000.000000	8000.000000	Tse	8.729504	16.737008	-6.755534	7.260118	44.704928	0.000000
275	Spectrogram 1	6	1577.980000	1578.730000	4000.000000	18000.000000	8000.000000	Twitter	9.160958	15.031488	-4.102925	5.683579	54.345551	0.000000
276	Spectrogram 1	6	1578.760000	1578.850000	4000.000000	18000.000000	8000.000000	Twitter	8.136390	7.512573	-1.584661	3.208871	43.121975	1.000000
277	Spectrogram 1	6	1580.000000	1580.020000	4000.000000	18000.000000	8000.000000	Sd-peep	3.426074	10.753599	-4.289103	6.255742	45.715444	0.000000
278	Spectrogram 1	6	1580.640000	1580.660000	4000.000000	18000.000000	8000.000000	Tse	8.926985	10.877237	-0.176185	3.059975	47.221651	1.000000
279	Spectrogram 1	6	1584.110000	1584.240000	4000.000000	18000.000000	8000.000000	P-peep	5.587504	4.656112	-5.260267	3.528751	28.877312	0.000000
280	Spectrogram 1	6	1584.660000	1586.130000	4000.000000	18000.000000	8000.000000	Twitter	7.762038	15.141581	-4.175587	3.893602	59.466651	0.000000
281	Spectrogram 1	6	1590.080000	1590.170000	4000.000000	18000.000000	8000.000000	P-peep	8.071988	7.553380	-1.590721	2.724597	46.884331	0.000000
282	Spectrogram 1	6	1590.780000	1590.980000	4000.000000	18000.000000	8000.000000	Trill	6.703227	6.545676	-2.356265	3.730651	41.334768	0.000000
283	Spectrogram 1	6	1592.300000	1592.710000	4000.000000	18000.000000	8000.000000	Trill	5.276240	5.397393	-1.973364	3.468538	31.040339	0.000000
284	Spectrogram 1	6	1592.830000	1592.990000	4000.000000	18000.000000	8000.000000	Trill	6.492891	6.503851	-2.675659	3.887156	39.102120	0.000000
285	Spectrogram 1	6	1593.160000	1593.250000	4000.000000	18000.000000	8000.000000	Trill	7.469153	6.991197	-1.730912	3.177177	52.472161	0.000000
286	Spectrogram 1	6	1604.970000	1605.010000	4000.000000	18000.000000	8000.000000	P-peep	3.979072	4.161842	-3.280703	3.426136	29.497724	0.000000
287	Spectrogram 1	6	1606.850000	1606.880000	4000.000000	18000.000000	8000.000000	Sd-peep	4.820611	5.354999	-2.079818	3.454333	37.635691	0.000000
288	Spectrogram 1	5	1607.700000	1607.960000	4000.000000	18000.000000	8000.000000	Trill	6.143003	6.760142	2.467359	5.407473	38.989371	0.000000
289	Spectrogram 1	6	1608.300000	1608.380000	4000.000000	18000.000000	8000.000000	Sd-peep	6.218325	6.662679	-2.698673	3.977248	40.476588	0.000000
290	Spectrogram 1	6	1611.430000	1611.480000	4000.000000	18000.000000	8000.000000	Trill	5.324837	5.081221	-2.347432	2.985412	33.792492	0.000000
291	Spectrogram 1	6	1613.190000	1613.240000	4000.000000	18000.000000	8000.000000	Sd-peep	9.679029	7.496413	-0.926940	2.560987	29.661335	1.000000
292	Spectrogram 1	6	1613.690000	1613.810000	4000.000000	18000.000000	8000.000000	Trill	6.512349	6.052827	-2.624707	3.400508	35.980872	0.000000
293	Spectrogram 1	6	1617.010000	1617.320000	4000.000000	18000.000000	8000.000000	Trill	9.633531	13.671031	-2.070096	2.400829	74.315597	0.000000
294	Spectrogram 1	6	1620.980000	1621.330000	4000.000000	18000.000000	8000.000000	Trill	7.596900	10.688574	-3.380266	3.690920	53.893008	0.000000
295	Spectrogram 1	6	1627.570000	1627.620000	4000.000000	18000.000000	8000.000000	P-peep	7.304921	6.923930	-1.009204	0.255189	40.775942	1.000000
296	Spectrogram 1	6	1627.700000	1627.770000	4000.000000	18000.000000	8000.000000	Trill	7.269196	7.343961	-2.762652	3.199982	56.767639	0.000000
297	Spectrogram 1	6	1628.490000	1628.670000	4000.000000	18000.000000	8000.000000	Trill	5.393037	6.069632	-2.423027	3.724992	40.117578	0.000000
298	Spectrogram 1	6	1629.080000	1629.400000	4000.000000	18000.000000	8000.000000	Trill	6.602294	7.393825	-2.622959	3.813757	48.508806	0.000000
299	Spectrogram 1	6	1629.540000	1629.820000	4000.000000	18000.000000	8000.000000	Trill	5.913583	5.624030	-2.395546	3.790923	38.658657	0.000000
300	Spectrogram 1	6	1631.200000	1631.440000	4000.000000	18000.000000	8000.000000	Trill	6.141913	5.929250	-2.335121	3.669052	36.620163	0.000000
301	Spectrogram 1	6	1635.210000	1635.260000	4000.000000	18000.000000	8000.000000	Sd-peep	6.719200	5.891739	-2.654808	3.722491	34.047847	0.000000
302	Spectrogram 1	6	1635.690000	1635.780000	4000.000000	18000.000000	8000.000000	Trill	5.205119	5.003744	-2.096174	3.398797	33.941624	0.000000
303	Spectrogram 1	6	1636.640000	1636.770000	4000.000000	18000.000000	8000.000000	Sd-peep	5.029663	5.021626	-2.436501	3.609146	32.998502	0.000000
304	Spectrogram 1	6	1650.920000	1651.130000	4000.000000	18000.000000	8000.000000	Trill	5.417167	5.897618	-2.054048	3.541680	36.245247	0.000000
305	Spectrogram 1	6	1661.490000	1661.620000	4000.000000	18000.000000	8000.000000	Trill	5.688061	5.093354	-2.218142	3.634272	36.851577	0.000000
306	Spectrogram 1	6	1661.750000	1662.010000	4000.000000	18000.000000	8000.000000	Trill	9.654060	12.369470	-2.002157	3.552911	73.748715	0.000000
307	Spectrogram 1	6	1688.350000	1688.670000	4000.000000	18000.000000	8000.000000	Trill	5.926278	10.523544	-2.157074	3.576742	50.605210	0.000000
308	Spectrogram 1	6	1691.120000	1691.440000	4000.000000	18000.000000	8000.000000	Trill	6.716221	9.194332	-2.260666	3.676507	47.314335	0.000000
309	Spectrogram 1	6	1700.280000	1700.310000	4000.000000	18000.000000	8000.000000	Trill	5.178024	5.292929	-3.433928	4.214554	33.919101	0.000000
310	Spectrogram 1	6	1709.840000	1710.190000	4000.000000	18000.000000	8000.000000	Trill	6.049360	10.450635	-1.532221	3.272383	57.024031	0.000000
311	Spectrogram 1	6	1716.390000	1716.420000	4000.000000	18000.000000	8000.000000	Tse	6.781773	15.364588	-1.620171	3.715224	58.450732	0.000000
312	Spectrogram 1	6	1716.520000	1716.560000	4000.000000	18000.000000	8000.000000	Trill	7.051487	15.730793	-2.884904	4.945770	60.811193	0.000000
313	Spectrogram 1	6	1716.660000	1716.690000	4000.000000	18000.000000	8000.000000	Twitter	6.938057	16.342108	-2.971701	5.832191	63.979932	0.000000
314	Spectrogram 1	6	1716.780000	1716.820000	4000.000000	18000.000000	8000.000000	Trill	6.813499	14.598807	-3.416462	5.647854	62.369096	0.000000
315	Spectrogram 1	6	1716.910000	1716.940000	4000.000000	18000.000000	8000.000000	Tse	7.498844	14.750904	-4.021880	6.131707	63.536431	0.000000
316	Spectrogram 1	6	1717.030000	1717.070000	4000.000000	18000.000000	8000.000000	Trill	7.747149	14.134246	-3.895739	5.216532	63.428577	0.000000
317	Spectrogram 1	6	1734.220000	1734.350000	4000.000000	18000.000000	8000.000000	Trill	9.773087	11.659192	-2.966283	3.639457	49.683905	0.000000
318	Spectrogram 1	6	1738.650000	1738.810000	4000.000000	18000.000000	8000.000000	Sd-peep	4.794229	5.023408	-2.215308	3.615842	30.729407	0.000000
319	Spectrogram 1	6	1754.110000	1754.150000	4000.000000	18000.000000	8000.000000	Twitter	6.706624	15.623829	-3.251802	4.852499	55.912256	0.000000
320	Spectrogram 1	6	1754.270000	1754.310000	4000.000000	18000.000000	8000.000000	Twitter	7.125038	17.705440	-1.030551	4.639182	59.929371	1.000000
321	Spectrogram 1	6	1754.410000	1754.450000	4000.000000	18000.000000	8000.000000	Twitter	7.742505	18.249921	-1.393498	5.061735	72.178725	1.000000
322	Spectrogram 1	6	1754.550000	1754.600000	4000.000000	18000.000000	8000.000000	Twitter	7.211250	17.867848	-2.967422	5.337520	60.384636	0.000000
323	Spectrogram 1	6	1754.690000	1754.730000	4000.000000	18000.000000	8000.000000	Twitter	8.901673	19.154196	-1.704405	5.405982	71.376416	1.000000
324	Spectrogram 1	6	1754.820000	1754.880000	4000.000000	18000.000000	8000.000000	Twitter	7.068895	16.834033	-2.034285	5.172509	58.312044	1.000000
325	Spectrogram 1	6	1754.950000	1755.000000	4000.000000	18000.000000	8000.000000	Twitter	7.537109	16.732574	-3.094314	5.818968	57.922244	0.000000
326	Spectrogram 1	6	1755.080000	1755.120000	4000.000000	18000.000000	8000.000000	Tse	7.101051	15.471402	-2.375490	5.107567	58.026936	0.000000
327	Spectrogram 1	6	1755.200000	1755.230000	4000.000000	18000.000000	8000.000000	Trill	6.893795	12.229571	-3.061288	3.888488	61.325546	0.000000
328	Spectrogram 1	6	1756.680000	1756.710000	4000.000000	18000.000000	8000.000000	Tse	4.765340	6.967066	-2.765769	3.965470	39.568762	0.000000
329	Spectrogram 1	6	1756.820000	1756.880000	4000.000000	18000.000000	8000.000000	Trill	5.108516	7.428216	-2.033601	3.428911	42.843882	0.000000
330	Spectrogram 1	6	1760.360000	1760.470000	4000.000000	18000.000000	8000.000000	Trill	5.977016	6.051436	-2.740471	3.923737	38.319054	0.000000
331	Spectrogram 1	6	1762.280000	1762.320000	4000.000000	18000.000000	8000.000000	P-peep	4.071761	4.362799	-2.602657	3.691171	33.699579	0.000000
332	Spectrogram 1	6	1763.770000	1763.830000	4000.000000	18000.000000	8000.000000	Trill	5.674039	5.188821	-1.754333	3.404501	39.669097	0.000000
333	Spectrogram 1	6	1764.140000	1764.170000	4000.000000	18000.000000	8000.000000	Trill	5.214101	3.531997	-2.441052	4.027516	33.477315	0.000000
334	Spectrogram 1	6	1764.850000	1765.090000	4000.000000	18000.000000	8000.000000	Sd-peep	5.933306	5.748874	-1.991192	3.598118	35.202369	0.000000
335	Spectrogram 1	6	1765.150000	1765.350000	4000.000000	18000.000000	8000.000000	Trill	5.970629	5.441800	-1.948413	3.396757	36.642872	0.000000
336	Spectrogram 1	6	1765.730000	1765.840000	4000.000000	18000.000000	8000.000000	Trill	6.851633	6.814594	-2.246807	3.557520	43.870589	0.000000
337	Spectrogram 1	6	1769.350000	1769.380000	4000.000000	18000.000000	8000.000000	Tse	7.712494	6.884885	-2.211921	3.672192	42.113995	0.000000
338	Spectrogram 1	6	1770.780000	1770.940000	4000.000000	18000.000000	8000.000000	Sd-peep	5.554011	4.915587	-2.185305	3.592373	34.760030	0.000000
339	Spectrogram 1	6	1771.980000	1772.170000	4000.000000	18000.000000	8000.000000	Trill	5.735760	5.581106	-2.504713	3.789977	38.341946	0.000000
340	Spectrogram 1	6	1773.090000	1773.120000	4000.000000	18000.000000	8000.000000	Trill	5.640306	5.126352	-1.685927	3.408672	37.241115	0.000000
341	Spectrogram 1	6	1774.610000	1774.740000	4000.000000	18000.000000	8000.000000	P-peep	4.938034	5.417230	-1.935721	3.634051	33.947527	0.000000
342	Spectrogram 1	6	1775.070000	1775.200000	4000.000000	18000.000000	8000.000000	Trill	8.262269	7.148002	-2.451073	3.829652	37.349682	0.000000
343	Spectrogram 1	6	1784.030000	1784.160000	4000.000000	18000.000000	8000.000000	Trill	5.373176	6.111947	-2.537517	3.744115	38.162001	0.000000
344	Spectrogram 1	6	1786.150000	1786.190000	4000.000000	18000.000000	8000.000000	Trill	5.467582	6.225583	-1.770206	3.804991	57.123125	0.000000
345	Spectrogram 1	6	1786.610000	1786.760000	4000.000000	18000.000000	8000.000000	Trill	6.621295	15.664787	-2.301434	3.753122	86.784781	0.000000
346	Spectrogram 1	6	1786.830000	1787.340000	4000.000000	18000.000000	8000.000000	Trill	6.527560	12.665908	-2.204734	3.766187	75.052886	0.000000
347	Spectrogram 1	6	1788.060000	1788.260000	4000.000000	18000.000000	8000.000000	Trill	10.564924	11.870299	-1.653989	3.447546	53.824551	0.000000
348	Spectrogram 1	6	1788.720000	1789.150000	4000.000000	18000.000000	8000.000000	Trill	6.008966	10.904886	-2.201386	3.591300	49.484545	0.000000
349	Spectrogram 1	6	1792.200000	1792.340000	4000.000000	18000.000000	8000.000000	Trill	7.749296	8.336237	-2.274848	3.678753	45.171072	0.000000
350	Spectrogram 1	6	1792.380000	1792.520000	4000.000000	18000.000000	8000.000000	Trill	6.605879	7.149388	-1.627301	2.919989	41.190113	0.000000
351	Spectrogram 1	6	1793.910000	1794.010000	4000.000000	18000.000000	8000.000000	Trill	3.942931	5.373563	-2.487327	3.908995	33.144484	0.000000
352	Spectrogram 1	6	1799.950000	1799.980000	4000.000000	18000.000000	8000.000000	Trill	9.131618	11.527889	-2.169859	3.711908	54.229133	0.000000
353	Spectrogram 1	6	1800.110000	1800.140000	4000.000000	18000.000000	8000.000000	Twitter	9.096940	19.548916	-1.295401	4.871186	59.334204	1.000000
354	Spectrogram 1	6	1800.240000	1800.280000	4000.000000	18000.000000	8000.000000	Twitter	7.876303	16.217758	-1.653180	4.821747	54.683455	1.000000
355	Spectrogram 1	6	1800.380000	1800.420000	4000.000000	18000.000000	8000.000000	Twitter	9.078410	17.083300	-1.549715	3.111729	62.112597	1.000000
356	Spectrogram 1	6	1800.520000	1800.570000	4000.000000	18000.000000	8000.000000	Twitter	8.358086	17.103862	-1.067469	4.780609	60.059380	1.000000
357	Spectrogram 1	6	1800.650000	1800.700000	4000.000000	18000.000000	8000.000000	Twitter	7.636821	16.158614	-0.327876	2.595119	55.286537	1.000000
358	Spectrogram 1	6	1800.780000	1800.800000	4000.000000	18000.000000	8000.000000	Sd-peep	7.033018	12.694783	-1.797518	2.655028	50.748649	0.000000
359	Spectrogram 1	6	1800.810000	1800.830000	4000.000000	18000.000000	8000.000000	Tse	6.606501	16.723548	-1.949931	4.481542	44.224834	0.000000
360	Spectrogram 1	6	1800.900000	1800.970000	4000.000000	18000.000000	8000.000000	Trill	7.707504	14.549093	-0.563811	3.016561	59.451156	1.000000
361	Spectrogram 1	6	1801.150000	1801.270000	4000.000000	18000.000000	8000.000000	Sd-peep	5.456876	4.298865	-2.681969	3.827136	30.734894	0.000000
362	Spectrogram 1	6	1801.580000	1801.810000	4000.000000	18000.000000	8000.000000	Trill	6.382265	10.198926	-2.181862	3.699256	49.026939	0.000000
363	Spectrogram 1	6	1802.070000	1802.900000	4000.000000	18000.000000	8000.000000	Trill	7.862127	10.134553	-1.894905	3.543858	69.473711	0.000000
364	Spectrogram 1	6	1803.210000	1803.790000	4000.000000	18000.000000	8000.000000	Trill	9.433169	11.767663	-2.091325	3.612120	82.320053	0.000000
365	Spectrogram 1	6	1805.670000	1805.750000	4000.000000	18000.000000	8000.000000	P-peep	7.112002	5.893929	-2.354392	3.846188	37.636285	0.000000
366	Spectrogram 1	5	1822.790000	1822.960000	4000.000000	18000.000000	8000.000000	Trill	4.618070	5.476025	3.465535	2.185275	32.864240	0.000000
367	Spectrogram 1	6	1841.180000	1841.210000	4000.000000	18000.000000	8000.000000	Tse	12.615871	16.583585	-1.709908	3.180031	81.791386	0.000000
368	Spectrogram 1	6	1841.310000	1841.350000	4000.000000	18000.000000	8000.000000	Twitter	13.732144	20.908819	-1.968970	3.603157	66.750253	1.000000
369	Spectrogram 1	6	1841.450000	1841.500000	4000.000000	18000.000000	8000.000000	Twitter	14.498433	21.833376	-2.363709	4.027229	74.008890	1.000000
370	Spectrogram 1	6	1841.590000	1841.640000	4000.000000	18000.000000	8000.000000	Twitter	16.002149	22.586028	-1.897664	4.012039	79.780610	1.000000
371	Spectrogram 1	6	1841.730000	1841.780000	4000.000000	18000.000000	8000.000000	Twitter	15.491768	21.554243	-2.832364	4.396080	86.273005	1.000000
372	Spectrogram 1	5	1841.850000	1841.910000	4000.000000	18000.000000	8000.000000	Twitter	14.071024	18.615794	0.186043	1.234214	105.759651	1.000000
373	Spectrogram 1	6	1841.990000	1842.030000	4000.000000	18000.000000	8000.000000	Trill	11.763987	13.297949	-1.422892	2.249924	83.799396	1.000000
374	Spectrogram 1	6	1845.320000	1845.370000	4000.000000	18000.000000	8000.000000	P-peep	5.405095	5.013868	-2.139476	3.684825	35.606714	0.000000
375	Spectrogram 1	6	1845.710000	1845.930000	4000.000000	18000.000000	8000.000000	Sd-peep	5.578304	5.686574	-2.581463	3.886572	39.241210	0.000000
376	Spectrogram 1	6	1846.050000	1846.150000	4000.000000	18000.000000	8000.000000	Sd-peep	4.786085	4.576142	-2.460787	3.630586	29.128616	0.000000
377	Spectrogram 1	6	1847.690000	1847.740000	4000.000000	18000.000000	8000.000000	Trill	5.222189	8.096017	-2.286453	3.663317	45.608590	0.000000
378	Spectrogram 1	6	1853.210000	1853.250000	4000.000000	18000.000000	8000.000000	Phee	2.175422	28.066909	-4.527804	16.964879	59.793990	0.000000
379	Spectrogram 1	6	1858.650000	1858.720000	4000.000000	18000.000000	8000.000000	P-peep	6.503925	6.021895	-1.775454	3.471347	39.225422	0.000000
380	Spectrogram 1	6	1859.130000	1859.360000	4000.000000	18000.000000	8000.000000	Sd-peep	6.757421	5.350141	-2.035083	3.468143	32.494994	0.000000
381	Spectrogram 1	6	1860.540000	1860.760000	4000.000000	18000.000000	8000.000000	Trill	9.359562	10.992415	-1.244433	2.299378	38.980811	1.000000
382	Spectrogram 1	6	1870.110000	1870.330000	4000.000000	18000.000000	8000.000000	Trill	10.321464	9.090827	-2.409808	3.740779	49.520232	0.000000
383	Spectrogram 1	6	1872.730000	1872.790000	4000.000000	18000.000000	8000.000000	Sd-peep	4.161453	5.252947	-2.281984	3.749800	34.425270	0.000000
384	Spectrogram 1	6	1877.160000	1877.290000	4000.000000	18000.000000	8000.000000	Trill	10.957183	9.861151	-1.975965	3.408847	54.643924	0.000000
385	Spectrogram 1	5	1879.320000	1879.980000	4000.000000	18000.000000	8000.000000	Phee	0.948008	30.917702	1.680449	14.937491	60.185270	2.000000
386	Spectrogram 1	5	1880.530000	1881.680000	4000.000000	18000.000000	8000.000000	Phee	-0.406640	25.382828	2.113400	12.053789	48.382413	2.000000
387	Spectrogram 1	6	1883.760000	1884.050000	4000.000000	18000.000000	8000.000000	Trill	10.351109	12.614981	-2.182677	3.663050	63.289806	0.000000
388	Spectrogram 1	6	1884.610000	1884.860000	4000.000000	18000.000000	8000.000000	Trill	5.285910	7.964355	-1.739563	3.602312	45.696901	0.000000
389	Spectrogram 1	6	1887.740000	1887.890000	4000.000000	18000.000000	8000.000000	Trill	6.859262	6.646358	-1.915887	3.559688	46.173796	0.000000
390	Spectrogram 1	6	1889.900000	1890.160000	4000.000000	18000.000000	8000.000000	Trill	9.790410	12.812997	-2.265194	3.713472	67.587803	0.000000
391	Spectrogram 1	6	1891.750000	1891.860000	4000.000000	18000.000000	8000.000000	Trill	9.254736	14.458415	-1.827946	3.368763	76.335465	0.000000
392	Spectrogram 1	6	1891.940000	1891.980000	4000.000000	18000.000000	8000.000000	Twitter	13.649737	18.848495	-3.529142	3.779278	63.043119	1.000000
393	Spectrogram 1	6	1892.090000	1892.120000	4000.000000	18000.000000	8000.000000	Twitter	14.556913	22.687820	-1.207616	2.876405	67.002274	1.000000
394	Spectrogram 1	6	1892.220000	1892.270000	4000.000000	18000.000000	8000.000000	Twitter	12.369531	19.526520	-2.091018	3.967675	72.480833	1.000000
395	Spectrogram 1	6	1892.360000	1892.430000	4000.000000	18000.000000	8000.000000	Twitter	11.492967	18.697458	-1.687256	3.962610	72.121925	1.000000
396	Spectrogram 1	6	1892.490000	1892.550000	4000.000000	18000.000000	8000.000000	Twitter	12.624666	18.993639	-1.321901	3.687687	82.484744	1.000000
397	Spectrogram 1	6	1892.620000	1892.680000	4000.000000	18000.000000	8000.000000	Trill	11.737135	16.667871	-2.075944	3.769931	82.644617	0.000000
398	Spectrogram 1	6	1892.760000	1892.800000	4000.000000	18000.000000	8000.000000	Trill	9.391406	10.096745	-3.599589	3.637054	58.267268	0.000000
399	Spectrogram 1	6	1894.420000	1894.490000	4000.000000	18000.000000	8000.000000	Trill	5.692933	5.755092	-2.693787	3.758150	33.763423	0.000000
400	Spectrogram 1	6	1895.730000	1896.160000	4000.000000	18000.000000	8000.000000	Trill	6.487141	9.121658	-2.244526	3.609986	40.806748	0.000000
401	Spectrogram 1	6	1909.630000	1909.680000	4000.000000	18000.000000	8000.000000	Trill	4.026531	3.792622	-2.635456	3.986489	32.793497	0.000000
402	Spectrogram 1	6	1914.300000	1914.340000	4000.000000	18000.000000	8000.000000	P-peep	5.202173	5.665224	-1.924479	3.583017	32.668660	0.000000
403	Spectrogram 1	6	1926.420000	1926.530000	4000.000000	18000.000000	8000.000000	Trill	5.070624	6.381343	-2.351032	3.703545	35.984170	0.000000
404	Spectrogram 1	6	1933.940000	1933.990000	4000.000000	18000.000000	8000.000000	Sd-peep	5.073733	4.746699	-3.356088	4.143038	29.514856	0.000000
405	Spectrogram 1	6	1937.730000	1937.810000	4000.000000	18000.000000	8000.000000	Trill	4.040880	8.227452	-3.079623	4.017197	43.083047	0.000000
406	Spectrogram 1	6	1938.350000	1938.380000	4000.000000	18000.000000	8000.000000	Trill	6.816877	5.587556	-2.051763	3.395691	32.284462	0.000000
407	Spectrogram 1	6	1945.000000	1945.310000	4000.000000	18000.000000	8000.000000	Trill	10.210567	13.258489	-2.183021	3.700310	72.408330	0.000000
408	Spectrogram 1	6	1948.150000	1948.210000	4000.000000	18000.000000	8000.000000	Trill	3.549709	4.547211	-3.072304	3.987696	33.850499	0.000000
409	Spectrogram 1	6	1948.310000	1948.440000	4000.000000	18000.000000	8000.000000	Trill	3.908900	5.405496	-2.549029	3.831241	32.489227	0.000000
410	Spectrogram 1	6	1956.970000	1957.370000	4000.000000	18000.000000	8000.000000	Trill	8.158767	12.355901	-1.735708	3.365422	64.047732	0.000000
411	Spectrogram 1	6	1960.760000	1960.820000	4000.000000	18000.000000	8000.000000	Trill	3.788108	7.919560	-2.591034	3.802677	44.748347	0.000000
412	Spectrogram 1	6	1961.920000	1962.360000	4000.000000	18000.000000	8000.000000	Trill	8.639216	12.919077	-1.985028	3.607955	67.763493	0.000000
413	Spectrogram 1	6	1963.660000	1963.860000	4000.000000	18000.000000	8000.000000	Trill	10.526030	14.213604	-2.723375	3.973521	71.760293	0.000000
414	Spectrogram 1	6	1963.930000	1965.240000	4000.000000	18000.000000	8000.000000	Twitter	8.514321	13.443692	-2.606773	3.873939	52.364472	1.000000
415	Spectrogram 1	6	1966.120000	1966.550000	4000.000000	18000.000000	8000.000000	Trill	7.896718	7.739117	-2.274290	3.662732	43.984499	0.000000
416	Spectrogram 1	6	2028.400000	2028.450000	4000.000000	18000.000000	8000.000000	Trill	5.435617	5.207206	-2.254059	3.527273	37.635141	0.000000
417	Spectrogram 1	6	2047.080000	2047.190000	4000.000000	18000.000000	8000.000000	Trillphee	3.837691	5.733966	-2.477545	3.846697	34.693333	0.000000
418	Spectrogram 1	6	2051.050000	2052.260000	4000.000000	18000.000000	8000.000000	Twitter	9.004800	15.104272	-2.050064	3.865024	55.955989	1.000000
419	Spectrogram 1	6	2066.120000	2066.180000	4000.000000	18000.000000	8000.000000	P-peep	4.575924	6.091378	-2.227370	3.627712	44.125233	0.000000
420	Spectrogram 1	6	2070.990000	2071.440000	4000.000000	18000.000000	8000.000000	Trill	6.998225	9.886431	-2.010462	3.246803	45.662753	0.000000
421	Spectrogram 1	6	2074.950000	2075.090000	4000.000000	18000.000000	8000.000000	Sd-peep	4.873141	5.766720	-2.369010	3.799052	30.643668	0.000000
422	Spectrogram 1	6	2078.790000	2079.030000	4000.000000	18000.000000	8000.000000	Trill	8.642881	11.600996	-2.195322	3.644338	57.331955	0.000000
423	Spectrogram 1	6	2095.280000	2095.580000	4000.000000	18000.000000	8000.000000	Trill	10.497912	14.369574	-3.043876	1.233854	75.073784	0.000000
424	Spectrogram 1	6	2098.270000	2098.430000	4000.000000	18000.000000	8000.000000	Trill	8.050659	7.819224	-2.805604	1.238411	37.144994	1.000000
425	Spectrogram 1	6	2109.860000	2110.260000	4000.000000	18000.000000	8000.000000	P-peep	7.115599	17.452380	-3.036065	1.004890	72.733503	1.000000
426	Spectrogram 1	6	2110.980000	2111.020000	4000.000000	18000.000000	8000.000000	Twitter	8.755886	13.138003	-1.772574	0.745764	52.723224	1.000000
427	Spectrogram 1	6	2111.110000	2111.160000	4000.000000	18000.000000	8000.000000	Twitter	9.459928	17.050234	-2.509133	1.606065	62.301627	1.000000
428	Spectrogram 1	6	2111.250000	2111.280000	4000.000000	18000.000000	8000.000000	Twitter	9.075384	15.974464	-3.353400	1.701560	57.004808	1.000000
429	Spectrogram 1	6	2111.290000	2111.310000	4000.000000	18000.000000	8000.000000	Twitter	7.109002	14.258409	-3.475434	2.711609	42.953918	1.000000
430	Spectrogram 1	6	2111.390000	2111.420000	4000.000000	18000.000000	8000.000000	Twitter	8.366460	15.815416	-3.203752	2.421295	53.948934	1.000000
431	Spectrogram 1	6	2111.510000	2111.540000	4000.000000	18000.000000	8000.000000	Twitter	7.478892	15.255618	-3.313556	1.714422	49.870347	1.000000
432	Spectrogram 1	6	2111.640000	2111.660000	4000.000000	18000.000000	8000.000000	Sd-peep	7.570050	14.087131	-3.043282	1.724414	52.198818	0.000000
433	Spectrogram 1	6	2111.760000	2111.800000	4000.000000	18000.000000	8000.000000	Twitter	7.896199	14.101401	-2.834390	2.588773	59.185914	1.000000
434	Spectrogram 1	6	2114.850000	2114.890000	4000.000000	18000.000000	8000.000000	Twitter	11.551800	22.391817	-5.176424	5.368532	69.138417	0.000000
435	Spectrogram 1	6	2114.990000	2115.040000	4000.000000	18000.000000	8000.000000	Twitter	11.320391	20.222620	-7.439290	5.095621	69.128585	0.000000
436	Spectrogram 1	6	2115.140000	2115.190000	4000.000000	18000.000000	8000.000000	Twitter	11.414957	21.091489	-4.727055	4.725414	70.852771	0.000000
437	Spectrogram 1	6	2115.280000	2115.350000	4000.000000	18000.000000	8000.000000	Twitter	9.758183	20.064314	-3.807702	3.640748	65.847892	1.000000
438	Spectrogram 1	6	2115.420000	2115.500000	4000.000000	18000.000000	8000.000000	Twitter	9.849745	19.957273	-3.664636	3.331430	68.805777	1.000000
439	Spectrogram 1	6	2115.550000	2115.610000	4000.000000	18000.000000	8000.000000	Twitter	10.376423	19.884643	-3.902788	3.288805	78.823370	1.000000
440	Spectrogram 1	6	2115.680000	2115.740000	4000.000000	18000.000000	8000.000000	Twitter	10.344029	18.029945	-3.661243	3.072847	73.466579	1.000000
441	Spectrogram 1	6	2116.850000	2117.310000	4000.000000	18000.000000	8000.000000	Trill	6.493249	7.377612	-2.788062	2.277827	31.675655	0.000000
442	Spectrogram 1	6	2119.310000	2119.700000	4000.000000	18000.000000	8000.000000	Trill	6.685267	8.730946	-2.115416	3.626913	47.324386	0.000000
443	Spectrogram 1	6	2120.390000	2121.310000	4000.000000	18000.000000	8000.000000	Trill	8.128218	13.980757	-1.441197	3.165949	82.651522	0.000000
444	Spectrogram 1	6	2121.750000	2122.100000	4000.000000	18000.000000	8000.000000	Phee	7.830307	20.902991	-2.260604	4.846717	87.744081	0.000000
445	Spectrogram 1	6	2122.190000	2122.490000	4000.000000	18000.000000	8000.000000	Phee	11.480536	27.706502	-2.624149	5.443240	159.268796	0.000000
446	Spectrogram 1	6	2122.530000	2122.830000	4000.000000	18000.000000	8000.000000	Trill	6.544401	16.030760	-1.759845	4.398468	81.674246	0.000000
447	Spectrogram 1	6	2123.360000	2123.530000	4000.000000	18000.000000	8000.000000	Trill	7.429022	10.334074	-1.941500	3.629319	45.512773	0.000000
448	Spectrogram 1	6	2129.280000	2129.380000	4000.000000	18000.000000	8000.000000	Sd-peep	4.760041	7.984847	-2.701909	3.739857	30.679808	0.000000
449	Spectrogram 1	6	2129.930000	2129.960000	4000.000000	18000.000000	8000.000000	Trill	3.710586	6.476192	-2.924288	3.799185	37.409931	0.000000
450	Spectrogram 1	5	2132.500000	2132.630000	4000.000000	18000.000000	8000.000000	Trill	5.867594	9.959601	2.706227	7.511775	55.837164	0.000000
451	Spectrogram 1	6	2139.070000	2139.230000	4000.000000	18000.000000	8000.000000	Trill	4.795398	6.962051	-2.325835	3.646128	35.471527	0.000000
452	Spectrogram 1	6	2140.900000	2140.950000	4000.000000	18000.000000	8000.000000	Trill	4.908532	4.522297	-1.893340	3.601813	32.335045	0.000000
453	Spectrogram 1	6	2153.510000	2153.540000	4000.000000	18000.000000	8000.000000	P-peep	3.976856	12.049820	-3.210622	4.347614	54.257312	0.000000
454	Spectrogram 1	6	2155.940000	2156.040000	4000.000000	18000.000000	8000.000000	Trill	3.961189	7.397391	-2.787502	3.929103	44.513253	0.000000
455	Spectrogram 1	6	2179.380000	2179.460000	4000.000000	18000.000000	8000.000000	Trill	4.038676	5.663305	-3.555463	4.342617	41.304313	0.000000
456	Spectrogram 1	6	2181.210000	2181.520000	4000.000000	18000.000000	8000.000000	Trill	4.806835	6.089608	-2.254913	3.681453	31.963685	0.000000
457	Spectrogram 1	6	2185.810000	2186.540000	4000.000000	18000.000000	8000.000000	Trill	5.232229	7.538078	-1.857518	3.472693	35.627040	0.000000
458	Spectrogram 1	6	2189.450000	2189.870000	4000.000000	18000.000000	8000.000000	Sd-peep	7.399077	9.676744	-0.229788	0.922020	37.841268	1.000000
459	Spectrogram 1	6	2193.270000	2193.410000	4000.000000	18000.000000	8000.000000	Sd-peep	5.511977	7.883480	-2.209979	3.735854	30.192925	0.000000
460	Spectrogram 1	6	2196.670000	2196.840000	4000.000000	18000.000000	8000.000000	Trill	4.869928	7.297779	-1.991368	3.640693	34.983120	0.000000
461	Spectrogram 1	6	2199.600000	2199.800000	4000.000000	18000.000000	8000.000000	Trill	5.069001	6.667564	-1.995986	3.553081	40.759327	0.000000
462	Spectrogram 1	6	2199.890000	2199.980000	4000.000000	18000.000000	8000.000000	Trill	4.845869	8.041221	-2.677959	3.823706	44.247786	0.000000
463	Spectrogram 1	6	2206.790000	2207.060000	4000.000000	18000.000000	8000.000000	Sd-peep	5.305476	6.322089	-2.321986	3.794890	32.262763	0.000000
464	Spectrogram 1	6	2207.140000	2207.250000	4000.000000	18000.000000	8000.000000	Trill	4.684643	7.430105	-2.635564	3.743598	34.435432	0.000000
465	Spectrogram 1	6	2208.890000	2208.980000	4000.000000	18000.000000	8000.000000	Trill	4.284099	7.596610	-2.269251	3.706237	44.267996	0.000000
466	Spectrogram 1	6	2211.480000	2211.590000	4000.000000	18000.000000	8000.000000	P-peep	4.147513	8.824324	-2.297813	3.713834	52.981901	0.000000
467	Spectrogram 1	6	2216.050000	2216.100000	4000.000000	18000.000000	8000.000000	Trill	3.307748	13.345588	-3.218059	3.720472	59.849452	0.000000
468	Spectrogram 1	6	2216.270000	2216.290000	4000.000000	18000.000000	8000.000000	Tse	8.719159	17.323063	-1.928065	4.587473	50.725558	0.000000
469	Spectrogram 1	6	2216.430000	2216.460000	4000.000000	18000.000000	8000.000000	Twitter	10.489129	19.535873	-1.468189	3.358976	44.754885	1.000000
470	Spectrogram 1	6	2216.580000	2216.620000	4000.000000	18000.000000	8000.000000	Twitter	10.548984	20.052689	-2.774723	5.268939	64.618929	0.000000
471	Spectrogram 1	6	2216.720000	2216.760000	4000.000000	18000.000000	8000.000000	Twitter	11.251197	19.941539	-2.310557	5.402645	71.401888	0.000000
472	Spectrogram 1	6	2216.850000	2216.890000	4000.000000	18000.000000	8000.000000	Twitter	10.967358	18.776891	-2.581221	4.164406	63.084596	1.000000
473	Spectrogram 1	6	2216.980000	2217.020000	4000.000000	18000.000000	8000.000000	Twitter	11.684513	18.126681	-4.868186	6.141820	78.311016	0.000000
474	Spectrogram 1	6	2217.100000	2217.140000	4000.000000	18000.000000	8000.000000	Twitter	8.450311	16.630394	-1.880138	4.751536	59.051062	1.000000
475	Spectrogram 1	6	2217.220000	2217.270000	4000.000000	18000.000000	8000.000000	Twitter	10.599036	16.614885	-1.428238	4.362939	90.751133	1.000000
476	Spectrogram 1	6	2217.340000	2217.400000	4000.000000	18000.000000	8000.000000	Twitter	9.815505	14.955659	-3.054990	4.435279	77.960681	1.000000
477	Spectrogram 1	6	2217.470000	2217.490000	4000.000000	18000.000000	8000.000000	Twitter	10.354350	13.752195	-2.328780	1.738031	70.137794	1.000000
478	Spectrogram 1	6	2217.880000	2218.040000	4000.000000	18000.000000	8000.000000	Sd-peep	4.202919	6.247218	-3.230611	3.781499	29.479835	0.000000
479	Spectrogram 1	6	2218.100000	2218.140000	4000.000000	18000.000000	8000.000000	Twitter	11.462357	21.177329	-3.432949	6.127833	60.827202	0.000000
480	Spectrogram 1	6	2218.250000	2218.300000	4000.000000	18000.000000	8000.000000	Twitter	13.818861	22.196850	-1.532695	5.100954	67.715834	1.000000
481	Spectrogram 1	6	2218.400000	2218.450000	4000.000000	18000.000000	8000.000000	Twitter	14.165337	22.758572	-0.744997	4.455050	71.155185	1.000000
482	Spectrogram 1	6	2218.520000	2218.580000	4000.000000	18000.000000	8000.000000	Twitter	12.611628	19.188318	-1.407165	4.379895	60.659121	1.000000
483	Spectrogram 1	6	2218.650000	2218.730000	4000.000000	18000.000000	8000.000000	Twitter	12.457860	20.130438	-1.724977	4.136840	84.277222	1.000000
484	Spectrogram 1	6	2218.790000	2218.890000	4000.000000	18000.000000	8000.000000	Twitter	11.236380	17.397255	-2.694992	4.140303	97.224563	1.000000
485	Spectrogram 1	6	2218.970000	2219.100000	4000.000000	18000.000000	8000.000000	Twitter	11.494874	16.731161	-2.213431	3.717485	104.901616	1.000000
486	Spectrogram 1	6	2219.140000	2219.230000	4000.000000	18000.000000	8000.000000	Twitter	8.823451	16.681453	-2.050420	3.464057	80.835859	1.000000
487	Spectrogram 1	6	2219.240000	2219.400000	4000.000000	18000.000000	8000.000000	Phee	8.747359	18.690547	-2.907422	3.027542	75.711161	0.000000
488	Spectrogram 1	6	2219.420000	2219.570000	4000.000000	18000.000000	8000.000000	Phee	9.964027	20.909484	-1.688836	4.224477	108.975484	0.000000
489	Spectrogram 1	6	2219.640000	2219.720000	4000.000000	18000.000000	8000.000000	Phee	10.062444	23.753642	-1.798471	4.687297	108.470963	0.000000
490	Spectrogram 1	6	2219.730000	2219.800000	4000.000000	18000.000000	8000.000000	Phee	7.402011	17.664425	-3.019725	5.148739	67.726425	0.000000
491	Spectrogram 1	6	2219.820000	2219.960000	4000.000000	18000.000000	8000.000000	Trill	7.708121	21.811444	-2.522020	4.587918	74.536424	0.000000
492	Spectrogram 1	6	2220.020000	2220.190000	4000.000000	18000.000000	8000.000000	Phee	7.580972	17.033362	-3.637326	5.382878	68.018379	0.000000
493	Spectrogram 1	6	2221.820000	2221.950000	4000.000000	18000.000000	8000.000000	Sd-peep	4.668961	6.311328	-2.224281	3.608831	33.722375	0.000000
494	Spectrogram 1	6	2222.380000	2222.870000	4000.000000	18000.000000	8000.000000	Trill	7.245189	11.528767	-1.994356	4.136110	54.865894	0.000000
495	Spectrogram 1	6	2222.960000	2222.990000	4000.000000	18000.000000	8000.000000	Twitter	8.172044	13.689141	-1.508767	3.253804	50.324499	1.000000
496	Spectrogram 1	6	2223.120000	2223.160000	4000.000000	18000.000000	8000.000000	Twitter	8.516903	18.409951	-2.073128	4.568278	51.334713	1.000000
497	Spectrogram 1	6	2223.250000	2223.270000	4000.000000	18000.000000	8000.000000	Sd-peep	5.272613	12.896846	-1.856983	3.741292	52.436735	0.000000
498	Spectrogram 1	6	2223.560000	2223.600000	4000.000000	18000.000000	8000.000000	Twitter	9.471838	20.431612	-2.566508	5.546151	51.246731	0.000000
499	Spectrogram 1	6	2223.700000	2223.720000	4000.000000	18000.000000	8000.000000	Twitter	10.009646	20.860383	-2.104268	2.767809	52.009226	1.000000
500	Spectrogram 1	6	2223.830000	2223.890000	4000.000000	18000.000000	8000.000000	Twitter	8.455055	15.400604	-1.768624	2.697225	59.576495	1.000000
501	Spectrogram 1	6	2225.720000	2225.870000	4000.000000	18000.000000	8000.000000	Sd-peep	6.128150	10.798729	-2.205706	3.250597	48.360610	0.000000
502	Spectrogram 1	6	2226.660000	2227.960000	4000.000000	18000.000000	8000.000000	Twitter	7.490105	11.144228	-1.059110	2.648590	47.500998	1.000000
503	Spectrogram 1	6	2230.040000	2230.210000	4000.000000	18000.000000	8000.000000	Trill	5.123542	6.171597	-1.958933	3.479120	32.108043	0.000000
504	Spectrogram 1	6	2230.620000	2231.600000	4000.000000	18000.000000	8000.000000	Sd-peep	4.237570	8.483563	-2.397463	3.522439	31.922844	0.000000
505	Spectrogram 1	6	2233.100000	2233.130000	4000.000000	18000.000000	8000.000000	Twitter	7.675484	12.080950	-1.618615	3.495511	69.103502	1.000000
506	Spectrogram 1	6	2233.510000	2233.540000	4000.000000	18000.000000	8000.000000	Twitter	14.545920	21.114342	-2.138127	3.593719	62.771593	1.000000
507	Spectrogram 1	6	2233.650000	2233.690000	4000.000000	18000.000000	8000.000000	Twitter	15.483495	21.795767	-1.021032	2.906437	57.752205	1.000000
508	Spectrogram 1	6	2233.790000	2233.840000	4000.000000	18000.000000	8000.000000	Twitter	13.670256	19.251098	-2.419756	3.819826	63.692931	1.000000
509	Spectrogram 1	6	2233.920000	2233.950000	4000.000000	18000.000000	8000.000000	Trill	9.497500	9.564583	-0.591055	2.756085	58.167650	1.000000
510	Spectrogram 1	6	2235.760000	2235.830000	4000.000000	18000.000000	8000.000000	Sd-peep	4.752364	10.188904	-2.230894	3.644326	43.752275	0.000000
511	Spectrogram 1	6	2244.830000	2245.130000	4000.000000	18000.000000	8000.000000	P-peep	5.121035	8.888843	-2.196283	3.221507	41.699917	0.000000
512	Spectrogram 1	6	2247.420000	2247.540000	4000.000000	18000.000000	8000.000000	Trill	4.579297	5.474613	-2.249296	3.664005	31.669190	0.000000
513	Spectrogram 1	6	2252.670000	2252.840000	4000.000000	18000.000000	8000.000000	Sd-peep	4.262981	8.246546	-2.207313	3.776508	32.354589	0.000000
514	Spectrogram 1	6	2258.730000	2258.820000	4000.000000	18000.000000	8000.000000	Trill	5.250871	6.611645	-1.926491	3.599504	38.877787	0.000000
515	Spectrogram 1	6	2261.320000	2261.400000	4000.000000	18000.000000	8000.000000	P-peep	4.562978	11.919145	-2.553278	3.914707	57.669625	0.000000
516	Spectrogram 1	6	2261.630000	2261.660000	4000.000000	18000.000000	8000.000000	P-peep	7.112366	7.887647	-1.054640	3.356769	56.304455	0.000000
517	Spectrogram 1	6	2280.620000	2280.700000	4000.000000	18000.000000	8000.000000	Trill	5.309348	9.089855	-2.931367	4.026481	38.474351	0.000000
518	Spectrogram 1	6	2304.110000	2304.190000	4000.000000	18000.000000	8000.000000	Trillphee	4.285027	7.856697	-2.528908	3.770014	43.313373	0.000000
519	Spectrogram 1	6	2310.050000	2310.210000	4000.000000	18000.000000	8000.000000	Trillphee	4.362416	9.083722	-2.310288	3.604170	44.027501	0.000000
520	Spectrogram 1	6	2316.560000	2316.670000	4000.000000	18000.000000	8000.000000	Sd-peep	4.043154	7.843551	-2.888008	3.827185	29.252422	0.000000
521	Spectrogram 1	6	2318.700000	2318.750000	4000.000000	18000.000000	8000.000000	P-peep	4.081946	7.220919	-2.640043	3.896247	36.858559	0.000000
522	Spectrogram 1	6	2322.630000	2322.720000	4000.000000	18000.000000	8000.000000	P-peep	4.923881	6.272729	-2.540175	3.733179	34.599835	0.000000
523	Spectrogram 1	6	2339.560000	2339.580000	4000.000000	18000.000000	8000.000000	P-peep	6.900356	9.539679	-2.612375	2.225450	57.622615	0.000000
524	Spectrogram 1	6	2363.270000	2363.630000	4000.000000	18000.000000	8000.000000	Trill	10.502221	14.569904	-2.532789	1.037674	72.624858	1.000000
525	Spectrogram 1	6	2364.620000	2364.690000	4000.000000	18000.000000	8000.000000	Trill	9.224380	9.733803	-1.555094	-0.090004	52.703325	1.000000
526	Spectrogram 1	6	2365.110000	2365.400000	4000.000000	18000.000000	8000.000000	Sd-peep	7.146374	6.360485	-2.358195	0.764334	43.543196	1.000000
527	Spectrogram 1	6	2389.270000	2389.460000	4000.000000	18000.000000	8000.000000	Sd-peep	5.220755	5.091318	-2.258865	3.636878	34.256686	0.000000
528	Spectrogram 1	6	2390.860000	2391.090000	4000.000000	18000.000000	8000.000000	Trill	8.669468	12.214368	-2.183521	3.636255	68.343183	0.000000
529	Spectrogram 1	6	2392.540000	2392.600000	4000.000000	18000.000000	8000.000000	Trill	5.827585	7.428630	-3.337896	4.411737	47.658704	0.000000
530	Spectrogram 1	6	2392.680000	2392.710000	4000.000000	18000.000000	8000.000000	Trill	5.335894	5.656268	-1.785506	3.535434	33.123027	0.000000
531	Spectrogram 1	6	2397.990000	2398.090000	4000.000000	18000.000000	8000.000000	Sd-peep	6.075311	5.594996	-2.143603	3.419340	30.684322	0.000000
532	Spectrogram 1	6	2424.270000	2424.520000	4000.000000	18000.000000	8000.000000	Trill	5.494970	8.716535	-2.347971	3.657169	47.959415	0.000000
533	Spectrogram 1	6	2428.270000	2428.320000	4000.000000	18000.000000	8000.000000	Trill	10.445320	8.823292	-1.925604	3.600367	46.266557	0.000000
534	Spectrogram 1	6	2430.380000	2430.770000	4000.000000	18000.000000	8000.000000	Trill	5.337890	8.502699	-2.210557	3.657001	48.697472	0.000000
535	Spectrogram 1	6	2441.730000	2441.790000	4000.000000	18000.000000	8000.000000	Trill	5.415020	7.393371	-2.365693	3.652423	42.871132	0.000000
536	Spectrogram 1	6	2448.430000	2448.460000	4000.000000	18000.000000	8000.000000	Trill	4.832987	4.404913	-1.971847	3.615842	31.220864	0.000000
537	Spectrogram 1	6	2465.720000	2466.560000	4000.000000	18000.000000	8000.000000	Trill	9.068236	13.825791	-2.278694	3.710499	86.017888	0.000000
538	Spectrogram 1	6	2481.740000	2481.940000	4000.000000	18000.000000	8000.000000	P-peep	7.627326	6.785892	-2.259374	3.601134	47.167950	0.000000
539	Spectrogram 1	6	2489.240000	2489.380000	4000.000000	18000.000000	8000.000000	Sd-peep	4.904581	5.841323	-1.870786	3.612861	37.167468	0.000000
540	Spectrogram 1	6	2493.610000	2493.700000	4000.000000	18000.000000	8000.000000	Trill	5.291169	4.823142	-3.268394	4.113108	32.538961	0.000000
541	Spectrogram 1	6	2494.340000	2494.640000	4000.000000	18000.000000	8000.000000	Trill	6.119953	8.823628	-1.948065	3.514906	52.979114	0.000000
542	Spectrogram 1	6	2496.870000	2497.650000	4000.000000	18000.000000	8000.000000	Phee	6.381921	12.187335	-2.307204	3.670988	82.363310	0.000000
543	Spectrogram 1	6	2501.350000	2501.720000	4000.000000	18000.000000	8000.000000	Trill	8.178742	8.553977	-2.139331	3.685831	56.723840	0.000000
544	Spectrogram 1	6	2502.190000	2502.270000	4000.000000	18000.000000	8000.000000	Tse	6.728819	19.556526	-1.330553	3.158825	61.926286	0.000000
545	Spectrogram 1	6	2510.460000	2511.360000	4000.000000	18000.000000	8000.000000	Phee	8.964315	13.556897	-2.040768	3.598270	89.762395	0.000000
546	Spectrogram 1	6	2512.930000	2512.960000	4000.000000	18000.000000	8000.000000	Trill	5.239758	5.170080	-3.158581	4.092060	33.342606	0.000000
547	Spectrogram 1	6	2514.720000	2515.630000	4000.000000	18000.000000	8000.000000	Trill	8.943161	13.124174	-2.312808	3.696758	92.683933	0.000000
548	Spectrogram 1	6	2516.760000	2516.790000	4000.000000	18000.000000	8000.000000	Twitter	8.227516	13.781542	-1.706859	3.573002	50.363943	1.000000
549	Spectrogram 1	6	2516.890000	2516.920000	4000.000000	18000.000000	8000.000000	Twitter	7.463545	13.950226	-2.317055	4.827315	50.626145	1.000000
550	Spectrogram 1	5	2517.260000	2517.280000	4000.000000	18000.000000	8000.000000	Twitter	7.480683	15.035841	0.136830	2.884945	43.485974	1.000000
551	Spectrogram 1	5	2518.300000	2518.370000	4000.000000	18000.000000	8000.000000	Trill	9.815840	10.482677	1.075105	1.412046	63.687294	1.000000
552	Spectrogram 1	6	2518.450000	2518.570000	4000.000000	18000.000000	8000.000000	Trill	7.788031	7.004169	-2.344135	3.750987	38.940364	0.000000
553	Spectrogram 1	6	2518.740000	2518.790000	4000.000000	18000.000000	8000.000000	Twitter	9.198641	13.563665	-1.705639	3.204454	62.688367	1.000000
554	Spectrogram 1	6	2518.860000	2518.940000	4000.000000	18000.000000	8000.000000	Twitter	8.597667	13.146728	-1.810930	3.831543	67.794486	1.000000
555	Spectrogram 1	6	2519.000000	2519.040000	4000.000000	18000.000000	8000.000000	Twitter	10.487815	16.145096	-0.901813	4.135990	74.500220	1.000000
556	Spectrogram 1	6	2519.120000	2519.170000	4000.000000	18000.000000	8000.000000	Twitter	9.499129	15.848932	-0.641844	3.892909	67.190429	1.000000
557	Spectrogram 1	6	2519.250000	2519.290000	4000.000000	18000.000000	8000.000000	Tse	6.803346	9.967557	-3.330844	4.469916	49.773161	0.000000
558	Spectrogram 1	6	2520.450000	2521.650000	4000.000000	18000.000000	8000.000000	Trill	7.182884	11.698326	-2.148442	3.645544	71.449680	0.000000
559	Spectrogram 1	6	2525.660000	2526.790000	4000.000000	18000.000000	8000.000000	Phee	12.217019	24.763056	-1.797299	3.694140	149.878444	0.000000
560	Spectrogram 1	6	2527.360000	2527.710000	4000.000000	18000.000000	8000.000000	Trill	6.606812	7.112494	-2.426076	3.809848	37.867030	0.000000
561	Spectrogram 1	6	2528.370000	2528.400000	4000.000000	18000.000000	8000.000000	Trill	4.932868	5.037661	-3.339182	3.973992	31.561802	0.000000
562	Spectrogram 1	6	2529.820000	2530.550000	4000.000000	18000.000000	8000.000000	Trillphee	9.273656	14.683388	-2.196117	3.656137	100.066303	0.000000
563	Spectrogram 1	6	2530.780000	2531.540000	4000.000000	18000.000000	8000.000000	Trill	5.168008	8.902289	-4.591506	7.222667	45.128521	0.000000
564	Spectrogram 1	6	2536.170000	2537.230000	4000.000000	18000.000000	8000.000000	Phee	9.568160	21.430681	-1.812629	3.531029	120.320098	0.000000
565	Spectrogram 1	6	2540.870000	2541.600000	4000.000000	18000.000000	8000.000000	Trillphee	7.743435	9.875908	-2.162846	3.848958	57.715571	0.000000
566	Spectrogram 1	6	2542.410000	2542.650000	4000.000000	18000.000000	8000.000000	Trill	6.615891	9.977536	-2.340817	3.676625	56.263876	0.000000
567	Spectrogram 1	6	2544.740000	2545.430000	4000.000000	18000.000000	8000.000000	Trillphee	11.084825	15.164834	-2.166946	3.672170	107.042579	0.000000
568	Spectrogram 1	6	2550.800000	2551.840000	4000.000000	18000.000000	8000.000000	Phee	11.078309	22.515074	-2.165064	3.541600	136.727927	0.000000
569	Spectrogram 1	6	2554.000000	2554.110000	4000.000000	18000.000000	8000.000000	Sd-peep	6.493647	6.330677	-1.565868	3.293211	36.094422	0.000000
570	Spectrogram 1	6	2555.950000	2556.540000	4000.000000	18000.000000	8000.000000	Trillphee	12.113832	14.673933	-1.756234	3.461048	105.992451	0.000000
571	Spectrogram 1	6	2566.870000	2566.940000	4000.000000	18000.000000	8000.000000	Trill	5.949299	6.347005	-1.992129	3.612541	38.548981	0.000000
572	Spectrogram 1	6	2569.420000	2569.510000	4000.000000	18000.000000	8000.000000	Trill	5.034547	10.719752	-1.867630	3.703069	52.589417	0.000000
573	Spectrogram 1	6	2569.750000	2570.080000	4000.000000	18000.000000	8000.000000	Trill	4.761435	8.540719	-2.357820	3.209320	36.452707	0.000000
574	Spectrogram 1	6	2578.920000	2579.150000	4000.000000	18000.000000	8000.000000	Sd-peep	11.166568	8.638206	-2.600793	3.026123	28.936682	0.000000
575	Spectrogram 1	6	2581.320000	2581.460000	4000.000000	18000.000000	8000.000000	Sd-peep	4.519205	4.129598	-2.122221	3.626228	37.302978	0.000000
576	Spectrogram 1	6	2581.620000	2581.660000	4000.000000	18000.000000	8000.000000	P-peep	7.434861	5.739120	-2.242255	3.617857	42.846417	0.000000
577	Spectrogram 1	6	2595.550000	2595.740000	4000.000000	18000.000000	8000.000000	Sd-peep	5.493795	6.516287	-1.850214	3.446454	36.959437	0.000000
578	Spectrogram 1	6	2596.780000	2597.120000	4000.000000	18000.000000	8000.000000	Sd-peep	4.665984	5.405334	-2.215730	3.653313	30.385874	0.000000
579	Spectrogram 1	6	2599.680000	2599.980000	4000.000000	18000.000000	8000.000000	Trill	5.541051	12.920717	-1.589002	3.790321	63.772153	0.000000
580	Spectrogram 1	6	2600.010000	2600.600000	4000.000000	18000.000000	8000.000000	Trill	9.773500	14.709717	-2.136331	3.638756	92.455896	0.000000
581	Spectrogram 1	6	2601.980000	2603.460000	4000.000000	18000.000000	8000.000000	Phee	9.353545	21.027781	-1.215043	4.621421	116.601161	0.000000
582	Spectrogram 1	6	2604.790000	2605.490000	4000.000000	18000.000000	8000.000000	Trill	2.954267	8.954486	-3.536232	5.888774	33.991637	0.000000
583	Spectrogram 1	6	2605.730000	2606.050000	4000.000000	18000.000000	8000.000000	Trill	3.049637	6.339237	-3.158978	4.926367	31.074679	0.000000
584	Spectrogram 1	6	2615.780000	2616.140000	4000.000000	18000.000000	8000.000000	Trillphee	7.228416	12.414007	-2.064523	3.557014	87.375908	0.000000
585	Spectrogram 1	6	2616.180000	2616.580000	4000.000000	18000.000000	8000.000000	Trillphee	10.645378	14.811248	-2.377796	3.835664	112.377684	0.000000
586	Spectrogram 1	6	2638.940000	2639.000000	4000.000000	18000.000000	8000.000000	Trill	5.758588	9.786559	-3.971069	4.182023	38.066303	0.000000
587	Spectrogram 1	6	2659.170000	2660.080000	4000.000000	18000.000000	8000.000000	Phee	8.914742	15.269096	-2.042587	3.630379	91.950631	0.000000
588	Spectrogram 1	6	2662.230000	2662.470000	4000.000000	18000.000000	8000.000000	Trill	7.405614	9.010747	-1.865925	3.212950	47.116364	0.000000
589	Spectrogram 1	6	2680.820000	2680.910000	4000.000000	18000.000000	8000.000000	Trill	10.468162	10.748279	-1.881695	3.508077	56.081727	0.000000
590	Spectrogram 1	6	2692.250000	2692.330000	4000.000000	18000.000000	8000.000000	Sd-peep	5.868866	6.510872	-1.854725	3.510209	30.430544	0.000000
591	Spectrogram 1	1	265.070000	265.240000	4000.000000	18000.000000	8000.000000	Trill	14.376811	24.875963	NaN	NaN	178.345342	0.000000
592	Spectrogram 1	1	265.310000	265.340000	4000.000000	18000.000000	8000.000000	Twitter	7.887445	17.724069	NaN	NaN	73.515721	0.000000
593	Spectrogram 1	1	265.420000	265.460000	4000.000000	18000.000000	8000.000000	Twitter	11.304706	21.206229	NaN	NaN	81.654197	0.000000
594	Spectrogram 1	1	265.540000	265.580000	4000.000000	18000.000000	8000.000000	Twitter	13.667354	21.127838	NaN	NaN	77.432021	0.000000
595	Spectrogram 1	1	265.660000	265.700000	4000.000000	18000.000000	8000.000000	Twitter	14.366198	22.631409	NaN	NaN	66.107108	0.000000
596	Spectrogram 1	1	265.770000	265.810000	4000.000000	18000.000000	8000.000000	Twitter	13.400902	21.450818	NaN	NaN	71.246419	0.000000
597	Spectrogram 1	1	265.880000	265.930000	4000.000000	18000.000000	8000.000000	Twitter	12.288596	22.090485	NaN	NaN	91.151432	0.000000
598	Spectrogram 1	1	265.980000	266.040000	4000.000000	18000.000000	8000.000000	Twitter	11.001147	20.577401	NaN	NaN	113.276780	0.000000
599	Spectrogram 1	1	266.090000	266.140000	4000.000000	18000.000000	8000.000000	Trill	9.314741	18.382343	NaN	NaN	123.616609	0.000000
600	Spectrogram 1	1	266.580000	267.600000	4000.000000	18000.000000	8000.000000	Trillphee	17.315650	27.171318	NaN	NaN	216.598137	0.000000
601	Spectrogram 1	1	267.760000	267.870000	4000.000000	18000.000000	8000.000000	Trill	8.923925	15.129981	NaN	NaN	119.701787	0.000000
602	Spectrogram 1	1	408.680000	408.960000	4000.000000	18000.000000	8000.000000	Trillphee	5.715108	17.872490	NaN	NaN	96.803068	0.000000
603	Spectrogram 1	1	2224.630000	2224.660000	4000.000000	18000.000000	8000.000000	Twitter	9.299689	20.412496	NaN	NaN	63.015099	0.000000
604	Spectrogram 1	1	2224.740000	2224.770000	4000.000000	18000.000000	8000.000000	Twitter	10.122965	20.108790	NaN	NaN	74.425782	0.000000
605	Spectrogram 1	1	2224.970000	2225.000000	4000.000000	18000.000000	8000.000000	Twitter	11.337724	21.652485	NaN	NaN	69.698174	0.000000
606	Spectrogram 1	1	2225.080000	2225.110000	4000.000000	18000.000000	8000.000000	Twitter	10.533845	20.542964	NaN	NaN	71.783931	0.000000
607	Spectrogram 1	1	2225.190000	2225.240000	4000.000000	18000.000000	8000.000000	Twitter	9.206380	19.344524	NaN	NaN	77.756414	0.000000
608	Spectrogram 1	2	36.640000	36.750000	4000.000000	18000.000000	8000.000000	Trill	5.090154	8.590043	NaN	NaN	45.819909	0.000000
609	Spectrogram 1	2	63.670000	63.790000	4000.000000	18000.000000	8000.000000	Trill	3.835597	6.812180	NaN	NaN	51.357197	0.000000
610	Spectrogram 1	2	183.610000	183.670000	4000.000000	18000.000000	8000.000000	Trill	5.655931	11.832258	NaN	NaN	48.135636	0.000000
611	Spectrogram 1	2	203.350000	203.450000	4000.000000	18000.000000	8000.000000	Trill	6.121920	8.357548	NaN	NaN	52.517283	0.000000
612	Spectrogram 1	2	270.610000	270.700000	4000.000000	18000.000000	8000.000000	Trill	13.429114	15.934334	NaN	NaN	35.692570	0.000000
613	Spectrogram 1	2	349.620000	349.720000	4000.000000	18000.000000	8000.000000	P-peep	4.421846	6.163187	NaN	NaN	36.270429	0.000000
614	Spectrogram 1	2	494.650000	495.030000	4000.000000	18000.000000	8000.000000	Trill	5.317562	7.843924	NaN	NaN	35.696168	0.000000
615	Spectrogram 1	2	495.720000	496.180000	4000.000000	18000.000000	8000.000000	Trillphee	6.502398	9.885926	NaN	NaN	48.033106	0.000000
616	Spectrogram 1	2	496.340000	496.390000	4000.000000	18000.000000	8000.000000	Trill	6.025174	6.734014	NaN	NaN	43.019767	0.000000
617	Spectrogram 1	2	516.690000	516.710000	4000.000000	18000.000000	8000.000000	Twitter	7.445859	13.190452	NaN	NaN	50.672861	0.000000
618	Spectrogram 1	2	566.310000	566.450000	4000.000000	18000.000000	8000.000000	Trill	4.470823	9.903717	NaN	NaN	43.667447	0.000000
619	Spectrogram 1	2	608.580000	608.630000	4000.000000	18000.000000	8000.000000	Sd-peep	5.027404	8.909856	NaN	NaN	55.948082	0.000000
620	Spectrogram 1	2	752.810000	752.940000	4000.000000	18000.000000	8000.000000	Trillphee	5.997672	8.510729	NaN	NaN	37.555666	0.000000
621	Spectrogram 1	2	896.970000	897.390000	4000.000000	18000.000000	8000.000000	Trillphee	4.076849	7.796846	NaN	NaN	38.177392	0.000000
622	Spectrogram 1	2	921.400000	921.980000	4000.000000	18000.000000	8000.000000	P-peep	5.088905	9.200989	NaN	NaN	51.171241	0.000000
623	Spectrogram 1	2	922.550000	923.450000	4000.000000	18000.000000	8000.000000	Trillphee	5.453796	8.719005	NaN	NaN	39.239628	0.000000
624	Spectrogram 1	2	931.580000	931.780000	4000.000000	18000.000000	8000.000000	Trill	5.869423	9.470228	NaN	NaN	35.589557	0.000000
625	Spectrogram 1	2	1016.430000	1016.490000	4000.000000	18000.000000	8000.000000	Trill	4.374027	8.948038	NaN	NaN	45.609462	0.000000
626	Spectrogram 1	2	1016.540000	1016.580000	4000.000000	18000.000000	8000.000000	Trill	5.021856	8.519598	NaN	NaN	40.563565	0.000000
627	Spectrogram 1	2	1041.450000	1041.470000	4000.000000	18000.000000	8000.000000	Tse	5.688062	11.741253	NaN	NaN	46.446374	0.000000
628	Spectrogram 1	2	1041.570000	1041.590000	4000.000000	18000.000000	8000.000000	Sd-peep	5.757825	12.274399	NaN	NaN	47.979800	0.000000
629	Spectrogram 1	2	1115.250000	1115.590000	4000.000000	18000.000000	8000.000000	Trill	5.863453	9.701925	NaN	NaN	41.449360	0.000000
630	Spectrogram 1	2	1146.360000	1146.800000	4000.000000	18000.000000	8000.000000	Trill	6.230569	8.775646	NaN	NaN	46.325190	0.000000
631	Spectrogram 1	2	1148.630000	1148.900000	4000.000000	18000.000000	8000.000000	Trill	5.710143	8.153659	NaN	NaN	44.279544	0.000000
632	Spectrogram 1	2	1184.390000	1184.530000	4000.000000	18000.000000	8000.000000	Trill	6.100686	11.911510	NaN	NaN	40.211234	0.000000
633	Spectrogram 1	2	1315.470000	1315.520000	4000.000000	18000.000000	8000.000000	Trill	4.038867	10.038108	NaN	NaN	40.446072	0.000000
634	Spectrogram 1	2	1330.890000	1331.290000	4000.000000	18000.000000	8000.000000	Trill	6.460679	12.238466	NaN	NaN	67.762038	0.000000
635	Spectrogram 1	2	1331.560000	1332.030000	4000.000000	18000.000000	8000.000000	Trillphee	5.735112	12.444703	NaN	NaN	47.517286	0.000000
636	Spectrogram 1	2	1332.110000	1332.430000	4000.000000	18000.000000	8000.000000	Trillphee	6.819645	11.262070	NaN	NaN	43.998124	0.000000
637	Spectrogram 1	2	1394.440000	1394.790000	4000.000000	18000.000000	8000.000000	Trill	6.510221	10.300439	NaN	NaN	37.420020	0.000000
638	Spectrogram 1	2	1395.040000	1395.090000	4000.000000	18000.000000	8000.000000	Twitter	7.677833	15.184635	NaN	NaN	51.176614	0.000000
639	Spectrogram 1	2	1395.410000	1395.450000	4000.000000	18000.000000	8000.000000	Twitter	9.108162	20.083843	NaN	NaN	52.616889	0.000000
640	Spectrogram 1	2	1395.520000	1395.560000	4000.000000	18000.000000	8000.000000	Twitter	9.100524	20.126306	NaN	NaN	54.798331	0.000000
641	Spectrogram 1	2	1395.610000	1395.660000	4000.000000	18000.000000	8000.000000	Twitter	8.858256	17.954471	NaN	NaN	57.909963	0.000000
642	Spectrogram 1	2	1395.720000	1395.760000	4000.000000	18000.000000	8000.000000	Twitter	6.792072	13.269514	NaN	NaN	57.883356	0.000000
643	Spectrogram 1	2	1395.830000	1395.850000	4000.000000	18000.000000	8000.000000	Trill	6.071745	11.619703	NaN	NaN	55.231697	0.000000
644	Spectrogram 1	2	1397.650000	1398.110000	4000.000000	18000.000000	8000.000000	Trill	7.432347	11.288135	NaN	NaN	53.227272	0.000000
645	Spectrogram 1	2	1406.280000	1406.410000	4000.000000	18000.000000	8000.000000	Trill	5.616105	10.637572	NaN	NaN	39.710643	0.000000
646	Spectrogram 1	2	1497.400000	1497.530000	4000.000000	18000.000000	8000.000000	Trill	5.499678	8.870736	NaN	NaN	37.411557	0.000000
647	Spectrogram 1	2	1527.210000	1527.530000	4000.000000	18000.000000	8000.000000	Trill	5.889333	7.971676	NaN	NaN	38.517613	0.000000
648	Spectrogram 1	2	1550.190000	1550.270000	4000.000000	18000.000000	8000.000000	Trill	8.626166	9.416924	NaN	NaN	47.784900	0.000000
649	Spectrogram 1	2	1551.780000	1551.910000	4000.000000	18000.000000	8000.000000	Trill	4.810215	11.191006	NaN	NaN	52.862306	0.000000
650	Spectrogram 1	2	1554.060000	1554.090000	4000.000000	18000.000000	8000.000000	Trill	6.708829	15.303515	NaN	NaN	47.302976	0.000000
651	Spectrogram 1	2	1588.170000	1588.230000	4000.000000	18000.000000	8000.000000	Sd-peep	12.195397	13.751896	NaN	NaN	36.683532	0.000000
652	Spectrogram 1	2	1721.950000	1722.700000	4000.000000	18000.000000	8000.000000	Trill	5.029046	6.917418	NaN	NaN	35.974223	0.000000
653	Spectrogram 1	2	1744.930000	1745.110000	4000.000000	18000.000000	8000.000000	Trill	10.144182	14.202029	NaN	NaN	69.647752	0.000000
654	Spectrogram 1	2	1746.760000	1747.580000	4000.000000	18000.000000	8000.000000	Trill	5.996276	7.804127	NaN	NaN	45.197799	0.000000
655	Spectrogram 1	2	1747.630000	1748.000000	4000.000000	18000.000000	8000.000000	Trillphee	10.032938	17.573403	NaN	NaN	84.608403	0.000000
656	Spectrogram 1	2	1757.450000	1758.100000	4000.000000	18000.000000	8000.000000	P-peep	4.392158	9.111426	NaN	NaN	42.980324	0.000000
657	Spectrogram 1	2	1786.670000	1787.360000	4000.000000	18000.000000	8000.000000	Trill	5.303602	11.638216	NaN	NaN	42.019808	0.000000
658	Spectrogram 1	2	1837.990000	1839.870000	4000.000000	18000.000000	8000.000000	Phee	6.634538	27.725157	NaN	NaN	85.177437	0.000000
659	Spectrogram 1	2	1840.010000	1841.140000	4000.000000	18000.000000	8000.000000	Phee	6.320911	22.555123	NaN	NaN	64.746212	0.000000
660	Spectrogram 1	2	1842.490000	1842.530000	4000.000000	18000.000000	8000.000000	Twitter	8.868112	17.277263	NaN	NaN	56.850119	0.000000
661	Spectrogram 1	2	1843.150000	1843.170000	4000.000000	18000.000000	8000.000000	Tse	8.761710	18.369809	NaN	NaN	59.521242	0.000000
662	Spectrogram 1	2	1852.870000	1854.220000	4000.000000	18000.000000	8000.000000	Phee	6.977681	27.461530	NaN	NaN	52.189251	0.000000
663	Spectrogram 1	2	1854.680000	1857.190000	4000.000000	18000.000000	8000.000000	Phee	5.881344	26.149373	NaN	NaN	46.202878	0.000000
664	Spectrogram 1	2	1878.160000	1879.230000	4000.000000	18000.000000	8000.000000	Phee	6.812431	30.221089	NaN	NaN	61.939265	0.000000
665	Spectrogram 1	2	1879.320000	1879.980000	4000.000000	18000.000000	8000.000000	Phee	6.033058	32.250186	NaN	NaN	54.627298	0.000000
666	Spectrogram 1	2	1880.010000	1880.320000	4000.000000	18000.000000	8000.000000	Phee	6.500842	22.668632	NaN	NaN	42.192310	0.000000
667	Spectrogram 1	2	1880.450000	1881.720000	4000.000000	18000.000000	8000.000000	Phee	6.272565	25.723537	NaN	NaN	42.355144	0.000000
668	Spectrogram 1	2	1881.900000	1883.140000	4000.000000	18000.000000	8000.000000	Phee	7.145815	29.907509	NaN	NaN	69.006205	0.000000
669	Spectrogram 1	2	1980.400000	1980.520000	4000.000000	18000.000000	8000.000000	Sd-peep	8.368868	9.836383	NaN	NaN	42.580276	0.000000
670	Spectrogram 1	2	2018.850000	2018.990000	4000.000000	18000.000000	8000.000000	Trill	6.780708	8.603671	NaN	NaN	39.703320	0.000000
671	Spectrogram 1	2	2028.540000	2028.570000	4000.000000	18000.000000	8000.000000	Trill	5.976390	5.995484	NaN	NaN	35.579768	0.000000
672	Spectrogram 1	2	2048.550000	2049.600000	4000.000000	18000.000000	8000.000000	Phee	5.160397	22.395835	NaN	NaN	77.970480	0.000000
673	Spectrogram 1	2	2086.480000	2086.540000	4000.000000	18000.000000	8000.000000	Sd-peep	5.565831	7.291726	NaN	NaN	35.448762	0.000000
674	Spectrogram 1	2	2099.590000	2099.670000	4000.000000	18000.000000	8000.000000	Trill	6.022187	11.285438	NaN	NaN	43.438796	0.000000
675	Spectrogram 1	2	2105.160000	2105.250000	4000.000000	18000.000000	8000.000000	P-peep	5.709740	6.429300	NaN	NaN	37.508579	0.000000
676	Spectrogram 1	2	2142.230000	2142.250000	4000.000000	18000.000000	8000.000000	P-peep	6.215706	15.183806	NaN	NaN	47.370638	0.000000
677	Spectrogram 1	2	2185.350000	2185.830000	4000.000000	18000.000000	8000.000000	Trill	4.788634	9.877406	NaN	NaN	36.090827	0.000000
678	Spectrogram 1	2	2201.630000	2201.740000	4000.000000	18000.000000	8000.000000	P-peep	4.466977	7.546906	NaN	NaN	40.347519	0.000000
679	Spectrogram 1	2	2203.410000	2203.520000	4000.000000	18000.000000	8000.000000	Trill	4.970255	8.130205	NaN	NaN	43.559359	0.000000
680	Spectrogram 1	2	2223.040000	2223.110000	4000.000000	18000.000000	8000.000000	Trill	12.654393	18.489236	NaN	NaN	57.761048	0.000000
681	Spectrogram 1	2	2223.180000	2223.260000	4000.000000	18000.000000	8000.000000	Tse	12.113844	19.451220	NaN	NaN	64.915525	0.000000
682	Spectrogram 1	2	2239.280000	2239.980000	4000.000000	18000.000000	8000.000000	Trill	4.391104	8.706436	NaN	NaN	39.741277	0.000000
683	Spectrogram 1	2	2296.830000	2296.970000	4000.000000	18000.000000	8000.000000	Trill	4.664507	7.839971	NaN	NaN	37.593689	0.000000
684	Spectrogram 1	2	2302.230000	2302.330000	4000.000000	18000.000000	8000.000000	Trill	5.291260	14.053933	NaN	NaN	52.369850	0.000000
685	Spectrogram 1	2	2306.640000	2307.160000	4000.000000	18000.000000	8000.000000	Sd-peep	4.896390	7.341747	NaN	NaN	37.718168	0.000000
686	Spectrogram 1	2	2311.120000	2311.550000	4000.000000	18000.000000	8000.000000	Phee	4.880819	7.145385	NaN	NaN	42.568719	0.000000
687	Spectrogram 1	2	2340.750000	2340.860000	4000.000000	18000.000000	8000.000000	Trill	4.943384	10.304227	NaN	NaN	44.669625	0.000000
688	Spectrogram 1	2	2399.420000	2399.490000	4000.000000	18000.000000	8000.000000	Trill	4.742899	5.342336	NaN	NaN	37.026775	0.000000
689	Spectrogram 1	2	2461.830000	2461.880000	4000.000000	18000.000000	8000.000000	Trill	5.061687	7.778800	NaN	NaN	37.596547	0.000000
690	Spectrogram 1	2	2528.920000	2529.540000	4000.000000	18000.000000	8000.000000	Trill	7.124066	10.733375	NaN	NaN	37.633530	0.000000
691	Spectrogram 1	2	2568.210000	2569.080000	4000.000000	18000.000000	8000.000000	Trill	6.206300	9.526610	NaN	NaN	45.823961	0.000000
692	Spectrogram 1	2	2585.930000	2586.710000	4000.000000	18000.000000	8000.000000	Trillphee	5.769733	11.333182	NaN	NaN	46.744867	0.000000
693	Spectrogram 1	2	2608.670000	2608.770000	4000.000000	18000.000000	8000.000000	P-peep	4.425377	9.587304	NaN	NaN	37.960108	0.000000
694	Spectrogram 1	2	2617.650000	2618.090000	4000.000000	18000.000000	8000.000000	P-peep	4.885777	7.075978	NaN	NaN	35.869290	0.000000
695	Spectrogram 1	2	2638.100000	2638.370000	4000.000000	18000.000000	8000.000000	Trill	10.571354	15.512138	NaN	NaN	74.026895	0.000000
696	Spectrogram 1	2	2694.910000	2696.210000	4000.000000	18000.000000	8000.000000	Trillphee	5.102665	11.802735	NaN	NaN	48.413147	0.000000
