Selection	View	Channel	Begin Time (s)	End Time (s)	Low Freq (Hz)	High Freq (Hz)	Max Freq (Hz)	Call Type	Energy Diff	Energy Par	Energy Diff (wl)	Energy Par (wl)	AHR	Exception
1	Spectrogram 1	1	21.790000	21.820000	4000.000000	18000.000000	8000.000000	Twitter	8.680734	25.199821	NaN	NaN	60.574657	0.000000
2	Spectrogram 1	1	22.720000	22.740000	4000.000000	18000.000000	8000.000000	Tse	7.254733	20.346943	NaN	NaN	56.004418	0.000000
3	Spectrogram 1	1	89.360000	90.040000	4000.000000	18000.000000	8000.000000	Phee	12.268334	24.633240	NaN	NaN	114.270016	0.000000
4	Spectrogram 1	1	90.160000	91.040000	4000.000000	18000.000000	8000.000000	Phee	14.952549	28.286642	NaN	NaN	133.725729	0.000000
5	Spectrogram 1	1	91.350000	91.570000	4000.000000	18000.000000	8000.000000	Trill	7.851447	13.400527	NaN	NaN	82.627727	0.000000
6	Spectrogram 1	1	91.640000	91.900000	4000.000000	18000.000000	8000.000000	Phee	11.946785	23.307248	NaN	NaN	113.683500	0.000000
7	Spectrogram 1	1	186.050000	186.530000	4000.000000	18000.000000	8000.000000	Phee	11.817037	22.020457	NaN	NaN	113.481257	0.000000
8	Spectrogram 1	1	186.610000	187.320000	4000.000000	18000.000000	8000.000000	Phee	15.617614	32.838186	NaN	NaN	150.560863	0.000000
9	Spectrogram 1	1	187.490000	187.660000	4000.000000	18000.000000	8000.000000	Phee	10.065270	22.533932	NaN	NaN	98.073700	0.000000
10	Spectrogram 1	1	187.700000	188.220000	4000.000000	18000.000000	8000.000000	Phee	14.968951	29.723015	NaN	NaN	126.372870	0.000000
11	Spectrogram 1	1	188.340000	188.490000	4000.000000	18000.000000	8000.000000	Phee	9.009798	18.265392	NaN	NaN	74.532194	0.000000
12	Spectrogram 1	1	231.630000	231.720000	4000.000000	18000.000000	8000.000000	Phee	5.390444	15.036160	NaN	NaN	77.546801	0.000000
13	Spectrogram 1	1	476.740000	477.210000	4000.000000	18000.000000	8000.000000	Phee	12.982627	23.868581	NaN	NaN	116.018711	0.000000
14	Spectrogram 1	1	477.440000	478.160000	4000.000000	18000.000000	8000.000000	Phee	12.197814	24.728403	NaN	NaN	112.745032	0.000000
15	Spectrogram 1	1	478.390000	478.430000	4000.000000	18000.000000	8000.000000	Trill	11.802186	16.832617	NaN	NaN	88.793338	0.000000
16	Spectrogram 1	1	478.480000	478.560000	4000.000000	18000.000000	8000.000000	Phee	13.486559	24.121016	NaN	NaN	118.471815	0.000000
17	Spectrogram 1	1	478.650000	479.000000	4000.000000	18000.000000	8000.000000	Phee	13.453764	28.239266	NaN	NaN	94.649771	0.000000
18	Spectrogram 1	1	479.160000	479.690000	4000.000000	18000.000000	8000.000000	Phee	17.311072	29.511223	NaN	NaN	145.688930	0.000000
19	Spectrogram 1	1	528.690000	528.770000	4000.000000	18000.000000	8000.000000	Trill	6.792134	14.474112	NaN	NaN	54.345155	0.000000
20	Spectrogram 1	1	668.090000	668.650000	4000.000000	18000.000000	8000.000000	Trill	5.856730	11.255311	NaN	NaN	41.835797	0.000000
21	Spectrogram 1	1	908.000000	908.160000	4000.000000	18000.000000	8000.000000	Trill	10.572422	17.971958	NaN	NaN	72.402924	0.000000
22	Spectrogram 1	1	908.230000	908.550000	4000.000000	18000.000000	8000.000000	Trillphee	5.978345	16.665988	NaN	NaN	57.842130	0.000000
23	Spectrogram 1	1	908.600000	909.150000	4000.000000	18000.000000	8000.000000	P-peep	6.500896	19.930243	NaN	NaN	67.042057	0.000000
24	Spectrogram 1	1	909.200000	909.450000	4000.000000	18000.000000	8000.000000	Trillphee	5.224905	17.082453	NaN	NaN	54.170024	0.000000
25	Spectrogram 1	1	909.510000	909.560000	4000.000000	18000.000000	8000.000000	P-peep	5.723580	14.273168	NaN	NaN	64.055423	0.000000
26	Spectrogram 1	1	909.790000	909.980000	4000.000000	18000.000000	8000.000000	Phee	6.230187	16.486804	NaN	NaN	69.815664	0.000000
27	Spectrogram 1	1	910.250000	910.380000	4000.000000	18000.000000	8000.000000	Trillphee	4.955550	16.181210	NaN	NaN	60.332139	0.000000
28	Spectrogram 1	1	910.490000	910.750000	4000.000000	18000.000000	8000.000000	Phee	11.113078	21.540110	NaN	NaN	91.112461	0.000000
29	Spectrogram 1	1	950.750000	950.790000	4000.000000	18000.000000	8000.000000	Tse	6.716288	19.464039	NaN	NaN	63.496982	0.000000
30	Spectrogram 1	1	968.710000	968.760000	4000.000000	18000.000000	8000.000000	Trill	5.441039	11.625930	NaN	NaN	45.538723	0.000000
31	Spectrogram 1	1	969.240000	969.890000	4000.000000	18000.000000	8000.000000	Phee	5.308141	18.717239	NaN	NaN	62.303228	0.000000
32	Spectrogram 1	1	969.950000	970.320000	4000.000000	18000.000000	8000.000000	Phee	6.482818	19.898979	NaN	NaN	70.942403	0.000000
33	Spectrogram 1	1	970.490000	971.220000	4000.000000	18000.000000	8000.000000	Phee	6.030184	20.358788	NaN	NaN	79.433737	0.000000
34	Spectrogram 1	1	999.780000	999.980000	4000.000000	18000.000000	8000.000000	Phee	9.485277	26.605026	NaN	NaN	87.809360	0.000000
35	Spectrogram 1	1	1001.430000	1001.540000	4000.000000	18000.000000	8000.000000	Trill	5.420313	15.280578	NaN	NaN	71.323607	0.000000
36	Spectrogram 1	1	1001.730000	1002.060000	4000.000000	18000.000000	8000.000000	Phee	6.303038	19.445655	NaN	NaN	87.805555	0.000000
37	Spectrogram 1	1	1076.660000	1076.770000	4000.000000	18000.000000	8000.000000	Trill	4.908659	11.174014	NaN	NaN	47.343195	0.000000
38	Spectrogram 1	1	1076.840000	1076.930000	4000.000000	18000.000000	8000.000000	Trill	5.090224	15.676191	NaN	NaN	69.133986	0.000000
39	Spectrogram 1	1	1077.470000	1078.010000	4000.000000	18000.000000	8000.000000	Phee	4.929086	18.343050	NaN	NaN	72.303081	0.000000
40	Spectrogram 1	1	1126.430000	1126.450000	4000.000000	18000.000000	8000.000000	Twitter	8.350050	23.490679	NaN	NaN	42.383037	0.000000
41	Spectrogram 1	1	1126.760000	1126.780000	4000.000000	18000.000000	8000.000000	Twitter	8.778876	24.893917	NaN	NaN	48.335177	0.000000
42	Spectrogram 1	1	1126.960000	1126.990000	4000.000000	18000.000000	8000.000000	Twitter	8.200212	22.470052	NaN	NaN	51.667888	0.000000
43	Spectrogram 1	1	1127.060000	1127.090000	4000.000000	18000.000000	8000.000000	Twitter	7.319292	22.224774	NaN	NaN	58.875164	0.000000
44	Spectrogram 1	1	1127.140000	1127.180000	4000.000000	18000.000000	8000.000000	Trill	7.171572	20.604204	NaN	NaN	69.161181	0.000000
45	Spectrogram 1	1	1218.940000	1219.080000	4000.000000	18000.000000	8000.000000	Trill	9.183664	16.671244	NaN	NaN	48.913259	0.000000
46	Spectrogram 1	1	1219.160000	1219.190000	4000.000000	18000.000000	8000.000000	Tse	8.580681	15.746228	NaN	NaN	47.030025	0.000000
47	Spectrogram 1	1	1265.810000	1265.890000	4000.000000	18000.000000	8000.000000	Phee	6.920204	20.098205	NaN	NaN	78.860918	0.000000
48	Spectrogram 1	1	1266.180000	1266.270000	4000.000000	18000.000000	8000.000000	Trill	6.728061	17.174494	NaN	NaN	67.559752	0.000000
49	Spectrogram 1	1	1266.310000	1266.840000	4000.000000	18000.000000	8000.000000	Phee	8.004309	19.364740	NaN	NaN	64.863929	0.000000
50	Spectrogram 1	1	1266.960000	1267.170000	4000.000000	18000.000000	8000.000000	Phee	11.205492	23.585832	NaN	NaN	105.274472	0.000000
51	Spectrogram 1	1	1267.210000	1267.490000	4000.000000	18000.000000	8000.000000	Phee	11.406630	26.069508	NaN	NaN	83.782151	0.000000
52	Spectrogram 1	1	1267.620000	1267.700000	4000.000000	18000.000000	8000.000000	Phee	10.593759	18.496348	NaN	NaN	76.788932	0.000000
53	Spectrogram 1	1	1273.940000	1274.280000	4000.000000	18000.000000	8000.000000	Trill	7.643472	14.954062	NaN	NaN	56.082596	0.000000
54	Spectrogram 1	1	1305.840000	1305.900000	4000.000000	18000.000000	8000.000000	Tse	13.593567	17.828645	NaN	NaN	81.272542	0.000000
55	Spectrogram 1	1	1305.960000	1306.040000	4000.000000	18000.000000	8000.000000	Trill	12.858190	19.999776	NaN	NaN	100.840045	0.000000
56	Spectrogram 1	1	1306.190000	1306.250000	4000.000000	18000.000000	8000.000000	Trill	10.547945	15.636824	NaN	NaN	62.754261	0.000000
57	Spectrogram 1	1	1424.630000	1425.330000	4000.000000	18000.000000	8000.000000	Phee	8.138519	22.754744	NaN	NaN	81.794806	0.000000
58	Spectrogram 1	1	1425.370000	1425.440000	4000.000000	18000.000000	8000.000000	Twitter	6.285479	20.836240	NaN	NaN	59.786927	0.000000
59	Spectrogram 1	1	1425.700000	1425.940000	4000.000000	18000.000000	8000.000000	Phee	8.056826	27.232589	NaN	NaN	82.682162	0.000000
60	Spectrogram 1	1	1425.960000	1426.060000	4000.000000	18000.000000	8000.000000	Phee	10.287463	27.453129	NaN	NaN	93.335925	0.000000
61	Spectrogram 1	1	1426.100000	1426.240000	4000.000000	18000.000000	8000.000000	Phee	10.770193	24.970528	NaN	NaN	81.456970	0.000000
62	Spectrogram 1	1	1426.640000	1427.010000	4000.000000	18000.000000	8000.000000	Phee	12.106849	30.017159	NaN	NaN	111.139887	0.000000
63	Spectrogram 1	1	1765.440000	1765.470000	4000.000000	18000.000000	8000.000000	Tse	11.432815	22.316480	NaN	NaN	67.084444	0.000000
64	Spectrogram 1	1	1765.550000	1765.570000	4000.000000	18000.000000	8000.000000	Tse	10.320128	17.429053	NaN	NaN	48.884446	0.000000
65	Spectrogram 1	1	1766.130000	1766.150000	4000.000000	18000.000000	8000.000000	Tse	17.395583	27.024157	NaN	NaN	66.954288	0.000000
66	Spectrogram 1	1	1766.230000	1766.260000	4000.000000	18000.000000	8000.000000	Twitter	14.164459	23.981837	NaN	NaN	61.360365	0.000000
67	Spectrogram 1	1	1766.340000	1766.370000	4000.000000	18000.000000	8000.000000	Twitter	8.217051	17.181076	NaN	NaN	66.067599	0.000000
68	Spectrogram 1	1	1889.760000	1889.970000	4000.000000	18000.000000	8000.000000	Phee	15.052521	25.578511	NaN	NaN	102.674316	0.000000
69	Spectrogram 1	1	1890.020000	1890.270000	4000.000000	18000.000000	8000.000000	Phee	17.439856	33.131499	NaN	NaN	142.216329	0.000000
70	Spectrogram 1	1	1890.400000	1891.290000	4000.000000	18000.000000	8000.000000	Phee	15.605917	30.187605	NaN	NaN	130.768277	0.000000
71	Spectrogram 1	1	1891.400000	1892.070000	4000.000000	18000.000000	8000.000000	Phee	18.899270	33.893123	NaN	NaN	162.261811	0.000000
72	Spectrogram 1	1	1892.210000	1892.340000	4000.000000	18000.000000	8000.000000	Phee	10.597841	21.352967	NaN	NaN	79.059012	0.000000
73	Spectrogram 1	1	1892.490000	1892.570000	4000.000000	18000.000000	8000.000000	Phee	12.362942	23.846720	NaN	NaN	100.659329	0.000000
74	Spectrogram 1	1	1919.850000	1919.910000	4000.000000	18000.000000	8000.000000	Sd-peep	12.081018	19.685144	NaN	NaN	74.023533	0.000000
75	Spectrogram 1	1	1920.710000	1921.460000	4000.000000	18000.000000	8000.000000	Trillphee	5.180279	19.206978	NaN	NaN	70.770809	0.000000
76	Spectrogram 1	1	1921.800000	1922.210000	4000.000000	18000.000000	8000.000000	Phee	6.851120	24.060077	NaN	NaN	69.369009	0.000000
77	Spectrogram 1	1	1922.310000	1922.810000	4000.000000	18000.000000	8000.000000	Phee	8.639093	21.745908	NaN	NaN	86.981464	0.000000
78	Spectrogram 1	1	2123.430000	2123.480000	4000.000000	18000.000000	8000.000000	Twitter	9.728770	24.836349	NaN	NaN	73.321259	0.000000
79	Spectrogram 1	1	2124.300000	2124.330000	4000.000000	18000.000000	8000.000000	Twitter	8.560156	23.331001	NaN	NaN	53.787738	0.000000
80	Spectrogram 1	1	2447.080000	2447.430000	4000.000000	18000.000000	8000.000000	Trill	4.462902	10.091908	NaN	NaN	43.346529	0.000000
81	Spectrogram 1	1	2447.530000	2447.800000	4000.000000	18000.000000	8000.000000	Trill	5.699712	11.392279	NaN	NaN	53.559364	0.000000
82	Spectrogram 1	1	2448.170000	2448.460000	4000.000000	18000.000000	8000.000000	Phee	5.297339	10.919738	NaN	NaN	66.454967	0.000000
83	Spectrogram 1	1	2641.800000	2641.830000	4000.000000	18000.000000	8000.000000	Twitter	7.786172	23.077213	NaN	NaN	52.362523	0.000000
84	Spectrogram 1	1	2642.240000	2642.270000	4000.000000	18000.000000	8000.000000	Twitter	8.937275	21.455772	NaN	NaN	53.439132	0.000000
85	Spectrogram 1	1	3038.130000	3038.520000	4000.000000	18000.000000	8000.000000	Trill	6.532994	13.822657	NaN	NaN	58.768063	0.000000
86	Spectrogram 1	1	3038.850000	3038.930000	4000.000000	18000.000000	8000.000000	Trillphee	3.530039	11.181867	NaN	NaN	57.163128	0.000000
87	Spectrogram 1	1	3038.990000	3039.090000	4000.000000	18000.000000	8000.000000	P-peep	3.611369	16.107840	NaN	NaN	60.508423	0.000000
88	Spectrogram 1	1	3039.430000	3039.500000	4000.000000	18000.000000	8000.000000	Trillphee	5.269872	13.296567	NaN	NaN	54.652967	0.000000
89	Spectrogram 1	1	3050.500000	3050.740000	4000.000000	18000.000000	8000.000000	Trill	5.689240	10.452189	NaN	NaN	41.851294	0.000000
90	Spectrogram 1	1	3152.500000	3152.580000	4000.000000	18000.000000	8000.000000	Trill	7.379866	14.422664	NaN	NaN	50.880456	0.000000
91	Spectrogram 1	1	3232.590000	3232.650000	4000.000000	18000.000000	8000.000000	Twitter	10.869135	18.130159	NaN	NaN	64.325807	0.000000
92	Spectrogram 1	1	3369.930000	3370.040000	4000.000000	18000.000000	8000.000000	Trill	7.273575	13.128929	NaN	NaN	51.406587	0.000000
93	Spectrogram 1	2	141.320000	141.680000	4000.000000	18000.000000	8000.000000	Trill	4.441550	11.337583	NaN	NaN	45.034049	0.000000
94	Spectrogram 1	2	270.140000	270.160000	4000.000000	18000.000000	8000.000000	P-peep	4.580967	11.777917	NaN	NaN	50.463534	0.000000
95	Spectrogram 1	2	289.530000	289.570000	4000.000000	18000.000000	8000.000000	Twitter	5.178819	13.767444	NaN	NaN	51.639525	0.000000
96	Spectrogram 1	2	289.730000	289.760000	4000.000000	18000.000000	8000.000000	Twitter	5.647058	14.532660	NaN	NaN	53.121725	0.000000
97	Spectrogram 1	2	289.780000	289.800000	4000.000000	18000.000000	8000.000000	Twitter	4.930226	12.985941	NaN	NaN	54.163296	0.000000
98	Spectrogram 1	2	290.940000	291.030000	4000.000000	18000.000000	8000.000000	Twitter	5.044287	10.615622	NaN	NaN	35.767333	0.000000
99	Spectrogram 1	2	362.450000	362.780000	4000.000000	18000.000000	8000.000000	Trill	4.643319	10.763518	NaN	NaN	36.933269	0.000000
100	Spectrogram 1	2	372.690000	372.720000	4000.000000	18000.000000	8000.000000	Twitter	8.120109	18.355100	NaN	NaN	53.892975	0.000000
101	Spectrogram 1	2	373.110000	373.180000	4000.000000	18000.000000	8000.000000	Tse	5.347576	14.333475	NaN	NaN	40.459794	0.000000
102	Spectrogram 1	2	374.330000	374.370000	4000.000000	18000.000000	8000.000000	Twitter	7.298885	17.751423	NaN	NaN	54.467147	0.000000
103	Spectrogram 1	2	379.320000	379.360000	4000.000000	18000.000000	8000.000000	Twitter	7.346632	16.935001	NaN	NaN	57.026751	0.000000
104	Spectrogram 1	2	387.100000	387.130000	4000.000000	18000.000000	8000.000000	Twitter	6.270416	16.206319	NaN	NaN	50.371259	0.000000
105	Spectrogram 1	2	399.560000	399.670000	4000.000000	18000.000000	8000.000000	Trill	3.859028	9.158776	NaN	NaN	45.226267	0.000000
106	Spectrogram 1	2	416.850000	416.990000	4000.000000	18000.000000	8000.000000	Trill	4.023726	8.812000	NaN	NaN	38.804503	0.000000
107	Spectrogram 1	2	483.780000	483.830000	4000.000000	18000.000000	8000.000000	Sd-peep	6.665553	17.168450	NaN	NaN	41.464590	0.000000
108	Spectrogram 1	2	485.810000	485.980000	4000.000000	18000.000000	8000.000000	Phee	5.508335	25.164757	NaN	NaN	51.065772	0.000000
109	Spectrogram 1	2	523.880000	523.900000	4000.000000	18000.000000	8000.000000	Twitter	6.273471	22.522240	NaN	NaN	46.042009	0.000000
110	Spectrogram 1	2	524.020000	524.060000	4000.000000	18000.000000	8000.000000	Twitter	5.598740	19.525830	NaN	NaN	55.536084	0.000000
111	Spectrogram 1	2	526.960000	526.990000	4000.000000	18000.000000	8000.000000	Twitter	6.485915	15.476830	NaN	NaN	56.410244	0.000000
112	Spectrogram 1	2	527.700000	527.730000	4000.000000	18000.000000	8000.000000	Tse	8.393629	17.984504	NaN	NaN	51.705927	0.000000
113	Spectrogram 1	2	527.850000	527.880000	4000.000000	18000.000000	8000.000000	Twitter	9.344417	19.443829	NaN	NaN	53.237419	0.000000
114	Spectrogram 1	2	551.330000	551.390000	4000.000000	18000.000000	8000.000000	Trill	4.078754	9.088727	NaN	NaN	45.401603	0.000000
115	Spectrogram 1	2	581.400000	581.430000	4000.000000	18000.000000	8000.000000	Twitter	6.556267	18.913915	NaN	NaN	48.955238	0.000000
116	Spectrogram 1	2	581.550000	581.580000	4000.000000	18000.000000	8000.000000	Twitter	6.579273	17.989392	NaN	NaN	47.851128	0.000000
117	Spectrogram 1	2	597.860000	598.020000	4000.000000	18000.000000	8000.000000	Trill	3.541896	8.913165	NaN	NaN	46.413137	0.000000
118	Spectrogram 1	2	600.750000	600.920000	4000.000000	18000.000000	8000.000000	Trill	4.428127	8.363954	NaN	NaN	53.272071	0.000000
119	Spectrogram 1	2	741.560000	741.600000	4000.000000	18000.000000	8000.000000	Twitter	7.144883	16.531628	NaN	NaN	49.462667	0.000000
120	Spectrogram 1	2	741.720000	741.740000	4000.000000	18000.000000	8000.000000	Twitter	6.668446	16.876921	NaN	NaN	50.884964	0.000000
121	Spectrogram 1	2	752.120000	752.140000	4000.000000	18000.000000	8000.000000	Twitter	6.890221	16.229629	NaN	NaN	49.659309	0.000000
122	Spectrogram 1	2	755.860000	755.900000	4000.000000	18000.000000	8000.000000	Twitter	6.418131	14.317800	NaN	NaN	52.788170	0.000000
123	Spectrogram 1	2	846.630000	846.700000	4000.000000	18000.000000	8000.000000	Trill	7.694071	11.504340	NaN	NaN	75.124991	0.000000
124	Spectrogram 1	2	916.420000	916.510000	4000.000000	18000.000000	8000.000000	Trill	4.342727	10.087985	NaN	NaN	36.724551	0.000000
125	Spectrogram 1	2	945.980000	946.060000	4000.000000	18000.000000	8000.000000	Phee	4.077676	15.015247	NaN	NaN	68.409640	0.000000
126	Spectrogram 1	2	960.390000	960.680000	4000.000000	18000.000000	8000.000000	Trill	4.147069	13.623496	NaN	NaN	49.156138	0.000000
127	Spectrogram 1	2	1075.450000	1075.830000	4000.000000	18000.000000	8000.000000	Phee	5.488748	16.463638	NaN	NaN	86.837525	0.000000
128	Spectrogram 1	2	1093.970000	1094.130000	4000.000000	18000.000000	8000.000000	P-peep	9.275914	18.830867	NaN	NaN	99.859253	0.000000
129	Spectrogram 1	2	1096.680000	1096.760000	4000.000000	18000.000000	8000.000000	Tse	9.185580	24.715506	NaN	NaN	92.680436	0.000000
130	Spectrogram 1	2	1099.280000	1099.470000	4000.000000	18000.000000	8000.000000	Sd-peep	9.313951	23.606014	NaN	NaN	83.898882	0.000000
131	Spectrogram 1	2	1105.390000	1105.410000	4000.000000	18000.000000	8000.000000	Twitter	8.340468	28.720030	NaN	NaN	45.575239	0.000000
132	Spectrogram 1	2	1105.580000	1105.610000	4000.000000	18000.000000	8000.000000	Twitter	14.056981	34.384455	NaN	NaN	77.998466	0.000000
133	Spectrogram 1	2	1106.050000	1106.070000	4000.000000	18000.000000	8000.000000	Tsik	9.082175	22.160102	NaN	NaN	59.538265	0.000000
134	Spectrogram 1	2	1107.230000	1107.260000	4000.000000	18000.000000	8000.000000	Twitter	13.117726	31.924224	NaN	NaN	82.772508	0.000000
135	Spectrogram 1	2	1109.230000	1109.920000	4000.000000	18000.000000	8000.000000	Trill	8.901966	20.026798	NaN	NaN	57.720174	0.000000
136	Spectrogram 1	2	1129.750000	1129.800000	4000.000000	18000.000000	8000.000000	Twitter	6.295606	15.818883	NaN	NaN	62.561092	0.000000
137	Spectrogram 1	2	1135.790000	1136.410000	4000.000000	18000.000000	8000.000000	Trill	4.523700	12.375765	NaN	NaN	39.047635	0.000000
138	Spectrogram 1	2	1146.570000	1146.610000	4000.000000	18000.000000	8000.000000	Twitter	5.173603	15.362384	NaN	NaN	54.175418	0.000000
139	Spectrogram 1	2	1158.840000	1159.490000	4000.000000	18000.000000	8000.000000	Trillphee	3.884074	16.460445	NaN	NaN	70.239229	0.000000
140	Spectrogram 1	2	1159.610000	1159.980000	4000.000000	18000.000000	8000.000000	Phee	4.224476	17.982852	NaN	NaN	69.512409	0.000000
141	Spectrogram 1	2	1163.760000	1164.320000	4000.000000	18000.000000	8000.000000	Trillphee	3.819478	14.286719	NaN	NaN	75.792636	0.000000
142	Spectrogram 1	2	1196.760000	1197.660000	4000.000000	18000.000000	8000.000000	Trill	6.146731	13.517949	NaN	NaN	40.078774	0.000000
143	Spectrogram 1	2	1272.510000	1273.340000	4000.000000	18000.000000	8000.000000	Trill	5.260570	11.160836	NaN	NaN	42.208671	0.000000
144	Spectrogram 1	2	1320.460000	1320.490000	4000.000000	18000.000000	8000.000000	Twitter	4.560829	15.417909	NaN	NaN	52.066457	0.000000
145	Spectrogram 1	2	1327.480000	1328.120000	4000.000000	18000.000000	8000.000000	Trill	4.365805	12.293656	NaN	NaN	39.399879	0.000000
146	Spectrogram 1	2	1328.920000	1329.340000	4000.000000	18000.000000	8000.000000	Phee	3.844877	11.728985	NaN	NaN	46.995489	0.000000
147	Spectrogram 1	2	1348.210000	1348.240000	4000.000000	18000.000000	8000.000000	Tse	6.821253	16.802544	NaN	NaN	61.100245	0.000000
148	Spectrogram 1	2	1349.300000	1349.340000	4000.000000	18000.000000	8000.000000	Twitter	6.339329	16.504173	NaN	NaN	56.574850	0.000000
149	Spectrogram 1	2	1351.530000	1351.570000	4000.000000	18000.000000	8000.000000	Tse	4.690742	19.684639	NaN	NaN	53.682120	0.000000
150	Spectrogram 1	2	1360.620000	1360.650000	4000.000000	18000.000000	8000.000000	Twitter	5.169905	15.102591	NaN	NaN	53.326395	0.000000
151	Spectrogram 1	2	1360.990000	1361.030000	4000.000000	18000.000000	8000.000000	Twitter	5.597293	16.170062	NaN	NaN	58.380014	0.000000
152	Spectrogram 1	2	1380.870000	1380.910000	4000.000000	18000.000000	8000.000000	Twitter	5.575308	15.558133	NaN	NaN	57.811665	0.000000
153	Spectrogram 1	2	1384.480000	1384.510000	4000.000000	18000.000000	8000.000000	Twitter	5.808381	15.091728	NaN	NaN	52.986661	0.000000
154	Spectrogram 1	2	1387.050000	1387.100000	4000.000000	18000.000000	8000.000000	Twitter	4.746504	13.713393	NaN	NaN	55.304959	0.000000
155	Spectrogram 1	2	1387.440000	1387.520000	4000.000000	18000.000000	8000.000000	Sd-peep	3.626715	8.795191	NaN	NaN	39.345611	0.000000
156	Spectrogram 1	2	1388.010000	1388.110000	4000.000000	18000.000000	8000.000000	Twitter	4.539864	17.062020	NaN	NaN	38.592271	0.000000
157	Spectrogram 1	2	1388.990000	1389.040000	4000.000000	18000.000000	8000.000000	Tse	6.001234	16.930642	NaN	NaN	64.082025	0.000000
158	Spectrogram 1	2	1435.350000	1435.400000	4000.000000	18000.000000	8000.000000	Trill	3.166834	6.041036	NaN	NaN	39.889138	0.000000
159	Spectrogram 1	2	1451.440000	1453.270000	4000.000000	18000.000000	8000.000000	Phee	3.850221	22.567462	NaN	NaN	72.440238	0.000000
160	Spectrogram 1	2	1453.630000	1454.010000	4000.000000	18000.000000	8000.000000	Trill	3.979770	15.457444	NaN	NaN	53.931336	0.000000
161	Spectrogram 1	2	1459.380000	1459.500000	4000.000000	18000.000000	8000.000000	Twitter	6.983028	11.761459	NaN	NaN	37.002037	0.000000
162	Spectrogram 1	2	1484.260000	1484.280000	4000.000000	18000.000000	8000.000000	Tse	4.995647	15.511440	NaN	NaN	50.858541	0.000000
163	Spectrogram 1	2	1490.140000	1490.350000	4000.000000	18000.000000	8000.000000	Twitter	4.722073	11.028897	NaN	NaN	36.722838	0.000000
164	Spectrogram 1	2	1559.360000	1559.980000	4000.000000	18000.000000	8000.000000	Trill	5.168466	14.097166	NaN	NaN	44.872830	0.000000
165	Spectrogram 1	2	1595.370000	1595.530000	4000.000000	18000.000000	8000.000000	Trill	7.430953	13.409548	NaN	NaN	39.221447	0.000000
166	Spectrogram 1	2	1924.570000	1926.370000	4000.000000	18000.000000	8000.000000	Phee	3.681734	23.006598	NaN	NaN	45.826537	0.000000
167	Spectrogram 1	2	2018.860000	2018.950000	4000.000000	18000.000000	8000.000000	Trill	4.250716	11.170073	NaN	NaN	44.712293	0.000000
168	Spectrogram 1	2	2040.280000	2040.330000	4000.000000	18000.000000	8000.000000	Phee	7.377349	27.455362	NaN	NaN	94.102943	0.000000
169	Spectrogram 1	2	2076.530000	2076.570000	4000.000000	18000.000000	8000.000000	Sd-peep	6.938357	18.384601	NaN	NaN	60.979254	0.000000
170	Spectrogram 1	2	2084.810000	2085.190000	4000.000000	18000.000000	8000.000000	Trill	5.731062	11.857092	NaN	NaN	45.730899	0.000000
171	Spectrogram 1	2	2097.070000	2097.100000	4000.000000	18000.000000	8000.000000	Twitter	7.631518	16.013595	NaN	NaN	71.245989	0.000000
172	Spectrogram 1	2	2097.210000	2097.280000	4000.000000	18000.000000	8000.000000	Tse	6.218916	14.875185	NaN	NaN	45.773511	0.000000
173	Spectrogram 1	2	2097.350000	2098.390000	4000.000000	18000.000000	8000.000000	Twitter	4.409318	12.435921	NaN	NaN	37.964459	0.000000
174	Spectrogram 1	2	2105.010000	2105.320000	4000.000000	18000.000000	8000.000000	Trill	3.624042	11.794899	NaN	NaN	42.839537	0.000000
175	Spectrogram 1	2	2124.250000	2124.280000	4000.000000	18000.000000	8000.000000	Twitter	5.746502	16.458709	NaN	NaN	59.620024	0.000000
176	Spectrogram 1	2	2124.370000	2124.490000	4000.000000	18000.000000	8000.000000	Trillphee	5.503453	16.555761	NaN	NaN	64.638238	0.000000
177	Spectrogram 1	2	2147.250000	2147.270000	4000.000000	18000.000000	8000.000000	Twitter	7.080518	14.898349	NaN	NaN	54.793585	0.000000
178	Spectrogram 1	2	2147.370000	2147.400000	4000.000000	18000.000000	8000.000000	Twitter	6.271365	14.909511	NaN	NaN	52.121503	0.000000
179	Spectrogram 1	2	2147.500000	2147.530000	4000.000000	18000.000000	8000.000000	Twitter	4.548201	13.888099	NaN	NaN	54.601919	0.000000
180	Spectrogram 1	2	2155.310000	2157.190000	4000.000000	18000.000000	8000.000000	Phee	6.137079	24.087587	NaN	NaN	76.019200	0.000000
181	Spectrogram 1	2	2163.220000	2163.330000	4000.000000	18000.000000	8000.000000	Sd-peep	5.686543	19.726739	NaN	NaN	62.991618	0.000000
182	Spectrogram 1	2	2313.840000	2313.890000	4000.000000	18000.000000	8000.000000	Phee	5.653040	14.128228	NaN	NaN	67.586411	0.000000
183	Spectrogram 1	2	2354.860000	2354.930000	4000.000000	18000.000000	8000.000000	Trill	3.802561	8.426713	NaN	NaN	36.953022	0.000000
184	Spectrogram 1	2	2356.780000	2356.850000	4000.000000	18000.000000	8000.000000	P-peep	3.676061	12.252323	NaN	NaN	45.933963	0.000000
185	Spectrogram 1	2	2415.780000	2415.810000	4000.000000	18000.000000	8000.000000	Trill	6.333614	15.961471	NaN	NaN	50.350637	0.000000
186	Spectrogram 1	2	2591.240000	2591.300000	4000.000000	18000.000000	8000.000000	Phee	5.498867	13.472374	NaN	NaN	47.492647	0.000000
187	Spectrogram 1	2	2830.800000	2831.550000	4000.000000	18000.000000	8000.000000	Phee	4.125701	14.255906	NaN	NaN	64.007746	0.000000
188	Spectrogram 1	2	2831.930000	2832.270000	4000.000000	18000.000000	8000.000000	Phee	5.694232	15.259707	NaN	NaN	74.777697	0.000000
189	Spectrogram 1	2	2902.610000	2904.010000	4000.000000	18000.000000	8000.000000	Phee	5.139308	25.353988	NaN	NaN	68.267118	0.000000
190	Spectrogram 1	2	2904.340000	2905.710000	4000.000000	18000.000000	8000.000000	Phee	6.026684	27.871926	NaN	NaN	70.343601	0.000000
191	Spectrogram 1	2	2910.840000	2910.860000	4000.000000	18000.000000	8000.000000	Twitter	6.505462	14.450562	NaN	NaN	48.886866	0.000000
192	Spectrogram 1	2	2911.020000	2911.060000	4000.000000	18000.000000	8000.000000	Twitter	4.903527	13.341920	NaN	NaN	50.644987	0.000000
193	Spectrogram 1	2	2966.580000	2966.690000	4000.000000	18000.000000	8000.000000	Phee	4.326345	17.335078	NaN	NaN	75.325423	0.000000
194	Spectrogram 1	2	3043.530000	3043.600000	4000.000000	18000.000000	8000.000000	Sd-peep	5.187584	11.540304	NaN	NaN	36.231329	0.000000
195	Spectrogram 1	2	3044.910000	3045.300000	4000.000000	18000.000000	8000.000000	Trill	4.451999	10.884027	NaN	NaN	36.724771	0.000000
196	Spectrogram 1	2	3133.090000	3133.430000	4000.000000	18000.000000	8000.000000	Trill	3.194735	8.660800	NaN	NaN	39.795086	0.000000
197	Spectrogram 1	3	263.790000	263.820000	4000.000000	18000.000000	8000.000000	Trill	5.456645	12.498165	NaN	NaN	47.846239	0.000000
198	Spectrogram 1	3	270.720000	272.590000	4000.000000	18000.000000	8000.000000	Trill	5.920434	14.169604	NaN	NaN	58.689234	0.000000
199	Spectrogram 1	3	272.680000	273.040000	4000.000000	18000.000000	8000.000000	Phee	6.184344	13.760531	NaN	NaN	62.929724	0.000000
200	Spectrogram 1	3	733.050000	733.120000	4000.000000	18000.000000	8000.000000	Phee	7.004838	27.563558	NaN	NaN	101.688758	0.000000
201	Spectrogram 1	3	830.170000	830.330000	4000.000000	18000.000000	8000.000000	Trill	8.838981	11.042956	NaN	NaN	46.279556	0.000000
202	Spectrogram 1	3	830.450000	830.540000	4000.000000	18000.000000	8000.000000	Trill	6.616029	9.750544	NaN	NaN	50.859294	0.000000
203	Spectrogram 1	3	830.740000	830.770000	4000.000000	18000.000000	8000.000000	Trill	6.397500	8.381145	NaN	NaN	47.551846	0.000000
204	Spectrogram 1	3	946.060000	946.140000	4000.000000	18000.000000	8000.000000	Phee	3.906567	14.114791	NaN	NaN	62.809940	0.000000
205	Spectrogram 1	3	1131.570000	1131.640000	4000.000000	18000.000000	8000.000000	Twitter	8.352640	17.364963	NaN	NaN	58.354771	0.000000
206	Spectrogram 1	3	1397.200000	1397.320000	4000.000000	18000.000000	8000.000000	Trill	10.680850	17.673523	NaN	NaN	60.919920	0.000000
207	Spectrogram 1	3	1397.440000	1397.460000	4000.000000	18000.000000	8000.000000	Tse	8.450130	17.850712	NaN	NaN	54.342368	0.000000
208	Spectrogram 1	3	1397.670000	1397.720000	4000.000000	18000.000000	8000.000000	Trill	7.418122	14.110400	NaN	NaN	51.141757	0.000000
209	Spectrogram 1	3	1412.950000	1412.980000	4000.000000	18000.000000	8000.000000	Twitter	11.759844	23.014271	NaN	NaN	61.172507	0.000000
210	Spectrogram 1	3	1566.110000	1566.620000	4000.000000	18000.000000	8000.000000	Trill	4.264886	12.629021	NaN	NaN	45.056584	0.000000
211	Spectrogram 1	3	1920.010000	1920.650000	4000.000000	18000.000000	8000.000000	Trill	5.838610	12.798648	NaN	NaN	53.134360	0.000000
212	Spectrogram 1	3	2410.440000	2410.480000	4000.000000	18000.000000	8000.000000	Trill	4.553531	11.629986	NaN	NaN	60.270285	0.000000
213	Spectrogram 1	3	2638.390000	2639.160000	4000.000000	18000.000000	8000.000000	Trill	8.837111	17.874734	NaN	NaN	65.885056	0.000000
214	Spectrogram 1	3	2644.160000	2644.260000	4000.000000	18000.000000	8000.000000	Trill	9.440933	14.944645	NaN	NaN	54.135527	0.000000
215	Spectrogram 1	3	2644.330000	2644.370000	4000.000000	18000.000000	8000.000000	Tse	5.607918	9.410820	NaN	NaN	35.414485	0.000000
216	Spectrogram 1	3	2644.820000	2644.850000	4000.000000	18000.000000	8000.000000	Twitter	12.719592	20.611610	NaN	NaN	50.876720	0.000000
217	Spectrogram 1	3	2644.940000	2644.970000	4000.000000	18000.000000	8000.000000	Twitter	12.611181	20.373787	NaN	NaN	57.025119	0.000000
218	Spectrogram 1	3	2645.040000	2645.070000	4000.000000	18000.000000	8000.000000	Twitter	11.320196	17.367469	NaN	NaN	59.272614	0.000000
219	Spectrogram 1	3	3044.350000	3044.390000	4000.000000	18000.000000	8000.000000	Trill	4.871078	9.183668	NaN	NaN	59.542345	0.000000
220	Spectrogram 1	4	3.670000	4.130000	4000.000000	18000.000000	8000.000000	Trill	6.469498	14.919092	NaN	NaN	73.112806	0.000000
221	Spectrogram 1	4	21.340000	21.410000	4000.000000	18000.000000	8000.000000	Trill	3.634985	9.573046	NaN	NaN	40.011024	0.000000
222	Spectrogram 1	4	21.990000	22.020000	4000.000000	18000.000000	8000.000000	Twitter	5.878754	12.157756	NaN	NaN	61.696217	0.000000
223	Spectrogram 1	4	24.550000	25.310000	4000.000000	18000.000000	8000.000000	Phee	4.977829	16.313725	NaN	NaN	78.178240	0.000000
224	Spectrogram 1	4	25.410000	26.180000	4000.000000	18000.000000	8000.000000	Phee	4.358394	12.373830	NaN	NaN	73.962987	0.000000
225	Spectrogram 1	4	50.240000	50.280000	4000.000000	18000.000000	8000.000000	Tse	6.513428	10.610293	NaN	NaN	47.707768	0.000000
226	Spectrogram 1	4	123.780000	123.840000	4000.000000	18000.000000	8000.000000	Sd-peep	7.767849	10.696084	NaN	NaN	37.055300	0.000000
227	Spectrogram 1	4	123.900000	123.950000	4000.000000	18000.000000	8000.000000	Sd-peep	10.006564	12.825402	NaN	NaN	45.121928	0.000000
228	Spectrogram 1	4	124.050000	124.100000	4000.000000	18000.000000	8000.000000	Trill	8.643851	11.619093	NaN	NaN	52.743347	0.000000
229	Spectrogram 1	4	124.240000	124.280000	4000.000000	18000.000000	8000.000000	Trill	8.375680	10.148646	NaN	NaN	47.428353	0.000000
230	Spectrogram 1	4	124.640000	124.670000	4000.000000	18000.000000	8000.000000	Tse	6.335261	9.243975	NaN	NaN	40.426901	0.000000
231	Spectrogram 1	4	124.750000	124.800000	4000.000000	18000.000000	8000.000000	Sd-peep	4.940494	9.005030	NaN	NaN	40.160218	0.000000
232	Spectrogram 1	4	124.910000	124.970000	4000.000000	18000.000000	8000.000000	Trill	7.981787	14.302003	NaN	NaN	56.194468	0.000000
233	Spectrogram 1	4	138.490000	138.520000	4000.000000	18000.000000	8000.000000	Trill	6.299686	8.421002	NaN	NaN	40.957303	0.000000
234	Spectrogram 1	4	138.800000	138.840000	4000.000000	18000.000000	8000.000000	Tse	5.014069	7.710932	NaN	NaN	41.703480	0.000000
235	Spectrogram 1	4	139.130000	139.180000	4000.000000	18000.000000	8000.000000	Sd-peep	4.873325	7.325256	NaN	NaN	38.893769	0.000000
236	Spectrogram 1	4	151.780000	151.880000	4000.000000	18000.000000	8000.000000	Trill	8.244495	11.122160	NaN	NaN	58.510917	0.000000
237	Spectrogram 1	4	197.940000	198.050000	4000.000000	18000.000000	8000.000000	Trill	9.045429	12.306381	NaN	NaN	68.839534	0.000000
238	Spectrogram 1	4	211.910000	211.960000	4000.000000	18000.000000	8000.000000	Sd-peep	5.935128	11.210714	NaN	NaN	50.746655	0.000000
239	Spectrogram 1	4	212.000000	212.050000	4000.000000	18000.000000	8000.000000	Sd-peep	4.785886	9.730042	NaN	NaN	40.682737	0.000000
240	Spectrogram 1	4	212.520000	212.570000	4000.000000	18000.000000	8000.000000	Sd-peep	6.406907	9.530890	NaN	NaN	47.503622	0.000000
241	Spectrogram 1	4	213.590000	213.630000	4000.000000	18000.000000	8000.000000	Sd-peep	7.976911	10.312827	NaN	NaN	42.386593	0.000000
242	Spectrogram 1	4	213.810000	213.860000	4000.000000	18000.000000	8000.000000	Trill	6.656429	9.168631	NaN	NaN	44.340725	0.000000
243	Spectrogram 1	4	217.970000	218.010000	4000.000000	18000.000000	8000.000000	Tse	7.876354	10.804655	NaN	NaN	42.166016	0.000000
244	Spectrogram 1	4	229.540000	229.590000	4000.000000	18000.000000	8000.000000	Tse	9.986507	14.803496	NaN	NaN	69.189442	0.000000
245	Spectrogram 1	4	229.700000	229.740000	4000.000000	18000.000000	8000.000000	Twitter	10.655865	18.099903	NaN	NaN	81.071508	0.000000
246	Spectrogram 1	4	229.850000	229.880000	4000.000000	18000.000000	8000.000000	Twitter	11.137483	15.912133	NaN	NaN	71.302386	0.000000
247	Spectrogram 1	4	262.980000	263.370000	4000.000000	18000.000000	8000.000000	Trill	5.000588	10.348992	NaN	NaN	58.183140	0.000000
248	Spectrogram 1	4	263.430000	263.690000	4000.000000	18000.000000	8000.000000	Phee	4.527825	10.737948	NaN	NaN	53.972371	0.000000
249	Spectrogram 1	4	302.530000	302.650000	4000.000000	18000.000000	8000.000000	Trill	6.093445	9.270099	NaN	NaN	44.874950	0.000000
250	Spectrogram 1	4	306.300000	306.340000	4000.000000	18000.000000	8000.000000	Twitter	7.513259	14.411225	NaN	NaN	60.907107	0.000000
251	Spectrogram 1	4	306.450000	306.470000	4000.000000	18000.000000	8000.000000	Phee	11.062553	23.906022	NaN	NaN	58.521077	0.000000
252	Spectrogram 1	4	306.580000	306.610000	4000.000000	18000.000000	8000.000000	Twitter	10.988385	22.004729	NaN	NaN	57.749816	0.000000
253	Spectrogram 1	4	306.710000	306.760000	4000.000000	18000.000000	8000.000000	Twitter	9.095779	19.366742	NaN	NaN	53.495419	0.000000
254	Spectrogram 1	4	306.840000	306.880000	4000.000000	18000.000000	8000.000000	Twitter	10.297318	17.614884	NaN	NaN	68.695637	0.000000
255	Spectrogram 1	4	370.800000	370.990000	4000.000000	18000.000000	8000.000000	Trill	5.161412	8.476118	NaN	NaN	52.965441	0.000000
256	Spectrogram 1	4	428.060000	428.200000	4000.000000	18000.000000	8000.000000	Trill	4.168518	6.945193	NaN	NaN	38.518379	0.000000
257	Spectrogram 1	4	428.300000	428.940000	4000.000000	18000.000000	8000.000000	Trill	3.613464	6.236409	NaN	NaN	43.480855	0.000000
258	Spectrogram 1	4	454.970000	455.150000	4000.000000	18000.000000	8000.000000	Trill	4.754515	8.055592	NaN	NaN	36.848367	0.000000
259	Spectrogram 1	4	473.280000	473.850000	4000.000000	18000.000000	8000.000000	Phee	5.681351	13.302843	NaN	NaN	76.781795	0.000000
260	Spectrogram 1	4	505.200000	505.470000	4000.000000	18000.000000	8000.000000	Trill	6.326801	8.904161	NaN	NaN	42.320658	0.000000
261	Spectrogram 1	4	539.560000	539.820000	4000.000000	18000.000000	8000.000000	Trill	4.807936	8.512212	NaN	NaN	41.698490	0.000000
262	Spectrogram 1	4	555.440000	555.680000	4000.000000	18000.000000	8000.000000	Trill	5.957424	8.808747	NaN	NaN	48.039161	0.000000
263	Spectrogram 1	4	582.290000	582.310000	4000.000000	18000.000000	8000.000000	Twitter	11.285379	17.082410	NaN	NaN	71.714680	0.000000
264	Spectrogram 1	4	582.420000	582.450000	4000.000000	18000.000000	8000.000000	Twitter	10.408115	21.551466	NaN	NaN	53.091993	0.000000
265	Spectrogram 1	4	582.570000	582.610000	4000.000000	18000.000000	8000.000000	Twitter	11.021133	23.512938	NaN	NaN	50.807318	0.000000
266	Spectrogram 1	4	582.710000	582.750000	4000.000000	18000.000000	8000.000000	Twitter	11.059853	22.446213	NaN	NaN	60.300213	0.000000
267	Spectrogram 1	4	582.840000	582.890000	4000.000000	18000.000000	8000.000000	Twitter	10.676286	20.293716	NaN	NaN	63.814758	0.000000
268	Spectrogram 1	4	582.970000	583.020000	4000.000000	18000.000000	8000.000000	Twitter	9.619607	16.934356	NaN	NaN	74.340093	0.000000
269	Spectrogram 1	4	589.600000	589.790000	4000.000000	18000.000000	8000.000000	Trill	6.117727	8.892239	NaN	NaN	41.221911	0.000000
270	Spectrogram 1	4	644.420000	644.560000	4000.000000	18000.000000	8000.000000	Trill	6.264917	9.229045	NaN	NaN	50.600935	0.000000
271	Spectrogram 1	4	677.580000	677.710000	4000.000000	18000.000000	8000.000000	Trill	8.609367	12.097927	NaN	NaN	55.723493	0.000000
272	Spectrogram 1	4	686.890000	687.000000	4000.000000	18000.000000	8000.000000	Trill	4.937801	8.008838	NaN	NaN	40.149535	0.000000
273	Spectrogram 1	4	693.400000	693.550000	4000.000000	18000.000000	8000.000000	Trill	4.743140	8.314132	NaN	NaN	38.724093	0.000000
274	Spectrogram 1	4	721.940000	723.040000	4000.000000	18000.000000	8000.000000	Phee	5.600395	20.121141	NaN	NaN	89.756368	0.000000
275	Spectrogram 1	4	723.440000	723.720000	4000.000000	18000.000000	8000.000000	Trill	6.279015	12.468258	NaN	NaN	53.019578	0.000000
276	Spectrogram 1	4	724.320000	724.420000	4000.000000	18000.000000	8000.000000	Trill	5.143117	9.530229	NaN	NaN	39.480498	0.000000
277	Spectrogram 1	4	726.080000	726.110000	4000.000000	18000.000000	8000.000000	Twitter	7.782906	18.248127	NaN	NaN	54.190858	0.000000
278	Spectrogram 1	4	726.210000	726.250000	4000.000000	18000.000000	8000.000000	Twitter	8.751769	18.684188	NaN	NaN	56.078911	0.000000
279	Spectrogram 1	4	726.350000	726.380000	4000.000000	18000.000000	8000.000000	Twitter	10.642534	18.895091	NaN	NaN	64.557196	0.000000
280	Spectrogram 1	4	726.490000	726.520000	4000.000000	18000.000000	8000.000000	Trill	4.802498	8.301193	NaN	NaN	44.240169	0.000000
281	Spectrogram 1	4	732.040000	732.070000	4000.000000	18000.000000	8000.000000	Twitter	4.543467	11.359198	NaN	NaN	54.881127	0.000000
282	Spectrogram 1	4	734.430000	734.640000	4000.000000	18000.000000	8000.000000	Trill	6.065366	14.982642	NaN	NaN	51.762823	0.000000
283	Spectrogram 1	4	734.700000	734.740000	4000.000000	18000.000000	8000.000000	Twitter	8.824163	17.616483	NaN	NaN	67.893820	0.000000
284	Spectrogram 1	4	735.800000	735.830000	4000.000000	18000.000000	8000.000000	Twitter	10.742524	25.631386	NaN	NaN	54.048145	0.000000
285	Spectrogram 1	4	735.940000	735.960000	4000.000000	18000.000000	8000.000000	Twitter	6.697060	19.378792	NaN	NaN	46.091518	0.000000
286	Spectrogram 1	4	736.070000	736.100000	4000.000000	18000.000000	8000.000000	Twitter	8.550579	19.288646	NaN	NaN	59.811071	0.000000
287	Spectrogram 1	4	736.190000	736.240000	4000.000000	18000.000000	8000.000000	Twitter	6.810626	17.481391	NaN	NaN	77.042152	0.000000
288	Spectrogram 1	4	815.680000	815.710000	4000.000000	18000.000000	8000.000000	Twitter	11.639097	21.080681	NaN	NaN	73.355481	0.000000
289	Spectrogram 1	4	815.820000	815.860000	4000.000000	18000.000000	8000.000000	Twitter	15.343039	25.614524	NaN	NaN	81.773101	0.000000
290	Spectrogram 1	4	815.970000	816.030000	4000.000000	18000.000000	8000.000000	Twitter	13.634923	24.454225	NaN	NaN	63.666220	0.000000
291	Spectrogram 1	4	816.110000	816.170000	4000.000000	18000.000000	8000.000000	Twitter	12.414451	23.842316	NaN	NaN	59.695028	0.000000
292	Spectrogram 1	4	816.250000	816.300000	4000.000000	18000.000000	8000.000000	Twitter	11.068267	22.697174	NaN	NaN	63.847713	0.000000
293	Spectrogram 1	4	816.400000	816.450000	4000.000000	18000.000000	8000.000000	Twitter	13.239159	25.007999	NaN	NaN	53.801610	0.000000
294	Spectrogram 1	4	816.550000	816.600000	4000.000000	18000.000000	8000.000000	Twitter	14.522367	26.657370	NaN	NaN	59.640968	0.000000
295	Spectrogram 1	4	816.690000	816.750000	4000.000000	18000.000000	8000.000000	Twitter	13.719670	25.181016	NaN	NaN	76.966665	0.000000
296	Spectrogram 1	4	816.820000	816.900000	4000.000000	18000.000000	8000.000000	Twitter	10.071348	19.446777	NaN	NaN	79.880315	0.000000
297	Spectrogram 1	4	816.960000	817.010000	4000.000000	18000.000000	8000.000000	Twitter	10.454260	17.345322	NaN	NaN	77.777564	0.000000
298	Spectrogram 1	4	828.480000	828.660000	4000.000000	18000.000000	8000.000000	Trill	8.170301	11.427098	NaN	NaN	60.365013	0.000000
299	Spectrogram 1	4	831.390000	831.860000	4000.000000	18000.000000	8000.000000	Trill	3.885583	7.507944	NaN	NaN	58.018338	0.000000
300	Spectrogram 1	4	831.900000	831.960000	4000.000000	18000.000000	8000.000000	Trill	4.486676	7.576516	NaN	NaN	43.906060	0.000000
301	Spectrogram 1	4	832.100000	832.920000	4000.000000	18000.000000	8000.000000	Trill	5.107995	9.965878	NaN	NaN	67.110485	0.000000
302	Spectrogram 1	4	833.090000	833.200000	4000.000000	18000.000000	8000.000000	Trill	4.231673	7.926922	NaN	NaN	54.103114	0.000000
303	Spectrogram 1	4	903.970000	904.020000	4000.000000	18000.000000	8000.000000	Trill	11.617247	15.468303	NaN	NaN	92.820156	0.000000
304	Spectrogram 1	4	904.060000	904.110000	4000.000000	18000.000000	8000.000000	Trill	10.102292	12.851066	NaN	NaN	78.673617	0.000000
305	Spectrogram 1	4	904.250000	904.320000	4000.000000	18000.000000	8000.000000	Trill	11.996103	15.271378	NaN	NaN	84.436077	0.000000
306	Spectrogram 1	4	906.200000	906.340000	4000.000000	18000.000000	8000.000000	Trill	6.147339	9.708509	NaN	NaN	51.528494	0.000000
307	Spectrogram 1	4	945.330000	945.520000	4000.000000	18000.000000	8000.000000	Phee	5.481707	17.263797	NaN	NaN	90.613733	0.000000
308	Spectrogram 1	4	947.230000	947.260000	4000.000000	18000.000000	8000.000000	Twitter	9.132550	15.689699	NaN	NaN	57.226106	0.000000
309	Spectrogram 1	4	947.390000	947.430000	4000.000000	18000.000000	8000.000000	Twitter	9.483180	20.861896	NaN	NaN	68.912603	0.000000
310	Spectrogram 1	4	947.540000	947.600000	4000.000000	18000.000000	8000.000000	Twitter	7.456600	19.468334	NaN	NaN	57.349891	0.000000
311	Spectrogram 1	4	947.690000	947.740000	4000.000000	18000.000000	8000.000000	Twitter	5.940395	19.165599	NaN	NaN	72.664616	0.000000
312	Spectrogram 1	4	947.860000	947.930000	4000.000000	18000.000000	8000.000000	Twitter	6.451160	19.156492	NaN	NaN	82.689429	0.000000
313	Spectrogram 1	4	949.090000	949.270000	4000.000000	18000.000000	8000.000000	Trillphee	5.276538	15.830051	NaN	NaN	82.751104	0.000000
314	Spectrogram 1	4	956.210000	956.290000	4000.000000	18000.000000	8000.000000	Sd-peep	5.439857	11.756833	NaN	NaN	47.201641	0.000000
315	Spectrogram 1	4	956.580000	956.710000	4000.000000	18000.000000	8000.000000	Sd-peep	4.252488	11.640956	NaN	NaN	42.202811	0.000000
316	Spectrogram 1	4	957.060000	957.160000	4000.000000	18000.000000	8000.000000	Sd-peep	5.265912	13.174257	NaN	NaN	49.601055	0.000000
317	Spectrogram 1	4	1006.590000	1006.690000	4000.000000	18000.000000	8000.000000	Trill	5.972424	10.817583	NaN	NaN	53.063697	0.000000
318	Spectrogram 1	4	1047.670000	1047.820000	4000.000000	18000.000000	8000.000000	Trill	6.920891	8.677807	NaN	NaN	45.396746	0.000000
319	Spectrogram 1	4	1057.420000	1057.450000	4000.000000	18000.000000	8000.000000	Twitter	12.917382	23.654488	NaN	NaN	77.276471	0.000000
320	Spectrogram 1	4	1057.570000	1057.610000	4000.000000	18000.000000	8000.000000	Twitter	15.287441	28.398391	NaN	NaN	80.071375	0.000000
321	Spectrogram 1	4	1057.720000	1057.760000	4000.000000	18000.000000	8000.000000	Twitter	15.299108	27.354307	NaN	NaN	76.431794	0.000000
322	Spectrogram 1	4	1057.850000	1057.900000	4000.000000	18000.000000	8000.000000	Twitter	14.100178	26.581465	NaN	NaN	63.569119	0.000000
323	Spectrogram 1	4	1057.990000	1058.040000	4000.000000	18000.000000	8000.000000	Twitter	14.353603	26.302388	NaN	NaN	74.021868	0.000000
324	Spectrogram 1	4	1058.120000	1058.180000	4000.000000	18000.000000	8000.000000	Twitter	11.530182	21.690062	NaN	NaN	83.616449	0.000000
325	Spectrogram 1	4	1058.240000	1058.300000	4000.000000	18000.000000	8000.000000	Trill	10.724460	18.047658	NaN	NaN	99.288044	0.000000
326	Spectrogram 1	4	1060.610000	1061.230000	4000.000000	18000.000000	8000.000000	Trill	7.989849	12.258561	NaN	NaN	69.665204	0.000000
327	Spectrogram 1	4	1061.430000	1062.010000	4000.000000	18000.000000	8000.000000	Phee	8.484082	15.811274	NaN	NaN	106.422600	0.000000
328	Spectrogram 1	4	1062.200000	1062.840000	4000.000000	18000.000000	8000.000000	Phee	8.098038	15.244134	NaN	NaN	102.443939	0.000000
329	Spectrogram 1	4	1070.420000	1070.740000	4000.000000	18000.000000	8000.000000	Trill	8.217415	12.301386	NaN	NaN	61.123973	0.000000
330	Spectrogram 1	4	1078.880000	1079.450000	4000.000000	18000.000000	8000.000000	Trill	3.666179	12.696624	NaN	NaN	60.906897	0.000000
331	Spectrogram 1	4	1112.380000	1112.410000	4000.000000	18000.000000	8000.000000	Twitter	8.222335	18.376584	NaN	NaN	56.842585	0.000000
332	Spectrogram 1	4	1112.520000	1112.550000	4000.000000	18000.000000	8000.000000	Twitter	7.397520	18.787681	NaN	NaN	57.504037	0.000000
333	Spectrogram 1	4	1120.020000	1120.050000	4000.000000	18000.000000	8000.000000	Twitter	7.183516	20.341696	NaN	NaN	51.758300	0.000000
334	Spectrogram 1	4	1120.160000	1120.190000	4000.000000	18000.000000	8000.000000	Twitter	6.957711	19.645430	NaN	NaN	56.472164	0.000000
335	Spectrogram 1	4	1120.300000	1120.330000	4000.000000	18000.000000	8000.000000	Twitter	7.377334	19.442735	NaN	NaN	54.745194	0.000000
336	Spectrogram 1	4	1120.430000	1120.470000	4000.000000	18000.000000	8000.000000	Trill	7.083489	16.505239	NaN	NaN	66.254415	0.000000
337	Spectrogram 1	4	1120.550000	1120.590000	4000.000000	18000.000000	8000.000000	Trill	6.609699	12.953635	NaN	NaN	59.936305	0.000000
338	Spectrogram 1	4	1125.040000	1125.160000	4000.000000	18000.000000	8000.000000	Trill	7.088936	10.725844	NaN	NaN	46.771939	0.000000
339	Spectrogram 1	4	1128.580000	1129.070000	4000.000000	18000.000000	8000.000000	Trill	4.872662	9.395256	NaN	NaN	35.984861	0.000000
340	Spectrogram 1	4	1178.580000	1178.680000	4000.000000	18000.000000	8000.000000	Trill	7.646359	11.780290	NaN	NaN	56.177740	0.000000
341	Spectrogram 1	4	1226.390000	1226.590000	4000.000000	18000.000000	8000.000000	Trill	10.012116	12.549361	NaN	NaN	66.728655	0.000000
342	Spectrogram 1	4	1256.480000	1256.520000	4000.000000	18000.000000	8000.000000	Twitter	6.559860	17.346337	NaN	NaN	54.511814	0.000000
343	Spectrogram 1	4	1256.650000	1256.700000	4000.000000	18000.000000	8000.000000	Twitter	7.117057	18.525416	NaN	NaN	57.571194	0.000000
344	Spectrogram 1	4	1256.800000	1256.850000	4000.000000	18000.000000	8000.000000	Twitter	7.794582	18.261801	NaN	NaN	57.379536	0.000000
345	Spectrogram 1	4	1257.120000	1257.170000	4000.000000	18000.000000	8000.000000	Twitter	7.667814	19.416169	NaN	NaN	55.971913	0.000000
346	Spectrogram 1	4	1257.280000	1257.310000	4000.000000	18000.000000	8000.000000	Twitter	5.685984	17.217872	NaN	NaN	49.905929	0.000000
347	Spectrogram 1	4	1257.420000	1257.480000	4000.000000	18000.000000	8000.000000	Twitter	5.849431	16.644562	NaN	NaN	53.566829	0.000000
348	Spectrogram 1	4	1257.570000	1257.600000	4000.000000	18000.000000	8000.000000	Twitter	4.927950	14.030176	NaN	NaN	56.333650	0.000000
349	Spectrogram 1	4	1257.720000	1257.770000	4000.000000	18000.000000	8000.000000	Trill	5.578883	14.983215	NaN	NaN	63.097820	0.000000
350	Spectrogram 1	4	1261.170000	1261.380000	4000.000000	18000.000000	8000.000000	Trill	6.232045	13.134692	NaN	NaN	54.400773	0.000000
351	Spectrogram 1	4	1261.500000	1261.680000	4000.000000	18000.000000	8000.000000	Trill	6.169280	9.435336	NaN	NaN	44.036744	0.000000
352	Spectrogram 1	4	1263.260000	1263.290000	4000.000000	18000.000000	8000.000000	Twitter	10.639209	19.798988	NaN	NaN	60.261829	0.000000
353	Spectrogram 1	4	1263.390000	1263.430000	4000.000000	18000.000000	8000.000000	Twitter	11.418117	20.309089	NaN	NaN	59.780358	0.000000
354	Spectrogram 1	4	1263.520000	1263.560000	4000.000000	18000.000000	8000.000000	Trill	10.826916	17.085976	NaN	NaN	77.392355	0.000000
355	Spectrogram 1	4	1283.630000	1283.650000	4000.000000	18000.000000	8000.000000	Phee	6.545913	19.291455	NaN	NaN	69.541580	0.000000
356	Spectrogram 1	4	1283.930000	1283.960000	4000.000000	18000.000000	8000.000000	Twitter	5.478573	16.980096	NaN	NaN	57.457070	0.000000
357	Spectrogram 1	4	1284.080000	1284.130000	4000.000000	18000.000000	8000.000000	Twitter	6.160296	17.010957	NaN	NaN	58.219397	0.000000
358	Spectrogram 1	4	1284.230000	1284.270000	4000.000000	18000.000000	8000.000000	Twitter	4.923977	15.867573	NaN	NaN	61.528866	0.000000
359	Spectrogram 1	4	1284.370000	1284.420000	4000.000000	18000.000000	8000.000000	Twitter	6.135550	16.396014	NaN	NaN	60.640684	0.000000
360	Spectrogram 1	4	1284.520000	1284.570000	4000.000000	18000.000000	8000.000000	Twitter	5.338647	16.513499	NaN	NaN	55.981506	0.000000
361	Spectrogram 1	4	1284.670000	1284.720000	4000.000000	18000.000000	8000.000000	Twitter	5.327979	16.799889	NaN	NaN	57.758129	0.000000
362	Spectrogram 1	4	1284.810000	1284.840000	4000.000000	18000.000000	8000.000000	Twitter	4.436654	12.956711	NaN	NaN	55.571278	0.000000
363	Spectrogram 1	4	1291.680000	1291.970000	4000.000000	18000.000000	8000.000000	Trill	5.143676	10.126037	NaN	NaN	40.746911	0.000000
364	Spectrogram 1	4	1309.860000	1309.950000	4000.000000	18000.000000	8000.000000	Trill	7.364564	10.193597	NaN	NaN	52.701845	0.000000
365	Spectrogram 1	4	1317.750000	1317.950000	4000.000000	18000.000000	8000.000000	Trill	4.354898	8.908217	NaN	NaN	41.588933	0.000000
366	Spectrogram 1	4	1347.470000	1347.640000	4000.000000	18000.000000	8000.000000	Trill	6.155297	9.987133	NaN	NaN	43.710600	0.000000
367	Spectrogram 1	4	1347.860000	1347.890000	4000.000000	18000.000000	8000.000000	Twitter	6.070400	9.802071	NaN	NaN	54.117269	0.000000
368	Spectrogram 1	4	1393.330000	1393.660000	4000.000000	18000.000000	8000.000000	Phee	4.811525	24.386883	NaN	NaN	86.589349	0.000000
369	Spectrogram 1	4	1394.520000	1394.550000	4000.000000	18000.000000	8000.000000	Twitter	9.700359	23.599212	NaN	NaN	59.426528	0.000000
370	Spectrogram 1	4	1394.670000	1394.710000	4000.000000	18000.000000	8000.000000	Twitter	8.799655	22.534873	NaN	NaN	52.826471	0.000000
371	Spectrogram 1	4	1394.810000	1394.840000	4000.000000	18000.000000	8000.000000	Twitter	9.469139	21.364251	NaN	NaN	56.635373	0.000000
372	Spectrogram 1	4	1394.960000	1395.010000	4000.000000	18000.000000	8000.000000	Twitter	10.773507	25.810955	NaN	NaN	51.571868	0.000000
373	Spectrogram 1	4	1395.090000	1395.150000	4000.000000	18000.000000	8000.000000	Twitter	9.001196	21.078661	NaN	NaN	63.794521	0.000000
374	Spectrogram 1	4	1395.220000	1395.280000	4000.000000	18000.000000	8000.000000	Twitter	7.725196	18.165294	NaN	NaN	76.110052	0.000000
375	Spectrogram 1	4	1395.350000	1395.420000	4000.000000	18000.000000	8000.000000	Trill	5.022077	12.185127	NaN	NaN	62.201000	0.000000
376	Spectrogram 1	4	1396.300000	1396.480000	4000.000000	18000.000000	8000.000000	Trill	5.408017	13.913419	NaN	NaN	40.099880	0.000000
377	Spectrogram 1	4	1396.550000	1396.580000	4000.000000	18000.000000	8000.000000	Tse	9.615124	19.976724	NaN	NaN	60.923051	0.000000
378	Spectrogram 1	4	1396.690000	1396.730000	4000.000000	18000.000000	8000.000000	Twitter	11.368616	22.956033	NaN	NaN	68.326527	0.000000
379	Spectrogram 1	4	1396.830000	1396.870000	4000.000000	18000.000000	8000.000000	Twitter	10.756768	21.792257	NaN	NaN	69.156485	0.000000
380	Spectrogram 1	4	1396.960000	1397.020000	4000.000000	18000.000000	8000.000000	Twitter	9.238675	18.846975	NaN	NaN	74.581180	0.000000
381	Spectrogram 1	4	1408.640000	1408.790000	4000.000000	18000.000000	8000.000000	Phee	5.464752	29.550848	NaN	NaN	92.191316	0.000000
382	Spectrogram 1	4	1413.470000	1413.500000	4000.000000	18000.000000	8000.000000	Twitter	11.166134	22.200698	NaN	NaN	56.738523	0.000000
383	Spectrogram 1	4	1413.620000	1413.660000	4000.000000	18000.000000	8000.000000	Twitter	9.904869	21.436819	NaN	NaN	58.153688	0.000000
384	Spectrogram 1	4	1413.770000	1413.810000	4000.000000	18000.000000	8000.000000	Twitter	9.064551	21.227074	NaN	NaN	60.154783	0.000000
385	Spectrogram 1	4	1413.910000	1413.960000	4000.000000	18000.000000	8000.000000	Twitter	8.440611	20.677076	NaN	NaN	52.271604	0.000000
386	Spectrogram 1	4	1414.060000	1414.110000	4000.000000	18000.000000	8000.000000	Twitter	8.719853	21.583353	NaN	NaN	57.249509	0.000000
387	Spectrogram 1	4	1414.200000	1414.230000	4000.000000	18000.000000	8000.000000	Twitter	7.837101	18.919583	NaN	NaN	55.329212	0.000000
388	Spectrogram 1	4	1414.340000	1414.400000	4000.000000	18000.000000	8000.000000	Twitter	7.102217	18.341240	NaN	NaN	60.983304	0.000000
389	Spectrogram 1	4	1414.470000	1414.520000	4000.000000	18000.000000	8000.000000	Twitter	6.879266	14.830978	NaN	NaN	81.142617	0.000000
390	Spectrogram 1	4	1439.670000	1439.810000	4000.000000	18000.000000	8000.000000	Phee	6.363588	15.315580	NaN	NaN	78.579592	0.000000
391	Spectrogram 1	4	1469.520000	1469.640000	4000.000000	18000.000000	8000.000000	Trill	6.437891	10.523689	NaN	NaN	43.072448	0.000000
392	Spectrogram 1	4	1471.130000	1471.710000	4000.000000	18000.000000	8000.000000	Phee	5.941891	13.673924	NaN	NaN	82.148686	0.000000
393	Spectrogram 1	4	1491.480000	1491.690000	4000.000000	18000.000000	8000.000000	Phee	4.516419	11.769592	NaN	NaN	68.614339	0.000000
394	Spectrogram 1	4	1507.060000	1507.280000	4000.000000	18000.000000	8000.000000	Phee	6.740367	18.917321	NaN	NaN	81.295098	0.000000
395	Spectrogram 1	4	1510.490000	1510.670000	4000.000000	18000.000000	8000.000000	Trill	7.812084	22.025755	NaN	NaN	90.511820	0.000000
396	Spectrogram 1	4	1539.080000	1539.260000	4000.000000	18000.000000	8000.000000	Trill	4.203584	8.247595	NaN	NaN	44.084421	0.000000
397	Spectrogram 1	4	1577.650000	1577.680000	4000.000000	18000.000000	8000.000000	Trill	6.938261	16.617494	NaN	NaN	58.609737	0.000000
398	Spectrogram 1	4	1577.820000	1577.850000	4000.000000	18000.000000	8000.000000	Twitter	9.805407	19.409099	NaN	NaN	63.431563	0.000000
399	Spectrogram 1	4	1577.970000	1578.010000	4000.000000	18000.000000	8000.000000	Twitter	8.675294	18.736323	NaN	NaN	52.164585	0.000000
400	Spectrogram 1	4	1578.120000	1578.150000	4000.000000	18000.000000	8000.000000	Twitter	7.594325	17.157309	NaN	NaN	50.089705	0.000000
401	Spectrogram 1	4	1578.410000	1578.460000	4000.000000	18000.000000	8000.000000	Twitter	8.055771	18.205509	NaN	NaN	58.500079	0.000000
402	Spectrogram 1	4	1578.560000	1578.600000	4000.000000	18000.000000	8000.000000	Twitter	9.170970	19.681140	NaN	NaN	67.023781	0.000000
403	Spectrogram 1	4	1578.690000	1578.740000	4000.000000	18000.000000	8000.000000	Twitter	6.670738	16.491358	NaN	NaN	60.290600	0.000000
404	Spectrogram 1	4	1578.830000	1578.860000	4000.000000	18000.000000	8000.000000	Twitter	6.315819	15.096634	NaN	NaN	69.987033	0.000000
405	Spectrogram 1	4	1584.530000	1584.560000	4000.000000	18000.000000	8000.000000	Tse	4.359654	7.293541	NaN	NaN	38.644516	0.000000
406	Spectrogram 1	4	1676.460000	1676.600000	4000.000000	18000.000000	8000.000000	Trill	8.259884	12.230697	NaN	NaN	65.330704	0.000000
407	Spectrogram 1	4	1732.560000	1732.720000	4000.000000	18000.000000	8000.000000	Trill	6.811397	11.025365	NaN	NaN	56.616249	0.000000
408	Spectrogram 1	4	1764.100000	1764.190000	4000.000000	18000.000000	8000.000000	Trill	8.231452	14.640505	NaN	NaN	70.774955	0.000000
409	Spectrogram 1	4	1764.290000	1764.330000	4000.000000	18000.000000	8000.000000	Twitter	10.363591	18.750040	NaN	NaN	62.689803	0.000000
410	Spectrogram 1	4	1764.430000	1764.470000	4000.000000	18000.000000	8000.000000	Twitter	13.118355	23.229117	NaN	NaN	70.220973	0.000000
411	Spectrogram 1	4	1764.560000	1764.610000	4000.000000	18000.000000	8000.000000	Twitter	10.821063	20.234677	NaN	NaN	65.364819	0.000000
412	Spectrogram 1	4	1764.700000	1764.750000	4000.000000	18000.000000	8000.000000	Twitter	10.835150	19.891628	NaN	NaN	68.663050	0.000000
413	Spectrogram 1	4	1764.830000	1764.860000	4000.000000	18000.000000	8000.000000	Twitter	6.644549	12.618691	NaN	NaN	63.771303	0.000000
414	Spectrogram 1	4	1791.210000	1791.230000	4000.000000	18000.000000	8000.000000	Twitter	5.733190	17.739468	NaN	NaN	51.507827	0.000000
415	Spectrogram 1	4	1791.340000	1791.370000	4000.000000	18000.000000	8000.000000	Twitter	8.936687	18.468957	NaN	NaN	65.987161	0.000000
416	Spectrogram 1	4	1791.490000	1791.530000	4000.000000	18000.000000	8000.000000	Twitter	6.691687	15.914591	NaN	NaN	56.064774	0.000000
417	Spectrogram 1	4	1791.640000	1791.680000	4000.000000	18000.000000	8000.000000	Twitter	7.388479	17.260914	NaN	NaN	56.249529	0.000000
418	Spectrogram 1	4	1791.790000	1791.830000	4000.000000	18000.000000	8000.000000	Twitter	7.344984	18.169408	NaN	NaN	62.434398	0.000000
419	Spectrogram 1	4	1791.930000	1791.970000	4000.000000	18000.000000	8000.000000	Twitter	6.241534	16.551249	NaN	NaN	59.364833	0.000000
420	Spectrogram 1	4	1792.070000	1792.110000	4000.000000	18000.000000	8000.000000	Twitter	6.664306	16.736572	NaN	NaN	63.389311	0.000000
421	Spectrogram 1	4	1792.210000	1792.260000	4000.000000	18000.000000	8000.000000	Twitter	5.971450	16.559694	NaN	NaN	63.041306	0.000000
422	Spectrogram 1	4	1792.350000	1792.390000	4000.000000	18000.000000	8000.000000	Trill	5.527949	15.494837	NaN	NaN	66.826743	0.000000
423	Spectrogram 1	4	1797.460000	1797.750000	4000.000000	18000.000000	8000.000000	Trill	5.528840	9.997784	NaN	NaN	64.514015	0.000000
424	Spectrogram 1	4	1797.890000	1798.020000	4000.000000	18000.000000	8000.000000	Trill	5.324716	10.807003	NaN	NaN	58.804456	0.000000
425	Spectrogram 1	4	1835.490000	1835.520000	4000.000000	18000.000000	8000.000000	Trill	5.344202	7.987738	NaN	NaN	43.417765	0.000000
426	Spectrogram 1	4	1847.220000	1847.380000	4000.000000	18000.000000	8000.000000	Sd-peep	4.337971	8.504216	NaN	NaN	41.813863	0.000000
427	Spectrogram 1	4	1851.600000	1851.750000	4000.000000	18000.000000	8000.000000	Trill	4.646793	9.947261	NaN	NaN	62.632024	0.000000
428	Spectrogram 1	4	1851.800000	1852.250000	4000.000000	18000.000000	8000.000000	Trill	4.021876	7.827663	NaN	NaN	55.473886	0.000000
429	Spectrogram 1	4	1853.240000	1853.310000	4000.000000	18000.000000	8000.000000	Trill	3.534995	8.148502	NaN	NaN	51.604022	0.000000
430	Spectrogram 1	4	1906.940000	1907.050000	4000.000000	18000.000000	8000.000000	Phee	6.744934	14.267356	NaN	NaN	71.375198	0.000000
431	Spectrogram 1	4	1907.090000	1908.070000	4000.000000	18000.000000	8000.000000	Phee	8.526809	19.419962	NaN	NaN	99.959332	0.000000
432	Spectrogram 1	4	1908.280000	1909.450000	4000.000000	18000.000000	8000.000000	Phee	7.145750	19.217889	NaN	NaN	90.595442	0.000000
433	Spectrogram 1	4	1966.670000	1966.710000	4000.000000	18000.000000	8000.000000	Twitter	7.938538	13.027132	NaN	NaN	52.329372	0.000000
434	Spectrogram 1	4	1968.360000	1968.380000	4000.000000	18000.000000	8000.000000	Tsik	9.297291	14.994979	NaN	NaN	52.678623	0.000000
435	Spectrogram 1	4	1976.170000	1976.340000	4000.000000	18000.000000	8000.000000	Phee	6.155118	21.761821	NaN	NaN	74.604810	0.000000
436	Spectrogram 1	4	1985.050000	1985.230000	4000.000000	18000.000000	8000.000000	Phee	7.109182	21.171174	NaN	NaN	88.031873	0.000000
437	Spectrogram 1	4	1995.260000	1995.280000	4000.000000	18000.000000	8000.000000	Twitter	6.119440	15.996891	NaN	NaN	56.727619	0.000000
438	Spectrogram 1	4	2007.790000	2007.910000	4000.000000	18000.000000	8000.000000	Phee	5.467597	17.731353	NaN	NaN	71.407003	0.000000
439	Spectrogram 1	4	2030.360000	2031.620000	4000.000000	18000.000000	8000.000000	Phee	7.059064	18.975600	NaN	NaN	79.306717	0.000000
440	Spectrogram 1	4	2032.010000	2033.190000	4000.000000	18000.000000	8000.000000	Phee	9.449052	26.856479	NaN	NaN	109.914361	0.000000
441	Spectrogram 1	4	2053.770000	2053.800000	4000.000000	18000.000000	8000.000000	Twitter	6.654509	14.621236	NaN	NaN	59.840985	0.000000
442	Spectrogram 1	4	2053.910000	2053.940000	4000.000000	18000.000000	8000.000000	Twitter	6.807197	15.005490	NaN	NaN	57.580282	0.000000
443	Spectrogram 1	4	2054.180000	2054.210000	4000.000000	18000.000000	8000.000000	Twitter	5.683927	13.876136	NaN	NaN	54.732439	0.000000
444	Spectrogram 1	4	2073.310000	2073.340000	4000.000000	18000.000000	8000.000000	Twitter	8.137161	14.687949	NaN	NaN	58.236644	0.000000
445	Spectrogram 1	4	2085.900000	2086.030000	4000.000000	18000.000000	8000.000000	Trill	8.889772	12.694874	NaN	NaN	64.494152	0.000000
446	Spectrogram 1	4	2089.540000	2089.600000	4000.000000	18000.000000	8000.000000	Twitter	9.346438	27.583341	NaN	NaN	91.978419	0.000000
447	Spectrogram 1	4	2148.380000	2148.420000	4000.000000	18000.000000	8000.000000	Twitter	10.604149	22.200190	NaN	NaN	69.308736	0.000000
448	Spectrogram 1	4	2148.540000	2148.580000	4000.000000	18000.000000	8000.000000	Twitter	10.313052	22.264958	NaN	NaN	67.930845	0.000000
449	Spectrogram 1	4	2148.690000	2148.740000	4000.000000	18000.000000	8000.000000	Twitter	8.701574	20.128079	NaN	NaN	65.718052	0.000000
450	Spectrogram 1	4	2148.860000	2148.910000	4000.000000	18000.000000	8000.000000	Twitter	9.675907	23.045229	NaN	NaN	67.272516	0.000000
451	Spectrogram 1	4	2149.020000	2149.070000	4000.000000	18000.000000	8000.000000	Twitter	9.452767	22.274870	NaN	NaN	72.902175	0.000000
452	Spectrogram 1	4	2149.170000	2149.230000	4000.000000	18000.000000	8000.000000	Twitter	8.974368	20.827210	NaN	NaN	64.880738	0.000000
453	Spectrogram 1	4	2149.330000	2149.390000	4000.000000	18000.000000	8000.000000	Twitter	9.226571	21.816051	NaN	NaN	70.986202	0.000000
454	Spectrogram 1	4	2149.480000	2149.560000	4000.000000	18000.000000	8000.000000	Twitter	6.773398	19.411511	NaN	NaN	70.828825	0.000000
455	Spectrogram 1	4	2149.620000	2149.680000	4000.000000	18000.000000	8000.000000	Twitter	6.377421	15.089645	NaN	NaN	67.490056	0.000000
456	Spectrogram 1	4	2153.660000	2154.010000	4000.000000	18000.000000	8000.000000	Trill	5.803297	10.227668	NaN	NaN	55.409710	0.000000
457	Spectrogram 1	4	2158.050000	2158.100000	4000.000000	18000.000000	8000.000000	Twitter	11.171188	19.122558	NaN	NaN	83.423558	0.000000
458	Spectrogram 1	4	2158.220000	2158.260000	4000.000000	18000.000000	8000.000000	Twitter	12.120754	24.462125	NaN	NaN	77.466740	0.000000
459	Spectrogram 1	4	2158.370000	2158.420000	4000.000000	18000.000000	8000.000000	Twitter	11.395890	23.710098	NaN	NaN	62.655368	0.000000
460	Spectrogram 1	4	2158.510000	2158.560000	4000.000000	18000.000000	8000.000000	Twitter	11.181333	23.489033	NaN	NaN	56.748909	0.000000
461	Spectrogram 1	4	2158.640000	2158.690000	4000.000000	18000.000000	8000.000000	Twitter	10.709558	23.301889	NaN	NaN	56.814560	0.000000
462	Spectrogram 1	4	2158.780000	2158.840000	4000.000000	18000.000000	8000.000000	Twitter	10.895343	22.053647	NaN	NaN	63.578981	0.000000
463	Spectrogram 1	4	2158.930000	2158.990000	4000.000000	18000.000000	8000.000000	Twitter	10.374931	22.632989	NaN	NaN	64.952289	0.000000
464	Spectrogram 1	4	2159.050000	2159.130000	4000.000000	18000.000000	8000.000000	Twitter	8.329177	18.901244	NaN	NaN	64.827314	0.000000
465	Spectrogram 1	4	2159.190000	2159.230000	4000.000000	18000.000000	8000.000000	Twitter	8.555876	16.221967	NaN	NaN	72.244381	0.000000
466	Spectrogram 1	4	2178.720000	2179.520000	4000.000000	18000.000000	8000.000000	Trill	7.434502	15.792558	NaN	NaN	74.872440	0.000000
467	Spectrogram 1	4	2179.680000	2180.410000	4000.000000	18000.000000	8000.000000	Phee	8.970210	21.238368	NaN	NaN	111.521543	0.000000
468	Spectrogram 1	4	2180.560000	2181.280000	4000.000000	18000.000000	8000.000000	Phee	9.071288	18.805919	NaN	NaN	106.885256	0.000000
469	Spectrogram 1	4	2223.070000	2223.360000	4000.000000	18000.000000	8000.000000	Trill	5.981064	8.875461	NaN	NaN	38.013016	0.000000
470	Spectrogram 1	4	2232.130000	2232.470000	4000.000000	18000.000000	8000.000000	Trill	8.789709	11.792273	NaN	NaN	62.559702	0.000000
471	Spectrogram 1	4	2247.670000	2247.850000	4000.000000	18000.000000	8000.000000	Trill	6.109629	8.079631	NaN	NaN	40.417832	0.000000
472	Spectrogram 1	4	2277.750000	2277.780000	4000.000000	18000.000000	8000.000000	Twitter	9.089821	19.276003	NaN	NaN	68.939419	0.000000
473	Spectrogram 1	4	2277.910000	2277.960000	4000.000000	18000.000000	8000.000000	Twitter	11.545299	23.066751	NaN	NaN	73.046860	0.000000
474	Spectrogram 1	4	2278.080000	2278.130000	4000.000000	18000.000000	8000.000000	Twitter	12.359006	24.945309	NaN	NaN	74.678901	0.000000
475	Spectrogram 1	4	2278.220000	2278.280000	4000.000000	18000.000000	8000.000000	Twitter	10.900625	22.465443	NaN	NaN	65.287516	0.000000
476	Spectrogram 1	4	2278.370000	2278.440000	4000.000000	18000.000000	8000.000000	Twitter	10.101100	21.779684	NaN	NaN	66.030009	0.000000
477	Spectrogram 1	4	2278.500000	2278.600000	4000.000000	18000.000000	8000.000000	Twitter	7.543773	17.638526	NaN	NaN	62.841548	0.000000
478	Spectrogram 1	4	2278.660000	2278.710000	4000.000000	18000.000000	8000.000000	Twitter	5.977072	13.457660	NaN	NaN	71.687632	0.000000
479	Spectrogram 1	4	2278.730000	2279.740000	4000.000000	18000.000000	8000.000000	Phee	7.569356	19.681447	NaN	NaN	108.400698	0.000000
480	Spectrogram 1	4	2279.870000	2279.980000	4000.000000	18000.000000	8000.000000	Phee	8.976083	18.915331	NaN	NaN	113.704684	0.000000
481	Spectrogram 1	4	2280.010000	2280.800000	4000.000000	18000.000000	8000.000000	Phee	6.126425	16.973643	NaN	NaN	91.732805	0.000000
482	Spectrogram 1	4	2336.650000	2336.670000	4000.000000	18000.000000	8000.000000	Twitter	5.618330	12.598415	NaN	NaN	56.227844	0.000000
483	Spectrogram 1	4	2338.350000	2338.520000	4000.000000	18000.000000	8000.000000	Phee	8.589923	21.456498	NaN	NaN	106.088561	0.000000
484	Spectrogram 1	4	2393.300000	2393.340000	4000.000000	18000.000000	8000.000000	Twitter	9.189436	18.815134	NaN	NaN	59.933543	0.000000
485	Spectrogram 1	4	2393.470000	2393.520000	4000.000000	18000.000000	8000.000000	Twitter	9.761961	22.479346	NaN	NaN	74.173199	0.000000
486	Spectrogram 1	4	2393.630000	2393.680000	4000.000000	18000.000000	8000.000000	Twitter	8.625043	20.613955	NaN	NaN	65.605185	0.000000
487	Spectrogram 1	4	2393.790000	2393.840000	4000.000000	18000.000000	8000.000000	Twitter	8.663029	20.919322	NaN	NaN	65.822442	0.000000
488	Spectrogram 1	4	2393.960000	2394.010000	4000.000000	18000.000000	8000.000000	Twitter	8.887035	22.519646	NaN	NaN	67.817246	0.000000
489	Spectrogram 1	4	2394.110000	2394.170000	4000.000000	18000.000000	8000.000000	Twitter	7.467330	20.220960	NaN	NaN	68.457754	0.000000
490	Spectrogram 1	4	2394.270000	2394.330000	4000.000000	18000.000000	8000.000000	Twitter	7.286869	20.559913	NaN	NaN	63.286365	0.000000
491	Spectrogram 1	4	2394.430000	2394.510000	4000.000000	18000.000000	8000.000000	Twitter	7.139845	19.630685	NaN	NaN	77.167702	0.000000
492	Spectrogram 1	4	2412.340000	2412.680000	4000.000000	18000.000000	8000.000000	Trill	3.897277	10.384966	NaN	NaN	51.939047	0.000000
493	Spectrogram 1	4	2445.290000	2445.330000	4000.000000	18000.000000	8000.000000	Twitter	7.095155	16.745397	NaN	NaN	56.978129	0.000000
494	Spectrogram 1	4	2445.450000	2445.490000	4000.000000	18000.000000	8000.000000	Twitter	7.114062	15.812443	NaN	NaN	50.973942	0.000000
495	Spectrogram 1	4	2445.610000	2445.640000	4000.000000	18000.000000	8000.000000	Twitter	7.188077	17.483332	NaN	NaN	56.063337	0.000000
496	Spectrogram 1	4	2445.770000	2445.800000	4000.000000	18000.000000	8000.000000	Twitter	7.084090	17.515896	NaN	NaN	57.709050	0.000000
497	Spectrogram 1	4	2445.930000	2445.960000	4000.000000	18000.000000	8000.000000	Twitter	6.222731	18.173611	NaN	NaN	58.974060	0.000000
498	Spectrogram 1	4	2446.080000	2446.120000	4000.000000	18000.000000	8000.000000	Twitter	5.500405	16.705449	NaN	NaN	57.933575	0.000000
499	Spectrogram 1	4	2446.380000	2446.430000	4000.000000	18000.000000	8000.000000	Twitter	6.723048	17.314787	NaN	NaN	68.738222	0.000000
500	Spectrogram 1	4	2615.190000	2615.270000	4000.000000	18000.000000	8000.000000	Trill	6.847036	19.933960	NaN	NaN	55.973735	0.000000
501	Spectrogram 1	4	2647.810000	2647.940000	4000.000000	18000.000000	8000.000000	Trill	7.439006	11.426610	NaN	NaN	48.828078	0.000000
502	Spectrogram 1	4	2648.740000	2649.310000	4000.000000	18000.000000	8000.000000	Trill	5.052012	13.497280	NaN	NaN	68.604041	0.000000
503	Spectrogram 1	4	2656.540000	2656.570000	4000.000000	18000.000000	8000.000000	Trill	5.136651	11.305416	NaN	NaN	65.098955	0.000000
504	Spectrogram 1	4	2656.590000	2656.630000	4000.000000	18000.000000	8000.000000	Trill	4.609512	11.505088	NaN	NaN	72.819287	0.000000
505	Spectrogram 1	4	2656.850000	2657.110000	4000.000000	18000.000000	8000.000000	Trill	4.940253	13.728898	NaN	NaN	79.673913	0.000000
506	Spectrogram 1	4	2657.160000	2657.240000	4000.000000	18000.000000	8000.000000	Trill	4.960150	13.304959	NaN	NaN	59.143391	0.000000
507	Spectrogram 1	4	2711.010000	2711.720000	4000.000000	18000.000000	8000.000000	Trill	7.518815	13.693738	NaN	NaN	76.709266	0.000000
508	Spectrogram 1	4	2711.920000	2712.550000	4000.000000	18000.000000	8000.000000	Phee	7.953298	19.600941	NaN	NaN	102.116913	0.000000
509	Spectrogram 1	4	2712.780000	2713.450000	4000.000000	18000.000000	8000.000000	Phee	7.058728	14.633090	NaN	NaN	85.472354	0.000000
510	Spectrogram 1	4	2718.060000	2718.220000	4000.000000	18000.000000	8000.000000	Trill	6.264027	16.334065	NaN	NaN	76.779735	0.000000
511	Spectrogram 1	4	2737.140000	2737.260000	4000.000000	18000.000000	8000.000000	Trill	6.552093	13.983758	NaN	NaN	78.734166	0.000000
512	Spectrogram 1	4	2755.740000	2755.860000	4000.000000	18000.000000	8000.000000	Trill	5.982541	12.999576	NaN	NaN	75.434867	0.000000
513	Spectrogram 1	4	2769.400000	2769.440000	4000.000000	18000.000000	8000.000000	Twitter	6.164619	19.690319	NaN	NaN	51.823726	0.000000
514	Spectrogram 1	4	2769.730000	2769.770000	4000.000000	18000.000000	8000.000000	Twitter	5.613876	18.600686	NaN	NaN	53.849180	0.000000
515	Spectrogram 1	4	2776.330000	2776.450000	4000.000000	18000.000000	8000.000000	Trill	8.287098	19.705560	NaN	NaN	101.058439	0.000000
516	Spectrogram 1	4	2778.500000	2778.520000	4000.000000	18000.000000	8000.000000	Tse	5.486600	14.668751	NaN	NaN	48.275735	0.000000
517	Spectrogram 1	4	2874.270000	2874.340000	4000.000000	18000.000000	8000.000000	Trill	7.752116	9.833426	NaN	NaN	44.517950	0.000000
518	Spectrogram 1	4	2899.140000	2899.690000	4000.000000	18000.000000	8000.000000	Trill	3.950374	8.944899	NaN	NaN	37.602767	0.000000
519	Spectrogram 1	4	2907.120000	2907.150000	4000.000000	18000.000000	8000.000000	Twitter	10.084858	16.163347	NaN	NaN	62.752290	0.000000
520	Spectrogram 1	4	2907.270000	2907.310000	4000.000000	18000.000000	8000.000000	Twitter	12.995550	24.987868	NaN	NaN	63.353252	0.000000
521	Spectrogram 1	4	2907.430000	2907.480000	4000.000000	18000.000000	8000.000000	Twitter	12.356418	24.458128	NaN	NaN	63.954124	0.000000
522	Spectrogram 1	4	2907.580000	2907.640000	4000.000000	18000.000000	8000.000000	Twitter	12.032838	23.998317	NaN	NaN	57.743242	0.000000
523	Spectrogram 1	4	2907.730000	2907.780000	4000.000000	18000.000000	8000.000000	Twitter	13.456770	25.330611	NaN	NaN	65.268379	0.000000
524	Spectrogram 1	4	2907.870000	2907.930000	4000.000000	18000.000000	8000.000000	Twitter	11.430962	22.540326	NaN	NaN	59.229555	0.000000
525	Spectrogram 1	4	2908.020000	2908.080000	4000.000000	18000.000000	8000.000000	Twitter	11.088702	21.452019	NaN	NaN	70.475665	0.000000
526	Spectrogram 1	4	2908.160000	2908.230000	4000.000000	18000.000000	8000.000000	Twitter	7.464676	14.575171	NaN	NaN	62.667077	0.000000
527	Spectrogram 1	4	2912.300000	2912.430000	4000.000000	18000.000000	8000.000000	Phee	4.468982	16.320458	NaN	NaN	82.405139	0.000000
528	Spectrogram 1	4	2928.040000	2928.200000	4000.000000	18000.000000	8000.000000	Phee	6.714636	14.755341	NaN	NaN	84.445884	0.000000
529	Spectrogram 1	4	2956.490000	2957.310000	4000.000000	18000.000000	8000.000000	Trill	4.908621	9.768833	NaN	NaN	52.075074	0.000000
530	Spectrogram 1	4	2957.430000	2958.050000	4000.000000	18000.000000	8000.000000	Trill	4.247851	10.915246	NaN	NaN	62.429974	0.000000
531	Spectrogram 1	4	2967.350000	2967.670000	4000.000000	18000.000000	8000.000000	Trill	9.791529	15.184622	NaN	NaN	69.497746	0.000000
532	Spectrogram 1	4	2967.740000	2967.790000	4000.000000	18000.000000	8000.000000	Sd-peep	6.934339	10.784841	NaN	NaN	50.018449	0.000000
533	Spectrogram 1	4	2967.920000	2967.980000	4000.000000	18000.000000	8000.000000	Trill	5.427762	11.261665	NaN	NaN	57.568806	0.000000
534	Spectrogram 1	4	2968.170000	2968.860000	4000.000000	18000.000000	8000.000000	Phee	5.942500	16.759464	NaN	NaN	89.946896	0.000000
535	Spectrogram 1	4	2969.040000	2969.940000	4000.000000	18000.000000	8000.000000	Phee	7.480002	21.766546	NaN	NaN	102.106790	0.000000
536	Spectrogram 1	4	2970.050000	2970.840000	4000.000000	18000.000000	8000.000000	Phee	7.737448	18.686640	NaN	NaN	97.222351	0.000000
537	Spectrogram 1	4	2981.800000	2982.120000	4000.000000	18000.000000	8000.000000	Trill	5.059005	9.980541	NaN	NaN	43.839442	0.000000
538	Spectrogram 1	4	2987.050000	2987.080000	4000.000000	18000.000000	8000.000000	Twitter	8.054296	15.457126	NaN	NaN	53.764567	0.000000
539	Spectrogram 1	4	2987.240000	2987.280000	4000.000000	18000.000000	8000.000000	Twitter	12.139329	25.821789	NaN	NaN	78.056212	0.000000
540	Spectrogram 1	4	2987.410000	2987.460000	4000.000000	18000.000000	8000.000000	Twitter	11.424719	24.718117	NaN	NaN	64.547094	0.000000
541	Spectrogram 1	4	2987.570000	2987.630000	4000.000000	18000.000000	8000.000000	Twitter	10.291479	23.545966	NaN	NaN	60.904663	0.000000
542	Spectrogram 1	4	2987.720000	2987.790000	4000.000000	18000.000000	8000.000000	Twitter	8.980476	21.795739	NaN	NaN	57.720234	0.000000
543	Spectrogram 1	4	2987.880000	2987.950000	4000.000000	18000.000000	8000.000000	Twitter	8.884525	21.276457	NaN	NaN	58.601901	0.000000
544	Spectrogram 1	4	2988.040000	2988.090000	4000.000000	18000.000000	8000.000000	Twitter	7.475929	18.691312	NaN	NaN	65.729737	0.000000
545	Spectrogram 1	4	2988.190000	2988.270000	4000.000000	18000.000000	8000.000000	Twitter	6.261551	16.391723	NaN	NaN	73.633978	0.000000
546	Spectrogram 1	4	2988.350000	2988.410000	4000.000000	18000.000000	8000.000000	Twitter	7.179526	15.013666	NaN	NaN	78.490320	0.000000
547	Spectrogram 1	4	2988.480000	2988.520000	4000.000000	18000.000000	8000.000000	Trill	6.209494	12.264720	NaN	NaN	68.794982	0.000000
548	Spectrogram 1	4	2989.520000	2989.910000	4000.000000	18000.000000	8000.000000	Trill	4.256730	9.859580	NaN	NaN	45.993049	0.000000
549	Spectrogram 1	4	2992.960000	2993.120000	4000.000000	18000.000000	8000.000000	Trill	4.326854	7.784043	NaN	NaN	40.866506	0.000000
550	Spectrogram 1	4	2993.280000	2993.380000	4000.000000	18000.000000	8000.000000	Trill	6.382977	9.482624	NaN	NaN	44.235643	0.000000
551	Spectrogram 1	4	3036.810000	3036.880000	4000.000000	18000.000000	8000.000000	Trill	7.810787	12.599274	NaN	NaN	46.978900	0.000000
552	Spectrogram 1	4	3073.830000	3074.130000	4000.000000	18000.000000	8000.000000	Trill	7.956864	10.389933	NaN	NaN	53.374466	0.000000
553	Spectrogram 1	4	3074.590000	3075.060000	4000.000000	18000.000000	8000.000000	Trill	4.685734	9.548533	NaN	NaN	63.906936	0.000000
554	Spectrogram 1	4	3075.320000	3075.750000	4000.000000	18000.000000	8000.000000	Trill	4.439259	9.692850	NaN	NaN	65.251395	0.000000
555	Spectrogram 1	4	3079.280000	3079.530000	4000.000000	18000.000000	8000.000000	Trill	8.337872	11.743318	NaN	NaN	58.140529	0.000000
556	Spectrogram 1	4	3080.160000	3080.760000	4000.000000	18000.000000	8000.000000	Trill	5.357109	11.222527	NaN	NaN	64.258701	0.000000
557	Spectrogram 1	4	3086.780000	3086.830000	4000.000000	18000.000000	8000.000000	Tse	4.415819	14.603093	NaN	NaN	70.833292	0.000000
558	Spectrogram 1	4	3109.780000	3109.960000	4000.000000	18000.000000	8000.000000	Trill	7.375220	11.022572	NaN	NaN	58.434741	0.000000
559	Spectrogram 1	4	3129.900000	3130.350000	4000.000000	18000.000000	8000.000000	Trill	6.933252	9.844842	NaN	NaN	44.057481	0.000000
560	Spectrogram 1	4	3136.900000	3137.410000	4000.000000	18000.000000	8000.000000	Trill	7.858027	12.813312	NaN	NaN	61.997918	0.000000
561	Spectrogram 1	4	3137.570000	3138.010000	4000.000000	18000.000000	8000.000000	Trill	5.020353	10.793334	NaN	NaN	61.452618	0.000000
562	Spectrogram 1	4	3138.170000	3138.730000	4000.000000	18000.000000	8000.000000	Trill	4.942222	11.303149	NaN	NaN	65.792998	0.000000
563	Spectrogram 1	4	3141.300000	3141.520000	4000.000000	18000.000000	8000.000000	Trill	7.020318	10.120701	NaN	NaN	47.668458	0.000000
564	Spectrogram 1	4	3158.060000	3158.250000	4000.000000	18000.000000	8000.000000	Trill	6.479978	10.618506	NaN	NaN	53.140704	0.000000
565	Spectrogram 1	4	3160.080000	3160.750000	4000.000000	18000.000000	8000.000000	Trill	6.995975	11.457715	NaN	NaN	57.484127	0.000000
566	Spectrogram 1	4	3160.940000	3161.020000	4000.000000	18000.000000	8000.000000	Trill	5.312717	9.886689	NaN	NaN	58.206478	0.000000
567	Spectrogram 1	4	3169.290000	3169.410000	4000.000000	18000.000000	8000.000000	Phee	7.216757	17.953393	NaN	NaN	94.376652	0.000000
568	Spectrogram 1	4	3228.900000	3229.380000	4000.000000	18000.000000	8000.000000	Trill	5.842593	8.559599	NaN	NaN	44.083758	0.000000
569	Spectrogram 1	4	3230.800000	3230.900000	4000.000000	18000.000000	8000.000000	Trill	7.902318	17.741821	NaN	NaN	88.377549	0.000000
570	Spectrogram 1	4	3267.400000	3267.440000	4000.000000	18000.000000	8000.000000	Twitter	11.494258	18.816742	NaN	NaN	67.222442	0.000000
571	Spectrogram 1	4	3267.550000	3267.600000	4000.000000	18000.000000	8000.000000	Twitter	12.908986	23.075491	NaN	NaN	73.763312	0.000000
572	Spectrogram 1	4	3267.700000	3267.750000	4000.000000	18000.000000	8000.000000	Twitter	13.170912	22.257154	NaN	NaN	67.408182	0.000000
573	Spectrogram 1	4	3267.850000	3267.900000	4000.000000	18000.000000	8000.000000	Twitter	14.178565	23.214511	NaN	NaN	68.476842	0.000000
574	Spectrogram 1	4	3267.980000	3268.050000	4000.000000	18000.000000	8000.000000	Twitter	11.407208	20.074476	NaN	NaN	67.890509	0.000000
575	Spectrogram 1	4	3268.130000	3268.200000	4000.000000	18000.000000	8000.000000	Twitter	10.538990	17.836076	NaN	NaN	77.011504	0.000000
576	Spectrogram 1	4	3268.490000	3269.350000	4000.000000	18000.000000	8000.000000	Phee	6.050983	13.987150	NaN	NaN	73.732117	0.000000
577	Spectrogram 1	4	3269.550000	3270.360000	4000.000000	18000.000000	8000.000000	Phee	5.518052	12.113252	NaN	NaN	72.419194	0.000000
578	Spectrogram 1	4	3315.430000	3315.470000	4000.000000	18000.000000	8000.000000	Twitter	12.038830	22.879350	NaN	NaN	58.825735	0.000000
579	Spectrogram 1	4	3315.550000	3315.600000	4000.000000	18000.000000	8000.000000	Twitter	12.237519	20.454244	NaN	NaN	67.410666	0.000000
580	Spectrogram 1	4	3315.620000	3315.650000	4000.000000	18000.000000	8000.000000	Twitter	8.376628	20.291296	NaN	NaN	52.681317	0.000000
581	Spectrogram 1	4	3315.690000	3315.710000	4000.000000	18000.000000	8000.000000	Twitter	12.340461	22.349809	NaN	NaN	47.163442	0.000000
582	Spectrogram 1	4	3315.770000	3315.810000	4000.000000	18000.000000	8000.000000	Twitter	13.180742	26.650958	NaN	NaN	56.035239	0.000000
583	Spectrogram 1	4	3315.910000	3315.960000	4000.000000	18000.000000	8000.000000	Twitter	11.810612	23.506581	NaN	NaN	56.788607	0.000000
584	Spectrogram 1	4	3316.060000	3316.120000	4000.000000	18000.000000	8000.000000	Twitter	12.212715	23.355171	NaN	NaN	55.659515	0.000000
585	Spectrogram 1	4	3316.220000	3316.270000	4000.000000	18000.000000	8000.000000	Twitter	11.433076	23.764150	NaN	NaN	48.098906	0.000000
586	Spectrogram 1	4	3316.350000	3316.420000	4000.000000	18000.000000	8000.000000	Twitter	11.578213	20.919316	NaN	NaN	72.728146	0.000000
587	Spectrogram 1	4	3316.490000	3316.570000	4000.000000	18000.000000	8000.000000	Twitter	7.675274	14.798044	NaN	NaN	74.028531	0.000000
588	Spectrogram 1	4	3319.820000	3319.960000	4000.000000	18000.000000	8000.000000	Phee	6.657308	16.056007	NaN	NaN	89.553933	0.000000
589	Spectrogram 1	4	3324.580000	3324.820000	4000.000000	18000.000000	8000.000000	Trill	5.281372	16.234361	NaN	NaN	77.003496	0.000000
590	Spectrogram 1	4	3333.290000	3333.410000	4000.000000	18000.000000	8000.000000	Trill	6.702646	16.254375	NaN	NaN	89.690662	0.000000
591	Spectrogram 1	4	3373.610000	3373.630000	4000.000000	18000.000000	8000.000000	Twitter	5.616146	12.149585	NaN	NaN	53.293163	0.000000
592	Spectrogram 1	4	3373.740000	3373.770000	4000.000000	18000.000000	8000.000000	Twitter	5.537863	12.390757	NaN	NaN	52.745336	0.000000
593	Spectrogram 1	4	3374.890000	3375.470000	4000.000000	18000.000000	8000.000000	Trill	5.690102	10.617284	NaN	NaN	47.805831	0.000000
594	Spectrogram 1	4	3377.400000	3377.430000	4000.000000	18000.000000	8000.000000	Twitter	4.955275	17.069019	NaN	NaN	54.123464	0.000000
595	Spectrogram 1	4	3379.910000	3380.010000	4000.000000	18000.000000	8000.000000	Sd-peep	8.179382	20.332461	NaN	NaN	97.041584	0.000000
596	Spectrogram 1	4	3388.580000	3388.750000	4000.000000	18000.000000	8000.000000	Trill	5.509776	8.615065	NaN	NaN	44.753422	0.000000
597	Spectrogram 1	4	3437.220000	3437.940000	4000.000000	18000.000000	8000.000000	Twitter	7.261237	16.305119	NaN	NaN	53.200802	0.000000
598	Spectrogram 1	4	3437.980000	3438.020000	4000.000000	18000.000000	8000.000000	Twitter	8.421382	13.173200	NaN	NaN	62.999066	0.000000
599	Spectrogram 1	4	3468.690000	3468.720000	4000.000000	18000.000000	8000.000000	Twitter	11.180478	19.811955	NaN	NaN	66.467965	0.000000
600	Spectrogram 1	4	3468.850000	3468.900000	4000.000000	18000.000000	8000.000000	Twitter	13.631911	25.943258	NaN	NaN	79.064657	0.000000
601	Spectrogram 1	4	3469.020000	3469.070000	4000.000000	18000.000000	8000.000000	Twitter	14.499353	27.279802	NaN	NaN	70.477687	0.000000
602	Spectrogram 1	4	3469.170000	3469.230000	4000.000000	18000.000000	8000.000000	Twitter	13.142762	25.513050	NaN	NaN	63.939940	0.000000
603	Spectrogram 1	4	3469.320000	3469.380000	4000.000000	18000.000000	8000.000000	Twitter	12.997324	24.758440	NaN	NaN	65.593739	0.000000
604	Spectrogram 1	4	3469.470000	3469.540000	4000.000000	18000.000000	8000.000000	Twitter	12.692950	24.109043	NaN	NaN	64.066772	0.000000
605	Spectrogram 1	4	3469.620000	3469.700000	4000.000000	18000.000000	8000.000000	Twitter	11.093678	22.239253	NaN	NaN	71.187004	0.000000
606	Spectrogram 1	4	3469.770000	3469.850000	4000.000000	18000.000000	8000.000000	Twitter	10.401103	20.246291	NaN	NaN	82.158588	0.000000
607	Spectrogram 1	4	3469.920000	3469.950000	4000.000000	18000.000000	8000.000000	Twitter	6.707498	13.975330	NaN	NaN	74.956119	0.000000
608	Spectrogram 1	4	3476.620000	3476.780000	4000.000000	18000.000000	8000.000000	Trill	5.854859	8.377621	NaN	NaN	40.797195	0.000000
609	Spectrogram 1	4	3477.060000	3477.180000	4000.000000	18000.000000	8000.000000	Trill	4.407553	7.473669	NaN	NaN	42.107774	0.000000
610	Spectrogram 1	4	3481.790000	3482.540000	4000.000000	18000.000000	8000.000000	Trill	6.557044	12.835891	NaN	NaN	70.560913	0.000000
611	Spectrogram 1	4	3482.690000	3483.370000	4000.000000	18000.000000	8000.000000	Phee	7.082985	17.006443	NaN	NaN	92.373784	0.000000
612	Spectrogram 1	4	3483.490000	3484.190000	4000.000000	18000.000000	8000.000000	Phee	6.280212	14.218309	NaN	NaN	82.741664	0.000000
613	Spectrogram 1	4	3548.320000	3548.340000	4000.000000	18000.000000	8000.000000	Phee	6.232020	19.257213	NaN	NaN	56.277733	0.000000
614	Spectrogram 1	4	3548.480000	3548.510000	4000.000000	18000.000000	8000.000000	Twitter	4.863326	18.386868	NaN	NaN	49.375259	0.000000
615	Spectrogram 1	4	3549.930000	3549.960000	4000.000000	18000.000000	8000.000000	Twitter	8.801734	17.322761	NaN	NaN	59.036651	0.000000
616	Spectrogram 1	4	3550.080000	3550.120000	4000.000000	18000.000000	8000.000000	Twitter	13.415882	25.444726	NaN	NaN	74.766941	0.000000
617	Spectrogram 1	4	3550.240000	3550.290000	4000.000000	18000.000000	8000.000000	Twitter	11.811426	23.279316	NaN	NaN	69.138445	0.000000
618	Spectrogram 1	4	3550.400000	3550.460000	4000.000000	18000.000000	8000.000000	Twitter	11.439181	23.048333	NaN	NaN	63.806286	0.000000
619	Spectrogram 1	4	3550.550000	3550.620000	4000.000000	18000.000000	8000.000000	Twitter	11.088930	22.254879	NaN	NaN	63.024375	0.000000
620	Spectrogram 1	4	3550.690000	3550.780000	4000.000000	18000.000000	8000.000000	Twitter	8.905711	18.435784	NaN	NaN	73.125789	0.000000
621	Spectrogram 1	4	3550.840000	3550.920000	4000.000000	18000.000000	8000.000000	Twitter	7.223625	13.590476	NaN	NaN	67.050326	0.000000
622	Spectrogram 1	4	3551.000000	3551.050000	4000.000000	18000.000000	8000.000000	Twitter	9.256300	13.379658	NaN	NaN	72.985231	0.000000
623	Spectrogram 1	4	3596.600000	3597.400000	4000.000000	18000.000000	8000.000000	Trill	7.569605	14.244916	NaN	NaN	62.526689	0.000000
624	Spectrogram 1	4	3604.710000	3604.860000	4000.000000	18000.000000	8000.000000	Trill	4.382531	7.756504	NaN	NaN	40.426656	0.000000
625	Spectrogram 1	4	3605.540000	3605.640000	4000.000000	18000.000000	8000.000000	P-peep	4.308298	9.954029	NaN	NaN	64.957233	0.000000
626	Spectrogram 1	4	3605.670000	3605.920000	4000.000000	18000.000000	8000.000000	Trill	4.901032	11.590305	NaN	NaN	74.687611	0.000000
