Selection	View	Channel	Begin Time (s)	End Time (s)	Low Freq (Hz)	High Freq (Hz)	Max Freq (Hz)	Call Type	Energy Diff	Energy Par	Energy Diff (wl)	Energy Par (wl)	AHR	Exception
1	Spectrogram 1	1	7.890000	7.950000	4000.000000	18000.000000	8000.000000	Trill	4.165766	18.120307	NaN	NaN	76.178209	0.000000
2	Spectrogram 1	1	101.500000	101.620000	4000.000000	18000.000000	8000.000000	Trill	6.503176	27.712243	NaN	NaN	75.768314	0.000000
3	Spectrogram 1	1	103.790000	103.920000	4000.000000	18000.000000	8000.000000	Phee	5.202157	10.501470	NaN	NaN	69.021564	0.000000
4	Spectrogram 1	1	104.570000	105.190000	4000.000000	18000.000000	8000.000000	Trill	10.459753	21.056761	NaN	NaN	119.943779	0.000000
5	Spectrogram 1	1	107.080000	107.500000	4000.000000	18000.000000	8000.000000	Trill	19.540518	28.728517	NaN	NaN	138.013418	0.000000
6	Spectrogram 1	1	123.160000	123.190000	4000.000000	18000.000000	8000.000000	Trill	5.435672	7.773892	NaN	NaN	39.900282	0.000000
7	Spectrogram 1	1	123.360000	123.390000	4000.000000	18000.000000	8000.000000	Trill	4.945042	7.655291	NaN	NaN	37.288778	0.000000
8	Spectrogram 1	1	124.590000	124.890000	4000.000000	18000.000000	8000.000000	Trill	12.549051	22.182393	NaN	NaN	87.913027	0.000000
9	Spectrogram 1	1	148.430000	148.810000	4000.000000	18000.000000	8000.000000	Trill	6.944701	16.797259	NaN	NaN	75.298453	0.000000
10	Spectrogram 1	1	162.850000	164.030000	4000.000000	18000.000000	8000.000000	Phee	4.204184	23.139360	NaN	NaN	52.509655	0.000000
11	Spectrogram 1	1	164.340000	164.380000	4000.000000	18000.000000	8000.000000	Phee	4.576356	6.959788	NaN	NaN	33.394799	0.000000
12	Spectrogram 1	1	171.600000	171.630000	4000.000000	18000.000000	8000.000000	Trill	5.104663	13.429943	NaN	NaN	44.089287	0.000000
13	Spectrogram 1	1	186.280000	186.320000	4000.000000	18000.000000	8000.000000	Trill	4.090846	12.489356	NaN	NaN	41.029832	0.000000
14	Spectrogram 1	1	206.200000	206.220000	4000.000000	18000.000000	8000.000000	Sd-peep	5.328909	7.396219	NaN	NaN	37.886602	0.000000
15	Spectrogram 1	1	226.450000	227.210000	4000.000000	18000.000000	8000.000000	Trill	7.087902	15.015231	NaN	NaN	29.358927	0.000000
16	Spectrogram 1	1	280.520000	280.940000	4000.000000	18000.000000	8000.000000	Trill	6.452249	16.745118	NaN	NaN	66.432218	0.000000
17	Spectrogram 1	1	286.540000	286.600000	4000.000000	18000.000000	8000.000000	Trill	4.619976	10.913136	NaN	NaN	60.100699	0.000000
18	Spectrogram 1	1	289.270000	290.130000	4000.000000	18000.000000	8000.000000	Trill	4.835546	13.936427	NaN	NaN	53.479237	0.000000
19	Spectrogram 1	1	322.330000	322.400000	4000.000000	18000.000000	8000.000000	Trillphee	4.021981	14.475342	NaN	NaN	76.517646	0.000000
20	Spectrogram 1	1	378.210000	378.300000	4000.000000	18000.000000	8000.000000	Phee	4.199079	12.199440	NaN	NaN	53.815232	0.000000
21	Spectrogram 1	1	378.860000	379.490000	4000.000000	18000.000000	8000.000000	Trill	8.279981	18.906613	NaN	NaN	69.747221	0.000000
22	Spectrogram 1	1	381.560000	382.070000	4000.000000	18000.000000	8000.000000	Trill	13.359221	27.100523	NaN	NaN	121.289119	0.000000
23	Spectrogram 1	1	383.770000	384.180000	4000.000000	18000.000000	8000.000000	Trill	10.775807	22.062893	NaN	NaN	78.970712	0.000000
24	Spectrogram 1	1	404.900000	404.990000	4000.000000	18000.000000	8000.000000	Phee	5.419486	13.652619	NaN	NaN	62.608920	0.000000
25	Spectrogram 1	1	419.310000	419.580000	4000.000000	18000.000000	8000.000000	Trill	6.476279	15.280722	NaN	NaN	61.515000	0.000000
26	Spectrogram 1	1	427.090000	427.400000	4000.000000	18000.000000	8000.000000	Phee	5.245797	21.766915	NaN	NaN	52.287147	0.000000
27	Spectrogram 1	1	427.460000	428.900000	4000.000000	18000.000000	8000.000000	Trillphee	6.116671	33.390773	NaN	NaN	109.098833	0.000000
28	Spectrogram 1	1	429.970000	430.280000	4000.000000	18000.000000	8000.000000	Trill	13.932730	26.700330	NaN	NaN	104.785096	0.000000
29	Spectrogram 1	1	432.640000	432.990000	4000.000000	18000.000000	8000.000000	Trill	13.190098	24.833161	NaN	NaN	110.109950	0.000000
30	Spectrogram 1	1	437.520000	437.950000	4000.000000	18000.000000	8000.000000	Trill	15.110713	26.525835	NaN	NaN	132.389413	0.000000
31	Spectrogram 1	1	460.010000	460.130000	4000.000000	18000.000000	8000.000000	Trill	8.680320	17.540912	NaN	NaN	54.341480	0.000000
32	Spectrogram 1	1	466.740000	467.740000	4000.000000	18000.000000	8000.000000	Trill	4.835589	17.484055	NaN	NaN	79.921217	0.000000
33	Spectrogram 1	1	470.710000	470.760000	4000.000000	18000.000000	8000.000000	Trill	4.053535	7.682789	NaN	NaN	33.814713	0.000000
34	Spectrogram 1	1	476.890000	477.000000	4000.000000	18000.000000	8000.000000	Trillphee	5.315253	14.616563	NaN	NaN	31.202949	0.000000
35	Spectrogram 1	1	495.820000	496.160000	4000.000000	18000.000000	8000.000000	Trill	4.896178	14.895591	NaN	NaN	57.525081	0.000000
36	Spectrogram 1	1	497.080000	498.560000	4000.000000	18000.000000	8000.000000	Phee	4.220561	30.000000	NaN	NaN	82.693839	0.000000
37	Spectrogram 1	1	506.200000	506.230000	4000.000000	18000.000000	8000.000000	Trill	4.942516	9.467658	NaN	NaN	60.053477	0.000000
38	Spectrogram 1	1	510.380000	510.450000	4000.000000	18000.000000	8000.000000	Phee	5.635810	13.496864	NaN	NaN	89.581879	0.000000
39	Spectrogram 1	1	573.150000	573.210000	4000.000000	18000.000000	8000.000000	Trillphee	4.447742	15.436979	NaN	NaN	88.780533	0.000000
40	Spectrogram 1	1	580.490000	580.780000	4000.000000	18000.000000	8000.000000	Trill	7.973243	17.680213	NaN	NaN	66.393587	0.000000
41	Spectrogram 1	1	585.470000	585.490000	4000.000000	18000.000000	8000.000000	Sd-peep	5.674681	12.068040	NaN	NaN	48.754645	0.000000
42	Spectrogram 1	1	585.730000	585.870000	4000.000000	18000.000000	8000.000000	Phee	8.449823	11.703650	NaN	NaN	41.541008	0.000000
43	Spectrogram 1	1	624.430000	624.470000	4000.000000	18000.000000	8000.000000	Trill	4.133181	7.060766	NaN	NaN	44.311461	0.000000
44	Spectrogram 1	1	634.420000	634.740000	4000.000000	18000.000000	8000.000000	Trill	9.951309	20.755486	NaN	NaN	68.542227	0.000000
45	Spectrogram 1	1	641.090000	641.250000	4000.000000	18000.000000	8000.000000	Trill	4.818970	12.631400	NaN	NaN	40.199962	0.000000
46	Spectrogram 1	1	643.430000	643.460000	4000.000000	18000.000000	8000.000000	Sd-peep	4.674394	7.648456	NaN	NaN	40.899578	0.000000
47	Spectrogram 1	1	647.860000	648.080000	4000.000000	18000.000000	8000.000000	Phee	7.071350	12.449457	NaN	NaN	30.761189	0.000000
48	Spectrogram 1	1	655.170000	655.540000	4000.000000	18000.000000	8000.000000	Trill	6.411218	14.829266	NaN	NaN	57.778227	0.000000
49	Spectrogram 1	1	660.760000	660.780000	4000.000000	18000.000000	8000.000000	Sd-peep	4.423090	6.259619	NaN	NaN	46.016545	0.000000
50	Spectrogram 1	1	666.840000	666.860000	4000.000000	18000.000000	8000.000000	Sd-peep	5.792595	11.423097	NaN	NaN	43.250500	0.000000
51	Spectrogram 1	1	678.400000	678.460000	4000.000000	18000.000000	8000.000000	Trill	5.371794	14.492219	NaN	NaN	87.916700	0.000000
52	Spectrogram 1	1	680.660000	681.120000	4000.000000	18000.000000	8000.000000	Trill	6.839307	17.184168	NaN	NaN	58.628820	0.000000
53	Spectrogram 1	1	682.730000	683.520000	4000.000000	18000.000000	8000.000000	Twitter	4.267081	31.702747	NaN	NaN	86.381985	0.000000
54	Spectrogram 1	1	695.650000	695.670000	4000.000000	18000.000000	8000.000000	Twitter	5.602506	16.276730	NaN	NaN	81.419216	0.000000
55	Spectrogram 1	1	696.030000	696.060000	4000.000000	18000.000000	8000.000000	Trill	4.503445	15.308355	NaN	NaN	93.394978	0.000000
56	Spectrogram 1	1	699.290000	699.870000	4000.000000	18000.000000	8000.000000	Trill	8.675760	21.526974	NaN	NaN	85.478858	0.000000
57	Spectrogram 1	1	700.550000	701.160000	4000.000000	18000.000000	8000.000000	Trill	10.829171	24.813162	NaN	NaN	105.358298	0.000000
58	Spectrogram 1	1	750.510000	750.740000	4000.000000	18000.000000	8000.000000	Trill	5.765106	13.951617	NaN	NaN	52.565533	0.000000
59	Spectrogram 1	1	764.880000	764.960000	4000.000000	18000.000000	8000.000000	Trill	4.251953	7.576597	NaN	NaN	42.108411	0.000000
60	Spectrogram 1	1	771.430000	771.770000	4000.000000	18000.000000	8000.000000	Trill	13.930009	24.202388	NaN	NaN	115.777371	0.000000
61	Spectrogram 1	1	776.920000	776.960000	4000.000000	18000.000000	8000.000000	Trill	4.328123	9.245879	NaN	NaN	51.203197	0.000000
62	Spectrogram 1	1	778.740000	778.890000	4000.000000	18000.000000	8000.000000	Trill	6.534652	9.362296	NaN	NaN	37.834250	0.000000
63	Spectrogram 1	1	783.760000	784.020000	4000.000000	18000.000000	8000.000000	Trill	6.883999	18.432641	NaN	NaN	81.170102	0.000000
64	Spectrogram 1	1	785.170000	785.320000	4000.000000	18000.000000	8000.000000	Phee	4.536358	8.522494	NaN	NaN	53.241013	0.000000
65	Spectrogram 1	1	788.020000	788.270000	4000.000000	18000.000000	8000.000000	Trill	7.977243	17.372297	NaN	NaN	75.901554	0.000000
66	Spectrogram 1	1	834.130000	834.270000	4000.000000	18000.000000	8000.000000	Trill	4.470635	7.598874	NaN	NaN	37.794308	0.000000
67	Spectrogram 1	1	834.550000	834.650000	4000.000000	18000.000000	8000.000000	Trill	4.972400	8.545778	NaN	NaN	39.084294	0.000000
68	Spectrogram 1	1	836.560000	836.590000	4000.000000	18000.000000	8000.000000	Trill	4.209884	8.573830	NaN	NaN	34.179234	0.000000
69	Spectrogram 1	1	840.330000	840.400000	4000.000000	18000.000000	8000.000000	Trillphee	4.860528	8.687877	NaN	NaN	42.377187	0.000000
70	Spectrogram 1	1	877.910000	877.950000	4000.000000	18000.000000	8000.000000	Phee	4.995878	10.497442	NaN	NaN	40.521740	0.000000
71	Spectrogram 1	1	882.110000	882.880000	4000.000000	18000.000000	8000.000000	Phee	6.602620	16.382437	NaN	NaN	29.810220	0.000000
72	Spectrogram 1	1	897.050000	897.090000	4000.000000	18000.000000	8000.000000	Phee	5.919724	8.242662	NaN	NaN	44.619836	0.000000
73	Spectrogram 1	1	925.260000	925.290000	4000.000000	18000.000000	8000.000000	Sd-peep	4.649066	9.068205	NaN	NaN	39.246690	0.000000
74	Spectrogram 1	1	970.580000	970.830000	4000.000000	18000.000000	8000.000000	Phee	6.296222	30.000000	NaN	NaN	136.979137	0.000000
75	Spectrogram 1	1	978.890000	979.360000	4000.000000	18000.000000	8000.000000	Trillphee	5.452765	20.592820	NaN	NaN	47.647733	0.000000
76	Spectrogram 1	1	991.010000	991.160000	4000.000000	18000.000000	8000.000000	Trill	12.684399	21.607369	NaN	NaN	89.187102	0.000000
77	Spectrogram 1	1	1009.990000	1010.330000	4000.000000	18000.000000	8000.000000	Trill	12.646847	24.590453	NaN	NaN	102.177937	0.000000
78	Spectrogram 1	1	1030.440000	1030.480000	4000.000000	18000.000000	8000.000000	Trill	4.324599	7.578928	NaN	NaN	42.927543	0.000000
79	Spectrogram 1	1	1060.730000	1060.940000	4000.000000	18000.000000	8000.000000	Trill	4.325857	12.784704	NaN	NaN	44.827081	0.000000
80	Spectrogram 1	1	1064.780000	1064.860000	4000.000000	18000.000000	8000.000000	Phee	5.682201	7.449320	NaN	NaN	47.200796	0.000000
81	Spectrogram 1	1	1102.340000	1102.420000	4000.000000	18000.000000	8000.000000	Trillphee	4.432427	9.891997	NaN	NaN	65.044169	0.000000
82	Spectrogram 1	1	1105.530000	1105.560000	4000.000000	18000.000000	8000.000000	Trillphee	4.496047	15.807434	NaN	NaN	66.132561	0.000000
83	Spectrogram 1	1	1108.950000	1109.130000	4000.000000	18000.000000	8000.000000	Trill	5.285703	17.971880	NaN	NaN	91.733976	0.000000
84	Spectrogram 1	1	1115.630000	1115.670000	4000.000000	18000.000000	8000.000000	Trillphee	7.342233	16.174073	NaN	NaN	81.246853	0.000000
85	Spectrogram 1	1	1115.740000	1115.780000	4000.000000	18000.000000	8000.000000	Phee	5.594735	15.119477	NaN	NaN	68.447253	0.000000
86	Spectrogram 1	1	1117.060000	1117.160000	4000.000000	18000.000000	8000.000000	Trillphee	4.376745	10.550791	NaN	NaN	55.733220	0.000000
87	Spectrogram 1	1	1117.260000	1117.330000	4000.000000	18000.000000	8000.000000	Trillphee	7.659926	13.061059	NaN	NaN	78.795947	0.000000
88	Spectrogram 1	1	1119.190000	1119.270000	4000.000000	18000.000000	8000.000000	Trill	5.549322	14.250864	NaN	NaN	43.126548	0.000000
89	Spectrogram 1	1	1130.220000	1130.900000	4000.000000	18000.000000	8000.000000	Trill	4.375908	18.033372	NaN	NaN	56.007538	0.000000
90	Spectrogram 1	1	1131.170000	1131.240000	4000.000000	18000.000000	8000.000000	Phee	4.092499	12.015617	NaN	NaN	52.346931	0.000000
91	Spectrogram 1	1	1131.420000	1131.560000	4000.000000	18000.000000	8000.000000	Trillphee	4.326328	16.021248	NaN	NaN	76.999475	0.000000
92	Spectrogram 1	1	1137.930000	1138.090000	4000.000000	18000.000000	8000.000000	Phee	7.825778	15.751896	NaN	NaN	75.210350	0.000000
93	Spectrogram 1	1	1138.240000	1138.270000	4000.000000	18000.000000	8000.000000	Phee	6.464917	13.114388	NaN	NaN	46.519048	0.000000
94	Spectrogram 1	1	1138.340000	1138.550000	4000.000000	18000.000000	8000.000000	Phee	4.687972	22.500736	NaN	NaN	86.325079	0.000000
95	Spectrogram 1	1	1138.620000	1138.800000	4000.000000	18000.000000	8000.000000	Trillphee	6.081080	17.261916	NaN	NaN	29.785696	0.000000
96	Spectrogram 1	1	1156.070000	1156.160000	4000.000000	18000.000000	8000.000000	Trill	4.244009	8.681588	NaN	NaN	48.126553	0.000000
97	Spectrogram 1	1	1184.730000	1185.060000	4000.000000	18000.000000	8000.000000	Trill	18.263872	28.544558	NaN	NaN	93.875027	0.000000
98	Spectrogram 1	1	1186.030000	1186.510000	4000.000000	18000.000000	8000.000000	Trill	13.481742	23.101576	NaN	NaN	111.679294	0.000000
99	Spectrogram 1	1	1230.160000	1230.390000	4000.000000	18000.000000	8000.000000	Trill	8.871350	17.868858	NaN	NaN	75.799320	0.000000
100	Spectrogram 1	1	1233.610000	1233.900000	4000.000000	18000.000000	8000.000000	Trill	12.159079	23.029746	NaN	NaN	74.517871	0.000000
101	Spectrogram 1	1	1234.240000	1234.340000	4000.000000	18000.000000	8000.000000	Trill	4.771443	19.015615	NaN	NaN	96.104824	0.000000
102	Spectrogram 1	1	1234.400000	1234.540000	4000.000000	18000.000000	8000.000000	Trill	6.053549	27.108698	NaN	NaN	118.908790	0.000000
103	Spectrogram 1	1	1234.580000	1234.960000	4000.000000	18000.000000	8000.000000	Trill	7.116099	30.000000	NaN	NaN	172.273314	0.000000
104	Spectrogram 1	1	1238.250000	1238.630000	4000.000000	18000.000000	8000.000000	Trill	10.466780	24.076182	NaN	NaN	60.967841	0.000000
105	Spectrogram 1	1	1239.860000	1240.170000	4000.000000	18000.000000	8000.000000	Trill	7.661161	17.460510	NaN	NaN	58.281685	0.000000
106	Spectrogram 1	1	1244.530000	1244.590000	4000.000000	18000.000000	8000.000000	Trill	6.390318	9.730723	NaN	NaN	33.663465	0.000000
107	Spectrogram 1	1	1246.540000	1246.590000	4000.000000	18000.000000	8000.000000	Trill	6.385688	18.058682	NaN	NaN	46.124548	0.000000
108	Spectrogram 1	1	1246.630000	1246.690000	4000.000000	18000.000000	8000.000000	Trill	8.287675	12.176892	NaN	NaN	44.898669	0.000000
109	Spectrogram 1	1	1278.590000	1278.610000	4000.000000	18000.000000	8000.000000	Sd-peep	5.826075	7.423316	NaN	NaN	41.049370	0.000000
110	Spectrogram 1	1	1301.900000	1301.970000	4000.000000	18000.000000	8000.000000	Trillphee	4.951125	20.935706	NaN	NaN	110.057395	0.000000
111	Spectrogram 1	1	1305.650000	1305.890000	4000.000000	18000.000000	8000.000000	Trill	11.126160	19.590959	NaN	NaN	89.072154	0.000000
112	Spectrogram 1	1	1311.730000	1311.960000	4000.000000	18000.000000	8000.000000	Trill	6.465324	16.651531	NaN	NaN	66.547764	0.000000
113	Spectrogram 1	1	1334.220000	1334.280000	4000.000000	18000.000000	8000.000000	Trill	4.408668	9.578972	NaN	NaN	52.224199	0.000000
114	Spectrogram 1	1	1366.880000	1367.000000	4000.000000	18000.000000	8000.000000	Phee	6.421541	18.959198	NaN	NaN	97.263350	0.000000
115	Spectrogram 1	1	1394.220000	1394.260000	4000.000000	18000.000000	8000.000000	Trill	6.835422	7.935108	NaN	NaN	32.116488	0.000000
116	Spectrogram 1	1	1398.740000	1399.100000	4000.000000	18000.000000	8000.000000	Trill	6.014392	15.073329	NaN	NaN	59.565413	0.000000
117	Spectrogram 1	1	1403.710000	1404.050000	4000.000000	18000.000000	8000.000000	Phee	4.147327	25.700359	NaN	NaN	100.706929	0.000000
118	Spectrogram 1	1	1413.750000	1414.630000	4000.000000	18000.000000	8000.000000	Trillphee	4.167185	17.378728	NaN	NaN	78.302609	0.000000
119	Spectrogram 1	1	1431.910000	1431.980000	4000.000000	18000.000000	8000.000000	Trill	4.306464	15.831006	NaN	NaN	76.849658	0.000000
120	Spectrogram 1	1	1437.530000	1437.800000	4000.000000	18000.000000	8000.000000	Trill	9.539341	15.786701	NaN	NaN	73.040153	0.000000
121	Spectrogram 1	1	1441.270000	1441.300000	4000.000000	18000.000000	8000.000000	Trillphee	5.572066	8.825010	NaN	NaN	47.255804	0.000000
122	Spectrogram 1	1	1450.070000	1450.110000	4000.000000	18000.000000	8000.000000	Phee	5.451641	19.339412	NaN	NaN	99.754274	0.000000
123	Spectrogram 1	1	1458.020000	1458.140000	4000.000000	18000.000000	8000.000000	Phee	5.034115	15.177448	NaN	NaN	94.374639	0.000000
124	Spectrogram 1	1	1471.390000	1471.590000	4000.000000	18000.000000	8000.000000	Trill	4.071708	13.917610	NaN	NaN	50.991229	0.000000
125	Spectrogram 1	1	1473.210000	1473.360000	4000.000000	18000.000000	8000.000000	Phee	4.102162	12.144401	NaN	NaN	59.048220	0.000000
126	Spectrogram 1	1	1491.380000	1491.730000	4000.000000	18000.000000	8000.000000	Trill	16.804491	25.402635	NaN	NaN	133.209091	0.000000
127	Spectrogram 1	1	1552.800000	1553.140000	4000.000000	18000.000000	8000.000000	Phee	4.332265	10.288121	NaN	NaN	33.808647	0.000000
128	Spectrogram 1	1	1555.410000	1555.860000	4000.000000	18000.000000	8000.000000	Trill	12.902090	24.295478	NaN	NaN	60.421312	0.000000
129	Spectrogram 1	1	1603.880000	1603.940000	4000.000000	18000.000000	8000.000000	Phee	4.476452	16.517882	NaN	NaN	82.075540	0.000000
130	Spectrogram 1	1	1609.910000	1610.990000	4000.000000	18000.000000	8000.000000	Trill	5.210812	19.120981	NaN	NaN	64.167120	0.000000
131	Spectrogram 1	1	1611.040000	1611.070000	4000.000000	18000.000000	8000.000000	Sd-peep	5.546335	22.315451	NaN	NaN	90.398484	0.000000
132	Spectrogram 1	1	1622.530000	1622.570000	4000.000000	18000.000000	8000.000000	Trill	4.017082	13.970017	NaN	NaN	36.482750	0.000000
133	Spectrogram 1	1	1628.760000	1628.810000	4000.000000	18000.000000	8000.000000	Twitter	6.207394	21.363011	NaN	NaN	61.281905	0.000000
134	Spectrogram 1	1	1629.430000	1629.520000	4000.000000	18000.000000	8000.000000	Trill	4.039232	14.026942	NaN	NaN	35.232383	0.000000
135	Spectrogram 1	1	1629.560000	1629.650000	4000.000000	18000.000000	8000.000000	Twitter	4.934646	14.286715	NaN	NaN	39.017483	0.000000
136	Spectrogram 1	1	1629.690000	1629.910000	4000.000000	18000.000000	8000.000000	Trill	4.262420	13.601788	NaN	NaN	41.479869	0.000000
137	Spectrogram 1	1	1633.940000	1633.980000	4000.000000	18000.000000	8000.000000	Sd-peep	4.807267	15.940993	NaN	NaN	52.915265	0.000000
138	Spectrogram 1	1	1638.670000	1638.780000	4000.000000	18000.000000	8000.000000	Phee	5.947766	11.230245	NaN	NaN	74.381757	0.000000
139	Spectrogram 1	1	1655.260000	1655.280000	4000.000000	18000.000000	8000.000000	Sd-peep	5.601914	13.694504	NaN	NaN	52.992186	0.000000
140	Spectrogram 1	1	1679.100000	1679.240000	4000.000000	18000.000000	8000.000000	Trillphee	4.347786	9.480526	NaN	NaN	66.048423	0.000000
141	Spectrogram 1	1	1680.970000	1681.330000	4000.000000	18000.000000	8000.000000	Trill	5.056675	14.573178	NaN	NaN	67.084268	0.000000
142	Spectrogram 1	1	1730.280000	1730.310000	4000.000000	18000.000000	8000.000000	Trill	4.345007	10.827497	NaN	NaN	35.519624	0.000000
143	Spectrogram 1	1	1755.490000	1755.520000	4000.000000	18000.000000	8000.000000	Sd-peep	5.062495	7.279911	NaN	NaN	32.766489	0.000000
144	Spectrogram 1	1	1763.170000	1763.470000	4000.000000	18000.000000	8000.000000	Trill	4.616357	15.383955	NaN	NaN	40.417862	0.000000
145	Spectrogram 1	1	1798.220000	1798.240000	4000.000000	18000.000000	8000.000000	Sd-peep	5.601403	6.268760	NaN	NaN	34.302659	0.000000
146	Spectrogram 1	1	1814.890000	1814.920000	4000.000000	18000.000000	8000.000000	Sd-peep	5.031805	8.745783	NaN	NaN	44.686800	0.000000
147	Spectrogram 1	1	1825.270000	1825.290000	4000.000000	18000.000000	8000.000000	Sd-peep	4.785329	8.619341	NaN	NaN	43.811272	0.000000
148	Spectrogram 1	1	1825.330000	1825.390000	4000.000000	18000.000000	8000.000000	Trillphee	4.869898	8.814307	NaN	NaN	44.455144	0.000000
149	Spectrogram 1	1	1854.020000	1854.210000	4000.000000	18000.000000	8000.000000	Trill	7.464641	16.017748	NaN	NaN	75.988901	0.000000
150	Spectrogram 1	1	1866.310000	1866.680000	4000.000000	18000.000000	8000.000000	Trill	7.765816	17.455975	NaN	NaN	69.570776	0.000000
151	Spectrogram 1	1	1873.030000	1873.300000	4000.000000	18000.000000	8000.000000	Trill	10.782426	20.544190	NaN	NaN	87.449792	0.000000
152	Spectrogram 1	1	1876.850000	1876.880000	4000.000000	18000.000000	8000.000000	Trillphee	4.107699	9.306087	NaN	NaN	54.560910	0.000000
153	Spectrogram 1	1	1878.350000	1878.620000	4000.000000	18000.000000	8000.000000	Trill	9.761588	20.195593	NaN	NaN	72.194362	0.000000
154	Spectrogram 1	1	1915.780000	1916.210000	4000.000000	18000.000000	8000.000000	Trill	7.836155	20.541066	NaN	NaN	52.277625	0.000000
155	Spectrogram 1	1	1932.850000	1933.030000	4000.000000	18000.000000	8000.000000	Trill	4.068009	15.632582	NaN	NaN	38.886557	0.000000
156	Spectrogram 1	1	1964.990000	1965.700000	4000.000000	18000.000000	8000.000000	Trill	11.074016	27.448042	NaN	NaN	119.967683	0.000000
157	Spectrogram 1	1	1965.810000	1966.320000	4000.000000	18000.000000	8000.000000	Trill	9.671702	26.817104	NaN	NaN	135.815109	0.000000
158	Spectrogram 1	1	1966.490000	1966.570000	4000.000000	18000.000000	8000.000000	Trill	5.671809	16.620575	NaN	NaN	88.886055	0.000000
159	Spectrogram 1	1	1971.580000	1971.650000	4000.000000	18000.000000	8000.000000	Phee	5.048192	8.737534	NaN	NaN	33.346982	0.000000
160	Spectrogram 1	1	1972.830000	1972.920000	4000.000000	18000.000000	8000.000000	Sd-peep	9.884108	26.087474	NaN	NaN	87.097264	0.000000
161	Spectrogram 1	1	1973.190000	1973.270000	4000.000000	18000.000000	8000.000000	Sd-peep	11.422141	21.354737	NaN	NaN	79.583483	0.000000
162	Spectrogram 1	1	1990.220000	1990.290000	4000.000000	18000.000000	8000.000000	Sd-peep	10.294448	26.290004	NaN	NaN	70.555471	0.000000
163	Spectrogram 1	1	1990.760000	1990.890000	4000.000000	18000.000000	8000.000000	Sd-peep	8.397540	21.415377	NaN	NaN	75.471182	0.000000
164	Spectrogram 1	1	2013.460000	2013.660000	4000.000000	18000.000000	8000.000000	Trill	7.483679	23.780445	NaN	NaN	59.103375	0.000000
165	Spectrogram 1	1	2013.760000	2013.910000	4000.000000	18000.000000	8000.000000	Trill	6.001549	12.960924	NaN	NaN	64.030234	0.000000
166	Spectrogram 1	1	2019.830000	2019.860000	4000.000000	18000.000000	8000.000000	Trillphee	4.895730	8.810650	NaN	NaN	41.588148	0.000000
167	Spectrogram 1	1	2030.730000	2031.320000	4000.000000	18000.000000	8000.000000	Phee	5.176569	30.000000	NaN	NaN	90.487385	0.000000
168	Spectrogram 1	1	2031.360000	2031.800000	4000.000000	18000.000000	8000.000000	Phee	5.705658	30.000000	NaN	NaN	126.343677	0.000000
169	Spectrogram 1	1	2037.370000	2037.470000	4000.000000	18000.000000	8000.000000	Sd-peep	6.673238	21.681823	NaN	NaN	36.764722	0.000000
170	Spectrogram 1	1	2037.590000	2037.740000	4000.000000	18000.000000	8000.000000	Trill	4.495459	15.028175	NaN	NaN	43.574270	0.000000
171	Spectrogram 1	1	2041.560000	2041.630000	4000.000000	18000.000000	8000.000000	Trillphee	4.062245	13.228888	NaN	NaN	70.804012	0.000000
172	Spectrogram 1	1	2049.050000	2050.560000	4000.000000	18000.000000	8000.000000	Phee	4.768346	30.000000	NaN	NaN	114.421326	0.000000
173	Spectrogram 1	1	2051.080000	2051.280000	4000.000000	18000.000000	8000.000000	Trill	4.260933	30.000000	NaN	NaN	142.350650	0.000000
174	Spectrogram 1	1	2103.070000	2103.100000	4000.000000	18000.000000	8000.000000	Sd-peep	8.149802	11.650803	NaN	NaN	36.598282	0.000000
175	Spectrogram 1	1	2108.020000	2108.340000	4000.000000	18000.000000	8000.000000	Trill	5.343313	15.743158	NaN	NaN	64.539752	0.000000
176	Spectrogram 1	1	2134.880000	2135.140000	4000.000000	18000.000000	8000.000000	Trill	8.166707	15.905674	NaN	NaN	59.210929	0.000000
177	Spectrogram 1	1	2160.750000	2160.880000	4000.000000	18000.000000	8000.000000	Phee	5.869879	10.677305	NaN	NaN	60.936179	0.000000
178	Spectrogram 1	1	2195.130000	2195.370000	4000.000000	18000.000000	8000.000000	Trill	6.910422	14.932364	NaN	NaN	43.728952	0.000000
179	Spectrogram 1	1	2215.100000	2215.440000	4000.000000	18000.000000	8000.000000	Trill	6.840773	17.070535	NaN	NaN	70.463453	0.000000
180	Spectrogram 1	1	2237.730000	2238.140000	4000.000000	18000.000000	8000.000000	Trill	4.353400	16.693265	NaN	NaN	51.742882	0.000000
181	Spectrogram 1	1	2247.720000	2247.820000	4000.000000	18000.000000	8000.000000	Trill	4.018490	11.571078	NaN	NaN	38.494658	0.000000
182	Spectrogram 1	1	2249.220000	2249.240000	4000.000000	18000.000000	8000.000000	Sd-peep	8.366963	9.770848	NaN	NaN	30.675900	0.000000
183	Spectrogram 1	1	2267.530000	2267.880000	4000.000000	18000.000000	8000.000000	Trill	6.308984	19.338642	NaN	NaN	58.416639	0.000000
184	Spectrogram 1	1	2271.540000	2271.800000	4000.000000	18000.000000	8000.000000	Trill	5.889817	16.233392	NaN	NaN	35.678565	0.000000
185	Spectrogram 1	1	2309.170000	2309.510000	4000.000000	18000.000000	8000.000000	Trill	14.667703	22.669995	NaN	NaN	101.736302	0.000000
186	Spectrogram 1	1	2315.790000	2316.230000	4000.000000	18000.000000	8000.000000	Trill	9.136220	16.558231	NaN	NaN	71.701658	0.000000
187	Spectrogram 1	1	2325.350000	2325.600000	4000.000000	18000.000000	8000.000000	Trill	8.495889	15.073311	NaN	NaN	39.397972	0.000000
188	Spectrogram 1	1	2333.650000	2334.130000	4000.000000	18000.000000	8000.000000	Phee	4.499180	30.000000	NaN	NaN	114.628314	0.000000
189	Spectrogram 1	1	2337.170000	2337.460000	4000.000000	18000.000000	8000.000000	Trill	6.655187	18.452757	NaN	NaN	59.922856	0.000000
190	Spectrogram 1	1	2341.650000	2341.670000	4000.000000	18000.000000	8000.000000	Sd-peep	7.182303	9.158727	NaN	NaN	41.342334	0.000000
191	Spectrogram 1	1	2342.650000	2344.230000	4000.000000	18000.000000	8000.000000	Trillphee	6.473625	31.638194	NaN	NaN	72.667198	0.000000
192	Spectrogram 1	1	2344.590000	2345.930000	4000.000000	18000.000000	8000.000000	Trill	4.865666	27.127056	NaN	NaN	70.122456	0.000000
193	Spectrogram 1	1	2346.550000	2346.810000	4000.000000	18000.000000	8000.000000	Trill	4.438216	16.228947	NaN	NaN	40.108689	0.000000
194	Spectrogram 1	1	2362.430000	2362.700000	4000.000000	18000.000000	8000.000000	Trill	6.167884	16.587110	NaN	NaN	71.473885	0.000000
195	Spectrogram 1	1	2367.120000	2367.360000	4000.000000	18000.000000	8000.000000	Trill	4.419431	14.993227	NaN	NaN	38.376422	0.000000
196	Spectrogram 1	1	2382.280000	2382.630000	4000.000000	18000.000000	8000.000000	Trill	14.709748	30.000000	NaN	NaN	94.596141	0.000000
197	Spectrogram 1	1	2384.310000	2384.680000	4000.000000	18000.000000	8000.000000	Trill	14.368190	26.883530	NaN	NaN	144.331516	0.000000
198	Spectrogram 1	1	2412.150000	2412.760000	4000.000000	18000.000000	8000.000000	Trill	4.612530	11.732648	NaN	NaN	53.244882	0.000000
199	Spectrogram 1	1	2421.390000	2421.470000	4000.000000	18000.000000	8000.000000	Trill	5.009433	15.178253	NaN	NaN	62.699836	0.000000
200	Spectrogram 1	1	2421.510000	2421.600000	4000.000000	18000.000000	8000.000000	Trill	5.794207	14.991092	NaN	NaN	51.970832	0.000000
201	Spectrogram 1	1	2429.010000	2429.360000	4000.000000	18000.000000	8000.000000	Trill	14.451942	25.559717	NaN	NaN	119.512860	0.000000
202	Spectrogram 1	1	2432.920000	2433.250000	4000.000000	18000.000000	8000.000000	Trill	18.418439	27.749901	NaN	NaN	103.143357	0.000000
203	Spectrogram 1	1	2442.360000	2442.740000	4000.000000	18000.000000	8000.000000	Trill	17.092602	25.363731	NaN	NaN	132.308087	0.000000
204	Spectrogram 1	1	2451.660000	2451.710000	4000.000000	18000.000000	8000.000000	Trill	4.064524	17.808325	NaN	NaN	88.728870	0.000000
205	Spectrogram 1	1	2451.760000	2452.030000	4000.000000	18000.000000	8000.000000	Trill	5.018512	24.623026	NaN	NaN	77.999061	0.000000
206	Spectrogram 1	1	2452.060000	2452.280000	4000.000000	18000.000000	8000.000000	Phee	4.811574	30.000000	NaN	NaN	130.218899	0.000000
207	Spectrogram 1	1	2452.470000	2452.950000	4000.000000	18000.000000	8000.000000	Phee	5.933845	30.000000	NaN	NaN	128.762100	0.000000
208	Spectrogram 1	1	2458.970000	2459.980000	4000.000000	18000.000000	8000.000000	Phee	4.916233	30.000000	NaN	NaN	153.372495	0.000000
209	Spectrogram 1	1	2461.010000	2461.110000	4000.000000	18000.000000	8000.000000	Trill	6.123228	26.451778	NaN	NaN	104.509698	0.000000
210	Spectrogram 1	1	2461.220000	2462.420000	4000.000000	18000.000000	8000.000000	Phee	4.048930	30.000000	NaN	NaN	104.550143	0.000000
211	Spectrogram 1	1	2464.840000	2464.890000	4000.000000	18000.000000	8000.000000	Trill	4.620496	10.916042	NaN	NaN	64.340564	0.000000
212	Spectrogram 1	1	2471.570000	2471.920000	4000.000000	18000.000000	8000.000000	Trill	4.482809	16.232908	NaN	NaN	52.641659	0.000000
213	Spectrogram 1	1	2476.270000	2477.900000	4000.000000	18000.000000	8000.000000	Phee	5.512828	30.000000	NaN	NaN	116.737757	0.000000
214	Spectrogram 1	1	2478.200000	2478.330000	4000.000000	18000.000000	8000.000000	Trill	5.320641	24.024065	NaN	NaN	105.328605	0.000000
215	Spectrogram 1	1	2478.380000	2479.620000	4000.000000	18000.000000	8000.000000	Phee	4.491130	30.000000	NaN	NaN	92.596554	0.000000
216	Spectrogram 1	1	2483.070000	2483.410000	4000.000000	18000.000000	8000.000000	Trill	10.377223	21.935787	NaN	NaN	89.860872	0.000000
217	Spectrogram 1	1	2517.550000	2517.930000	4000.000000	18000.000000	8000.000000	Trill	6.946229	12.367747	NaN	NaN	31.084204	0.000000
218	Spectrogram 1	1	2521.650000	2522.020000	4000.000000	18000.000000	8000.000000	Trill	6.369539	18.308099	NaN	NaN	49.992010	0.000000
219	Spectrogram 1	1	2538.710000	2539.010000	4000.000000	18000.000000	8000.000000	Trill	12.090376	22.773830	NaN	NaN	113.507902	0.000000
220	Spectrogram 1	1	2541.600000	2541.710000	4000.000000	18000.000000	8000.000000	Phee	4.317605	7.677672	NaN	NaN	36.214699	0.000000
221	Spectrogram 1	1	2542.820000	2542.960000	4000.000000	18000.000000	8000.000000	Trill	5.308167	12.656721	NaN	NaN	71.785893	0.000000
222	Spectrogram 1	1	2548.390000	2548.780000	4000.000000	18000.000000	8000.000000	Trill	13.137997	27.508323	NaN	NaN	128.691749	0.000000
223	Spectrogram 1	1	2553.450000	2553.820000	4000.000000	18000.000000	8000.000000	Trill	13.297285	23.570121	NaN	NaN	123.589960	0.000000
224	Spectrogram 1	1	2576.380000	2576.410000	4000.000000	18000.000000	8000.000000	Trill	8.295724	10.215038	NaN	NaN	32.431481	0.000000
225	Spectrogram 1	1	2576.530000	2576.790000	4000.000000	18000.000000	8000.000000	Trill	4.036899	14.566180	NaN	NaN	38.118371	0.000000
226	Spectrogram 1	1	2607.360000	2607.380000	4000.000000	18000.000000	8000.000000	Sd-peep	7.455295	7.818659	NaN	NaN	30.414880	0.000000
227	Spectrogram 1	1	2611.870000	2612.370000	4000.000000	18000.000000	8000.000000	Trill	16.102147	26.520011	NaN	NaN	133.765973	0.000000
228	Spectrogram 1	1	2621.050000	2621.620000	4000.000000	18000.000000	8000.000000	Trill	12.824654	24.098068	NaN	NaN	112.054407	0.000000
229	Spectrogram 1	1	2631.440000	2631.460000	4000.000000	18000.000000	8000.000000	Sd-peep	4.997280	8.026724	NaN	NaN	38.604400	0.000000
230	Spectrogram 1	1	2648.090000	2648.510000	4000.000000	18000.000000	8000.000000	Trill	4.928559	16.211456	NaN	NaN	63.303474	0.000000
231	Spectrogram 1	1	2654.250000	2654.280000	4000.000000	18000.000000	8000.000000	Trill	7.409075	10.529317	NaN	NaN	30.267101	0.000000
232	Spectrogram 1	1	2655.540000	2655.780000	4000.000000	18000.000000	8000.000000	Trill	5.539185	15.743863	NaN	NaN	51.911223	0.000000
233	Spectrogram 1	1	2665.730000	2666.040000	4000.000000	18000.000000	8000.000000	Trill	9.291281	17.273092	NaN	NaN	70.412733	0.000000
234	Spectrogram 1	1	2676.460000	2676.810000	4000.000000	18000.000000	8000.000000	Trill	13.951031	26.727525	NaN	NaN	112.531098	0.000000
235	Spectrogram 1	1	2681.920000	2682.190000	4000.000000	18000.000000	8000.000000	Trill	9.258277	19.935232	NaN	NaN	58.121641	0.000000
236	Spectrogram 1	1	2689.980000	2690.400000	4000.000000	18000.000000	8000.000000	Phee	6.075479	16.932579	NaN	NaN	94.449560	0.000000
237	Spectrogram 1	1	2724.140000	2724.370000	4000.000000	18000.000000	8000.000000	Trill	4.644502	15.098964	NaN	NaN	68.013323	0.000000
238	Spectrogram 1	1	2757.570000	2757.650000	4000.000000	18000.000000	8000.000000	Trill	4.191040	8.832636	NaN	NaN	42.265689	0.000000
239	Spectrogram 1	1	2765.140000	2765.160000	4000.000000	18000.000000	8000.000000	Sd-peep	4.826898	6.671115	NaN	NaN	37.148281	0.000000
240	Spectrogram 1	1	2765.480000	2765.930000	4000.000000	18000.000000	8000.000000	Trill	4.418890	14.694979	NaN	NaN	62.276872	0.000000
241	Spectrogram 1	1	2789.410000	2789.700000	4000.000000	18000.000000	8000.000000	Trill	5.139104	16.571620	NaN	NaN	46.610070	0.000000
242	Spectrogram 1	1	2802.680000	2802.900000	4000.000000	18000.000000	8000.000000	Trill	9.656692	16.555292	NaN	NaN	73.000760	0.000000
243	Spectrogram 1	1	2806.170000	2806.450000	4000.000000	18000.000000	8000.000000	Trill	6.754582	14.059529	NaN	NaN	67.508979	0.000000
244	Spectrogram 1	1	2821.110000	2821.380000	4000.000000	18000.000000	8000.000000	Trill	9.871943	17.899226	NaN	NaN	64.908002	0.000000
245	Spectrogram 1	1	2847.060000	2847.460000	4000.000000	18000.000000	8000.000000	Trill	8.709511	16.859444	NaN	NaN	59.296906	0.000000
246	Spectrogram 1	1	2856.370000	2856.670000	4000.000000	18000.000000	8000.000000	Trill	6.279316	17.336688	NaN	NaN	38.761636	0.000000
247	Spectrogram 1	1	2866.990000	2867.030000	4000.000000	18000.000000	8000.000000	Trill	4.456040	9.888230	NaN	NaN	50.650056	0.000000
248	Spectrogram 1	1	2870.990000	2871.300000	4000.000000	18000.000000	8000.000000	Trill	6.138485	14.224880	NaN	NaN	59.782564	0.000000
249	Spectrogram 1	1	2885.140000	2885.180000	4000.000000	18000.000000	8000.000000	Trill	9.934952	12.270200	NaN	NaN	32.028210	0.000000
250	Spectrogram 1	1	2891.040000	2891.440000	4000.000000	18000.000000	8000.000000	Trill	13.752750	24.394095	NaN	NaN	107.436068	0.000000
251	Spectrogram 1	1	2895.930000	2896.110000	4000.000000	18000.000000	8000.000000	Trill	5.386120	13.852762	NaN	NaN	56.045450	0.000000
252	Spectrogram 1	1	2897.190000	2897.470000	4000.000000	18000.000000	8000.000000	Trill	6.695378	16.777638	NaN	NaN	61.613157	0.000000
253	Spectrogram 1	1	2899.540000	2899.860000	4000.000000	18000.000000	8000.000000	Phee	4.364453	25.510568	NaN	NaN	91.715575	0.000000
254	Spectrogram 1	1	2904.730000	2904.960000	4000.000000	18000.000000	8000.000000	Phee	4.885120	8.089820	NaN	NaN	37.982255	0.000000
255	Spectrogram 1	1	2908.190000	2908.410000	4000.000000	18000.000000	8000.000000	Trill	10.689509	20.265918	NaN	NaN	68.096085	0.000000
256	Spectrogram 1	1	2913.470000	2913.770000	4000.000000	18000.000000	8000.000000	Trill	4.935201	13.543505	NaN	NaN	52.337633	0.000000
257	Spectrogram 1	1	2937.290000	2937.450000	4000.000000	18000.000000	8000.000000	Phee	5.243507	19.291112	NaN	NaN	76.221695	0.000000
258	Spectrogram 1	1	2947.730000	2948.090000	4000.000000	18000.000000	8000.000000	Trill	8.910880	17.738413	NaN	NaN	73.652959	0.000000
259	Spectrogram 1	1	2951.220000	2951.500000	4000.000000	18000.000000	8000.000000	Trill	10.421985	21.105116	NaN	NaN	80.547945	0.000000
260	Spectrogram 1	1	2954.780000	2954.830000	4000.000000	18000.000000	8000.000000	Phee	4.006144	7.325409	NaN	NaN	54.860273	0.000000
261	Spectrogram 1	1	2963.330000	2963.590000	4000.000000	18000.000000	8000.000000	Trill	6.516464	17.471418	NaN	NaN	66.229849	0.000000
262	Spectrogram 1	1	2965.280000	2965.340000	4000.000000	18000.000000	8000.000000	Phee	4.861271	12.688727	NaN	NaN	73.230053	0.000000
263	Spectrogram 1	1	2970.900000	2971.060000	4000.000000	18000.000000	8000.000000	Trill	7.744153	27.841110	NaN	NaN	57.590333	0.000000
264	Spectrogram 1	1	2986.500000	2986.810000	4000.000000	18000.000000	8000.000000	Trill	15.157542	27.084272	NaN	NaN	137.611918	0.000000
265	Spectrogram 1	1	3001.840000	3001.910000	4000.000000	18000.000000	8000.000000	Phee	4.330803	11.829325	NaN	NaN	78.101567	0.000000
266	Spectrogram 1	1	3004.700000	3004.730000	4000.000000	18000.000000	8000.000000	Trillphee	4.294710	10.633276	NaN	NaN	33.617005	0.000000
267	Spectrogram 1	1	3011.760000	3011.800000	4000.000000	18000.000000	8000.000000	Trill	4.289952	12.514121	NaN	NaN	65.001527	0.000000
268	Spectrogram 1	1	3014.040000	3014.420000	4000.000000	18000.000000	8000.000000	Trill	7.896530	16.337539	NaN	NaN	67.762192	0.000000
269	Spectrogram 1	1	3028.120000	3028.290000	4000.000000	18000.000000	8000.000000	Phee	4.586109	11.545127	NaN	NaN	67.498169	0.000000
270	Spectrogram 1	1	3050.170000	3050.380000	4000.000000	18000.000000	8000.000000	Trillphee	4.733694	11.012340	NaN	NaN	70.410155	0.000000
271	Spectrogram 1	1	3051.130000	3051.430000	4000.000000	18000.000000	8000.000000	Trill	5.064869	17.359623	NaN	NaN	56.120810	0.000000
272	Spectrogram 1	1	3053.130000	3053.220000	4000.000000	18000.000000	8000.000000	Twitter	4.155852	24.416874	NaN	NaN	44.472064	0.000000
273	Spectrogram 1	1	3085.480000	3085.560000	4000.000000	18000.000000	8000.000000	Trill	6.492163	10.452553	NaN	NaN	32.350647	0.000000
274	Spectrogram 1	1	3095.850000	3095.890000	4000.000000	18000.000000	8000.000000	Phee	5.740679	14.345411	NaN	NaN	78.224047	0.000000
275	Spectrogram 1	1	3104.580000	3104.700000	4000.000000	18000.000000	8000.000000	Trill	6.913877	12.243835	NaN	NaN	29.883173	0.000000
276	Spectrogram 1	1	3147.510000	3147.610000	4000.000000	18000.000000	8000.000000	Trill	4.920195	13.642956	NaN	NaN	68.271833	0.000000
277	Spectrogram 1	1	3153.540000	3153.940000	4000.000000	18000.000000	8000.000000	Trill	7.689770	20.818617	NaN	NaN	62.401292	0.000000
278	Spectrogram 1	1	3157.140000	3157.410000	4000.000000	18000.000000	8000.000000	Trill	10.275526	22.199323	NaN	NaN	69.441630	0.000000
279	Spectrogram 1	1	3158.440000	3158.800000	4000.000000	18000.000000	8000.000000	Trill	12.667481	23.456586	NaN	NaN	93.502619	0.000000
280	Spectrogram 1	1	3189.250000	3189.500000	4000.000000	18000.000000	8000.000000	Trill	12.975101	23.688295	NaN	NaN	65.460655	0.000000
281	Spectrogram 1	1	3191.190000	3191.570000	4000.000000	18000.000000	8000.000000	Trill	12.357362	23.271341	NaN	NaN	62.234146	0.000000
282	Spectrogram 1	1	3194.900000	3195.320000	4000.000000	18000.000000	8000.000000	Trill	15.817167	25.434686	NaN	NaN	95.855523	0.000000
283	Spectrogram 1	1	3217.980000	3218.040000	4000.000000	18000.000000	8000.000000	Phee	4.266200	7.580354	NaN	NaN	48.628670	0.000000
284	Spectrogram 1	1	3224.730000	3224.990000	4000.000000	18000.000000	8000.000000	Trill	12.611932	25.111254	NaN	NaN	82.383134	0.000000
285	Spectrogram 1	1	3233.490000	3233.520000	4000.000000	18000.000000	8000.000000	Trill	8.243347	13.573709	NaN	NaN	30.389034	0.000000
286	Spectrogram 1	1	3241.770000	3241.840000	4000.000000	18000.000000	8000.000000	Trill	5.363730	23.601386	NaN	NaN	81.153973	0.000000
287	Spectrogram 1	1	3258.070000	3258.110000	4000.000000	18000.000000	8000.000000	Phee	6.644727	9.868145	NaN	NaN	40.414962	0.000000
288	Spectrogram 1	1	3260.990000	3261.350000	4000.000000	18000.000000	8000.000000	Trill	5.611894	18.266969	NaN	NaN	51.667186	0.000000
289	Spectrogram 1	1	3262.750000	3262.980000	4000.000000	18000.000000	8000.000000	Trill	4.040801	18.839690	NaN	NaN	55.114919	0.000000
290	Spectrogram 1	1	3265.750000	3265.810000	4000.000000	18000.000000	8000.000000	Trill	9.273097	13.291194	NaN	NaN	28.935423	0.000000
291	Spectrogram 1	1	3322.600000	3322.680000	4000.000000	18000.000000	8000.000000	Trillphee	5.508567	12.960783	NaN	NaN	69.178205	0.000000
292	Spectrogram 1	1	3322.740000	3322.780000	4000.000000	18000.000000	8000.000000	Trill	9.829254	12.621216	NaN	NaN	44.281556	0.000000
293	Spectrogram 1	1	3360.220000	3360.590000	4000.000000	18000.000000	8000.000000	Trill	5.542687	16.820601	NaN	NaN	66.547089	0.000000
294	Spectrogram 1	1	3361.970000	3362.090000	4000.000000	18000.000000	8000.000000	Twitter	5.452938	18.136539	NaN	NaN	60.261833	0.000000
295	Spectrogram 1	1	3363.110000	3363.130000	4000.000000	18000.000000	8000.000000	Sd-peep	4.980580	10.886044	NaN	NaN	59.704052	0.000000
296	Spectrogram 1	1	3377.950000	3378.220000	4000.000000	18000.000000	8000.000000	Trill	8.310820	16.369315	NaN	NaN	79.929172	0.000000
297	Spectrogram 1	1	3399.410000	3399.650000	4000.000000	18000.000000	8000.000000	Trill	7.362606	13.453946	NaN	NaN	29.382097	0.000000
298	Spectrogram 1	1	3442.820000	3443.140000	4000.000000	18000.000000	8000.000000	Trill	9.324046	18.930678	NaN	NaN	65.996682	0.000000
299	Spectrogram 1	1	3444.550000	3444.570000	4000.000000	18000.000000	8000.000000	Sd-peep	5.207309	7.595014	NaN	NaN	31.002552	0.000000
300	Spectrogram 1	1	3457.100000	3457.160000	4000.000000	18000.000000	8000.000000	Phee	4.559474	7.867713	NaN	NaN	52.899814	0.000000
301	Spectrogram 1	1	3473.470000	3473.770000	4000.000000	18000.000000	8000.000000	Trill	6.907715	18.381680	NaN	NaN	59.118534	0.000000
302	Spectrogram 1	1	3478.730000	3479.000000	4000.000000	18000.000000	8000.000000	Trill	8.405475	19.534125	NaN	NaN	69.945421	0.000000
303	Spectrogram 1	1	3511.920000	3511.950000	4000.000000	18000.000000	8000.000000	Trill	4.304253	10.039682	NaN	NaN	46.231328	0.000000
304	Spectrogram 1	1	3551.890000	3552.190000	4000.000000	18000.000000	8000.000000	Trill	12.290709	21.427435	NaN	NaN	80.671799	0.000000
305	Spectrogram 1	1	3559.020000	3559.040000	4000.000000	18000.000000	8000.000000	Sd-peep	6.260949	10.832864	NaN	NaN	69.508024	0.000000
306	Spectrogram 1	1	3559.870000	3559.980000	4000.000000	18000.000000	8000.000000	Phee	4.236538	8.157432	NaN	NaN	41.484378	0.000000
307	Spectrogram 1	1	3562.520000	3562.540000	4000.000000	18000.000000	8000.000000	Sd-peep	7.161431	8.333199	NaN	NaN	41.670707	0.000000
308	Spectrogram 1	1	3582.570000	3582.850000	4000.000000	18000.000000	8000.000000	Trill	7.110241	15.332608	NaN	NaN	54.304233	0.000000
309	Spectrogram 1	1	3584.150000	3584.170000	4000.000000	18000.000000	8000.000000	Sd-peep	8.520552	11.418270	NaN	NaN	32.405123	0.000000
310	Spectrogram 1	1	3586.390000	3586.800000	4000.000000	18000.000000	8000.000000	Trill	14.682981	26.082420	NaN	NaN	117.896714	0.000000
311	Spectrogram 1	1	3592.420000	3592.780000	4000.000000	18000.000000	8000.000000	Trill	13.666243	23.629566	NaN	NaN	135.154136	0.000000
312	Spectrogram 1	1	3597.370000	3597.410000	4000.000000	18000.000000	8000.000000	Trill	4.053666	7.379271	NaN	NaN	39.182306	0.000000
313	Spectrogram 1	1	3610.490000	3610.780000	4000.000000	18000.000000	8000.000000	Trill	14.977855	26.082980	NaN	NaN	132.345615	0.000000
314	Spectrogram 1	1	3612.790000	3613.130000	4000.000000	18000.000000	8000.000000	Trill	5.943402	12.039214	NaN	NaN	55.164601	0.000000
315	Spectrogram 1	1	3615.630000	3615.930000	4000.000000	18000.000000	8000.000000	Trill	6.694861	15.690292	NaN	NaN	74.685771	0.000000
316	Spectrogram 1	1	3618.170000	3618.340000	4000.000000	18000.000000	8000.000000	Trill	4.892554	25.686084	NaN	NaN	117.753277	0.000000
317	Spectrogram 1	1	3618.390000	3618.530000	4000.000000	18000.000000	8000.000000	Trillphee	9.931571	31.283273	NaN	NaN	121.448886	0.000000
318	Spectrogram 1	1	3618.600000	3619.480000	4000.000000	18000.000000	8000.000000	Phee	6.875673	30.000000	NaN	NaN	125.980839	0.000000
319	Spectrogram 1	1	3627.200000	3627.560000	4000.000000	18000.000000	8000.000000	Trill	7.556448	16.721369	NaN	NaN	50.191740	0.000000
320	Spectrogram 1	1	3637.760000	3637.820000	4000.000000	18000.000000	8000.000000	Trill	5.019537	18.000018	NaN	NaN	41.729190	0.000000
321	Spectrogram 1	1	3637.890000	3637.940000	4000.000000	18000.000000	8000.000000	Trill	4.982325	17.830973	NaN	NaN	46.328490	0.000000
322	Spectrogram 1	1	3639.180000	3639.450000	4000.000000	18000.000000	8000.000000	Trill	9.024066	22.126324	NaN	NaN	80.895154	0.000000
323	Spectrogram 1	1	3642.500000	3642.830000	4000.000000	18000.000000	8000.000000	Trill	11.989070	22.542452	NaN	NaN	99.120062	0.000000
324	Spectrogram 1	1	3644.270000	3644.320000	4000.000000	18000.000000	8000.000000	Phee	4.342564	9.983912	NaN	NaN	58.757444	0.000000
325	Spectrogram 1	1	3648.250000	3648.380000	4000.000000	18000.000000	8000.000000	Trillphee	4.096875	14.072182	NaN	NaN	81.402910	0.000000
326	Spectrogram 1	1	3650.420000	3650.550000	4000.000000	18000.000000	8000.000000	Phee	4.838602	9.459678	NaN	NaN	41.685473	0.000000
327	Spectrogram 1	1	3664.380000	3664.460000	4000.000000	18000.000000	8000.000000	Trill	4.136622	9.951524	NaN	NaN	36.861918	0.000000
328	Spectrogram 1	1	3682.560000	3682.610000	4000.000000	18000.000000	8000.000000	Phee	4.621111	22.930454	NaN	NaN	54.187668	0.000000
329	Spectrogram 1	1	3685.010000	3685.840000	4000.000000	18000.000000	8000.000000	Trill	8.417911	16.131253	NaN	NaN	85.672302	0.000000
330	Spectrogram 1	1	3688.000000	3688.330000	4000.000000	18000.000000	8000.000000	Trill	10.661443	21.210694	NaN	NaN	57.497441	0.000000
331	Spectrogram 1	1	3697.670000	3698.530000	4000.000000	18000.000000	8000.000000	Trill	4.184985	17.570270	NaN	NaN	39.048990	0.000000
332	Spectrogram 1	1	3711.920000	3711.990000	4000.000000	18000.000000	8000.000000	Trill	4.057929	15.529032	NaN	NaN	38.899825	0.000000
333	Spectrogram 1	1	3732.740000	3732.820000	4000.000000	18000.000000	8000.000000	Phee	4.751098	9.055714	NaN	NaN	60.495129	0.000000
334	Spectrogram 1	1	3748.920000	3748.960000	4000.000000	18000.000000	8000.000000	Phee	5.742593	12.231526	NaN	NaN	75.921211	0.000000
335	Spectrogram 1	1	3755.420000	3755.590000	4000.000000	18000.000000	8000.000000	Trill	5.343032	10.584999	NaN	NaN	30.202066	0.000000
336	Spectrogram 1	1	3789.120000	3789.380000	4000.000000	18000.000000	8000.000000	Trill	7.120491	19.214073	NaN	NaN	69.310011	0.000000
337	Spectrogram 1	1	3789.420000	3789.560000	4000.000000	18000.000000	8000.000000	Trill	5.431631	13.976954	NaN	NaN	48.644480	0.000000
338	Spectrogram 1	1	3791.290000	3791.390000	4000.000000	18000.000000	8000.000000	Twitter	8.196123	26.473343	NaN	NaN	80.233635	0.000000
339	Spectrogram 1	1	3791.450000	3792.270000	4000.000000	18000.000000	8000.000000	Twitter	5.504766	19.420573	NaN	NaN	35.936618	0.000000
340	Spectrogram 1	1	3803.090000	3803.530000	4000.000000	18000.000000	8000.000000	Trill	4.448748	15.929605	NaN	NaN	51.432939	0.000000
341	Spectrogram 1	1	3820.010000	3820.350000	4000.000000	18000.000000	8000.000000	Trill	4.480149	13.308609	NaN	NaN	45.433123	0.000000
342	Spectrogram 1	1	3835.350000	3835.800000	4000.000000	18000.000000	8000.000000	Trill	13.685707	23.691963	NaN	NaN	101.683316	0.000000
343	Spectrogram 1	1	3863.270000	3863.320000	4000.000000	18000.000000	8000.000000	Phee	5.052626	7.700879	NaN	NaN	36.356862	0.000000
344	Spectrogram 1	1	3869.800000	3869.820000	4000.000000	18000.000000	8000.000000	Sd-peep	4.414831	8.335202	NaN	NaN	35.245523	0.000000
345	Spectrogram 1	1	3880.040000	3880.390000	4000.000000	18000.000000	8000.000000	Trill	4.734121	12.910440	NaN	NaN	47.748478	0.000000
346	Spectrogram 1	1	3894.140000	3894.750000	4000.000000	18000.000000	8000.000000	Phee	5.123374	28.841517	NaN	NaN	144.266250	0.000000
347	Spectrogram 1	1	3894.830000	3895.280000	4000.000000	18000.000000	8000.000000	Trillphee	5.455530	37.509965	NaN	NaN	166.693926	0.000000
348	Spectrogram 1	1	3895.320000	3895.460000	4000.000000	18000.000000	8000.000000	Trillphee	10.598771	36.408345	NaN	NaN	231.927683	0.000000
349	Spectrogram 1	1	3897.660000	3898.060000	4000.000000	18000.000000	8000.000000	Trill	9.605918	17.800857	NaN	NaN	74.868503	0.000000
350	Spectrogram 1	1	3899.540000	3899.980000	4000.000000	18000.000000	8000.000000	Trill	9.787512	20.977405	NaN	NaN	91.583711	0.000000
351	Spectrogram 1	1	3900.010000	3900.500000	4000.000000	18000.000000	8000.000000	Trill	11.638961	27.977564	NaN	NaN	156.858752	0.000000
352	Spectrogram 1	1	3909.590000	3909.770000	4000.000000	18000.000000	8000.000000	Trill	5.132223	12.510262	NaN	NaN	55.664586	0.000000
353	Spectrogram 1	1	3912.860000	3913.260000	4000.000000	18000.000000	8000.000000	Trill	14.654085	23.757092	NaN	NaN	142.707948	0.000000
354	Spectrogram 1	1	3919.640000	3919.870000	4000.000000	18000.000000	8000.000000	Phee	5.756039	30.000000	NaN	NaN	123.546539	0.000000
355	Spectrogram 1	1	3920.040000	3920.120000	4000.000000	18000.000000	8000.000000	Phee	6.074985	30.000000	NaN	NaN	166.843313	0.000000
356	Spectrogram 1	1	3920.940000	3921.010000	4000.000000	18000.000000	8000.000000	Trill	7.010658	28.786652	NaN	NaN	164.619953	0.000000
357	Spectrogram 1	1	3921.220000	3921.480000	4000.000000	18000.000000	8000.000000	Twitter	4.241569	32.911150	NaN	NaN	149.730849	0.000000
358	Spectrogram 1	1	3930.770000	3930.790000	4000.000000	18000.000000	8000.000000	Sd-peep	8.245399	9.115846	NaN	NaN	31.288375	0.000000
359	Spectrogram 1	1	3932.750000	3932.990000	4000.000000	18000.000000	8000.000000	Trill	4.882018	15.630493	NaN	NaN	59.596386	0.000000
360	Spectrogram 1	1	3942.350000	3942.380000	4000.000000	18000.000000	8000.000000	Sd-peep	4.736541	11.727633	NaN	NaN	35.357664	0.000000
361	Spectrogram 1	1	3942.460000	3942.520000	4000.000000	18000.000000	8000.000000	Trill	4.377733	11.522596	NaN	NaN	36.819910	0.000000
362	Spectrogram 1	1	3948.110000	3948.400000	4000.000000	18000.000000	8000.000000	Trill	8.923942	17.658303	NaN	NaN	58.343985	0.000000
363	Spectrogram 1	1	3959.360000	3959.560000	4000.000000	18000.000000	8000.000000	Trill	8.606250	15.691673	NaN	NaN	63.785108	0.000000
364	Spectrogram 1	1	3967.490000	3967.920000	4000.000000	18000.000000	8000.000000	Trill	11.177399	19.461450	NaN	NaN	87.924624	0.000000
365	Spectrogram 1	1	3977.890000	3977.930000	4000.000000	18000.000000	8000.000000	Trill	5.344558	9.237686	NaN	NaN	33.738761	0.000000
366	Spectrogram 1	1	4013.480000	4013.850000	4000.000000	18000.000000	8000.000000	Trill	15.534838	26.305422	NaN	NaN	147.624453	0.000000
367	Spectrogram 1	1	4018.150000	4018.170000	4000.000000	18000.000000	8000.000000	Sd-peep	4.209508	8.328233	NaN	NaN	52.943070	0.000000
368	Spectrogram 1	1	4018.230000	4018.270000	4000.000000	18000.000000	8000.000000	Trill	4.088696	9.295116	NaN	NaN	47.969218	0.000000
369	Spectrogram 1	1	4021.030000	4021.050000	4000.000000	18000.000000	8000.000000	Sd-peep	4.410480	7.614713	NaN	NaN	38.015319	0.000000
370	Spectrogram 1	1	4027.790000	4027.820000	4000.000000	18000.000000	8000.000000	Sd-peep	4.308354	6.273135	NaN	NaN	36.218189	0.000000
371	Spectrogram 1	1	4038.250000	4038.580000	4000.000000	18000.000000	8000.000000	Trill	16.881846	25.607731	NaN	NaN	150.446455	0.000000
372	Spectrogram 1	1	4040.080000	4040.420000	4000.000000	18000.000000	8000.000000	Trill	14.048743	21.928866	NaN	NaN	107.519379	0.000000
373	Spectrogram 1	1	4042.830000	4043.180000	4000.000000	18000.000000	8000.000000	Trill	11.745647	20.361815	NaN	NaN	66.830713	0.000000
374	Spectrogram 1	1	4062.510000	4062.540000	4000.000000	18000.000000	8000.000000	Trillphee	4.468149	13.325623	NaN	NaN	36.746161	0.000000
375	Spectrogram 1	1	4066.810000	4067.130000	4000.000000	18000.000000	8000.000000	Trill	5.047937	11.426443	NaN	NaN	46.079967	0.000000
376	Spectrogram 1	1	4078.110000	4078.130000	4000.000000	18000.000000	8000.000000	Sd-peep	6.328065	11.612510	NaN	NaN	32.337839	0.000000
377	Spectrogram 1	1	4094.920000	4095.810000	4000.000000	18000.000000	8000.000000	Trillphee	4.472909	28.120603	NaN	NaN	55.217033	0.000000
378	Spectrogram 1	1	4100.100000	4100.190000	4000.000000	18000.000000	8000.000000	Phee	4.403755	9.577647	NaN	NaN	61.716610	0.000000
379	Spectrogram 1	1	4107.680000	4107.780000	4000.000000	18000.000000	8000.000000	Sd-peep	4.946259	23.830537	NaN	NaN	41.744038	0.000000
380	Spectrogram 1	1	4107.910000	4108.620000	4000.000000	18000.000000	8000.000000	Trill	9.697494	26.367821	NaN	NaN	107.798528	0.000000
381	Spectrogram 1	1	4108.740000	4109.280000	4000.000000	18000.000000	8000.000000	Trill	6.393384	23.828801	NaN	NaN	97.043066	0.000000
382	Spectrogram 1	1	4109.420000	4109.490000	4000.000000	18000.000000	8000.000000	Trill	4.944702	15.118459	NaN	NaN	93.018812	0.000000
383	Spectrogram 1	1	4120.990000	4121.060000	4000.000000	18000.000000	8000.000000	Trill	4.225527	8.638419	NaN	NaN	48.216008	0.000000
384	Spectrogram 1	1	4124.260000	4124.620000	4000.000000	18000.000000	8000.000000	Trill	12.043524	21.970780	NaN	NaN	106.340783	0.000000
385	Spectrogram 1	1	4131.270000	4131.380000	4000.000000	18000.000000	8000.000000	Twitter	9.364028	27.240951	NaN	NaN	51.376103	0.000000
386	Spectrogram 1	1	4131.450000	4132.480000	4000.000000	18000.000000	8000.000000	Twitter	7.957608	24.742627	NaN	NaN	36.513747	0.000000
387	Spectrogram 1	1	4132.550000	4132.590000	4000.000000	18000.000000	8000.000000	Trill	8.727018	13.821773	NaN	NaN	97.253576	0.000000
388	Spectrogram 1	1	4155.880000	4156.250000	4000.000000	18000.000000	8000.000000	Trill	6.452947	19.478795	NaN	NaN	58.470612	0.000000
389	Spectrogram 1	1	4157.830000	4158.220000	4000.000000	18000.000000	8000.000000	Trill	5.560146	18.238604	NaN	NaN	55.304386	0.000000
390	Spectrogram 1	1	4201.200000	4201.220000	4000.000000	18000.000000	8000.000000	Sd-peep	4.826485	10.478592	NaN	NaN	32.769228	0.000000
391	Spectrogram 1	1	4212.560000	4212.710000	4000.000000	18000.000000	8000.000000	Twitter	7.649078	27.103433	NaN	NaN	81.298617	0.000000
392	Spectrogram 1	1	4212.760000	4213.840000	4000.000000	18000.000000	8000.000000	Twitter	5.830265	20.141752	NaN	NaN	37.853822	0.000000
393	Spectrogram 1	1	4215.780000	4216.670000	4000.000000	18000.000000	8000.000000	Trill	11.271658	30.000000	NaN	NaN	101.567920	0.000000
394	Spectrogram 1	1	4216.830000	4217.560000	4000.000000	18000.000000	8000.000000	Trill	12.231671	29.908907	NaN	NaN	117.291373	0.000000
395	Spectrogram 1	1	4217.690000	4218.190000	4000.000000	18000.000000	8000.000000	Trill	10.023531	28.232645	NaN	NaN	120.590343	0.000000
396	Spectrogram 1	1	4229.470000	4230.150000	4000.000000	18000.000000	8000.000000	Trillphee	6.807076	23.978448	NaN	NaN	68.697470	0.000000
397	Spectrogram 1	1	4230.280000	4231.790000	4000.000000	18000.000000	8000.000000	Trillphee	7.883583	29.425578	NaN	NaN	83.442246	0.000000
398	Spectrogram 1	1	4231.870000	4232.720000	4000.000000	18000.000000	8000.000000	Phee	4.019096	25.494225	NaN	NaN	78.848493	0.000000
399	Spectrogram 1	1	4243.200000	4243.290000	4000.000000	18000.000000	8000.000000	Sd-peep	6.639158	20.502049	NaN	NaN	45.509069	0.000000
400	Spectrogram 1	1	4243.400000	4244.150000	4000.000000	18000.000000	8000.000000	Trill	8.483321	30.000000	NaN	NaN	112.559267	0.000000
401	Spectrogram 1	1	4244.310000	4245.570000	4000.000000	18000.000000	8000.000000	Trill	9.979465	30.000000	NaN	NaN	109.817475	0.000000
402	Spectrogram 1	1	4245.670000	4245.820000	4000.000000	18000.000000	8000.000000	Trill	7.344628	16.424235	NaN	NaN	78.715494	0.000000
403	Spectrogram 1	1	4246.720000	4247.130000	4000.000000	18000.000000	8000.000000	Sd-peep	5.528768	21.690035	NaN	NaN	31.817982	0.000000
404	Spectrogram 1	1	4247.650000	4247.840000	4000.000000	18000.000000	8000.000000	Sd-peep	5.342869	20.666576	NaN	NaN	33.076177	0.000000
405	Spectrogram 1	1	4249.210000	4249.290000	4000.000000	18000.000000	8000.000000	Sd-peep	7.742827	22.328252	NaN	NaN	56.721378	0.000000
406	Spectrogram 1	1	4249.370000	4249.440000	4000.000000	18000.000000	8000.000000	Sd-peep	10.110858	19.332709	NaN	NaN	75.453421	0.000000
407	Spectrogram 1	1	4249.530000	4250.220000	4000.000000	18000.000000	8000.000000	Trill	4.003214	19.177628	NaN	NaN	51.644767	0.000000
408	Spectrogram 1	1	4250.580000	4250.670000	4000.000000	18000.000000	8000.000000	Sd-peep	8.502526	26.017698	NaN	NaN	69.542085	0.000000
409	Spectrogram 1	1	4250.750000	4250.820000	4000.000000	18000.000000	8000.000000	Trill	9.394865	22.402686	NaN	NaN	96.952312	0.000000
410	Spectrogram 1	1	4251.760000	4251.880000	4000.000000	18000.000000	8000.000000	Sd-peep	7.140855	18.209668	NaN	NaN	71.112909	0.000000
411	Spectrogram 1	1	4252.060000	4252.840000	4000.000000	18000.000000	8000.000000	Trill	10.260752	28.243769	NaN	NaN	100.983056	0.000000
412	Spectrogram 1	1	4252.960000	4253.670000	4000.000000	18000.000000	8000.000000	Trill	9.494468	30.000000	NaN	NaN	116.787608	0.000000
413	Spectrogram 1	1	4253.760000	4254.300000	4000.000000	18000.000000	8000.000000	Trill	8.771507	27.564445	NaN	NaN	109.860471	0.000000
414	Spectrogram 1	1	4254.410000	4254.480000	4000.000000	18000.000000	8000.000000	Trill	12.398013	19.274799	NaN	NaN	127.112383	0.000000
415	Spectrogram 1	1	4256.160000	4256.340000	4000.000000	18000.000000	8000.000000	Sd-peep	6.758581	23.150423	NaN	NaN	38.053231	0.000000
416	Spectrogram 1	1	4260.890000	4260.910000	4000.000000	18000.000000	8000.000000	Sd-peep	5.583215	8.981154	NaN	NaN	55.127854	0.000000
417	Spectrogram 1	1	4265.160000	4266.790000	4000.000000	18000.000000	8000.000000	Twitter	4.807673	20.561370	NaN	NaN	32.181765	0.000000
418	Spectrogram 1	1	4266.830000	4267.690000	4000.000000	18000.000000	8000.000000	Trill	9.105674	30.000000	NaN	NaN	104.625236	0.000000
419	Spectrogram 1	1	4267.830000	4268.460000	4000.000000	18000.000000	8000.000000	Trill	9.288630	30.000000	NaN	NaN	95.340187	0.000000
420	Spectrogram 1	1	4288.430000	4289.310000	4000.000000	18000.000000	8000.000000	Trill	7.495545	26.988621	NaN	NaN	105.623881	0.000000
421	Spectrogram 1	1	4289.450000	4290.120000	4000.000000	18000.000000	8000.000000	Trill	7.674255	30.000000	NaN	NaN	97.140357	0.000000
422	Spectrogram 1	1	4290.240000	4290.870000	4000.000000	18000.000000	8000.000000	Trill	8.243742	30.000000	NaN	NaN	105.522304	0.000000
423	Spectrogram 1	1	4290.970000	4291.290000	4000.000000	18000.000000	8000.000000	Trill	7.208493	20.406712	NaN	NaN	102.289934	0.000000
424	Spectrogram 1	1	4293.220000	4293.330000	4000.000000	18000.000000	8000.000000	Sd-peep	5.942005	18.141548	NaN	NaN	35.274971	0.000000
425	Spectrogram 1	1	4293.420000	4293.490000	4000.000000	18000.000000	8000.000000	Sd-peep	11.589005	26.810198	NaN	NaN	100.842603	0.000000
426	Spectrogram 1	1	4293.580000	4293.800000	4000.000000	18000.000000	8000.000000	Sd-peep	7.029871	20.301184	NaN	NaN	52.888062	0.000000
427	Spectrogram 1	1	4293.850000	4294.100000	4000.000000	18000.000000	8000.000000	Trill	5.680691	19.305444	NaN	NaN	38.784092	0.000000
428	Spectrogram 1	1	4294.140000	4294.250000	4000.000000	18000.000000	8000.000000	Trill	6.167619	17.360109	NaN	NaN	58.262632	0.000000
429	Spectrogram 1	1	4294.400000	4294.500000	4000.000000	18000.000000	8000.000000	Phee	6.511041	14.778755	NaN	NaN	95.131746	0.000000
430	Spectrogram 1	1	4296.080000	4296.140000	4000.000000	18000.000000	8000.000000	Sd-peep	9.316818	21.989928	NaN	NaN	60.013196	0.000000
431	Spectrogram 1	1	4296.230000	4296.470000	4000.000000	18000.000000	8000.000000	Trill	7.533793	21.029916	NaN	NaN	60.340410	0.000000
432	Spectrogram 1	1	4296.520000	4296.600000	4000.000000	18000.000000	8000.000000	Sd-peep	6.146896	18.487752	NaN	NaN	51.231255	0.000000
433	Spectrogram 1	1	4299.130000	4299.200000	4000.000000	18000.000000	8000.000000	Sd-peep	8.277368	22.994105	NaN	NaN	66.243894	0.000000
434	Spectrogram 1	1	4299.360000	4299.430000	4000.000000	18000.000000	8000.000000	Sd-peep	9.773941	17.905401	NaN	NaN	41.156456	0.000000
435	Spectrogram 1	1	4299.510000	4300.290000	4000.000000	18000.000000	8000.000000	Trill	9.857838	30.000000	NaN	NaN	85.263542	0.000000
436	Spectrogram 1	1	4300.440000	4301.370000	4000.000000	18000.000000	8000.000000	Trill	9.043739	30.000000	NaN	NaN	107.348437	0.000000
437	Spectrogram 1	1	4301.550000	4302.150000	4000.000000	18000.000000	8000.000000	Trill	7.591610	28.105407	NaN	NaN	99.700004	0.000000
438	Spectrogram 1	1	4302.240000	4302.650000	4000.000000	18000.000000	8000.000000	Trill	8.157289	24.937935	NaN	NaN	118.963373	0.000000
439	Spectrogram 1	1	4325.690000	4326.300000	4000.000000	18000.000000	8000.000000	Trill	9.711228	24.751555	NaN	NaN	90.731599	0.000000
440	Spectrogram 1	1	4326.360000	4326.860000	4000.000000	18000.000000	8000.000000	Trill	9.117245	27.397029	NaN	NaN	98.332661	0.000000
441	Spectrogram 1	1	4326.920000	4327.410000	4000.000000	18000.000000	8000.000000	Trillphee	6.737883	24.166444	NaN	NaN	81.047431	0.000000
442	Spectrogram 1	1	4327.550000	4327.680000	4000.000000	18000.000000	8000.000000	Trill	5.520259	17.040593	NaN	NaN	78.484075	0.000000
443	Spectrogram 1	1	4358.410000	4358.460000	4000.000000	18000.000000	8000.000000	Phee	8.553281	13.880960	NaN	NaN	84.103580	0.000000
444	Spectrogram 1	1	4390.260000	4390.910000	4000.000000	18000.000000	8000.000000	Trill	9.283499	30.000000	NaN	NaN	131.988773	0.000000
445	Spectrogram 1	1	4391.080000	4391.780000	4000.000000	18000.000000	8000.000000	Trill	6.822597	30.000000	NaN	NaN	95.278102	0.000000
446	Spectrogram 1	1	4391.910000	4392.400000	4000.000000	18000.000000	8000.000000	Trill	7.562343	30.000000	NaN	NaN	96.980956	0.000000
447	Spectrogram 1	1	4392.510000	4393.050000	4000.000000	18000.000000	8000.000000	Trill	6.615076	26.853496	NaN	NaN	98.251149	0.000000
448	Spectrogram 1	1	4394.410000	4395.320000	4000.000000	18000.000000	8000.000000	Trill	6.248761	21.102465	NaN	NaN	43.645840	0.000000
449	Spectrogram 1	1	4395.370000	4396.280000	4000.000000	18000.000000	8000.000000	Trill	6.740010	19.966897	NaN	NaN	51.517937	0.000000
450	Spectrogram 1	1	4396.340000	4396.600000	4000.000000	18000.000000	8000.000000	Trill	6.723737	22.734779	NaN	NaN	54.082908	0.000000
451	Spectrogram 1	1	4396.640000	4396.910000	4000.000000	18000.000000	8000.000000	Trill	6.116093	19.185279	NaN	NaN	56.018978	0.000000
452	Spectrogram 1	1	4396.960000	4397.070000	4000.000000	18000.000000	8000.000000	Trill	6.330571	19.212976	NaN	NaN	56.163054	0.000000
453	Spectrogram 1	1	4397.130000	4397.190000	4000.000000	18000.000000	8000.000000	Sd-peep	7.717842	17.892584	NaN	NaN	68.899023	0.000000
454	Spectrogram 1	1	4397.460000	4397.520000	4000.000000	18000.000000	8000.000000	Sd-peep	8.771056	18.945329	NaN	NaN	54.838811	0.000000
455	Spectrogram 1	1	4397.590000	4397.670000	4000.000000	18000.000000	8000.000000	Sd-peep	6.858008	22.064759	NaN	NaN	61.384884	0.000000
456	Spectrogram 1	1	4399.540000	4399.570000	4000.000000	18000.000000	8000.000000	Trillphee	4.368106	8.242493	NaN	NaN	47.899363	0.000000
457	Spectrogram 1	1	4399.800000	4400.020000	4000.000000	18000.000000	8000.000000	Sd-peep	6.795717	22.114259	NaN	NaN	48.960658	0.000000
458	Spectrogram 1	1	4400.090000	4400.450000	4000.000000	18000.000000	8000.000000	Trill	6.380969	18.368851	NaN	NaN	63.357559	0.000000
459	Spectrogram 1	1	4400.520000	4400.580000	4000.000000	18000.000000	8000.000000	Trill	9.373584	17.955396	NaN	NaN	42.427231	0.000000
460	Spectrogram 1	1	4400.660000	4401.060000	4000.000000	18000.000000	8000.000000	Trill	4.065353	19.895268	NaN	NaN	42.276009	0.000000
461	Spectrogram 1	1	4401.100000	4401.450000	4000.000000	18000.000000	8000.000000	Trill	4.556794	17.630559	NaN	NaN	36.287857	0.000000
462	Spectrogram 1	1	4405.110000	4405.280000	4000.000000	18000.000000	8000.000000	Sd-peep	6.800500	18.855386	NaN	NaN	37.896129	0.000000
463	Spectrogram 1	1	4410.450000	4410.640000	4000.000000	18000.000000	8000.000000	Sd-peep	7.575057	19.492339	NaN	NaN	54.645771	0.000000
464	Spectrogram 1	1	4410.840000	4410.910000	4000.000000	18000.000000	8000.000000	Sd-peep	6.177919	18.912699	NaN	NaN	54.943544	0.000000
465	Spectrogram 1	1	4410.950000	4411.030000	4000.000000	18000.000000	8000.000000	Sd-peep	8.578036	21.546613	NaN	NaN	66.047471	0.000000
466	Spectrogram 1	1	4414.290000	4414.530000	4000.000000	18000.000000	8000.000000	Sd-peep	6.545461	20.523107	NaN	NaN	55.613747	0.000000
467	Spectrogram 1	1	4442.170000	4442.190000	4000.000000	18000.000000	8000.000000	Sd-peep	5.600965	13.787730	NaN	NaN	79.821754	0.000000
468	Spectrogram 1	1	4471.970000	4472.140000	4000.000000	18000.000000	8000.000000	Trill	5.037971	9.714278	NaN	NaN	35.779842	0.000000
469	Spectrogram 1	1	4504.360000	4504.900000	4000.000000	18000.000000	8000.000000	Phee	6.872453	29.330461	NaN	NaN	132.960453	0.000000
470	Spectrogram 1	1	4534.470000	4534.840000	4000.000000	18000.000000	8000.000000	Sd-peep	6.498086	21.070817	NaN	NaN	45.386857	0.000000
471	Spectrogram 1	1	4534.900000	4536.760000	4000.000000	18000.000000	8000.000000	Trill	8.938590	26.852474	NaN	NaN	115.445673	0.000000
472	Spectrogram 1	1	4538.860000	4538.890000	4000.000000	18000.000000	8000.000000	Sd-peep	8.395300	12.388150	NaN	NaN	29.006330	0.000000
473	Spectrogram 1	1	4544.510000	4544.530000	4000.000000	18000.000000	8000.000000	Sd-peep	5.087524	8.965548	NaN	NaN	30.773278	0.000000
474	Spectrogram 1	1	4568.490000	4568.570000	4000.000000	18000.000000	8000.000000	Trill	9.152895	16.665561	NaN	NaN	51.557084	0.000000
475	Spectrogram 1	1	4576.250000	4576.750000	4000.000000	18000.000000	8000.000000	Trill	7.785134	20.622850	NaN	NaN	58.436131	0.000000
476	Spectrogram 1	1	4626.380000	4627.560000	4000.000000	18000.000000	8000.000000	Trill	7.949400	21.888520	NaN	NaN	93.842065	0.000000
477	Spectrogram 1	1	4627.620000	4628.060000	4000.000000	18000.000000	8000.000000	Trill	9.769157	29.940460	NaN	NaN	125.173796	0.000000
478	Spectrogram 1	1	4628.170000	4628.690000	4000.000000	18000.000000	8000.000000	Trillphee	5.727376	19.317159	NaN	NaN	82.285501	0.000000
479	Spectrogram 1	1	4631.120000	4631.680000	4000.000000	18000.000000	8000.000000	Trill	7.310490	23.030366	NaN	NaN	82.594622	0.000000
480	Spectrogram 1	1	4631.760000	4632.050000	4000.000000	18000.000000	8000.000000	Trill	4.647213	24.421921	NaN	NaN	67.595851	0.000000
481	Spectrogram 1	1	4632.110000	4632.520000	4000.000000	18000.000000	8000.000000	Trill	5.644244	26.664367	NaN	NaN	78.955232	0.000000
482	Spectrogram 1	1	4632.590000	4632.630000	4000.000000	18000.000000	8000.000000	Trill	4.591238	22.429976	NaN	NaN	103.620106	0.000000
483	Spectrogram 1	1	4638.630000	4638.740000	4000.000000	18000.000000	8000.000000	Trill	6.196609	13.364020	NaN	NaN	98.323390	0.000000
484	Spectrogram 1	1	4638.790000	4638.830000	4000.000000	18000.000000	8000.000000	Trill	5.781279	17.767321	NaN	NaN	104.525670	0.000000
485	Spectrogram 1	1	4643.540000	4643.860000	4000.000000	18000.000000	8000.000000	Trill	9.148268	21.192959	NaN	NaN	60.960233	0.000000
486	Spectrogram 1	1	4649.760000	4649.900000	4000.000000	18000.000000	8000.000000	Phee	4.240502	9.219538	NaN	NaN	52.996870	0.000000
487	Spectrogram 1	1	4664.900000	4665.650000	4000.000000	18000.000000	8000.000000	Trill	9.742597	30.000000	NaN	NaN	120.097612	0.000000
488	Spectrogram 1	1	4665.740000	4666.220000	4000.000000	18000.000000	8000.000000	Trill	9.835265	30.000000	NaN	NaN	92.412723	0.000000
489	Spectrogram 1	1	4666.340000	4666.830000	4000.000000	18000.000000	8000.000000	Trill	9.663627	25.772026	NaN	NaN	89.610884	0.000000
490	Spectrogram 1	1	4666.910000	4666.990000	4000.000000	18000.000000	8000.000000	Trill	4.282767	12.135587	NaN	NaN	46.352085	0.000000
491	Spectrogram 1	1	4673.100000	4673.230000	4000.000000	18000.000000	8000.000000	Trill	4.953717	19.267171	NaN	NaN	43.382270	0.000000
492	Spectrogram 1	1	4673.270000	4674.020000	4000.000000	18000.000000	8000.000000	Trill	11.662048	30.000000	NaN	NaN	132.707654	0.000000
493	Spectrogram 1	1	4674.130000	4674.750000	4000.000000	18000.000000	8000.000000	Trill	10.684915	30.000000	NaN	NaN	111.951687	0.000000
494	Spectrogram 1	1	4674.910000	4675.740000	4000.000000	18000.000000	8000.000000	Trill	9.983290	30.000000	NaN	NaN	89.544482	0.000000
495	Spectrogram 1	1	4675.810000	4676.220000	4000.000000	18000.000000	8000.000000	Trill	9.300509	30.000000	NaN	NaN	124.664013	0.000000
496	Spectrogram 1	1	4676.290000	4676.460000	4000.000000	18000.000000	8000.000000	Trill	9.103954	27.744414	NaN	NaN	121.381898	0.000000
497	Spectrogram 1	1	4693.350000	4693.410000	4000.000000	18000.000000	8000.000000	Sd-peep	8.992713	23.954287	NaN	NaN	55.228152	0.000000
498	Spectrogram 1	1	4693.570000	4694.240000	4000.000000	18000.000000	8000.000000	Trill	10.707399	28.567564	NaN	NaN	108.848489	0.000000
499	Spectrogram 1	1	4694.340000	4694.780000	4000.000000	18000.000000	8000.000000	Trill	8.223622	30.000000	NaN	NaN	113.830002	0.000000
500	Spectrogram 1	1	4694.890000	4695.350000	4000.000000	18000.000000	8000.000000	Trill	8.724514	28.544581	NaN	NaN	98.896168	0.000000
501	Spectrogram 1	1	4695.470000	4695.750000	4000.000000	18000.000000	8000.000000	Trill	9.778233	24.156627	NaN	NaN	137.597130	0.000000
502	Spectrogram 1	1	4695.830000	4695.870000	4000.000000	18000.000000	8000.000000	Trill	6.378070	10.592522	NaN	NaN	54.331105	0.000000
503	Spectrogram 1	1	4698.090000	4698.200000	4000.000000	18000.000000	8000.000000	Sd-peep	6.124145	19.860611	NaN	NaN	61.142410	0.000000
504	Spectrogram 1	1	4698.250000	4698.360000	4000.000000	18000.000000	8000.000000	Sd-peep	5.998719	19.890022	NaN	NaN	60.931288	0.000000
505	Spectrogram 1	1	4698.480000	4698.900000	4000.000000	18000.000000	8000.000000	Trill	12.305159	28.932287	NaN	NaN	135.290479	0.000000
506	Spectrogram 1	1	4699.010000	4699.430000	4000.000000	18000.000000	8000.000000	Trill	9.956144	29.476145	NaN	NaN	96.134397	0.000000
507	Spectrogram 1	1	4699.510000	4700.160000	4000.000000	18000.000000	8000.000000	Trill	9.428204	28.587305	NaN	NaN	113.256991	0.000000
508	Spectrogram 1	1	4700.240000	4700.350000	4000.000000	18000.000000	8000.000000	Trill	4.400120	18.282734	NaN	NaN	38.551295	0.000000
509	Spectrogram 1	1	4701.820000	4701.890000	4000.000000	18000.000000	8000.000000	Sd-peep	7.203670	23.866375	NaN	NaN	50.228568	0.000000
510	Spectrogram 1	1	4702.290000	4702.360000	4000.000000	18000.000000	8000.000000	Sd-peep	11.105570	23.552077	NaN	NaN	109.300705	0.000000
511	Spectrogram 1	1	4702.440000	4702.520000	4000.000000	18000.000000	8000.000000	Sd-peep	9.488784	19.115019	NaN	NaN	79.615154	0.000000
512	Spectrogram 1	1	4702.590000	4702.680000	4000.000000	18000.000000	8000.000000	Sd-peep	8.066214	18.673367	NaN	NaN	63.316005	0.000000
513	Spectrogram 1	1	4702.750000	4702.830000	4000.000000	18000.000000	8000.000000	Sd-peep	9.296938	19.233615	NaN	NaN	74.294213	0.000000
514	Spectrogram 1	1	4702.930000	4703.010000	4000.000000	18000.000000	8000.000000	Sd-peep	9.758145	18.490016	NaN	NaN	59.940740	0.000000
515	Spectrogram 1	1	4710.230000	4710.800000	4000.000000	18000.000000	8000.000000	Trill	11.102958	23.132267	NaN	NaN	116.908542	0.000000
516	Spectrogram 1	1	4710.840000	4711.490000	4000.000000	18000.000000	8000.000000	Trill	11.901484	30.000000	NaN	NaN	161.191121	0.000000
517	Spectrogram 1	1	4711.690000	4712.090000	4000.000000	18000.000000	8000.000000	Trill	10.705388	28.107441	NaN	NaN	111.500107	0.000000
518	Spectrogram 1	1	4712.180000	4712.410000	4000.000000	18000.000000	8000.000000	Trill	7.112731	21.596152	NaN	NaN	70.318677	0.000000
519	Spectrogram 1	1	4713.440000	4713.820000	4000.000000	18000.000000	8000.000000	Trill	5.549623	20.337481	NaN	NaN	41.345348	0.000000
520	Spectrogram 1	1	4713.880000	4713.920000	4000.000000	18000.000000	8000.000000	Trill	7.443833	16.878223	NaN	NaN	47.485826	0.000000
521	Spectrogram 1	1	4714.010000	4714.070000	4000.000000	18000.000000	8000.000000	Sd-peep	8.641852	21.956162	NaN	NaN	48.853501	0.000000
522	Spectrogram 1	1	4714.150000	4714.210000	4000.000000	18000.000000	8000.000000	Sd-peep	8.448326	20.907024	NaN	NaN	44.725892	0.000000
523	Spectrogram 1	1	4714.290000	4714.360000	4000.000000	18000.000000	8000.000000	Sd-peep	8.305663	19.817528	NaN	NaN	58.272482	0.000000
524	Spectrogram 1	1	4714.450000	4714.530000	4000.000000	18000.000000	8000.000000	Sd-peep	8.831561	20.169357	NaN	NaN	68.819169	0.000000
525	Spectrogram 1	1	4714.600000	4714.670000	4000.000000	18000.000000	8000.000000	Sd-peep	8.614177	20.532417	NaN	NaN	63.330717	0.000000
526	Spectrogram 1	1	4714.760000	4714.810000	4000.000000	18000.000000	8000.000000	Trill	8.869891	16.069580	NaN	NaN	71.996223	0.000000
527	Spectrogram 1	1	4714.970000	4715.040000	4000.000000	18000.000000	8000.000000	Sd-peep	9.799199	25.024367	NaN	NaN	59.183509	0.000000
528	Spectrogram 1	1	4715.100000	4715.180000	4000.000000	18000.000000	8000.000000	Trill	8.481358	22.780071	NaN	NaN	44.028898	0.000000
529	Spectrogram 1	1	4715.290000	4715.330000	4000.000000	18000.000000	8000.000000	Sd-peep	10.735743	20.809691	NaN	NaN	59.851638	0.000000
530	Spectrogram 1	1	4718.730000	4718.920000	4000.000000	18000.000000	8000.000000	Twitter	7.926052	25.176485	NaN	NaN	80.806094	0.000000
531	Spectrogram 1	1	4718.980000	4720.370000	4000.000000	18000.000000	8000.000000	Twitter	6.115491	20.740354	NaN	NaN	43.399895	0.000000
532	Spectrogram 1	1	4720.420000	4720.500000	4000.000000	18000.000000	8000.000000	Trill	9.578970	16.177613	NaN	NaN	89.933766	0.000000
533	Spectrogram 1	1	4720.560000	4720.630000	4000.000000	18000.000000	8000.000000	Sd-peep	10.177284	18.985173	NaN	NaN	80.886136	0.000000
534	Spectrogram 1	1	4720.700000	4720.760000	4000.000000	18000.000000	8000.000000	Sd-peep	11.322457	21.631409	NaN	NaN	76.147461	0.000000
535	Spectrogram 1	1	4720.840000	4720.910000	4000.000000	18000.000000	8000.000000	Sd-peep	8.267621	18.731491	NaN	NaN	55.991458	0.000000
536	Spectrogram 1	1	4720.950000	4721.020000	4000.000000	18000.000000	8000.000000	Sd-peep	10.449652	20.424320	NaN	NaN	87.376561	0.000000
537	Spectrogram 1	1	4721.070000	4721.150000	4000.000000	18000.000000	8000.000000	Sd-peep	7.529859	19.300245	NaN	NaN	64.245554	0.000000
538	Spectrogram 1	1	4721.200000	4721.260000	4000.000000	18000.000000	8000.000000	Sd-peep	8.636086	21.673690	NaN	NaN	70.519753	0.000000
539	Spectrogram 1	1	4721.340000	4721.400000	4000.000000	18000.000000	8000.000000	Sd-peep	6.636826	17.685589	NaN	NaN	59.358685	0.000000
540	Spectrogram 1	1	4721.620000	4721.670000	4000.000000	18000.000000	8000.000000	Trill	8.407407	16.265892	NaN	NaN	51.205099	0.000000
541	Spectrogram 1	1	4722.390000	4722.460000	4000.000000	18000.000000	8000.000000	Sd-peep	9.914425	21.409909	NaN	NaN	77.147593	0.000000
542	Spectrogram 1	1	4722.510000	4722.600000	4000.000000	18000.000000	8000.000000	Sd-peep	9.336912	19.831212	NaN	NaN	57.271728	0.000000
543	Spectrogram 1	1	4722.680000	4723.320000	4000.000000	18000.000000	8000.000000	Trill	10.032742	25.959103	NaN	NaN	117.345328	0.000000
544	Spectrogram 1	1	4723.510000	4724.190000	4000.000000	18000.000000	8000.000000	Trill	6.203967	28.125154	NaN	NaN	107.279326	0.000000
545	Spectrogram 1	1	4724.350000	4724.970000	4000.000000	18000.000000	8000.000000	Trill	9.157489	30.000000	NaN	NaN	115.253144	0.000000
546	Spectrogram 1	1	4725.100000	4725.520000	4000.000000	18000.000000	8000.000000	Trill	8.505292	30.000000	NaN	NaN	122.977206	0.000000
547	Spectrogram 1	1	4725.640000	4725.870000	4000.000000	18000.000000	8000.000000	Trill	10.660210	30.000000	NaN	NaN	196.593988	0.000000
548	Spectrogram 1	1	4736.320000	4736.360000	4000.000000	18000.000000	8000.000000	Trill	5.311528	13.778062	NaN	NaN	69.245704	0.000000
549	Spectrogram 1	1	4736.430000	4736.470000	4000.000000	18000.000000	8000.000000	Trillphee	4.286509	6.622574	NaN	NaN	46.587410	0.000000
550	Spectrogram 1	1	4737.190000	4737.250000	4000.000000	18000.000000	8000.000000	Trillphee	4.506112	9.514218	NaN	NaN	53.875828	0.000000
551	Spectrogram 1	1	4742.600000	4742.860000	4000.000000	18000.000000	8000.000000	Trill	9.642092	21.978851	NaN	NaN	65.370200	0.000000
552	Spectrogram 1	1	4744.300000	4745.140000	4000.000000	18000.000000	8000.000000	Twitter	5.271013	19.359349	NaN	NaN	43.157584	0.000000
553	Spectrogram 1	1	4745.190000	4745.240000	4000.000000	18000.000000	8000.000000	Trill	5.488405	11.894358	NaN	NaN	81.876254	0.000000
554	Spectrogram 1	1	4756.190000	4756.670000	4000.000000	18000.000000	8000.000000	Trill	11.122649	20.014855	NaN	NaN	104.707129	0.000000
555	Spectrogram 1	1	4756.800000	4757.020000	4000.000000	18000.000000	8000.000000	Trill	9.823348	18.665331	NaN	NaN	127.418281	0.000000
556	Spectrogram 1	1	4763.800000	4764.360000	4000.000000	18000.000000	8000.000000	Trill	13.411854	19.020254	NaN	NaN	126.791918	0.000000
557	Spectrogram 1	1	4766.280000	4766.340000	4000.000000	18000.000000	8000.000000	Sd-peep	9.204175	19.589073	NaN	NaN	56.308182	0.000000
558	Spectrogram 1	1	4769.420000	4769.480000	4000.000000	18000.000000	8000.000000	Sd-peep	9.340259	22.534553	NaN	NaN	65.707954	0.000000
559	Spectrogram 1	1	4769.540000	4769.620000	4000.000000	18000.000000	8000.000000	Sd-peep	6.977606	19.913390	NaN	NaN	60.504442	0.000000
560	Spectrogram 1	1	4769.690000	4769.780000	4000.000000	18000.000000	8000.000000	Trill	8.474662	17.365207	NaN	NaN	64.451461	0.000000
561	Spectrogram 1	1	4769.830000	4770.400000	4000.000000	18000.000000	8000.000000	Trill	9.978257	25.178680	NaN	NaN	126.978781	0.000000
562	Spectrogram 1	1	4770.500000	4771.070000	4000.000000	18000.000000	8000.000000	Trill	8.582848	27.715058	NaN	NaN	127.468728	0.000000
563	Spectrogram 1	1	4771.190000	4771.520000	4000.000000	18000.000000	8000.000000	Trill	11.121225	30.000000	NaN	NaN	159.370538	0.000000
564	Spectrogram 1	1	4771.650000	4771.940000	4000.000000	18000.000000	8000.000000	Trill	11.121768	28.943053	NaN	NaN	169.351243	0.000000
565	Spectrogram 1	1	4772.060000	4772.280000	4000.000000	18000.000000	8000.000000	Trill	11.310901	24.676437	NaN	NaN	186.216506	0.000000
566	Spectrogram 1	1	4781.710000	4781.800000	4000.000000	18000.000000	8000.000000	Sd-peep	5.507805	20.498786	NaN	NaN	46.973915	0.000000
567	Spectrogram 1	1	4781.840000	4782.400000	4000.000000	18000.000000	8000.000000	Trill	6.668503	20.724011	NaN	NaN	87.716818	0.000000
568	Spectrogram 1	1	4783.210000	4783.290000	4000.000000	18000.000000	8000.000000	Sd-peep	7.042812	21.336203	NaN	NaN	59.283769	0.000000
569	Spectrogram 1	1	4783.500000	4783.540000	4000.000000	18000.000000	8000.000000	Trill	7.568017	13.813612	NaN	NaN	49.918411	0.000000
570	Spectrogram 1	1	4784.470000	4784.540000	4000.000000	18000.000000	8000.000000	Sd-peep	8.645390	19.673160	NaN	NaN	71.795749	0.000000
571	Spectrogram 1	1	4784.580000	4784.640000	4000.000000	18000.000000	8000.000000	Sd-peep	9.261960	20.098024	NaN	NaN	67.543643	0.000000
572	Spectrogram 1	1	4784.680000	4784.800000	4000.000000	18000.000000	8000.000000	Trill	6.693343	14.658455	NaN	NaN	54.139063	0.000000
573	Spectrogram 1	1	4784.880000	4784.940000	4000.000000	18000.000000	8000.000000	Sd-peep	11.373111	20.985140	NaN	NaN	84.481573	0.000000
574	Spectrogram 1	1	4785.010000	4785.080000	4000.000000	18000.000000	8000.000000	Sd-peep	10.006498	19.784869	NaN	NaN	73.786603	0.000000
575	Spectrogram 1	1	4785.130000	4785.200000	4000.000000	18000.000000	8000.000000	Sd-peep	10.049029	21.865355	NaN	NaN	76.016385	0.000000
576	Spectrogram 1	1	4785.260000	4785.320000	4000.000000	18000.000000	8000.000000	Sd-peep	10.417561	20.118148	NaN	NaN	79.472683	0.000000
577	Spectrogram 1	1	4785.390000	4785.460000	4000.000000	18000.000000	8000.000000	Trill	9.766753	19.798392	NaN	NaN	65.311507	0.000000
578	Spectrogram 1	1	4785.550000	4785.620000	4000.000000	18000.000000	8000.000000	Trill	8.708070	18.810716	NaN	NaN	63.528920	0.000000
579	Spectrogram 1	1	4785.730000	4785.800000	4000.000000	18000.000000	8000.000000	Sd-peep	11.292138	21.095980	NaN	NaN	82.272319	0.000000
580	Spectrogram 1	1	4785.840000	4785.920000	4000.000000	18000.000000	8000.000000	Sd-peep	9.242031	19.563508	NaN	NaN	77.484877	0.000000
581	Spectrogram 1	1	4785.970000	4786.050000	4000.000000	18000.000000	8000.000000	Sd-peep	9.435649	21.011944	NaN	NaN	75.564550	0.000000
582	Spectrogram 1	1	4786.110000	4786.180000	4000.000000	18000.000000	8000.000000	Sd-peep	9.544901	19.448898	NaN	NaN	70.353686	0.000000
583	Spectrogram 1	1	4786.240000	4786.310000	4000.000000	18000.000000	8000.000000	Trill	7.419751	16.470047	NaN	NaN	51.769329	0.000000
584	Spectrogram 1	1	4786.410000	4786.460000	4000.000000	18000.000000	8000.000000	Sd-peep	6.503518	14.237317	NaN	NaN	43.991526	0.000000
585	Spectrogram 1	1	4790.360000	4790.380000	4000.000000	18000.000000	8000.000000	Sd-peep	6.173861	9.669798	NaN	NaN	42.828782	0.000000
586	Spectrogram 1	1	4812.050000	4812.080000	4000.000000	18000.000000	8000.000000	Trillphee	6.440165	7.006748	NaN	NaN	40.973035	0.000000
587	Spectrogram 1	1	4826.190000	4826.840000	4000.000000	18000.000000	8000.000000	Phee	6.992691	23.013206	NaN	NaN	86.156612	0.000000
588	Spectrogram 1	1	4826.980000	4827.530000	4000.000000	18000.000000	8000.000000	Trill	8.292061	29.894830	NaN	NaN	77.072053	0.000000
589	Spectrogram 1	1	4827.630000	4828.200000	4000.000000	18000.000000	8000.000000	Trill	9.311875	30.000000	NaN	NaN	116.810018	0.000000
590	Spectrogram 1	1	4828.280000	4829.340000	4000.000000	18000.000000	8000.000000	Trill	9.441686	25.355315	NaN	NaN	110.308480	0.000000
591	Spectrogram 1	1	4837.200000	4838.110000	4000.000000	18000.000000	8000.000000	Trill	9.023605	26.543322	NaN	NaN	87.631502	0.000000
592	Spectrogram 1	1	4838.240000	4839.010000	4000.000000	18000.000000	8000.000000	Trill	7.228817	28.570837	NaN	NaN	87.944384	0.000000
593	Spectrogram 1	1	4839.100000	4839.620000	4000.000000	18000.000000	8000.000000	Trill	8.140599	28.263245	NaN	NaN	86.390692	0.000000
594	Spectrogram 1	1	4839.700000	4840.120000	4000.000000	18000.000000	8000.000000	Trill	9.448357	28.658606	NaN	NaN	127.870483	0.000000
595	Spectrogram 1	1	4840.180000	4840.530000	4000.000000	18000.000000	8000.000000	Trill	7.904377	23.793248	NaN	NaN	117.266924	0.000000
596	Spectrogram 1	1	4840.600000	4840.670000	4000.000000	18000.000000	8000.000000	Trill	10.365926	26.024104	NaN	NaN	164.953448	0.000000
597	Spectrogram 1	1	4852.100000	4852.160000	4000.000000	18000.000000	8000.000000	Trill	7.275818	14.795373	NaN	NaN	82.832064	0.000000
598	Spectrogram 1	1	4862.570000	4862.690000	4000.000000	18000.000000	8000.000000	Phee	6.226026	11.357885	NaN	NaN	50.154295	0.000000
599	Spectrogram 1	1	4871.620000	4871.960000	4000.000000	18000.000000	8000.000000	Trill	6.946689	22.582403	NaN	NaN	107.433880	0.000000
600	Spectrogram 1	1	4872.050000	4872.410000	4000.000000	18000.000000	8000.000000	Trill	8.250970	25.017712	NaN	NaN	110.947284	0.000000
601	Spectrogram 1	1	4872.530000	4872.810000	4000.000000	18000.000000	8000.000000	Trill	8.586474	23.534191	NaN	NaN	137.220593	0.000000
602	Spectrogram 1	1	4872.880000	4873.110000	4000.000000	18000.000000	8000.000000	Phee	4.350810	12.537860	NaN	NaN	49.543141	0.000000
603	Spectrogram 1	1	4891.640000	4892.360000	4000.000000	18000.000000	8000.000000	Trill	5.223509	17.905883	NaN	NaN	62.799214	0.000000
604	Spectrogram 1	1	4892.510000	4892.870000	4000.000000	18000.000000	8000.000000	Trill	8.366397	25.553440	NaN	NaN	122.719707	0.000000
605	Spectrogram 1	1	4893.030000	4893.410000	4000.000000	18000.000000	8000.000000	Trillphee	6.260080	23.964643	NaN	NaN	95.869068	0.000000
606	Spectrogram 1	1	4893.450000	4893.710000	4000.000000	18000.000000	8000.000000	Trill	9.350839	24.672858	NaN	NaN	132.823596	0.000000
607	Spectrogram 1	1	4893.830000	4893.880000	4000.000000	18000.000000	8000.000000	Trill	14.169889	19.759249	NaN	NaN	198.804913	0.000000
608	Spectrogram 1	1	4909.940000	4910.100000	4000.000000	18000.000000	8000.000000	Trill	7.951446	27.158265	NaN	NaN	133.898963	0.000000
609	Spectrogram 1	1	4910.380000	4910.720000	4000.000000	18000.000000	8000.000000	Trill	4.535022	23.643753	NaN	NaN	108.453927	0.000000
610	Spectrogram 1	1	4911.650000	4913.580000	4000.000000	18000.000000	8000.000000	Trill	5.345670	24.221662	NaN	NaN	32.701880	0.000000
611	Spectrogram 1	1	4913.620000	4913.690000	4000.000000	18000.000000	8000.000000	Trill	6.650851	23.980197	NaN	NaN	45.414016	0.000000
612	Spectrogram 1	1	4956.500000	4956.530000	4000.000000	18000.000000	8000.000000	Trill	6.186514	11.996710	NaN	NaN	64.053655	0.000000
613	Spectrogram 1	1	4972.480000	4973.220000	4000.000000	18000.000000	8000.000000	Trill	5.434252	17.867511	NaN	NaN	70.844397	0.000000
