Selection	View	Channel	Begin Time (s)	End Time (s)	Low Freq (Hz)	High Freq (Hz)	Max Freq (Hz)	Call Type	Energy Diff	Energy Par	Energy Diff (wl)	Energy Par (wl)	AHR	Exception
1	Spectrogram 1	1	58.870000	58.960000	4000.000000	18000.000000	8000.000000	Phee	5.039251	12.343734	NaN	NaN	69.320130	0.000000
2	Spectrogram 1	1	83.510000	85.070000	4000.000000	18000.000000	8000.000000	Phee	4.535969	30.000000	NaN	NaN	85.926074	0.000000
3	Spectrogram 1	1	85.450000	85.580000	4000.000000	18000.000000	8000.000000	Trill	6.241470	26.923184	NaN	NaN	92.768312	0.000000
4	Spectrogram 1	1	85.650000	86.930000	4000.000000	18000.000000	8000.000000	Phee	5.073542	30.000000	NaN	NaN	106.746453	0.000000
5	Spectrogram 1	1	88.300000	88.660000	4000.000000	18000.000000	8000.000000	Trill	15.991141	27.694114	NaN	NaN	150.237905	0.000000
6	Spectrogram 1	1	96.950000	97.540000	4000.000000	18000.000000	8000.000000	Trill	9.981516	22.521746	NaN	NaN	81.930115	0.000000
7	Spectrogram 1	1	100.220000	100.490000	4000.000000	18000.000000	8000.000000	Trill	10.426736	25.980984	NaN	NaN	69.211115	0.000000
8	Spectrogram 1	1	100.550000	101.450000	4000.000000	18000.000000	8000.000000	Twitter	7.115099	22.845687	NaN	NaN	39.455918	0.000000
9	Spectrogram 1	1	108.860000	109.180000	4000.000000	18000.000000	8000.000000	Trillphee	6.108676	14.498203	NaN	NaN	94.698253	0.000000
10	Spectrogram 1	1	115.830000	115.850000	4000.000000	18000.000000	8000.000000	Sd-peep	4.039702	6.187329	NaN	NaN	36.990370	0.000000
11	Spectrogram 1	1	121.240000	121.300000	4000.000000	18000.000000	8000.000000	Trill	5.137659	14.147016	NaN	NaN	67.917268	0.000000
12	Spectrogram 1	1	122.870000	122.930000	4000.000000	18000.000000	8000.000000	Trill	4.477174	10.727469	NaN	NaN	52.970839	0.000000
13	Spectrogram 1	1	123.120000	123.160000	4000.000000	18000.000000	8000.000000	Trillphee	5.325049	8.163142	NaN	NaN	53.028591	0.000000
14	Spectrogram 1	1	159.630000	161.450000	4000.000000	18000.000000	8000.000000	Phee	4.577556	28.802439	NaN	NaN	76.747838	0.000000
15	Spectrogram 1	1	161.820000	163.350000	4000.000000	18000.000000	8000.000000	Phee	4.565486	30.000000	NaN	NaN	108.367836	0.000000
16	Spectrogram 1	1	172.050000	172.160000	4000.000000	18000.000000	8000.000000	Twitter	7.703772	27.809308	NaN	NaN	72.683764	0.000000
17	Spectrogram 1	1	172.220000	172.320000	4000.000000	18000.000000	8000.000000	Twitter	6.640701	24.474891	NaN	NaN	37.258876	0.000000
18	Spectrogram 1	1	172.390000	172.490000	4000.000000	18000.000000	8000.000000	Twitter	6.915778	24.754624	NaN	NaN	37.395137	0.000000
19	Spectrogram 1	1	172.530000	172.630000	4000.000000	18000.000000	8000.000000	Twitter	7.113778	26.116325	NaN	NaN	37.988860	0.000000
20	Spectrogram 1	1	172.670000	172.750000	4000.000000	18000.000000	8000.000000	Twitter	9.781752	27.693582	NaN	NaN	46.628245	0.000000
21	Spectrogram 1	1	172.800000	172.880000	4000.000000	18000.000000	8000.000000	Twitter	9.585842	26.397080	NaN	NaN	53.387599	0.000000
22	Spectrogram 1	1	172.920000	173.000000	4000.000000	18000.000000	8000.000000	Twitter	9.422051	19.943464	NaN	NaN	70.572855	0.000000
23	Spectrogram 1	1	173.040000	173.100000	4000.000000	18000.000000	8000.000000	Twitter	10.521618	18.903776	NaN	NaN	133.072151	0.000000
24	Spectrogram 1	1	186.000000	186.080000	4000.000000	18000.000000	8000.000000	Trill	5.310841	16.374860	NaN	NaN	35.932399	0.000000
25	Spectrogram 1	1	215.280000	215.980000	4000.000000	18000.000000	8000.000000	Trill	6.606217	25.408957	NaN	NaN	62.117065	0.000000
26	Spectrogram 1	1	216.140000	217.220000	4000.000000	18000.000000	8000.000000	Trill	5.824109	22.765347	NaN	NaN	67.733132	0.000000
27	Spectrogram 1	1	223.170000	224.820000	4000.000000	18000.000000	8000.000000	Phee	7.647467	24.871553	NaN	NaN	61.783835	0.000000
28	Spectrogram 1	1	224.940000	225.810000	4000.000000	18000.000000	8000.000000	Trill	12.530008	30.000000	NaN	NaN	73.740073	0.000000
29	Spectrogram 1	1	225.950000	226.370000	4000.000000	18000.000000	8000.000000	Trill	8.681424	30.000000	NaN	NaN	100.278935	0.000000
30	Spectrogram 1	1	226.480000	226.820000	4000.000000	18000.000000	8000.000000	Trill	9.477114	27.538757	NaN	NaN	120.665236	0.000000
31	Spectrogram 1	1	231.200000	232.910000	4000.000000	18000.000000	8000.000000	Trill	11.988539	29.466134	NaN	NaN	71.426533	0.000000
32	Spectrogram 1	1	233.100000	233.750000	4000.000000	18000.000000	8000.000000	Trill	9.293421	30.000000	NaN	NaN	83.082416	0.000000
33	Spectrogram 1	1	233.840000	234.180000	4000.000000	18000.000000	8000.000000	Trill	7.472692	20.253772	NaN	NaN	94.138474	0.000000
34	Spectrogram 1	1	235.400000	235.620000	4000.000000	18000.000000	8000.000000	Sd-peep	9.337939	27.301961	NaN	NaN	35.650194	0.000000
35	Spectrogram 1	1	235.690000	235.720000	4000.000000	18000.000000	8000.000000	Trillphee	9.091092	14.015600	NaN	NaN	49.719123	0.000000
36	Spectrogram 1	1	235.880000	236.030000	4000.000000	18000.000000	8000.000000	Sd-peep	9.070708	29.972875	NaN	NaN	40.160214	0.000000
37	Spectrogram 1	1	236.200000	236.350000	4000.000000	18000.000000	8000.000000	Sd-peep	9.688163	29.105680	NaN	NaN	50.431779	0.000000
38	Spectrogram 1	1	236.600000	236.800000	4000.000000	18000.000000	8000.000000	Sd-peep	5.975045	23.096515	NaN	NaN	32.789142	0.000000
39	Spectrogram 1	1	238.250000	238.410000	4000.000000	18000.000000	8000.000000	Sd-peep	8.937939	31.024923	NaN	NaN	31.181100	0.000000
40	Spectrogram 1	1	238.450000	238.800000	4000.000000	18000.000000	8000.000000	Trill	6.774195	21.180938	NaN	NaN	44.067126	0.000000
41	Spectrogram 1	1	238.920000	239.080000	4000.000000	18000.000000	8000.000000	Sd-peep	9.444069	28.123105	NaN	NaN	44.495890	0.000000
42	Spectrogram 1	1	239.120000	239.500000	4000.000000	18000.000000	8000.000000	Sd-peep	8.372783	23.431474	NaN	NaN	45.410744	0.000000
43	Spectrogram 1	1	239.570000	239.740000	4000.000000	18000.000000	8000.000000	Sd-peep	7.855261	24.128169	NaN	NaN	41.469494	0.000000
44	Spectrogram 1	1	240.060000	240.240000	4000.000000	18000.000000	8000.000000	Sd-peep	7.376208	23.760810	NaN	NaN	36.381669	0.000000
45	Spectrogram 1	1	241.270000	241.970000	4000.000000	18000.000000	8000.000000	Trill	7.680688	23.638928	NaN	NaN	45.343579	0.000000
46	Spectrogram 1	1	242.190000	242.210000	4000.000000	18000.000000	8000.000000	Sd-peep	13.461600	12.026250	NaN	NaN	36.795157	0.000000
47	Spectrogram 1	1	242.290000	242.720000	4000.000000	18000.000000	8000.000000	Sd-peep	9.599769	26.341992	NaN	NaN	39.431372	0.000000
48	Spectrogram 1	1	242.890000	243.850000	4000.000000	18000.000000	8000.000000	Trill	13.892700	30.000000	NaN	NaN	57.339570	0.000000
49	Spectrogram 1	1	244.110000	244.790000	4000.000000	18000.000000	8000.000000	Trill	14.191959	29.786897	NaN	NaN	50.975817	0.000000
50	Spectrogram 1	1	244.930000	245.130000	4000.000000	18000.000000	8000.000000	Trill	6.799940	18.675086	NaN	NaN	63.218604	0.000000
51	Spectrogram 1	1	245.200000	245.320000	4000.000000	18000.000000	8000.000000	Trill	4.853590	19.275042	NaN	NaN	52.823315	0.000000
52	Spectrogram 1	1	246.950000	247.000000	4000.000000	18000.000000	8000.000000	Twitter	12.214955	15.004622	NaN	NaN	54.342688	0.000000
53	Spectrogram 1	1	247.930000	248.320000	4000.000000	18000.000000	8000.000000	Sd-peep	8.393863	23.448008	NaN	NaN	33.614769	0.000000
54	Spectrogram 1	1	248.510000	248.620000	4000.000000	18000.000000	8000.000000	Sd-peep	12.394198	31.144636	NaN	NaN	71.803847	0.000000
55	Spectrogram 1	1	248.720000	249.700000	4000.000000	18000.000000	8000.000000	Trill	12.479109	30.000000	NaN	NaN	86.832997	0.000000
56	Spectrogram 1	1	249.890000	250.650000	4000.000000	18000.000000	8000.000000	Trill	11.551873	30.000000	NaN	NaN	82.091274	0.000000
57	Spectrogram 1	1	250.790000	251.310000	4000.000000	18000.000000	8000.000000	Trill	11.401247	30.000000	NaN	NaN	116.496702	0.000000
58	Spectrogram 1	1	252.620000	254.480000	4000.000000	18000.000000	8000.000000	Phee	5.068246	29.080236	NaN	NaN	98.989359	0.000000
59	Spectrogram 1	1	260.590000	260.640000	4000.000000	18000.000000	8000.000000	Sd-peep	6.538171	23.523223	NaN	NaN	42.975363	0.000000
60	Spectrogram 1	1	260.680000	260.760000	4000.000000	18000.000000	8000.000000	Twitter	7.628346	27.083702	NaN	NaN	77.602268	0.000000
61	Spectrogram 1	1	263.100000	263.170000	4000.000000	18000.000000	8000.000000	Sd-peep	5.299375	25.528133	NaN	NaN	44.826150	0.000000
62	Spectrogram 1	1	263.230000	263.420000	4000.000000	18000.000000	8000.000000	Trill	5.826045	19.432931	NaN	NaN	41.436900	0.000000
63	Spectrogram 1	1	263.510000	263.590000	4000.000000	18000.000000	8000.000000	Sd-peep	5.561104	20.104635	NaN	NaN	43.078166	0.000000
64	Spectrogram 1	1	263.630000	264.370000	4000.000000	18000.000000	8000.000000	Trill	4.139980	20.750546	NaN	NaN	36.427040	0.000000
65	Spectrogram 1	1	268.250000	268.310000	4000.000000	18000.000000	8000.000000	Sd-peep	8.264539	28.704565	NaN	NaN	63.660296	0.000000
66	Spectrogram 1	1	268.400000	268.650000	4000.000000	18000.000000	8000.000000	Sd-peep	5.717364	20.647765	NaN	NaN	45.032587	0.000000
67	Spectrogram 1	1	268.700000	268.770000	4000.000000	18000.000000	8000.000000	Sd-peep	8.352673	21.862358	NaN	NaN	88.367598	0.000000
68	Spectrogram 1	1	269.500000	269.730000	4000.000000	18000.000000	8000.000000	Trill	6.109929	16.490888	NaN	NaN	51.444138	0.000000
69	Spectrogram 1	1	269.780000	270.110000	4000.000000	18000.000000	8000.000000	Trill	6.426573	18.238257	NaN	NaN	47.022229	0.000000
70	Spectrogram 1	1	270.170000	270.250000	4000.000000	18000.000000	8000.000000	Sd-peep	7.981326	21.909403	NaN	NaN	59.756578	0.000000
71	Spectrogram 1	1	270.320000	270.400000	4000.000000	18000.000000	8000.000000	Trill	6.349176	15.126074	NaN	NaN	42.401442	0.000000
72	Spectrogram 1	1	270.460000	270.560000	4000.000000	18000.000000	8000.000000	Trill	4.657678	19.417032	NaN	NaN	50.489543	0.000000
73	Spectrogram 1	1	272.040000	272.160000	4000.000000	18000.000000	8000.000000	Sd-peep	6.232853	21.313495	NaN	NaN	34.339249	0.000000
74	Spectrogram 1	1	272.200000	272.490000	4000.000000	18000.000000	8000.000000	Trill	5.019947	19.105814	NaN	NaN	50.314042	0.000000
75	Spectrogram 1	1	272.560000	273.070000	4000.000000	18000.000000	8000.000000	Trill	10.704043	30.000000	NaN	NaN	99.822265	0.000000
76	Spectrogram 1	1	273.290000	274.030000	4000.000000	18000.000000	8000.000000	Trill	10.178961	30.000000	NaN	NaN	64.545372	0.000000
77	Spectrogram 1	1	274.270000	274.820000	4000.000000	18000.000000	8000.000000	Trill	11.094681	30.000000	NaN	NaN	74.709554	0.000000
78	Spectrogram 1	1	275.060000	275.100000	4000.000000	18000.000000	8000.000000	Sd-peep	9.134828	16.300063	NaN	NaN	73.131563	0.000000
79	Spectrogram 1	1	278.910000	280.480000	4000.000000	18000.000000	8000.000000	Trill	5.815289	26.947395	NaN	NaN	62.948549	0.000000
80	Spectrogram 1	1	281.400000	282.840000	4000.000000	18000.000000	8000.000000	Trill	10.489734	30.000000	NaN	NaN	46.885320	0.000000
81	Spectrogram 1	1	283.240000	283.990000	4000.000000	18000.000000	8000.000000	Trill	13.080605	30.000000	NaN	NaN	71.582821	0.000000
82	Spectrogram 1	1	285.870000	286.730000	4000.000000	18000.000000	8000.000000	Sd-peep	6.212502	25.381459	NaN	NaN	29.617512	0.000000
83	Spectrogram 1	1	286.780000	286.860000	4000.000000	18000.000000	8000.000000	Sd-peep	8.056420	26.309771	NaN	NaN	48.082388	0.000000
84	Spectrogram 1	1	289.200000	290.970000	4000.000000	18000.000000	8000.000000	Trill	6.364900	24.215267	NaN	NaN	35.588921	0.000000
85	Spectrogram 1	1	291.020000	291.110000	4000.000000	18000.000000	8000.000000	Trill	5.409430	16.095298	NaN	NaN	47.797329	0.000000
86	Spectrogram 1	1	291.150000	291.240000	4000.000000	18000.000000	8000.000000	Trill	8.671698	19.262910	NaN	NaN	53.527738	0.000000
87	Spectrogram 1	1	291.280000	291.340000	4000.000000	18000.000000	8000.000000	Trill	8.716821	21.541869	NaN	NaN	50.758983	0.000000
88	Spectrogram 1	1	291.870000	291.940000	4000.000000	18000.000000	8000.000000	Trill	8.205319	17.990228	NaN	NaN	44.967395	0.000000
89	Spectrogram 1	1	292.010000	292.090000	4000.000000	18000.000000	8000.000000	Sd-peep	6.097519	18.785811	NaN	NaN	40.195756	0.000000
90	Spectrogram 1	1	306.680000	307.670000	4000.000000	18000.000000	8000.000000	Trill	10.216342	29.214044	NaN	NaN	73.213054	0.000000
91	Spectrogram 1	1	307.850000	308.580000	4000.000000	18000.000000	8000.000000	Trill	10.839227	30.000000	NaN	NaN	88.640862	0.000000
92	Spectrogram 1	1	308.810000	309.350000	4000.000000	18000.000000	8000.000000	Trill	8.861743	30.000000	NaN	NaN	94.154415	0.000000
93	Spectrogram 1	1	310.710000	313.280000	4000.000000	18000.000000	8000.000000	Trill	7.082854	25.535541	NaN	NaN	31.447939	0.000000
94	Spectrogram 1	1	313.320000	313.380000	4000.000000	18000.000000	8000.000000	Sd-peep	10.343140	20.843732	NaN	NaN	53.353619	0.000000
95	Spectrogram 1	1	313.440000	313.640000	4000.000000	18000.000000	8000.000000	Trill	7.331389	19.387235	NaN	NaN	38.106010	0.000000
96	Spectrogram 1	1	313.680000	313.790000	4000.000000	18000.000000	8000.000000	Trill	6.804473	21.661964	NaN	NaN	32.033869	0.000000
97	Spectrogram 1	1	313.860000	313.920000	4000.000000	18000.000000	8000.000000	Trill	11.414578	17.404432	NaN	NaN	63.330461	0.000000
98	Spectrogram 1	1	314.000000	314.060000	4000.000000	18000.000000	8000.000000	Sd-peep	10.462111	24.222414	NaN	NaN	44.826352	0.000000
99	Spectrogram 1	1	314.240000	314.330000	4000.000000	18000.000000	8000.000000	Sd-peep	8.691429	23.581639	NaN	NaN	68.673017	0.000000
100	Spectrogram 1	1	325.060000	327.290000	4000.000000	18000.000000	8000.000000	Trill	5.344918	21.609786	NaN	NaN	33.820712	0.000000
101	Spectrogram 1	1	327.360000	327.570000	4000.000000	18000.000000	8000.000000	Trill	7.910060	23.380880	NaN	NaN	44.434153	0.000000
102	Spectrogram 1	1	327.610000	327.690000	4000.000000	18000.000000	8000.000000	Trill	9.477713	21.376099	NaN	NaN	51.362549	0.000000
103	Spectrogram 1	1	327.990000	328.210000	4000.000000	18000.000000	8000.000000	Trill	6.643803	20.412887	NaN	NaN	40.615934	0.000000
104	Spectrogram 1	1	332.790000	333.340000	4000.000000	18000.000000	8000.000000	Trill	4.064480	17.691365	NaN	NaN	34.191556	0.000000
105	Spectrogram 1	1	334.090000	334.160000	4000.000000	18000.000000	8000.000000	Sd-peep	9.547193	24.965471	NaN	NaN	42.150025	0.000000
106	Spectrogram 1	1	334.290000	334.400000	4000.000000	18000.000000	8000.000000	Sd-peep	9.765676	24.154612	NaN	NaN	78.868128	0.000000
107	Spectrogram 1	1	335.580000	337.190000	4000.000000	18000.000000	8000.000000	Trill	8.294490	26.935358	NaN	NaN	42.360728	0.000000
108	Spectrogram 1	1	337.240000	337.480000	4000.000000	18000.000000	8000.000000	Trill	7.668501	22.947792	NaN	NaN	49.893896	0.000000
109	Spectrogram 1	1	337.580000	337.690000	4000.000000	18000.000000	8000.000000	Trill	9.449291	23.828621	NaN	NaN	57.599430	0.000000
110	Spectrogram 1	1	337.760000	337.850000	4000.000000	18000.000000	8000.000000	Sd-peep	8.904820	22.798769	NaN	NaN	46.381589	0.000000
111	Spectrogram 1	1	337.930000	338.000000	4000.000000	18000.000000	8000.000000	Sd-peep	9.807605	20.430789	NaN	NaN	49.554442	0.000000
112	Spectrogram 1	1	338.090000	338.200000	4000.000000	18000.000000	8000.000000	Trill	8.885835	23.124521	NaN	NaN	54.816989	0.000000
113	Spectrogram 1	1	338.260000	338.350000	4000.000000	18000.000000	8000.000000	Trill	9.250290	16.720281	NaN	NaN	61.373534	0.000000
114	Spectrogram 1	1	338.410000	338.480000	4000.000000	18000.000000	8000.000000	Trill	10.112195	24.785251	NaN	NaN	68.409226	0.000000
115	Spectrogram 1	1	338.790000	338.840000	4000.000000	18000.000000	8000.000000	Trill	9.064605	19.090543	NaN	NaN	35.759318	0.000000
116	Spectrogram 1	1	338.920000	339.010000	4000.000000	18000.000000	8000.000000	Trill	8.606427	23.106855	NaN	NaN	58.977791	0.000000
117	Spectrogram 1	1	339.060000	339.330000	4000.000000	18000.000000	8000.000000	Trill	6.849785	21.459155	NaN	NaN	49.709104	0.000000
118	Spectrogram 1	1	339.390000	339.830000	4000.000000	18000.000000	8000.000000	Trill	6.765113	18.288092	NaN	NaN	55.808196	0.000000
119	Spectrogram 1	1	341.510000	341.540000	4000.000000	18000.000000	8000.000000	Trill	4.195029	8.137862	NaN	NaN	39.634149	0.000000
120	Spectrogram 1	1	343.800000	344.270000	4000.000000	18000.000000	8000.000000	Trill	5.491018	22.414918	NaN	NaN	37.610236	0.000000
121	Spectrogram 1	1	344.310000	344.500000	4000.000000	18000.000000	8000.000000	Trill	7.589618	24.338253	NaN	NaN	54.283907	0.000000
122	Spectrogram 1	1	344.560000	344.640000	4000.000000	18000.000000	8000.000000	Sd-peep	10.591465	27.193745	NaN	NaN	63.307567	0.000000
123	Spectrogram 1	1	344.690000	344.750000	4000.000000	18000.000000	8000.000000	Trill	10.233219	23.446537	NaN	NaN	63.266017	0.000000
124	Spectrogram 1	1	344.830000	345.020000	4000.000000	18000.000000	8000.000000	Trill	7.156738	21.712802	NaN	NaN	36.705239	0.000000
125	Spectrogram 1	1	345.100000	345.190000	4000.000000	18000.000000	8000.000000	Trill	9.762930	21.072218	NaN	NaN	57.839099	0.000000
126	Spectrogram 1	1	347.140000	347.220000	4000.000000	18000.000000	8000.000000	Sd-peep	8.685631	24.749918	NaN	NaN	68.395016	0.000000
127	Spectrogram 1	1	347.330000	347.540000	4000.000000	18000.000000	8000.000000	Trill	8.184344	18.435361	NaN	NaN	62.874551	0.000000
128	Spectrogram 1	1	347.620000	347.730000	4000.000000	18000.000000	8000.000000	Trill	8.050400	19.966874	NaN	NaN	46.469244	0.000000
129	Spectrogram 1	1	347.770000	347.940000	4000.000000	18000.000000	8000.000000	Trill	5.995361	11.645328	NaN	NaN	38.072728	0.000000
130	Spectrogram 1	1	347.990000	348.060000	4000.000000	18000.000000	8000.000000	Sd-peep	10.495722	22.647489	NaN	NaN	79.255980	0.000000
131	Spectrogram 1	1	354.260000	354.280000	4000.000000	18000.000000	8000.000000	Twitter	5.098062	10.378645	NaN	NaN	51.731001	0.000000
132	Spectrogram 1	1	355.750000	356.060000	4000.000000	18000.000000	8000.000000	Trill	7.354382	19.259670	NaN	NaN	48.223532	0.000000
133	Spectrogram 1	1	356.210000	356.290000	4000.000000	18000.000000	8000.000000	Sd-peep	9.304209	22.822554	NaN	NaN	54.661658	0.000000
134	Spectrogram 1	1	360.410000	360.460000	4000.000000	18000.000000	8000.000000	Trill	6.725214	13.396056	NaN	NaN	87.130187	0.000000
135	Spectrogram 1	1	362.420000	363.190000	4000.000000	18000.000000	8000.000000	Trill	14.082924	30.000000	NaN	NaN	74.311241	0.000000
136	Spectrogram 1	1	363.330000	364.010000	4000.000000	18000.000000	8000.000000	Trill	13.604918	29.840871	NaN	NaN	59.469123	0.000000
137	Spectrogram 1	1	364.070000	364.580000	4000.000000	18000.000000	8000.000000	Trill	12.453463	30.000000	NaN	NaN	78.371513	0.000000
138	Spectrogram 1	1	364.680000	364.930000	4000.000000	18000.000000	8000.000000	Trill	13.210691	30.000000	NaN	NaN	159.011242	0.000000
139	Spectrogram 1	1	366.090000	366.110000	4000.000000	18000.000000	8000.000000	Sd-peep	7.023427	6.501492	NaN	NaN	32.455872	0.000000
140	Spectrogram 1	1	368.070000	368.370000	4000.000000	18000.000000	8000.000000	Sd-peep	9.443119	20.871563	NaN	NaN	29.630475	0.000000
141	Spectrogram 1	1	369.030000	370.010000	4000.000000	18000.000000	8000.000000	Sd-peep	9.639688	30.040128	NaN	NaN	36.034204	0.000000
142	Spectrogram 1	1	370.100000	370.800000	4000.000000	18000.000000	8000.000000	Sd-peep	8.014912	24.863943	NaN	NaN	44.170657	0.000000
143	Spectrogram 1	1	370.990000	371.270000	4000.000000	18000.000000	8000.000000	Sd-peep	6.737759	21.975729	NaN	NaN	41.235764	0.000000
144	Spectrogram 1	1	375.190000	375.330000	4000.000000	18000.000000	8000.000000	Sd-peep	5.028591	14.761683	NaN	NaN	32.639854	0.000000
145	Spectrogram 1	1	400.090000	400.120000	4000.000000	18000.000000	8000.000000	Phee	4.071018	6.977697	NaN	NaN	42.002848	0.000000
146	Spectrogram 1	1	409.230000	409.790000	4000.000000	18000.000000	8000.000000	Sd-peep	12.068088	24.687494	NaN	NaN	77.036512	0.000000
147	Spectrogram 1	1	409.850000	410.440000	4000.000000	18000.000000	8000.000000	Trill	11.488682	28.208515	NaN	NaN	94.194691	0.000000
148	Spectrogram 1	1	410.590000	411.340000	4000.000000	18000.000000	8000.000000	Trill	8.844611	26.050030	NaN	NaN	60.883847	0.000000
149	Spectrogram 1	1	411.390000	412.500000	4000.000000	18000.000000	8000.000000	Trill	8.104062	23.713026	NaN	NaN	65.497038	0.000000
150	Spectrogram 1	1	416.370000	416.990000	4000.000000	18000.000000	8000.000000	Sd-peep	8.497760	25.455772	NaN	NaN	37.872969	0.000000
151	Spectrogram 1	1	420.140000	420.310000	4000.000000	18000.000000	8000.000000	Sd-peep	8.844944	25.913415	NaN	NaN	47.650983	0.000000
152	Spectrogram 1	1	420.370000	420.400000	4000.000000	18000.000000	8000.000000	Trill	12.150730	17.054217	NaN	NaN	72.829770	0.000000
153	Spectrogram 1	1	421.560000	422.620000	4000.000000	18000.000000	8000.000000	Sd-peep	12.100570	29.275473	NaN	NaN	50.482549	0.000000
154	Spectrogram 1	1	422.800000	423.690000	4000.000000	18000.000000	8000.000000	Sd-peep	13.095269	29.225897	NaN	NaN	54.644608	0.000000
155	Spectrogram 1	1	423.830000	424.370000	4000.000000	18000.000000	8000.000000	Trill	11.654168	30.000000	NaN	NaN	69.772381	0.000000
156	Spectrogram 1	1	424.540000	424.590000	4000.000000	18000.000000	8000.000000	Trill	9.667146	21.991135	NaN	NaN	106.314509	0.000000
157	Spectrogram 1	1	436.290000	437.260000	4000.000000	18000.000000	8000.000000	Trill	6.043600	24.572640	NaN	NaN	43.389488	0.000000
158	Spectrogram 1	1	437.310000	438.720000	4000.000000	18000.000000	8000.000000	Trill	14.233822	30.000000	NaN	NaN	46.137924	0.000000
159	Spectrogram 1	1	479.310000	479.380000	4000.000000	18000.000000	8000.000000	Sd-peep	5.366692	17.281702	NaN	NaN	38.903140	0.000000
160	Spectrogram 1	1	493.580000	493.640000	4000.000000	18000.000000	8000.000000	Trill	5.381616	10.221876	NaN	NaN	38.150031	0.000000
161	Spectrogram 1	1	506.970000	507.030000	4000.000000	18000.000000	8000.000000	Phee	5.143526	9.322192	NaN	NaN	40.739414	0.000000
162	Spectrogram 1	1	611.320000	611.370000	4000.000000	18000.000000	8000.000000	Trillphee	4.049529	10.282983	NaN	NaN	53.151488	0.000000
163	Spectrogram 1	1	620.720000	620.800000	4000.000000	18000.000000	8000.000000	Phee	4.008982	10.837702	NaN	NaN	70.507778	0.000000
164	Spectrogram 1	1	629.040000	629.130000	4000.000000	18000.000000	8000.000000	Trill	6.265462	11.204255	NaN	NaN	43.605737	0.000000
165	Spectrogram 1	1	643.740000	643.790000	4000.000000	18000.000000	8000.000000	Trill	4.088297	11.840055	NaN	NaN	59.301407	0.000000
166	Spectrogram 1	1	646.230000	646.330000	4000.000000	18000.000000	8000.000000	Trill	7.500845	22.518794	NaN	NaN	139.807334	0.000000
167	Spectrogram 1	1	646.750000	646.920000	4000.000000	18000.000000	8000.000000	Trill	4.913874	24.418888	NaN	NaN	114.759211	0.000000
168	Spectrogram 1	1	657.360000	657.460000	4000.000000	18000.000000	8000.000000	Sd-peep	6.097488	22.750827	NaN	NaN	53.143347	0.000000
169	Spectrogram 1	1	663.650000	663.680000	4000.000000	18000.000000	8000.000000	Trill	9.050912	13.439239	NaN	NaN	33.430552	0.000000
170	Spectrogram 1	1	665.670000	665.720000	4000.000000	18000.000000	8000.000000	Phee	4.407482	10.265868	NaN	NaN	85.452663	0.000000
171	Spectrogram 1	1	668.940000	669.510000	4000.000000	18000.000000	8000.000000	Phee	4.574731	26.526391	NaN	NaN	141.910820	0.000000
172	Spectrogram 1	1	677.770000	678.650000	4000.000000	18000.000000	8000.000000	Trill	5.080496	22.425859	NaN	NaN	35.934998	0.000000
173	Spectrogram 1	1	678.960000	679.470000	4000.000000	18000.000000	8000.000000	Sd-peep	8.402456	28.345880	NaN	NaN	55.306983	0.000000
174	Spectrogram 1	1	683.120000	683.280000	4000.000000	18000.000000	8000.000000	Sd-peep	7.200493	32.769749	NaN	NaN	45.850875	0.000000
175	Spectrogram 1	1	723.670000	724.620000	4000.000000	18000.000000	8000.000000	Sd-peep	9.187966	24.266438	NaN	NaN	59.902084	0.000000
176	Spectrogram 1	1	724.770000	724.850000	4000.000000	18000.000000	8000.000000	Sd-peep	11.038853	26.918495	NaN	NaN	95.647207	0.000000
177	Spectrogram 1	1	725.060000	725.160000	4000.000000	18000.000000	8000.000000	Sd-peep	11.978980	25.437642	NaN	NaN	52.615833	0.000000
178	Spectrogram 1	1	739.140000	739.230000	4000.000000	18000.000000	8000.000000	Sd-peep	12.882741	27.660887	NaN	NaN	69.993146	0.000000
179	Spectrogram 1	1	739.290000	739.530000	4000.000000	18000.000000	8000.000000	Sd-peep	12.537899	27.227641	NaN	NaN	81.746009	0.000000
180	Spectrogram 1	1	739.570000	739.670000	4000.000000	18000.000000	8000.000000	Trill	11.733023	24.471631	NaN	NaN	85.915670	0.000000
181	Spectrogram 1	1	739.720000	739.860000	4000.000000	18000.000000	8000.000000	Trill	8.554345	20.807904	NaN	NaN	90.166030	0.000000
182	Spectrogram 1	1	739.900000	740.030000	4000.000000	18000.000000	8000.000000	Sd-peep	8.552608	24.512349	NaN	NaN	65.317143	0.000000
183	Spectrogram 1	1	757.720000	758.140000	4000.000000	18000.000000	8000.000000	Sd-peep	10.953975	25.584271	NaN	NaN	76.635018	0.000000
184	Spectrogram 1	1	758.320000	758.530000	4000.000000	18000.000000	8000.000000	Trill	7.542855	21.081746	NaN	NaN	62.317350	0.000000
185	Spectrogram 1	1	758.570000	758.730000	4000.000000	18000.000000	8000.000000	Trill	7.433795	18.905215	NaN	NaN	86.446317	0.000000
186	Spectrogram 1	1	762.060000	762.090000	4000.000000	18000.000000	8000.000000	Trill	4.180965	14.352822	NaN	NaN	75.314539	0.000000
187	Spectrogram 1	1	773.970000	774.820000	4000.000000	18000.000000	8000.000000	Phee	4.939684	28.302370	NaN	NaN	105.578771	0.000000
188	Spectrogram 1	1	845.970000	845.990000	4000.000000	18000.000000	8000.000000	Sd-peep	7.407955	11.956211	NaN	NaN	66.005763	0.000000
189	Spectrogram 1	1	854.630000	854.660000	4000.000000	18000.000000	8000.000000	Trill	4.728569	11.524986	NaN	NaN	58.164039	0.000000
190	Spectrogram 1	1	863.050000	863.660000	4000.000000	18000.000000	8000.000000	Trillphee	4.833661	20.870414	NaN	NaN	48.499672	0.000000
191	Spectrogram 1	1	876.410000	876.490000	4000.000000	18000.000000	8000.000000	Trill	5.159754	11.820480	NaN	NaN	32.455394	0.000000
192	Spectrogram 1	1	876.660000	876.740000	4000.000000	18000.000000	8000.000000	Trill	4.107500	11.655854	NaN	NaN	36.456690	0.000000
193	Spectrogram 1	1	958.150000	958.180000	4000.000000	18000.000000	8000.000000	Trill	4.655414	11.558437	NaN	NaN	46.331428	0.000000
194	Spectrogram 1	1	960.790000	961.050000	4000.000000	18000.000000	8000.000000	Trill	5.549043	27.248059	NaN	NaN	126.911537	0.000000
195	Spectrogram 1	1	961.130000	961.160000	4000.000000	18000.000000	8000.000000	Trill	4.376428	26.802444	NaN	NaN	113.850367	0.000000
196	Spectrogram 1	1	991.060000	991.160000	4000.000000	18000.000000	8000.000000	Trill	4.931571	27.153923	NaN	NaN	106.006629	0.000000
197	Spectrogram 1	1	999.920000	1000.110000	4000.000000	18000.000000	8000.000000	Trill	4.972612	13.972582	NaN	NaN	76.574388	0.000000
198	Spectrogram 1	1	1014.420000	1014.550000	4000.000000	18000.000000	8000.000000	Phee	5.243609	15.805197	NaN	NaN	61.513531	0.000000
199	Spectrogram 1	1	1038.070000	1038.100000	4000.000000	18000.000000	8000.000000	Sd-peep	5.599743	11.178077	NaN	NaN	67.990456	0.000000
200	Spectrogram 1	1	1167.920000	1168.480000	4000.000000	18000.000000	8000.000000	Trill	13.036133	28.093350	NaN	NaN	105.233735	0.000000
201	Spectrogram 1	1	1196.910000	1197.170000	4000.000000	18000.000000	8000.000000	Phee	5.495321	20.138530	NaN	NaN	95.830722	0.000000
202	Spectrogram 1	1	1197.240000	1197.270000	4000.000000	18000.000000	8000.000000	Phee	4.701951	19.422700	NaN	NaN	37.785827	0.000000
203	Spectrogram 1	1	1199.630000	1199.980000	4000.000000	18000.000000	8000.000000	Trill	5.971086	18.232808	NaN	NaN	71.956472	0.000000
204	Spectrogram 1	1	1217.660000	1218.910000	4000.000000	18000.000000	8000.000000	Twitter	7.686759	24.684431	NaN	NaN	38.346762	0.000000
205	Spectrogram 1	1	1218.950000	1219.030000	4000.000000	18000.000000	8000.000000	Twitter	8.265762	20.035068	NaN	NaN	44.280161	0.000000
206	Spectrogram 1	1	1219.090000	1219.130000	4000.000000	18000.000000	8000.000000	Trill	6.300512	15.846290	NaN	NaN	54.573567	0.000000
207	Spectrogram 1	1	1226.350000	1227.210000	4000.000000	18000.000000	8000.000000	Trill	13.034546	30.000000	NaN	NaN	170.675789	0.000000
208	Spectrogram 1	1	1231.680000	1231.710000	4000.000000	18000.000000	8000.000000	Trillphee	5.069522	15.677311	NaN	NaN	61.579358	0.000000
209	Spectrogram 1	1	1232.740000	1233.050000	4000.000000	18000.000000	8000.000000	Trillphee	4.533008	24.221077	NaN	NaN	85.401524	0.000000
210	Spectrogram 1	1	1233.550000	1234.010000	4000.000000	18000.000000	8000.000000	Trill	7.973897	30.000000	NaN	NaN	190.906416	0.000000
211	Spectrogram 1	1	1234.050000	1234.300000	4000.000000	18000.000000	8000.000000	Phee	4.117520	30.000000	NaN	NaN	159.019643	0.000000
212	Spectrogram 1	1	1234.340000	1234.850000	4000.000000	18000.000000	8000.000000	Phee	4.119070	26.970135	NaN	NaN	107.671152	0.000000
213	Spectrogram 1	1	1235.490000	1235.760000	4000.000000	18000.000000	8000.000000	Trill	18.311270	28.413321	NaN	NaN	86.880920	0.000000
214	Spectrogram 1	1	1274.820000	1275.100000	4000.000000	18000.000000	8000.000000	Phee	4.354586	10.361502	NaN	NaN	49.064670	0.000000
215	Spectrogram 1	1	1292.760000	1294.110000	4000.000000	18000.000000	8000.000000	Phee	4.612274	27.270938	NaN	NaN	119.258176	0.000000
216	Spectrogram 1	1	1327.110000	1327.140000	4000.000000	18000.000000	8000.000000	Trill	4.141380	17.290820	NaN	NaN	94.643243	0.000000
217	Spectrogram 1	1	1338.630000	1339.080000	4000.000000	18000.000000	8000.000000	Phee	5.084281	14.164955	NaN	NaN	33.373221	0.000000
218	Spectrogram 1	1	1416.520000	1416.550000	4000.000000	18000.000000	8000.000000	Trill	4.313314	8.659871	NaN	NaN	58.388285	0.000000
219	Spectrogram 1	1	1417.180000	1417.240000	4000.000000	18000.000000	8000.000000	Trillphee	8.531323	14.664826	NaN	NaN	101.890956	0.000000
220	Spectrogram 1	1	1420.860000	1421.080000	4000.000000	18000.000000	8000.000000	Phee	5.133563	13.303348	NaN	NaN	68.469107	0.000000
221	Spectrogram 1	1	1423.770000	1423.830000	4000.000000	18000.000000	8000.000000	Trill	6.085881	10.534294	NaN	NaN	30.458669	0.000000
222	Spectrogram 1	1	1446.040000	1446.370000	4000.000000	18000.000000	8000.000000	Trill	14.064095	27.321444	NaN	NaN	128.423216	0.000000
223	Spectrogram 1	1	1450.230000	1450.430000	4000.000000	18000.000000	8000.000000	Twitter	10.062279	27.517990	NaN	NaN	94.949699	0.000000
224	Spectrogram 1	1	1450.480000	1451.590000	4000.000000	18000.000000	8000.000000	Twitter	5.833704	24.531928	NaN	NaN	31.141428	0.000000
225	Spectrogram 1	1	1465.280000	1465.330000	4000.000000	18000.000000	8000.000000	Trillphee	8.251559	11.717236	NaN	NaN	67.832750	0.000000
226	Spectrogram 1	1	1465.530000	1465.790000	4000.000000	18000.000000	8000.000000	Phee	4.679997	10.001447	NaN	NaN	58.524343	0.000000
227	Spectrogram 1	1	1506.450000	1506.490000	4000.000000	18000.000000	8000.000000	Trill	4.697845	12.472502	NaN	NaN	47.114787	0.000000
228	Spectrogram 1	1	1515.380000	1515.690000	4000.000000	18000.000000	8000.000000	Trill	4.911377	15.133729	NaN	NaN	74.980265	0.000000
229	Spectrogram 1	1	1550.150000	1550.210000	4000.000000	18000.000000	8000.000000	Trill	6.924530	15.775701	NaN	NaN	40.030283	0.000000
230	Spectrogram 1	1	1581.250000	1581.300000	4000.000000	18000.000000	8000.000000	Phee	4.402116	7.848817	NaN	NaN	43.143420	0.000000
231	Spectrogram 1	1	1591.630000	1591.650000	4000.000000	18000.000000	8000.000000	Sd-peep	4.352719	7.448978	NaN	NaN	47.388597	0.000000
232	Spectrogram 1	1	1602.710000	1602.740000	4000.000000	18000.000000	8000.000000	Phee	5.598168	13.932481	NaN	NaN	74.963258	0.000000
233	Spectrogram 1	1	1609.410000	1609.490000	4000.000000	18000.000000	8000.000000	Trill	5.477160	12.138749	NaN	NaN	34.269469	0.000000
234	Spectrogram 1	1	1615.110000	1615.200000	4000.000000	18000.000000	8000.000000	Phee	5.187255	10.589541	NaN	NaN	59.124517	0.000000
235	Spectrogram 1	1	1615.340000	1615.950000	4000.000000	18000.000000	8000.000000	Phee	4.691892	19.524012	NaN	NaN	79.136687	0.000000
236	Spectrogram 1	1	1670.780000	1670.840000	4000.000000	18000.000000	8000.000000	Twitter	4.416458	14.706159	NaN	NaN	42.912107	0.000000
237	Spectrogram 1	1	1716.170000	1716.210000	4000.000000	18000.000000	8000.000000	Sd-peep	4.533531	19.374425	NaN	NaN	102.228520	0.000000
238	Spectrogram 1	1	1718.110000	1718.230000	4000.000000	18000.000000	8000.000000	Phee	5.780158	16.711222	NaN	NaN	109.859939	0.000000
239	Spectrogram 1	1	1726.420000	1726.510000	4000.000000	18000.000000	8000.000000	Trillphee	4.093045	10.139354	NaN	NaN	84.021821	0.000000
240	Spectrogram 1	1	1735.160000	1735.330000	4000.000000	18000.000000	8000.000000	Trill	5.329447	18.812614	NaN	NaN	110.476498	0.000000
241	Spectrogram 1	1	1735.480000	1735.590000	4000.000000	18000.000000	8000.000000	Trill	4.877552	17.600816	NaN	NaN	117.537079	0.000000
242	Spectrogram 1	1	1735.830000	1735.940000	4000.000000	18000.000000	8000.000000	Trill	5.273854	17.647416	NaN	NaN	95.278217	0.000000
243	Spectrogram 1	1	1736.020000	1736.170000	4000.000000	18000.000000	8000.000000	Trill	5.840367	19.090680	NaN	NaN	126.778657	0.000000
244	Spectrogram 1	1	1736.370000	1736.400000	4000.000000	18000.000000	8000.000000	Trill	4.766469	12.834999	NaN	NaN	89.433508	0.000000
245	Spectrogram 1	1	1736.550000	1736.580000	4000.000000	18000.000000	8000.000000	Trill	4.221201	14.109916	NaN	NaN	71.866474	0.000000
246	Spectrogram 1	1	1737.180000	1738.320000	4000.000000	18000.000000	8000.000000	Trill	9.321747	19.179473	NaN	NaN	108.016725	0.000000
247	Spectrogram 1	1	1742.860000	1742.920000	4000.000000	18000.000000	8000.000000	Trill	4.252514	12.555213	NaN	NaN	57.198248	0.000000
248	Spectrogram 1	1	1759.000000	1759.370000	4000.000000	18000.000000	8000.000000	Trill	4.122495	18.836092	NaN	NaN	60.273594	0.000000
249	Spectrogram 1	1	1760.170000	1760.260000	4000.000000	18000.000000	8000.000000	Twitter	6.125107	28.792097	NaN	NaN	72.704363	0.000000
250	Spectrogram 1	1	1806.420000	1806.540000	4000.000000	18000.000000	8000.000000	Trill	5.034651	12.211630	NaN	NaN	57.448598	0.000000
251	Spectrogram 1	1	1809.350000	1809.420000	4000.000000	18000.000000	8000.000000	Trill	4.038753	12.484247	NaN	NaN	63.694523	0.000000
252	Spectrogram 1	1	1822.560000	1822.880000	4000.000000	18000.000000	8000.000000	Trill	8.579904	17.104269	NaN	NaN	68.209829	0.000000
253	Spectrogram 1	1	1830.310000	1830.490000	4000.000000	18000.000000	8000.000000	Phee	5.178265	9.387698	NaN	NaN	32.537054	0.000000
254	Spectrogram 1	1	1845.080000	1845.120000	4000.000000	18000.000000	8000.000000	Trill	4.434895	8.812642	NaN	NaN	35.864489	0.000000
255	Spectrogram 1	1	1849.380000	1849.420000	4000.000000	18000.000000	8000.000000	Twitter	4.524969	17.641048	NaN	NaN	43.421297	0.000000
256	Spectrogram 1	1	1874.350000	1874.440000	4000.000000	18000.000000	8000.000000	Phee	4.512958	11.139071	NaN	NaN	85.060039	0.000000
257	Spectrogram 1	1	1887.750000	1887.970000	4000.000000	18000.000000	8000.000000	Trillphee	4.790214	15.013209	NaN	NaN	82.219009	0.000000
258	Spectrogram 1	1	1888.020000	1888.070000	4000.000000	18000.000000	8000.000000	Trillphee	4.775430	12.858330	NaN	NaN	80.112701	0.000000
259	Spectrogram 1	1	1913.390000	1913.440000	4000.000000	18000.000000	8000.000000	Trillphee	4.655959	18.440051	NaN	NaN	101.984943	0.000000
260	Spectrogram 1	1	1924.620000	1924.710000	4000.000000	18000.000000	8000.000000	Trillphee	4.315295	10.358757	NaN	NaN	61.078397	0.000000
261	Spectrogram 1	1	1928.450000	1928.630000	4000.000000	18000.000000	8000.000000	Trill	4.408508	24.010838	NaN	NaN	98.190148	0.000000
262	Spectrogram 1	1	1933.140000	1933.370000	4000.000000	18000.000000	8000.000000	Trill	6.464398	15.319639	NaN	NaN	62.723728	0.000000
263	Spectrogram 1	1	1972.120000	1972.170000	4000.000000	18000.000000	8000.000000	Trill	4.210205	11.902602	NaN	NaN	47.196589	0.000000
264	Spectrogram 1	1	1998.880000	1998.900000	4000.000000	18000.000000	8000.000000	Sd-peep	5.419579	7.767561	NaN	NaN	46.346198	0.000000
265	Spectrogram 1	1	2032.110000	2032.130000	4000.000000	18000.000000	8000.000000	Sd-peep	4.294166	7.410968	NaN	NaN	33.484052	0.000000
266	Spectrogram 1	1	2038.280000	2038.780000	4000.000000	18000.000000	8000.000000	Trill	8.347593	17.932263	NaN	NaN	77.145115	0.000000
267	Spectrogram 1	1	2048.030000	2048.100000	4000.000000	18000.000000	8000.000000	Trill	5.721020	20.470180	NaN	NaN	99.492681	0.000000
268	Spectrogram 1	1	2049.860000	2049.950000	4000.000000	18000.000000	8000.000000	Twitter	8.788115	27.648799	NaN	NaN	44.695091	0.000000
269	Spectrogram 1	1	2050.010000	2051.360000	4000.000000	18000.000000	8000.000000	Twitter	7.174001	25.858414	NaN	NaN	32.468680	0.000000
270	Spectrogram 1	1	2051.400000	2051.450000	4000.000000	18000.000000	8000.000000	Trill	9.361249	17.774009	NaN	NaN	148.208303	0.000000
271	Spectrogram 1	1	2098.520000	2098.560000	4000.000000	18000.000000	8000.000000	Trillphee	4.629276	8.782113	NaN	NaN	53.139508	0.000000
272	Spectrogram 1	1	2103.600000	2103.630000	4000.000000	18000.000000	8000.000000	Sd-peep	6.026841	7.619800	NaN	NaN	56.054766	0.000000
273	Spectrogram 1	1	2156.090000	2156.360000	4000.000000	18000.000000	8000.000000	Phee	4.667028	11.977977	NaN	NaN	43.413987	0.000000
274	Spectrogram 1	1	2163.480000	2163.670000	4000.000000	18000.000000	8000.000000	Trill	4.450031	12.931969	NaN	NaN	41.993704	0.000000
275	Spectrogram 1	1	2184.650000	2184.970000	4000.000000	18000.000000	8000.000000	Trill	5.710276	15.641788	NaN	NaN	52.869586	0.000000
276	Spectrogram 1	1	2191.520000	2191.540000	4000.000000	18000.000000	8000.000000	Sd-peep	4.021449	12.785148	NaN	NaN	78.271971	0.000000
277	Spectrogram 1	1	2204.300000	2204.580000	4000.000000	18000.000000	8000.000000	Trill	6.797694	20.319774	NaN	NaN	54.701212	0.000000
278	Spectrogram 1	1	2218.510000	2218.870000	4000.000000	18000.000000	8000.000000	Trill	19.101055	30.000000	NaN	NaN	167.843479	0.000000
279	Spectrogram 1	1	2235.470000	2235.940000	4000.000000	18000.000000	8000.000000	Trill	12.569553	25.357305	NaN	NaN	82.155977	0.000000
280	Spectrogram 1	1	2282.410000	2282.500000	4000.000000	18000.000000	8000.000000	Twitter	8.154633	29.335386	NaN	NaN	60.630966	0.000000
281	Spectrogram 1	1	2282.580000	2283.720000	4000.000000	18000.000000	8000.000000	Twitter	5.760189	21.687099	NaN	NaN	33.095292	0.000000
282	Spectrogram 1	1	2285.270000	2285.300000	4000.000000	18000.000000	8000.000000	Trill	4.744292	7.677321	NaN	NaN	48.516979	0.000000
283	Spectrogram 1	1	2285.830000	2285.890000	4000.000000	18000.000000	8000.000000	Trill	4.108684	9.300750	NaN	NaN	46.143286	0.000000
284	Spectrogram 1	1	2296.120000	2296.150000	4000.000000	18000.000000	8000.000000	Sd-peep	4.173965	12.150432	NaN	NaN	40.018347	0.000000
285	Spectrogram 1	1	2296.240000	2296.270000	4000.000000	18000.000000	8000.000000	Trill	4.324525	11.801961	NaN	NaN	39.447733	0.000000
286	Spectrogram 1	1	2296.350000	2296.400000	4000.000000	18000.000000	8000.000000	Trill	4.306666	10.052199	NaN	NaN	48.219148	0.000000
287	Spectrogram 1	1	2376.700000	2376.820000	4000.000000	18000.000000	8000.000000	Phee	7.646555	11.295704	NaN	NaN	110.765878	0.000000
288	Spectrogram 1	1	2376.980000	2377.130000	4000.000000	18000.000000	8000.000000	Trillphee	4.361105	15.966482	NaN	NaN	76.412897	0.000000
289	Spectrogram 1	1	2395.270000	2395.800000	4000.000000	18000.000000	8000.000000	Trill	12.903871	28.020392	NaN	NaN	107.751484	0.000000
290	Spectrogram 1	1	2409.630000	2410.340000	4000.000000	18000.000000	8000.000000	Trillphee	6.175122	15.611913	NaN	NaN	30.002395	0.000000
291	Spectrogram 1	1	2429.200000	2429.240000	4000.000000	18000.000000	8000.000000	Trill	5.042232	8.092467	NaN	NaN	51.807615	0.000000
292	Spectrogram 1	1	2432.410000	2432.440000	4000.000000	18000.000000	8000.000000	Phee	4.737191	8.385227	NaN	NaN	53.816349	0.000000
293	Spectrogram 1	1	2448.600000	2448.810000	4000.000000	18000.000000	8000.000000	Trillphee	4.563465	11.177042	NaN	NaN	31.729200	0.000000
294	Spectrogram 1	1	2467.250000	2467.350000	4000.000000	18000.000000	8000.000000	Twitter	4.039328	17.208022	NaN	NaN	50.108918	0.000000
295	Spectrogram 1	1	2502.370000	2502.390000	4000.000000	18000.000000	8000.000000	Sd-peep	8.066537	13.062214	NaN	NaN	55.114130	0.000000
296	Spectrogram 1	1	2567.970000	2568.190000	4000.000000	18000.000000	8000.000000	Trill	6.845473	20.760671	NaN	NaN	56.164644	0.000000
297	Spectrogram 1	1	2568.270000	2568.450000	4000.000000	18000.000000	8000.000000	Trill	9.663670	20.074208	NaN	NaN	102.852538	0.000000
298	Spectrogram 1	1	2568.620000	2568.790000	4000.000000	18000.000000	8000.000000	Trill	5.456278	20.515237	NaN	NaN	48.419180	0.000000
299	Spectrogram 1	1	2569.360000	2569.420000	4000.000000	18000.000000	8000.000000	Sd-peep	11.105189	21.083119	NaN	NaN	54.240642	0.000000
300	Spectrogram 1	1	2569.550000	2569.640000	4000.000000	18000.000000	8000.000000	Sd-peep	8.743700	25.185297	NaN	NaN	101.261945	0.000000
301	Spectrogram 1	1	2569.690000	2570.430000	4000.000000	18000.000000	8000.000000	Trill	8.833918	28.021743	NaN	NaN	86.057062	0.000000
302	Spectrogram 1	1	2570.580000	2572.220000	4000.000000	18000.000000	8000.000000	Trill	8.474372	26.105404	NaN	NaN	59.656223	0.000000
303	Spectrogram 1	1	2581.810000	2581.840000	4000.000000	18000.000000	8000.000000	Sd-peep	4.074501	14.436333	NaN	NaN	44.141824	0.000000
304	Spectrogram 1	1	2586.880000	2588.420000	4000.000000	18000.000000	8000.000000	Trill	6.911084	25.660603	NaN	NaN	38.288090	0.000000
305	Spectrogram 1	1	2588.460000	2588.580000	4000.000000	18000.000000	8000.000000	Trill	5.020890	16.849403	NaN	NaN	54.435276	0.000000
306	Spectrogram 1	1	2590.180000	2590.410000	4000.000000	18000.000000	8000.000000	Sd-peep	6.652544	20.517869	NaN	NaN	36.153779	0.000000
307	Spectrogram 1	1	2590.460000	2590.530000	4000.000000	18000.000000	8000.000000	Sd-peep	8.799747	21.359654	NaN	NaN	52.270676	0.000000
308	Spectrogram 1	1	2590.720000	2590.820000	4000.000000	18000.000000	8000.000000	Sd-peep	8.783683	24.737398	NaN	NaN	46.474309	0.000000
309	Spectrogram 1	1	2590.920000	2590.990000	4000.000000	18000.000000	8000.000000	Sd-peep	8.141188	19.958472	NaN	NaN	73.293765	0.000000
310	Spectrogram 1	1	2591.050000	2591.180000	4000.000000	18000.000000	8000.000000	Trill	5.608114	20.137829	NaN	NaN	38.585047	0.000000
311	Spectrogram 1	1	2591.260000	2591.370000	4000.000000	18000.000000	8000.000000	Sd-peep	7.909971	23.236678	NaN	NaN	58.962122	0.000000
312	Spectrogram 1	1	2591.440000	2591.490000	4000.000000	18000.000000	8000.000000	Trill	7.254872	16.591591	NaN	NaN	45.197161	0.000000
313	Spectrogram 1	1	2602.390000	2602.910000	4000.000000	18000.000000	8000.000000	Trill	7.845801	20.037398	NaN	NaN	60.577786	0.000000
314	Spectrogram 1	1	2602.950000	2603.170000	4000.000000	18000.000000	8000.000000	Trill	7.069840	20.634587	NaN	NaN	43.158663	0.000000
315	Spectrogram 1	1	2603.210000	2603.280000	4000.000000	18000.000000	8000.000000	Trill	11.100513	23.451744	NaN	NaN	66.145596	0.000000
316	Spectrogram 1	1	2603.370000	2603.460000	4000.000000	18000.000000	8000.000000	Trill	9.037246	21.722760	NaN	NaN	87.959485	0.000000
317	Spectrogram 1	1	2603.650000	2603.720000	4000.000000	18000.000000	8000.000000	Sd-peep	10.390768	24.001671	NaN	NaN	70.862743	0.000000
318	Spectrogram 1	1	2676.940000	2677.060000	4000.000000	18000.000000	8000.000000	Phee	6.078336	11.033178	NaN	NaN	75.577525	0.000000
319	Spectrogram 1	1	2679.010000	2680.190000	4000.000000	18000.000000	8000.000000	Sd-peep	9.113029	28.979233	NaN	NaN	53.024399	0.000000
320	Spectrogram 1	1	2680.230000	2680.420000	4000.000000	18000.000000	8000.000000	Trill	7.633501	21.957425	NaN	NaN	59.536428	0.000000
321	Spectrogram 1	1	2680.490000	2681.500000	4000.000000	18000.000000	8000.000000	Trill	5.422880	20.785594	NaN	NaN	62.210311	0.000000
322	Spectrogram 1	1	2685.140000	2685.220000	4000.000000	18000.000000	8000.000000	Trill	6.732653	19.484849	NaN	NaN	64.026614	0.000000
323	Spectrogram 1	1	2701.400000	2701.440000	4000.000000	18000.000000	8000.000000	Trill	5.476712	13.613943	NaN	NaN	68.631019	0.000000
324	Spectrogram 1	1	2712.890000	2712.940000	4000.000000	18000.000000	8000.000000	Phee	5.954625	14.059927	NaN	NaN	90.574208	0.000000
325	Spectrogram 1	1	2715.420000	2715.480000	4000.000000	18000.000000	8000.000000	Phee	6.688957	8.879871	NaN	NaN	60.066923	0.000000
326	Spectrogram 1	1	2723.780000	2723.820000	4000.000000	18000.000000	8000.000000	Trill	4.341563	8.485325	NaN	NaN	47.307673	0.000000
327	Spectrogram 1	1	2725.940000	2725.970000	4000.000000	18000.000000	8000.000000	Trill	6.313232	9.194350	NaN	NaN	35.149007	0.000000
328	Spectrogram 1	1	2729.270000	2729.400000	4000.000000	18000.000000	8000.000000	Trillphee	4.135994	9.758641	NaN	NaN	72.635297	0.000000
329	Spectrogram 1	1	2748.690000	2748.830000	4000.000000	18000.000000	8000.000000	Trill	4.871276	15.990569	NaN	NaN	45.144724	0.000000
330	Spectrogram 1	1	2754.730000	2754.780000	4000.000000	18000.000000	8000.000000	Trill	4.447479	8.760454	NaN	NaN	35.254321	0.000000
331	Spectrogram 1	1	2772.590000	2772.630000	4000.000000	18000.000000	8000.000000	Trill	6.790119	12.075742	NaN	NaN	57.566228	0.000000
332	Spectrogram 1	1	2782.100000	2782.160000	4000.000000	18000.000000	8000.000000	Trill	4.130801	8.126578	NaN	NaN	43.375844	0.000000
333	Spectrogram 1	1	2782.260000	2782.290000	4000.000000	18000.000000	8000.000000	Trill	4.498997	8.273193	NaN	NaN	39.255059	0.000000
334	Spectrogram 1	1	2782.640000	2782.660000	4000.000000	18000.000000	8000.000000	Sd-peep	4.286134	9.676645	NaN	NaN	34.135220	0.000000
335	Spectrogram 1	1	2784.900000	2786.580000	4000.000000	18000.000000	8000.000000	Phee	4.703118	30.000000	NaN	NaN	98.596870	0.000000
336	Spectrogram 1	1	2791.090000	2791.200000	4000.000000	18000.000000	8000.000000	Trill	6.972076	18.581304	NaN	NaN	58.099933	0.000000
337	Spectrogram 1	1	2844.410000	2844.470000	4000.000000	18000.000000	8000.000000	Phee	4.670690	6.636577	NaN	NaN	41.912910	0.000000
338	Spectrogram 1	1	2844.840000	2845.170000	4000.000000	18000.000000	8000.000000	Trill	5.200652	15.948091	NaN	NaN	61.977233	0.000000
339	Spectrogram 1	1	2848.830000	2848.930000	4000.000000	18000.000000	8000.000000	Phee	4.379634	7.734013	NaN	NaN	37.784750	0.000000
340	Spectrogram 1	1	2851.390000	2851.440000	4000.000000	18000.000000	8000.000000	Phee	5.613979	8.781668	NaN	NaN	68.322553	0.000000
341	Spectrogram 1	1	2869.610000	2869.820000	4000.000000	18000.000000	8000.000000	Twitter	10.160536	28.051407	NaN	NaN	101.225749	0.000000
342	Spectrogram 1	1	2869.860000	2870.850000	4000.000000	18000.000000	8000.000000	Twitter	6.312146	23.156512	NaN	NaN	37.181729	0.000000
343	Spectrogram 1	1	2873.940000	2875.550000	4000.000000	18000.000000	8000.000000	Trillphee	5.764372	29.721028	NaN	NaN	68.182496	0.000000
344	Spectrogram 1	1	2882.820000	2882.840000	4000.000000	18000.000000	8000.000000	Sd-peep	4.619339	7.063559	NaN	NaN	43.298994	0.000000
345	Spectrogram 1	1	2919.990000	2920.430000	4000.000000	18000.000000	8000.000000	Trill	19.843878	28.223635	NaN	NaN	163.372249	0.000000
346	Spectrogram 1	1	2928.740000	2928.820000	4000.000000	18000.000000	8000.000000	Twitter	5.842354	27.502867	NaN	NaN	49.506325	0.000000
347	Spectrogram 1	1	2928.890000	2929.890000	4000.000000	18000.000000	8000.000000	Twitter	4.969273	21.652025	NaN	NaN	31.924399	0.000000
348	Spectrogram 1	1	2929.930000	2929.990000	4000.000000	18000.000000	8000.000000	Twitter	4.504249	12.446240	NaN	NaN	67.999221	0.000000
349	Spectrogram 1	1	2935.820000	2936.100000	4000.000000	18000.000000	8000.000000	Trill	4.502292	14.027882	NaN	NaN	51.308683	0.000000
350	Spectrogram 1	1	2936.520000	2936.630000	4000.000000	18000.000000	8000.000000	Trillphee	5.954472	10.915031	NaN	NaN	94.384698	0.000000
351	Spectrogram 1	1	2940.030000	2940.050000	4000.000000	18000.000000	8000.000000	Twitter	8.456491	17.400039	NaN	NaN	98.334180	0.000000
352	Spectrogram 1	1	2961.440000	2961.470000	4000.000000	18000.000000	8000.000000	Trill	5.021370	10.713709	NaN	NaN	46.578554	0.000000
353	Spectrogram 1	1	2988.900000	2988.930000	4000.000000	18000.000000	8000.000000	Sd-peep	7.902195	17.488875	NaN	NaN	93.493528	0.000000
354	Spectrogram 1	1	2991.520000	2991.810000	4000.000000	18000.000000	8000.000000	Phee	6.339000	26.992578	NaN	NaN	131.903069	0.000000
355	Spectrogram 1	1	2991.850000	2993.340000	4000.000000	18000.000000	8000.000000	Phee	5.810419	30.000000	NaN	NaN	108.375495	0.000000
356	Spectrogram 1	1	3007.320000	3007.350000	4000.000000	18000.000000	8000.000000	Sd-peep	7.914560	22.310214	NaN	NaN	41.296902	0.000000
357	Spectrogram 1	1	3015.440000	3015.740000	4000.000000	18000.000000	8000.000000	Trill	11.308253	23.712956	NaN	NaN	73.210563	0.000000
358	Spectrogram 1	1	3015.850000	3015.870000	4000.000000	18000.000000	8000.000000	Sd-peep	4.714040	6.577100	NaN	NaN	42.245508	0.000000
359	Spectrogram 1	1	3022.870000	3022.910000	4000.000000	18000.000000	8000.000000	Trill	4.084674	13.738544	NaN	NaN	78.668114	0.000000
360	Spectrogram 1	1	3040.440000	3040.630000	4000.000000	18000.000000	8000.000000	Trill	5.346926	16.230518	NaN	NaN	99.084258	0.000000
