Selection	View	Channel	Begin Time (s)	End Time (s)	Low Freq (Hz)	High Freq (Hz)	Max Freq (Hz)	Call Type	Energy Diff	Energy Par	Energy Diff (wl)	Energy Par (wl)	AHR	Exception
1	Spectrogram 1	1	47.540000	47.600000	4000.000000	18000.000000	8000.000000	Sd-peep	8.151793	26.016764	NaN	NaN	59.261536	0.000000
2	Spectrogram 1	1	47.790000	48.450000	4000.000000	18000.000000	8000.000000	Trill	8.649982	24.823659	NaN	NaN	96.997096	0.000000
3	Spectrogram 1	1	48.540000	49.030000	4000.000000	18000.000000	8000.000000	Trill	6.606680	26.338170	NaN	NaN	104.640831	0.000000
4	Spectrogram 1	1	49.140000	49.540000	4000.000000	18000.000000	8000.000000	Trill	9.572843	29.443229	NaN	NaN	131.018935	0.000000
5	Spectrogram 1	1	49.660000	50.040000	4000.000000	18000.000000	8000.000000	Trill	5.499870	22.400494	NaN	NaN	97.575259	0.000000
6	Spectrogram 1	1	144.330000	144.380000	4000.000000	18000.000000	8000.000000	Trill	5.471241	20.531945	NaN	NaN	81.591607	0.000000
7	Spectrogram 1	1	149.150000	150.060000	4000.000000	18000.000000	8000.000000	Trill	6.492677	17.022290	NaN	NaN	29.831257	0.000000
8	Spectrogram 1	1	156.900000	157.310000	4000.000000	18000.000000	8000.000000	Trill	4.282844	14.103761	NaN	NaN	39.264684	0.000000
9	Spectrogram 1	1	200.220000	200.570000	4000.000000	18000.000000	8000.000000	Trill	4.246113	12.759329	NaN	NaN	56.963446	0.000000
10	Spectrogram 1	1	202.020000	202.600000	4000.000000	18000.000000	8000.000000	Trill	7.143533	14.027850	NaN	NaN	30.398043	0.000000
11	Spectrogram 1	1	206.070000	206.640000	4000.000000	18000.000000	8000.000000	Trill	6.964844	13.591755	NaN	NaN	30.690367	0.000000
12	Spectrogram 1	1	206.720000	206.920000	4000.000000	18000.000000	8000.000000	Trill	7.379669	13.101064	NaN	NaN	32.341321	0.000000
13	Spectrogram 1	1	218.780000	219.000000	4000.000000	18000.000000	8000.000000	Trill	4.281368	8.742615	NaN	NaN	56.653450	0.000000
14	Spectrogram 1	1	280.620000	280.690000	4000.000000	18000.000000	8000.000000	Sd-peep	5.824047	19.502806	NaN	NaN	39.401847	0.000000
15	Spectrogram 1	1	281.660000	281.710000	4000.000000	18000.000000	8000.000000	Sd-peep	7.441693	23.555137	NaN	NaN	41.536698	0.000000
16	Spectrogram 1	1	281.960000	282.220000	4000.000000	18000.000000	8000.000000	Trill	8.815628	20.187007	NaN	NaN	78.321528	0.000000
17	Spectrogram 1	1	282.260000	282.400000	4000.000000	18000.000000	8000.000000	Trill	6.783264	15.347970	NaN	NaN	62.661462	0.000000
18	Spectrogram 1	1	282.510000	282.880000	4000.000000	18000.000000	8000.000000	Trill	5.920684	21.158402	NaN	NaN	87.041198	0.000000
19	Spectrogram 1	1	282.970000	283.240000	4000.000000	18000.000000	8000.000000	Trill	5.035225	19.994622	NaN	NaN	84.746013	0.000000
20	Spectrogram 1	1	283.400000	283.510000	4000.000000	18000.000000	8000.000000	Phee	5.022476	14.204204	NaN	NaN	61.107560	0.000000
21	Spectrogram 1	1	307.030000	307.110000	4000.000000	18000.000000	8000.000000	Sd-peep	6.229989	20.741351	NaN	NaN	44.044464	0.000000
22	Spectrogram 1	1	391.780000	391.810000	4000.000000	18000.000000	8000.000000	Sd-peep	8.158237	18.093341	NaN	NaN	90.634339	0.000000
23	Spectrogram 1	1	411.540000	412.090000	4000.000000	18000.000000	8000.000000	Trill	5.451484	16.824737	NaN	NaN	52.301653	0.000000
24	Spectrogram 1	1	492.870000	493.060000	4000.000000	18000.000000	8000.000000	Trill	4.266648	7.137568	NaN	NaN	41.340492	0.000000
25	Spectrogram 1	1	498.880000	498.900000	4000.000000	18000.000000	8000.000000	Sd-peep	5.679123	10.495353	NaN	NaN	74.210195	0.000000
26	Spectrogram 1	1	499.050000	499.100000	4000.000000	18000.000000	8000.000000	Twitter	7.691198	19.313680	NaN	NaN	107.243182	0.000000
27	Spectrogram 1	1	499.300000	499.340000	4000.000000	18000.000000	8000.000000	Twitter	4.423528	17.619968	NaN	NaN	54.718189	0.000000
28	Spectrogram 1	1	499.970000	500.650000	4000.000000	18000.000000	8000.000000	Trill	4.345295	12.026179	NaN	NaN	41.752842	0.000000
29	Spectrogram 1	1	514.880000	514.920000	4000.000000	18000.000000	8000.000000	Trill	6.301983	8.633545	NaN	NaN	39.760958	0.000000
30	Spectrogram 1	1	519.580000	519.730000	4000.000000	18000.000000	8000.000000	Phee	4.553862	11.764562	NaN	NaN	40.555662	0.000000
31	Spectrogram 1	1	534.310000	534.370000	4000.000000	18000.000000	8000.000000	Phee	4.145384	8.545824	NaN	NaN	33.382268	0.000000
32	Spectrogram 1	1	534.430000	534.610000	4000.000000	18000.000000	8000.000000	Trillphee	5.607718	13.917716	NaN	NaN	46.669852	0.000000
33	Spectrogram 1	1	559.120000	559.590000	4000.000000	18000.000000	8000.000000	Trill	8.062176	18.016632	NaN	NaN	58.870081	0.000000
34	Spectrogram 1	1	559.770000	559.920000	4000.000000	18000.000000	8000.000000	Trill	5.988727	13.968062	NaN	NaN	52.376792	0.000000
35	Spectrogram 1	1	560.100000	560.160000	4000.000000	18000.000000	8000.000000	Twitter	4.240009	12.352624	NaN	NaN	41.397067	0.000000
36	Spectrogram 1	1	616.560000	616.660000	4000.000000	18000.000000	8000.000000	Trill	6.339171	8.562455	NaN	NaN	57.164124	0.000000
37	Spectrogram 1	1	639.520000	640.080000	4000.000000	18000.000000	8000.000000	Trill	7.011832	17.216618	NaN	NaN	58.365150	0.000000
38	Spectrogram 1	1	646.350000	646.420000	4000.000000	18000.000000	8000.000000	Sd-peep	8.323491	22.545911	NaN	NaN	48.342271	0.000000
39	Spectrogram 1	1	646.500000	646.950000	4000.000000	18000.000000	8000.000000	Trill	8.190185	20.420823	NaN	NaN	64.432108	0.000000
40	Spectrogram 1	1	647.070000	647.470000	4000.000000	18000.000000	8000.000000	Trill	8.839159	27.168594	NaN	NaN	94.526959	0.000000
41	Spectrogram 1	1	647.570000	647.840000	4000.000000	18000.000000	8000.000000	Trill	7.176281	24.151770	NaN	NaN	83.732685	0.000000
42	Spectrogram 1	1	647.950000	648.170000	4000.000000	18000.000000	8000.000000	Trillphee	5.639373	17.303571	NaN	NaN	71.403440	0.000000
43	Spectrogram 1	1	648.250000	648.290000	4000.000000	18000.000000	8000.000000	Twitter	7.175982	14.473770	NaN	NaN	106.914573	0.000000
44	Spectrogram 1	1	652.180000	652.420000	4000.000000	18000.000000	8000.000000	Phee	4.122711	13.751605	NaN	NaN	62.537437	0.000000
45	Spectrogram 1	1	659.750000	659.980000	4000.000000	18000.000000	8000.000000	Trill	9.438995	22.385106	NaN	NaN	45.945290	0.000000
46	Spectrogram 1	1	667.300000	667.330000	4000.000000	18000.000000	8000.000000	Phee	4.136486	9.754598	NaN	NaN	39.459874	0.000000
47	Spectrogram 1	1	756.950000	757.020000	4000.000000	18000.000000	8000.000000	Trill	4.341563	11.041338	NaN	NaN	41.220145	0.000000
48	Spectrogram 1	1	761.140000	761.470000	4000.000000	18000.000000	8000.000000	Trill	7.371320	12.730324	NaN	NaN	40.919031	0.000000
49	Spectrogram 1	1	761.770000	762.020000	4000.000000	18000.000000	8000.000000	Trill	4.180609	11.458340	NaN	NaN	70.581325	0.000000
50	Spectrogram 1	1	839.640000	839.980000	4000.000000	18000.000000	8000.000000	Trill	4.009300	7.269580	NaN	NaN	45.469987	0.000000
51	Spectrogram 1	1	840.010000	840.220000	4000.000000	18000.000000	8000.000000	Trill	4.635959	7.374854	NaN	NaN	44.915909	0.000000
52	Spectrogram 1	1	844.690000	845.120000	4000.000000	18000.000000	8000.000000	Trill	10.661785	22.665175	NaN	NaN	83.476721	0.000000
53	Spectrogram 1	1	845.270000	845.490000	4000.000000	18000.000000	8000.000000	Trill	8.795103	21.244240	NaN	NaN	93.868491	0.000000
54	Spectrogram 1	1	845.610000	845.840000	4000.000000	18000.000000	8000.000000	Trill	7.748686	21.551918	NaN	NaN	80.864213	0.000000
55	Spectrogram 1	1	845.960000	846.170000	4000.000000	18000.000000	8000.000000	Phee	8.847694	20.853017	NaN	NaN	131.945224	0.000000
56	Spectrogram 1	1	846.320000	846.360000	4000.000000	18000.000000	8000.000000	Twitter	8.152881	15.064389	NaN	NaN	82.610453	0.000000
57	Spectrogram 1	1	865.910000	865.960000	4000.000000	18000.000000	8000.000000	Twitter	4.590733	21.533730	NaN	NaN	100.210845	0.000000
58	Spectrogram 1	1	874.130000	874.260000	4000.000000	18000.000000	8000.000000	Trillphee	4.571336	5.524736	NaN	NaN	47.572715	0.000000
59	Spectrogram 1	1	875.400000	875.460000	4000.000000	18000.000000	8000.000000	Trill	4.215350	11.411820	NaN	NaN	35.204860	0.000000
60	Spectrogram 1	1	876.460000	876.490000	4000.000000	18000.000000	8000.000000	Sd-peep	4.971395	8.305174	NaN	NaN	78.468422	0.000000
61	Spectrogram 1	1	876.540000	876.590000	4000.000000	18000.000000	8000.000000	Phee	5.811966	8.261504	NaN	NaN	81.139761	0.000000
62	Spectrogram 1	1	960.940000	960.970000	4000.000000	18000.000000	8000.000000	Sd-peep	4.490964	14.955677	NaN	NaN	62.078896	0.000000
63	Spectrogram 1	1	993.110000	993.150000	4000.000000	18000.000000	8000.000000	Twitter	5.849450	11.593189	NaN	NaN	41.893850	0.000000
64	Spectrogram 1	1	993.240000	993.270000	4000.000000	18000.000000	8000.000000	Twitter	6.319573	13.100381	NaN	NaN	41.436159	0.000000
65	Spectrogram 1	1	1041.570000	1041.740000	4000.000000	18000.000000	8000.000000	Twitter	5.838358	20.925261	NaN	NaN	56.722361	0.000000
66	Spectrogram 1	1	1041.780000	1042.370000	4000.000000	18000.000000	8000.000000	Twitter	5.104673	20.163407	NaN	NaN	33.953886	0.000000
67	Spectrogram 1	1	1050.570000	1050.630000	4000.000000	18000.000000	8000.000000	Phee	7.270325	8.279877	NaN	NaN	61.832517	0.000000
68	Spectrogram 1	1	1051.020000	1051.060000	4000.000000	18000.000000	8000.000000	Trill	4.067463	10.096415	NaN	NaN	54.886239	0.000000
69	Spectrogram 1	1	1053.070000	1053.100000	4000.000000	18000.000000	8000.000000	Trill	7.085782	14.067521	NaN	NaN	68.020215	0.000000
70	Spectrogram 1	1	1053.690000	1053.710000	4000.000000	18000.000000	8000.000000	Twitter	7.424460	12.490057	NaN	NaN	87.718454	0.000000
71	Spectrogram 1	1	1054.120000	1054.180000	4000.000000	18000.000000	8000.000000	Trill	5.201726	12.278846	NaN	NaN	61.390089	0.000000
72	Spectrogram 1	1	1063.350000	1063.390000	4000.000000	18000.000000	8000.000000	Trill	4.853000	13.427543	NaN	NaN	92.777722	0.000000
73	Spectrogram 1	1	1108.080000	1108.160000	4000.000000	18000.000000	8000.000000	Trill	4.596106	7.949693	NaN	NaN	34.477179	0.000000
74	Spectrogram 1	1	1108.320000	1108.360000	4000.000000	18000.000000	8000.000000	Twitter	5.538715	10.824040	NaN	NaN	32.972343	0.000000
75	Spectrogram 1	1	1170.100000	1170.610000	4000.000000	18000.000000	8000.000000	Trill	9.421502	21.738868	NaN	NaN	69.400734	0.000000
76	Spectrogram 1	1	1170.730000	1170.930000	4000.000000	18000.000000	8000.000000	Trill	8.283953	20.630919	NaN	NaN	82.330140	0.000000
77	Spectrogram 1	1	1171.040000	1171.250000	4000.000000	18000.000000	8000.000000	Trill	8.058307	23.744866	NaN	NaN	94.224047	0.000000
78	Spectrogram 1	1	1171.380000	1171.560000	4000.000000	18000.000000	8000.000000	Phee	5.032780	19.294292	NaN	NaN	77.899508	0.000000
79	Spectrogram 1	1	1171.640000	1171.830000	4000.000000	18000.000000	8000.000000	Phee	7.494932	20.059069	NaN	NaN	86.460283	0.000000
80	Spectrogram 1	1	1171.940000	1172.070000	4000.000000	18000.000000	8000.000000	Phee	8.898166	19.708597	NaN	NaN	110.084073	0.000000
81	Spectrogram 1	1	1172.540000	1172.640000	4000.000000	18000.000000	8000.000000	Trill	6.138613	12.829362	NaN	NaN	53.113657	0.000000
82	Spectrogram 1	1	1178.980000	1179.060000	4000.000000	18000.000000	8000.000000	Trill	6.855299	9.578330	NaN	NaN	68.274540	0.000000
83	Spectrogram 1	1	1201.050000	1201.390000	4000.000000	18000.000000	8000.000000	Trill	4.828106	16.445475	NaN	NaN	41.830101	0.000000
84	Spectrogram 1	1	1248.260000	1248.350000	4000.000000	18000.000000	8000.000000	Trill	6.105054	12.249269	NaN	NaN	60.044627	0.000000
85	Spectrogram 1	1	1262.590000	1262.630000	4000.000000	18000.000000	8000.000000	Phee	5.541294	11.073788	NaN	NaN	30.432674	0.000000
86	Spectrogram 1	1	1276.380000	1276.780000	4000.000000	18000.000000	8000.000000	Trill	4.604273	8.310219	NaN	NaN	43.249533	0.000000
87	Spectrogram 1	1	1293.720000	1294.060000	4000.000000	18000.000000	8000.000000	Trill	7.862353	12.908223	NaN	NaN	68.176435	0.000000
88	Spectrogram 1	1	1295.770000	1296.280000	4000.000000	18000.000000	8000.000000	Trill	7.277275	14.054755	NaN	NaN	30.344517	0.000000
89	Spectrogram 1	1	1296.470000	1296.580000	4000.000000	18000.000000	8000.000000	Trill	4.115467	9.321411	NaN	NaN	40.510965	0.000000
90	Spectrogram 1	1	1298.020000	1298.290000	4000.000000	18000.000000	8000.000000	Trill	7.557535	13.902062	NaN	NaN	37.467851	0.000000
91	Spectrogram 1	1	1298.750000	1298.880000	4000.000000	18000.000000	8000.000000	Trill	5.974199	8.760651	NaN	NaN	41.544670	0.000000
92	Spectrogram 1	1	1300.520000	1300.720000	4000.000000	18000.000000	8000.000000	Trill	5.774747	13.693739	NaN	NaN	31.723061	0.000000
93	Spectrogram 1	1	1301.070000	1301.210000	4000.000000	18000.000000	8000.000000	Trill	9.285771	14.521949	NaN	NaN	30.747841	0.000000
94	Spectrogram 1	1	1309.050000	1309.090000	4000.000000	18000.000000	8000.000000	Trill	4.199912	14.254059	NaN	NaN	44.458404	0.000000
95	Spectrogram 1	1	1312.310000	1312.920000	4000.000000	18000.000000	8000.000000	Trill	8.649478	18.859262	NaN	NaN	32.586105	0.000000
96	Spectrogram 1	1	1314.010000	1314.680000	4000.000000	18000.000000	8000.000000	Phee	4.185890	15.559740	NaN	NaN	55.589897	0.000000
97	Spectrogram 1	1	1319.750000	1319.980000	4000.000000	18000.000000	8000.000000	Trill	4.263750	7.015466	NaN	NaN	41.487528	0.000000
98	Spectrogram 1	1	1320.470000	1320.920000	4000.000000	18000.000000	8000.000000	Trill	5.557085	8.642225	NaN	NaN	34.233874	0.000000
99	Spectrogram 1	1	1327.450000	1327.570000	4000.000000	18000.000000	8000.000000	Trill	5.109368	14.532854	NaN	NaN	52.174853	0.000000
100	Spectrogram 1	1	1327.610000	1327.740000	4000.000000	18000.000000	8000.000000	Trill	4.411645	10.956743	NaN	NaN	35.417986	0.000000
101	Spectrogram 1	1	1336.350000	1337.500000	4000.000000	18000.000000	8000.000000	Trillphee	5.555261	16.613905	NaN	NaN	39.009377	0.000000
102	Spectrogram 1	1	1361.050000	1361.300000	4000.000000	18000.000000	8000.000000	Trill	8.379309	19.914380	NaN	NaN	63.459283	0.000000
103	Spectrogram 1	1	1379.280000	1379.490000	4000.000000	18000.000000	8000.000000	Trill	4.642016	19.816137	NaN	NaN	47.837054	0.000000
104	Spectrogram 1	1	1383.500000	1383.800000	4000.000000	18000.000000	8000.000000	Trill	4.369876	17.674457	NaN	NaN	42.785405	0.000000
105	Spectrogram 1	1	1400.040000	1400.120000	4000.000000	18000.000000	8000.000000	Trill	5.793640	14.395702	NaN	NaN	61.878393	0.000000
106	Spectrogram 1	1	1400.190000	1400.330000	4000.000000	18000.000000	8000.000000	Trill	6.794499	11.455464	NaN	NaN	56.179244	0.000000
107	Spectrogram 1	1	1405.390000	1405.410000	4000.000000	18000.000000	8000.000000	Sd-peep	9.246905	12.063875	NaN	NaN	28.858261	0.000000
108	Spectrogram 1	1	1405.480000	1405.500000	4000.000000	18000.000000	8000.000000	Sd-peep	9.051312	11.785606	NaN	NaN	31.161844	0.000000
109	Spectrogram 1	1	1410.480000	1410.760000	4000.000000	18000.000000	8000.000000	Trill	8.419275	20.603058	NaN	NaN	55.370967	0.000000
110	Spectrogram 1	1	1411.550000	1411.570000	4000.000000	18000.000000	8000.000000	Sd-peep	7.836807	11.270247	NaN	NaN	41.735319	0.000000
111	Spectrogram 1	1	1414.600000	1414.890000	4000.000000	18000.000000	8000.000000	Trill	8.140307	18.389505	NaN	NaN	31.435742	0.000000
112	Spectrogram 1	1	1416.820000	1416.890000	4000.000000	18000.000000	8000.000000	Trill	5.326367	9.918071	NaN	NaN	51.752218	0.000000
113	Spectrogram 1	1	1433.550000	1433.600000	4000.000000	18000.000000	8000.000000	Trill	4.450896	6.762285	NaN	NaN	31.900005	0.000000
114	Spectrogram 1	1	1444.600000	1444.700000	4000.000000	18000.000000	8000.000000	Trillphee	5.102327	6.936253	NaN	NaN	37.211496	0.000000
115	Spectrogram 1	1	1451.260000	1451.460000	4000.000000	18000.000000	8000.000000	Trill	5.651672	17.233118	NaN	NaN	45.657581	0.000000
116	Spectrogram 1	1	1471.180000	1471.240000	4000.000000	18000.000000	8000.000000	Trillphee	6.491297	10.906790	NaN	NaN	48.758938	0.000000
117	Spectrogram 1	1	1473.170000	1473.210000	4000.000000	18000.000000	8000.000000	Trill	5.231587	5.186121	NaN	NaN	34.198380	0.000000
118	Spectrogram 1	1	1492.270000	1492.650000	4000.000000	18000.000000	8000.000000	Trill	11.435418	22.097213	NaN	NaN	55.016160	0.000000
119	Spectrogram 1	1	1506.300000	1506.560000	4000.000000	18000.000000	8000.000000	Trill	4.167944	18.869299	NaN	NaN	43.347259	0.000000
120	Spectrogram 1	1	1591.560000	1591.590000	4000.000000	18000.000000	8000.000000	Trill	9.889640	16.276885	NaN	NaN	29.604975	0.000000
121	Spectrogram 1	1	1606.900000	1607.080000	4000.000000	18000.000000	8000.000000	Trill	5.497102	16.674000	NaN	NaN	31.341907	0.000000
122	Spectrogram 1	1	1616.910000	1616.950000	4000.000000	18000.000000	8000.000000	Sd-peep	9.564722	13.491928	NaN	NaN	35.972861	0.000000
123	Spectrogram 1	1	1638.190000	1638.480000	4000.000000	18000.000000	8000.000000	Trill	7.938666	16.044315	NaN	NaN	37.499724	0.000000
124	Spectrogram 1	1	1643.520000	1644.010000	4000.000000	18000.000000	8000.000000	Trill	4.964342	14.831057	NaN	NaN	46.369618	0.000000
125	Spectrogram 1	1	1645.550000	1645.960000	4000.000000	18000.000000	8000.000000	Trill	5.743091	20.308400	NaN	NaN	51.093267	0.000000
126	Spectrogram 1	1	1702.480000	1702.500000	4000.000000	18000.000000	8000.000000	Sd-peep	9.010222	9.174693	NaN	NaN	32.418307	0.000000
127	Spectrogram 1	1	1706.850000	1707.150000	4000.000000	18000.000000	8000.000000	Trill	5.626541	19.574538	NaN	NaN	38.599905	0.000000
128	Spectrogram 1	1	1727.040000	1727.390000	4000.000000	18000.000000	8000.000000	Trill	11.924928	26.006526	NaN	NaN	93.300088	0.000000
129	Spectrogram 1	1	1732.490000	1732.790000	4000.000000	18000.000000	8000.000000	Trill	12.966801	27.864325	NaN	NaN	84.691833	0.000000
130	Spectrogram 1	1	1750.940000	1750.990000	4000.000000	18000.000000	8000.000000	Trill	6.620034	13.480524	NaN	NaN	32.581856	0.000000
131	Spectrogram 1	1	1757.400000	1757.440000	4000.000000	18000.000000	8000.000000	Twitter	12.004447	13.645030	NaN	NaN	49.945315	0.000000
132	Spectrogram 1	1	1767.700000	1767.740000	4000.000000	18000.000000	8000.000000	Trill	5.831267	12.225862	NaN	NaN	60.472799	0.000000
133	Spectrogram 1	1	1768.160000	1768.200000	4000.000000	18000.000000	8000.000000	Trill	4.552123	7.106211	NaN	NaN	55.582761	0.000000
134	Spectrogram 1	1	1783.920000	1783.990000	4000.000000	18000.000000	8000.000000	Trill	4.827562	8.224550	NaN	NaN	50.995370	0.000000
135	Spectrogram 1	1	1792.450000	1792.760000	4000.000000	18000.000000	8000.000000	Trill	5.418047	19.117334	NaN	NaN	55.552490	0.000000
136	Spectrogram 1	1	1823.790000	1824.160000	4000.000000	18000.000000	8000.000000	Trill	4.814594	19.383816	NaN	NaN	43.416754	0.000000
137	Spectrogram 1	1	1855.800000	1856.300000	4000.000000	18000.000000	8000.000000	Trillphee	5.314309	13.684984	NaN	NaN	53.965601	0.000000
138	Spectrogram 1	1	1897.040000	1897.350000	4000.000000	18000.000000	8000.000000	Trill	4.368332	17.843562	NaN	NaN	42.894837	0.000000
139	Spectrogram 1	1	1920.500000	1920.900000	4000.000000	18000.000000	8000.000000	Trill	9.352057	24.473952	NaN	NaN	55.433727	0.000000
140	Spectrogram 1	1	1925.700000	1925.890000	4000.000000	18000.000000	8000.000000	Trill	5.344252	11.307412	NaN	NaN	32.483323	0.000000
141	Spectrogram 1	1	1963.580000	1963.850000	4000.000000	18000.000000	8000.000000	Trill	10.634651	24.642389	NaN	NaN	54.517318	0.000000
142	Spectrogram 1	1	1964.820000	1964.950000	4000.000000	18000.000000	8000.000000	Trill	5.242131	11.785781	NaN	NaN	49.352640	0.000000
143	Spectrogram 1	1	1965.520000	1965.870000	4000.000000	18000.000000	8000.000000	Trill	4.803768	11.199590	NaN	NaN	39.275176	0.000000
144	Spectrogram 1	1	1966.020000	1966.330000	4000.000000	18000.000000	8000.000000	Trill	5.628911	14.044335	NaN	NaN	55.776938	0.000000
145	Spectrogram 1	1	1967.870000	1968.040000	4000.000000	18000.000000	8000.000000	Trill	6.287127	11.107639	NaN	NaN	42.402529	0.000000
146	Spectrogram 1	1	1968.080000	1968.400000	4000.000000	18000.000000	8000.000000	Trill	6.568677	10.596844	NaN	NaN	44.481705	0.000000
147	Spectrogram 1	1	1971.530000	1971.740000	4000.000000	18000.000000	8000.000000	Trill	5.429075	14.779843	NaN	NaN	56.069921	0.000000
148	Spectrogram 1	1	1972.270000	1972.850000	4000.000000	18000.000000	8000.000000	Trill	5.287747	10.232653	NaN	NaN	33.750653	0.000000
149	Spectrogram 1	1	1974.590000	1974.990000	4000.000000	18000.000000	8000.000000	Trill	5.390564	11.368609	NaN	NaN	37.485705	0.000000
150	Spectrogram 1	1	1990.910000	1991.400000	4000.000000	18000.000000	8000.000000	Trill	5.298756	13.142075	NaN	NaN	31.546155	0.000000
151	Spectrogram 1	1	1997.960000	1998.260000	4000.000000	18000.000000	8000.000000	Trill	4.003916	14.809093	NaN	NaN	54.804692	0.000000
152	Spectrogram 1	1	2001.320000	2001.630000	4000.000000	18000.000000	8000.000000	Trill	8.140385	22.304170	NaN	NaN	55.366089	0.000000
153	Spectrogram 1	1	2030.760000	2031.740000	4000.000000	18000.000000	8000.000000	Trill	4.825318	16.244536	NaN	NaN	39.696309	0.000000
154	Spectrogram 1	1	2053.520000	2054.260000	4000.000000	18000.000000	8000.000000	Trill	6.528186	22.740441	NaN	NaN	54.367987	0.000000
155	Spectrogram 1	1	2110.890000	2110.920000	4000.000000	18000.000000	8000.000000	Phee	4.624873	6.772916	NaN	NaN	37.637280	0.000000
156	Spectrogram 1	1	2111.600000	2111.660000	4000.000000	18000.000000	8000.000000	Trill	6.095737	8.844138	NaN	NaN	52.680847	0.000000
157	Spectrogram 1	1	2114.870000	2115.460000	4000.000000	18000.000000	8000.000000	Trill	4.442214	12.667407	NaN	NaN	37.511323	0.000000
158	Spectrogram 1	1	2119.480000	2120.500000	4000.000000	18000.000000	8000.000000	Trill	4.006972	19.126218	NaN	NaN	48.860979	0.000000
159	Spectrogram 1	1	2122.820000	2123.130000	4000.000000	18000.000000	8000.000000	Trill	5.659582	12.446901	NaN	NaN	32.784560	0.000000
160	Spectrogram 1	1	2123.770000	2123.810000	4000.000000	18000.000000	8000.000000	Trill	5.540927	11.625751	NaN	NaN	33.076518	0.000000
161	Spectrogram 1	1	2134.370000	2135.080000	4000.000000	18000.000000	8000.000000	Trill	4.949609	14.309638	NaN	NaN	49.438200	0.000000
162	Spectrogram 1	1	2135.330000	2135.360000	4000.000000	18000.000000	8000.000000	Twitter	6.497296	14.840507	NaN	NaN	69.277990	0.000000
163	Spectrogram 1	1	2138.970000	2139.140000	4000.000000	18000.000000	8000.000000	Trill	5.016119	10.885442	NaN	NaN	42.177297	0.000000
164	Spectrogram 1	1	2147.870000	2147.910000	4000.000000	18000.000000	8000.000000	Twitter	5.472099	21.034283	NaN	NaN	54.443468	0.000000
165	Spectrogram 1	1	2154.210000	2154.560000	4000.000000	18000.000000	8000.000000	Trillphee	4.125662	10.871169	NaN	NaN	73.248938	0.000000
166	Spectrogram 1	1	2170.930000	2171.310000	4000.000000	18000.000000	8000.000000	Trill	8.573197	23.654131	NaN	NaN	47.048210	0.000000
167	Spectrogram 1	1	2171.790000	2171.850000	4000.000000	18000.000000	8000.000000	Twitter	8.221187	15.654695	NaN	NaN	67.522945	0.000000
168	Spectrogram 1	1	2171.970000	2172.080000	4000.000000	18000.000000	8000.000000	Trill	5.914047	9.295046	NaN	NaN	46.119136	0.000000
169	Spectrogram 1	1	2174.510000	2174.550000	4000.000000	18000.000000	8000.000000	Trill	5.353947	13.019855	NaN	NaN	63.943776	0.000000
170	Spectrogram 1	1	2223.360000	2223.460000	4000.000000	18000.000000	8000.000000	Trill	4.944337	12.139223	NaN	NaN	35.120193	0.000000
171	Spectrogram 1	1	2231.520000	2231.610000	4000.000000	18000.000000	8000.000000	Trill	7.137285	8.286572	NaN	NaN	58.892910	0.000000
172	Spectrogram 1	1	2264.660000	2265.640000	4000.000000	18000.000000	8000.000000	Trill	4.313011	23.578784	NaN	NaN	40.234902	0.000000
173	Spectrogram 1	1	2268.510000	2268.600000	4000.000000	18000.000000	8000.000000	Trill	4.012586	13.274530	NaN	NaN	37.116281	0.000000
174	Spectrogram 1	1	2268.930000	2268.960000	4000.000000	18000.000000	8000.000000	Twitter	4.535574	9.383802	NaN	NaN	33.351083	0.000000
175	Spectrogram 1	1	2297.180000	2297.640000	4000.000000	18000.000000	8000.000000	Trill	5.621974	17.876778	NaN	NaN	40.733626	0.000000
176	Spectrogram 1	1	2300.310000	2300.670000	4000.000000	18000.000000	8000.000000	Trill	4.770725	17.818251	NaN	NaN	42.865552	0.000000
177	Spectrogram 1	1	2305.620000	2305.810000	4000.000000	18000.000000	8000.000000	Trill	5.672950	15.894629	NaN	NaN	32.714889	0.000000
178	Spectrogram 1	1	2384.870000	2384.940000	4000.000000	18000.000000	8000.000000	Twitter	4.433336	19.662005	NaN	NaN	35.920744	0.000000
179	Spectrogram 1	1	2411.460000	2411.490000	4000.000000	18000.000000	8000.000000	Twitter	4.042240	4.959984	NaN	NaN	38.047850	0.000000
180	Spectrogram 1	1	2433.610000	2433.760000	4000.000000	18000.000000	8000.000000	Trill	4.420706	26.459390	NaN	NaN	87.198963	0.000000
181	Spectrogram 1	1	2449.480000	2449.810000	4000.000000	18000.000000	8000.000000	Trill	4.296964	8.782942	NaN	NaN	53.182463	0.000000
182	Spectrogram 1	1	2460.040000	2460.070000	4000.000000	18000.000000	8000.000000	Sd-peep	4.356776	16.477805	NaN	NaN	63.018651	0.000000
183	Spectrogram 1	1	2464.010000	2464.030000	4000.000000	18000.000000	8000.000000	Sd-peep	5.145480	14.724135	NaN	NaN	35.601876	0.000000
184	Spectrogram 1	1	2621.910000	2622.040000	4000.000000	18000.000000	8000.000000	Sd-peep	6.295713	22.917911	NaN	NaN	56.427649	0.000000
185	Spectrogram 1	1	2673.630000	2673.670000	4000.000000	18000.000000	8000.000000	Twitter	5.677067	12.256806	NaN	NaN	62.629689	0.000000
186	Spectrogram 1	1	2674.200000	2674.230000	4000.000000	18000.000000	8000.000000	Trill	9.904311	11.301194	NaN	NaN	34.362256	0.000000
187	Spectrogram 1	1	2684.530000	2684.780000	4000.000000	18000.000000	8000.000000	Trill	13.951807	22.494290	NaN	NaN	72.204154	0.000000
188	Spectrogram 1	1	2688.080000	2688.970000	4000.000000	18000.000000	8000.000000	Trill	13.945382	30.000000	NaN	NaN	134.582029	0.000000
189	Spectrogram 1	1	2702.500000	2703.230000	4000.000000	18000.000000	8000.000000	Trill	14.385176	30.000000	NaN	NaN	128.622142	0.000000
190	Spectrogram 1	1	2710.850000	2711.130000	4000.000000	18000.000000	8000.000000	Trill	4.705615	10.683955	NaN	NaN	63.327048	0.000000
191	Spectrogram 1	1	2718.410000	2718.800000	4000.000000	18000.000000	8000.000000	Trill	13.690589	26.834346	NaN	NaN	104.977944	0.000000
192	Spectrogram 1	1	2724.360000	2724.580000	4000.000000	18000.000000	8000.000000	Trill	10.437489	21.981399	NaN	NaN	57.768689	0.000000
193	Spectrogram 1	1	2726.250000	2726.290000	4000.000000	18000.000000	8000.000000	Phee	4.457950	7.881597	NaN	NaN	51.198072	0.000000
194	Spectrogram 1	1	2728.660000	2729.080000	4000.000000	18000.000000	8000.000000	Trill	4.300300	10.768073	NaN	NaN	34.736776	0.000000
195	Spectrogram 1	1	2751.200000	2751.630000	4000.000000	18000.000000	8000.000000	Trill	4.399093	16.212439	NaN	NaN	34.269017	0.000000
196	Spectrogram 1	1	2756.850000	2757.230000	4000.000000	18000.000000	8000.000000	Trill	5.255639	17.101312	NaN	NaN	38.027033	0.000000
197	Spectrogram 1	1	2805.410000	2805.790000	4000.000000	18000.000000	8000.000000	Trill	5.907953	20.598851	NaN	NaN	61.651495	0.000000
198	Spectrogram 1	1	2815.180000	2815.210000	4000.000000	18000.000000	8000.000000	Trill	4.650046	10.480074	NaN	NaN	71.469850	0.000000
199	Spectrogram 1	1	2859.220000	2859.260000	4000.000000	18000.000000	8000.000000	Phee	6.887650	11.569794	NaN	NaN	58.465725	0.000000
200	Spectrogram 1	1	2871.730000	2872.110000	4000.000000	18000.000000	8000.000000	Trill	5.984416	20.102323	NaN	NaN	66.133876	0.000000
201	Spectrogram 1	1	2888.990000	2889.360000	4000.000000	18000.000000	8000.000000	Trill	9.448681	21.423138	NaN	NaN	53.072772	0.000000
202	Spectrogram 1	1	2891.690000	2891.720000	4000.000000	18000.000000	8000.000000	Trill	10.441012	15.504864	NaN	NaN	29.819436	0.000000
203	Spectrogram 1	1	2894.360000	2894.460000	4000.000000	18000.000000	8000.000000	Trillphee	4.248252	6.493666	NaN	NaN	40.805623	0.000000
204	Spectrogram 1	1	2937.860000	2938.400000	4000.000000	18000.000000	8000.000000	Trill	8.480684	22.331957	NaN	NaN	45.470296	0.000000
205	Spectrogram 1	1	2959.280000	2959.550000	4000.000000	18000.000000	8000.000000	Trill	13.251641	25.904959	NaN	NaN	71.889545	0.000000
206	Spectrogram 1	1	2963.860000	2964.180000	4000.000000	18000.000000	8000.000000	Trill	6.492440	17.464192	NaN	NaN	52.888440	0.000000
207	Spectrogram 1	1	2999.380000	2999.410000	4000.000000	18000.000000	8000.000000	Trill	7.284084	10.488760	NaN	NaN	30.894231	0.000000
208	Spectrogram 1	1	2999.910000	2999.980000	4000.000000	18000.000000	8000.000000	Twitter	9.721622	22.047424	NaN	NaN	67.116375	0.000000
209	Spectrogram 1	1	3000.010000	3000.280000	4000.000000	18000.000000	8000.000000	Trill	11.543789	20.075110	NaN	NaN	76.473338	0.000000
210	Spectrogram 1	1	3004.260000	3004.680000	4000.000000	18000.000000	8000.000000	Trill	8.188949	20.491743	NaN	NaN	59.765391	0.000000
211	Spectrogram 1	1	3035.920000	3036.260000	4000.000000	18000.000000	8000.000000	Trill	5.992347	19.187381	NaN	NaN	57.877421	0.000000
212	Spectrogram 1	1	3038.800000	3038.880000	4000.000000	18000.000000	8000.000000	Trillphee	5.143982	10.582142	NaN	NaN	51.265486	0.000000
213	Spectrogram 1	1	3063.790000	3064.160000	4000.000000	18000.000000	8000.000000	Trill	8.162728	20.375647	NaN	NaN	51.784789	0.000000
214	Spectrogram 1	1	3079.270000	3079.330000	4000.000000	18000.000000	8000.000000	Trillphee	6.694166	7.627234	NaN	NaN	36.013233	0.000000
215	Spectrogram 1	1	3096.630000	3096.670000	4000.000000	18000.000000	8000.000000	Trill	4.069452	8.024316	NaN	NaN	51.442170	0.000000
216	Spectrogram 1	1	3097.380000	3097.440000	4000.000000	18000.000000	8000.000000	Trill	8.636747	7.396061	NaN	NaN	34.404224	0.000000
217	Spectrogram 1	1	3097.710000	3098.690000	4000.000000	18000.000000	8000.000000	Twitter	5.802461	22.069320	NaN	NaN	31.221561	0.000000
218	Spectrogram 1	1	3102.280000	3102.360000	4000.000000	18000.000000	8000.000000	Trill	7.395399	12.399206	NaN	NaN	33.249868	0.000000
219	Spectrogram 1	1	3121.510000	3121.560000	4000.000000	18000.000000	8000.000000	Phee	4.973061	14.871463	NaN	NaN	70.276243	0.000000
220	Spectrogram 1	1	3121.680000	3121.710000	4000.000000	18000.000000	8000.000000	Phee	4.837847	8.043327	NaN	NaN	42.834160	0.000000
221	Spectrogram 1	1	3132.150000	3132.240000	4000.000000	18000.000000	8000.000000	Twitter	4.084427	19.305399	NaN	NaN	34.324476	0.000000
222	Spectrogram 1	1	3141.050000	3141.920000	4000.000000	18000.000000	8000.000000	Phee	5.318999	14.201379	NaN	NaN	34.423515	0.000000
223	Spectrogram 1	1	3143.550000	3143.580000	4000.000000	18000.000000	8000.000000	Trill	6.097425	12.009842	NaN	NaN	68.198342	0.000000
224	Spectrogram 1	1	3144.750000	3144.890000	4000.000000	18000.000000	8000.000000	Phee	4.785472	10.852909	NaN	NaN	38.444016	0.000000
225	Spectrogram 1	1	3146.600000	3146.680000	4000.000000	18000.000000	8000.000000	Trill	4.705134	14.174789	NaN	NaN	69.417430	0.000000
226	Spectrogram 1	1	3147.710000	3147.810000	4000.000000	18000.000000	8000.000000	Twitter	7.441823	22.539054	NaN	NaN	66.205341	0.000000
227	Spectrogram 1	1	3155.110000	3156.610000	4000.000000	18000.000000	8000.000000	Phee	5.517653	19.639135	NaN	NaN	39.002571	0.000000
228	Spectrogram 1	1	3166.280000	3166.530000	4000.000000	18000.000000	8000.000000	Trill	5.518867	19.242001	NaN	NaN	32.707037	0.000000
229	Spectrogram 1	1	3202.440000	3202.500000	4000.000000	18000.000000	8000.000000	Phee	5.347428	12.027171	NaN	NaN	48.419425	0.000000
230	Spectrogram 1	1	3204.570000	3204.610000	4000.000000	18000.000000	8000.000000	Twitter	5.269133	8.688200	NaN	NaN	32.222873	0.000000
231	Spectrogram 1	1	3205.230000	3205.270000	4000.000000	18000.000000	8000.000000	Twitter	4.117569	8.867291	NaN	NaN	43.624204	0.000000
232	Spectrogram 1	1	3231.320000	3231.960000	4000.000000	18000.000000	8000.000000	Phee	4.229229	13.200734	NaN	NaN	52.329910	0.000000
233	Spectrogram 1	1	3237.230000	3237.930000	4000.000000	18000.000000	8000.000000	Trill	4.432171	17.078055	NaN	NaN	38.815083	0.000000
234	Spectrogram 1	1	3239.320000	3239.980000	4000.000000	18000.000000	8000.000000	Trill	5.399508	20.811594	NaN	NaN	59.334562	0.000000
235	Spectrogram 1	1	3274.630000	3275.210000	4000.000000	18000.000000	8000.000000	Trill	5.643874	20.955456	NaN	NaN	51.144657	0.000000
236	Spectrogram 1	1	3298.040000	3298.080000	4000.000000	18000.000000	8000.000000	Trill	5.866715	7.113904	NaN	NaN	41.631090	0.000000
237	Spectrogram 1	1	3298.210000	3298.430000	4000.000000	18000.000000	8000.000000	Twitter	4.138955	14.972783	NaN	NaN	49.529764	0.000000
238	Spectrogram 1	1	3298.470000	3298.510000	4000.000000	18000.000000	8000.000000	Twitter	6.645548	16.951876	NaN	NaN	51.327849	0.000000
239	Spectrogram 1	1	3298.550000	3298.730000	4000.000000	18000.000000	8000.000000	Trill	4.457863	12.056078	NaN	NaN	37.654405	0.000000
240	Spectrogram 1	1	3299.160000	3299.680000	4000.000000	18000.000000	8000.000000	Trill	5.076130	11.147011	NaN	NaN	32.722467	0.000000
241	Spectrogram 1	1	3304.730000	3304.870000	4000.000000	18000.000000	8000.000000	Phee	4.056162	9.447591	NaN	NaN	41.147854	0.000000
242	Spectrogram 1	1	3304.910000	3305.030000	4000.000000	18000.000000	8000.000000	Trill	4.452359	9.656938	NaN	NaN	40.312888	0.000000
243	Spectrogram 1	1	3305.660000	3305.740000	4000.000000	18000.000000	8000.000000	Twitter	4.409136	12.313628	NaN	NaN	64.036814	0.000000
244	Spectrogram 1	1	3317.100000	3317.730000	4000.000000	18000.000000	8000.000000	Trill	5.739983	17.009066	NaN	NaN	55.871574	0.000000
245	Spectrogram 1	1	3319.190000	3319.230000	4000.000000	18000.000000	8000.000000	Trill	8.701288	13.607658	NaN	NaN	35.202090	0.000000
246	Spectrogram 1	1	3338.600000	3338.930000	4000.000000	18000.000000	8000.000000	Trill	4.569661	11.639448	NaN	NaN	35.371343	0.000000
247	Spectrogram 1	1	3357.320000	3357.630000	4000.000000	18000.000000	8000.000000	Trill	4.335693	17.671672	NaN	NaN	39.645362	0.000000
248	Spectrogram 1	1	3363.130000	3363.360000	4000.000000	18000.000000	8000.000000	Trill	7.536232	20.158265	NaN	NaN	39.229318	0.000000
249	Spectrogram 1	1	3370.480000	3370.560000	4000.000000	18000.000000	8000.000000	Trill	8.124656	10.804089	NaN	NaN	30.445344	0.000000
250	Spectrogram 1	1	3374.200000	3374.240000	4000.000000	18000.000000	8000.000000	Trill	4.569141	8.777395	NaN	NaN	47.450656	0.000000
251	Spectrogram 1	1	3384.350000	3384.670000	4000.000000	18000.000000	8000.000000	Trill	7.773460	19.854318	NaN	NaN	52.162582	0.000000
252	Spectrogram 1	1	3395.810000	3396.290000	4000.000000	18000.000000	8000.000000	Trill	5.218980	16.046772	NaN	NaN	44.575534	0.000000
253	Spectrogram 1	1	3402.100000	3402.130000	4000.000000	18000.000000	8000.000000	Trill	10.631120	15.067135	NaN	NaN	30.094697	0.000000
254	Spectrogram 1	1	3402.720000	3402.780000	4000.000000	18000.000000	8000.000000	Phee	4.448095	9.432448	NaN	NaN	58.981181	0.000000
255	Spectrogram 1	1	3408.510000	3409.550000	4000.000000	18000.000000	8000.000000	Trill	11.269821	28.930529	NaN	NaN	114.964600	0.000000
256	Spectrogram 1	1	3418.070000	3418.380000	4000.000000	18000.000000	8000.000000	Trill	11.508432	24.017077	NaN	NaN	72.393416	0.000000
257	Spectrogram 1	1	3421.610000	3421.640000	4000.000000	18000.000000	8000.000000	Trill	6.919042	9.507932	NaN	NaN	36.760921	0.000000
258	Spectrogram 1	1	3448.160000	3448.180000	4000.000000	18000.000000	8000.000000	Phee	4.865244	10.876482	NaN	NaN	38.602844	0.000000
259	Spectrogram 1	1	3449.600000	3449.870000	4000.000000	18000.000000	8000.000000	Trill	8.623592	21.309511	NaN	NaN	57.879340	0.000000
260	Spectrogram 1	1	3454.150000	3454.170000	4000.000000	18000.000000	8000.000000	Sd-peep	4.149119	8.118889	NaN	NaN	45.290381	0.000000
261	Spectrogram 1	1	3454.380000	3454.410000	4000.000000	18000.000000	8000.000000	Sd-peep	12.736574	21.968250	NaN	NaN	101.331784	0.000000
262	Spectrogram 1	1	3463.910000	3465.500000	4000.000000	18000.000000	8000.000000	Trillphee	4.401820	24.491137	NaN	NaN	44.459940	0.000000
263	Spectrogram 1	1	3486.950000	3486.980000	4000.000000	18000.000000	8000.000000	Phee	4.892160	8.743360	NaN	NaN	61.190341	0.000000
264	Spectrogram 1	1	3499.260000	3499.450000	4000.000000	18000.000000	8000.000000	Phee	5.119489	21.295722	NaN	NaN	132.773092	0.000000
265	Spectrogram 1	1	3500.720000	3501.040000	4000.000000	18000.000000	8000.000000	Trill	6.224755	20.356013	NaN	NaN	47.717046	0.000000
266	Spectrogram 1	1	3508.700000	3508.740000	4000.000000	18000.000000	8000.000000	Trill	6.017734	9.726351	NaN	NaN	52.600481	0.000000
267	Spectrogram 1	1	3511.490000	3511.800000	4000.000000	18000.000000	8000.000000	Trill	4.434088	14.849580	NaN	NaN	38.976006	0.000000
268	Spectrogram 1	1	3537.580000	3537.620000	4000.000000	18000.000000	8000.000000	Phee	7.600722	12.201174	NaN	NaN	88.288022	0.000000
269	Spectrogram 1	1	3544.750000	3545.010000	4000.000000	18000.000000	8000.000000	Trill	4.331782	14.621077	NaN	NaN	45.076230	0.000000
270	Spectrogram 1	1	3568.140000	3568.200000	4000.000000	18000.000000	8000.000000	Trillphee	6.762358	10.223096	NaN	NaN	31.641438	0.000000
271	Spectrogram 1	1	3569.830000	3570.230000	4000.000000	18000.000000	8000.000000	Trill	5.377373	17.096787	NaN	NaN	40.936737	0.000000
272	Spectrogram 1	1	3579.030000	3579.470000	4000.000000	18000.000000	8000.000000	Trill	5.016559	14.671401	NaN	NaN	42.027053	0.000000
273	Spectrogram 1	1	3660.600000	3660.880000	4000.000000	18000.000000	8000.000000	Trill	4.943567	16.374199	NaN	NaN	37.387476	0.000000
274	Spectrogram 1	1	3674.330000	3674.700000	4000.000000	18000.000000	8000.000000	Trill	11.949962	24.832189	NaN	NaN	64.188394	0.000000
275	Spectrogram 1	1	3707.010000	3707.180000	4000.000000	18000.000000	8000.000000	Trillphee	4.897943	21.381915	NaN	NaN	87.903199	0.000000
276	Spectrogram 1	1	3715.960000	3716.080000	4000.000000	18000.000000	8000.000000	Trill	4.230617	14.294235	NaN	NaN	34.494129	0.000000
277	Spectrogram 1	1	3723.090000	3723.500000	4000.000000	18000.000000	8000.000000	Trill	9.117885	22.156065	NaN	NaN	52.460759	0.000000
278	Spectrogram 1	1	3737.470000	3737.600000	4000.000000	18000.000000	8000.000000	Phee	7.284150	13.252377	NaN	NaN	67.259374	0.000000
279	Spectrogram 1	1	3740.470000	3740.520000	4000.000000	18000.000000	8000.000000	Trill	10.586731	14.552363	NaN	NaN	29.486394	0.000000
280	Spectrogram 1	1	3745.870000	3745.920000	4000.000000	18000.000000	8000.000000	Phee	4.182462	8.521257	NaN	NaN	73.045430	0.000000
281	Spectrogram 1	1	3785.880000	3786.030000	4000.000000	18000.000000	8000.000000	Phee	4.048696	15.858371	NaN	NaN	70.821117	0.000000
282	Spectrogram 1	1	3786.070000	3786.620000	4000.000000	18000.000000	8000.000000	Trillphee	4.202613	15.827996	NaN	NaN	41.357440	0.000000
283	Spectrogram 1	1	3802.080000	3802.670000	4000.000000	18000.000000	8000.000000	Trill	8.890114	23.944216	NaN	NaN	49.861691	0.000000
284	Spectrogram 1	1	3807.810000	3808.150000	4000.000000	18000.000000	8000.000000	Trill	5.000190	14.202957	NaN	NaN	41.787815	0.000000
285	Spectrogram 1	1	3809.050000	3809.110000	4000.000000	18000.000000	8000.000000	Trill	5.011703	12.887805	NaN	NaN	33.668810	0.000000
286	Spectrogram 1	1	3812.620000	3812.640000	4000.000000	18000.000000	8000.000000	Sd-peep	4.948128	7.911697	NaN	NaN	36.580963	0.000000
287	Spectrogram 1	1	3826.650000	3827.050000	4000.000000	18000.000000	8000.000000	Trill	4.043722	15.427570	NaN	NaN	35.831607	0.000000
288	Spectrogram 1	1	3831.310000	3831.630000	4000.000000	18000.000000	8000.000000	Trill	5.794877	15.337965	NaN	NaN	31.793755	0.000000
289	Spectrogram 1	1	3840.530000	3841.050000	4000.000000	18000.000000	8000.000000	Trill	10.235370	27.019975	NaN	NaN	57.689458	0.000000
290	Spectrogram 1	1	3859.740000	3860.080000	4000.000000	18000.000000	8000.000000	Trill	4.517067	17.468878	NaN	NaN	63.943403	0.000000
291	Spectrogram 1	1	3863.390000	3863.620000	4000.000000	18000.000000	8000.000000	Trill	5.403794	15.867029	NaN	NaN	48.293064	0.000000
292	Spectrogram 1	1	3872.600000	3872.650000	4000.000000	18000.000000	8000.000000	Phee	4.218185	12.169944	NaN	NaN	81.817009	0.000000
293	Spectrogram 1	1	3880.060000	3880.260000	4000.000000	18000.000000	8000.000000	Trillphee	4.275521	15.250625	NaN	NaN	54.999173	0.000000
294	Spectrogram 1	1	3897.910000	3898.240000	4000.000000	18000.000000	8000.000000	Trill	6.560200	20.859741	NaN	NaN	60.630154	0.000000
295	Spectrogram 1	1	3914.770000	3915.470000	4000.000000	18000.000000	8000.000000	Phee	8.717197	24.824405	NaN	NaN	102.053292	0.000000
296	Spectrogram 1	1	3916.560000	3916.700000	4000.000000	18000.000000	8000.000000	Twitter	9.254130	25.712163	NaN	NaN	56.564435	0.000000
297	Spectrogram 1	1	3916.740000	3917.830000	4000.000000	18000.000000	8000.000000	Twitter	7.826404	26.454661	NaN	NaN	29.257704	0.000000
298	Spectrogram 1	1	3960.010000	3960.600000	4000.000000	18000.000000	8000.000000	Trill	4.479710	18.741465	NaN	NaN	62.989324	0.000000
299	Spectrogram 1	1	3984.510000	3984.790000	4000.000000	18000.000000	8000.000000	Trill	4.836632	14.870415	NaN	NaN	50.377675	0.000000
300	Spectrogram 1	1	3987.730000	3988.000000	4000.000000	18000.000000	8000.000000	Trill	5.808302	19.198332	NaN	NaN	60.888059	0.000000
301	Spectrogram 1	1	4009.630000	4009.970000	4000.000000	18000.000000	8000.000000	Phee	6.510766	13.744337	NaN	NaN	58.685717	0.000000
302	Spectrogram 1	1	4010.480000	4010.520000	4000.000000	18000.000000	8000.000000	Trill	12.039465	15.940310	NaN	NaN	32.857282	0.000000
303	Spectrogram 1	1	4010.580000	4010.600000	4000.000000	18000.000000	8000.000000	Sd-peep	4.808611	10.746049	NaN	NaN	79.321881	0.000000
304	Spectrogram 1	1	4010.690000	4011.310000	4000.000000	18000.000000	8000.000000	Trill	7.121670	23.236435	NaN	NaN	121.831146	0.000000
305	Spectrogram 1	1	4011.560000	4011.870000	4000.000000	18000.000000	8000.000000	Trill	8.049639	18.101090	NaN	NaN	81.097422	0.000000
306	Spectrogram 1	1	4012.330000	4012.580000	4000.000000	18000.000000	8000.000000	Trill	4.571455	10.279945	NaN	NaN	37.286191	0.000000
307	Spectrogram 1	1	4012.790000	4013.160000	4000.000000	18000.000000	8000.000000	Trill	5.715615	16.270360	NaN	NaN	61.914530	0.000000
308	Spectrogram 1	1	4016.460000	4016.910000	4000.000000	18000.000000	8000.000000	Trill	13.836891	28.583015	NaN	NaN	84.811267	0.000000
309	Spectrogram 1	1	4024.590000	4024.620000	4000.000000	18000.000000	8000.000000	Trill	8.814006	14.690667	NaN	NaN	29.354707	0.000000
310	Spectrogram 1	1	4027.930000	4028.160000	4000.000000	18000.000000	8000.000000	Trillphee	7.591976	16.727544	NaN	NaN	31.543399	0.000000
311	Spectrogram 1	1	4030.670000	4030.900000	4000.000000	18000.000000	8000.000000	Trill	6.537010	20.082986	NaN	NaN	48.996378	0.000000
312	Spectrogram 1	1	4034.420000	4034.490000	4000.000000	18000.000000	8000.000000	Trill	4.482912	9.865338	NaN	NaN	42.138877	0.000000
313	Spectrogram 1	1	4048.800000	4048.820000	4000.000000	18000.000000	8000.000000	Twitter	4.640158	20.087969	NaN	NaN	73.518717	0.000000
314	Spectrogram 1	1	4087.890000	4088.240000	4000.000000	18000.000000	8000.000000	Trill	8.208389	14.477327	NaN	NaN	68.006784	0.000000
315	Spectrogram 1	1	4088.360000	4088.800000	4000.000000	18000.000000	8000.000000	Trill	9.627530	19.957432	NaN	NaN	36.705675	0.000000
316	Spectrogram 1	1	4088.870000	4089.640000	4000.000000	18000.000000	8000.000000	Trill	8.923174	22.365022	NaN	NaN	90.106308	0.000000
317	Spectrogram 1	1	4089.720000	4090.490000	4000.000000	18000.000000	8000.000000	Trill	7.869677	17.664742	NaN	NaN	37.296308	0.000000
318	Spectrogram 1	1	4090.580000	4091.120000	4000.000000	18000.000000	8000.000000	Trill	8.077192	19.699660	NaN	NaN	79.790981	0.000000
319	Spectrogram 1	1	4091.300000	4091.420000	4000.000000	18000.000000	8000.000000	Twitter	5.413240	15.648822	NaN	NaN	45.291800	0.000000
320	Spectrogram 1	1	4091.470000	4092.110000	4000.000000	18000.000000	8000.000000	Trill	9.171512	17.642821	NaN	NaN	29.127125	0.000000
321	Spectrogram 1	1	4092.260000	4092.400000	4000.000000	18000.000000	8000.000000	Trill	7.560375	17.452366	NaN	NaN	91.516436	0.000000
322	Spectrogram 1	1	4097.070000	4097.110000	4000.000000	18000.000000	8000.000000	Sd-peep	4.514042	22.740964	NaN	NaN	84.424500	0.000000
323	Spectrogram 1	1	4097.710000	4098.100000	4000.000000	18000.000000	8000.000000	Trill	8.053794	16.555206	NaN	NaN	32.985011	0.000000
324	Spectrogram 1	1	4115.460000	4116.240000	4000.000000	18000.000000	8000.000000	Trill	4.960597	18.464527	NaN	NaN	60.278557	0.000000
325	Spectrogram 1	1	4141.100000	4141.430000	4000.000000	18000.000000	8000.000000	Trill	5.608228	14.936479	NaN	NaN	58.045853	0.000000
326	Spectrogram 1	1	4142.900000	4143.220000	4000.000000	18000.000000	8000.000000	Trill	6.893290	15.180378	NaN	NaN	55.508139	0.000000
327	Spectrogram 1	1	4145.140000	4145.440000	4000.000000	18000.000000	8000.000000	Trill	6.366306	12.501041	NaN	NaN	58.805974	0.000000
328	Spectrogram 1	1	4146.900000	4147.100000	4000.000000	18000.000000	8000.000000	Trill	4.830385	12.710939	NaN	NaN	51.432222	0.000000
329	Spectrogram 1	1	4147.790000	4148.430000	4000.000000	18000.000000	8000.000000	Trill	7.043390	15.385237	NaN	NaN	33.079652	0.000000
330	Spectrogram 1	1	4168.780000	4168.810000	4000.000000	18000.000000	8000.000000	Trill	8.707261	12.004177	NaN	NaN	28.796192	0.000000
331	Spectrogram 1	1	4172.050000	4172.430000	4000.000000	18000.000000	8000.000000	Trill	4.828927	17.832760	NaN	NaN	62.900638	0.000000
332	Spectrogram 1	1	4183.380000	4183.450000	4000.000000	18000.000000	8000.000000	Trill	4.358958	7.852497	NaN	NaN	46.532580	0.000000
333	Spectrogram 1	1	4188.100000	4188.470000	4000.000000	18000.000000	8000.000000	Phee	5.013831	8.884413	NaN	NaN	57.507110	0.000000
334	Spectrogram 1	1	4188.520000	4188.880000	4000.000000	18000.000000	8000.000000	Trillphee	4.192103	10.603988	NaN	NaN	67.476865	0.000000
335	Spectrogram 1	1	4191.240000	4191.420000	4000.000000	18000.000000	8000.000000	Trill	4.852342	11.090722	NaN	NaN	71.521065	0.000000
336	Spectrogram 1	1	4192.310000	4192.540000	4000.000000	18000.000000	8000.000000	Trill	4.255587	13.720661	NaN	NaN	77.837474	0.000000
337	Spectrogram 1	1	4201.530000	4201.850000	4000.000000	18000.000000	8000.000000	Trill	8.370806	20.661517	NaN	NaN	49.818209	0.000000
338	Spectrogram 1	1	4215.240000	4215.270000	4000.000000	18000.000000	8000.000000	Trill	4.658645	12.009362	NaN	NaN	46.290890	0.000000
339	Spectrogram 1	1	4234.790000	4234.810000	4000.000000	18000.000000	8000.000000	Twitter	4.138732	9.639842	NaN	NaN	47.972290	0.000000
340	Spectrogram 1	1	4246.190000	4246.250000	4000.000000	18000.000000	8000.000000	Phee	4.158053	8.835791	NaN	NaN	50.818162	0.000000
341	Spectrogram 1	1	4246.360000	4246.420000	4000.000000	18000.000000	8000.000000	Phee	4.066658	9.622131	NaN	NaN	62.273792	0.000000
342	Spectrogram 1	1	4250.710000	4251.420000	4000.000000	18000.000000	8000.000000	Trill	7.928726	29.029553	NaN	NaN	74.603765	0.000000
343	Spectrogram 1	1	4251.570000	4252.080000	4000.000000	18000.000000	8000.000000	Trill	8.947648	29.070459	NaN	NaN	79.136072	0.000000
344	Spectrogram 1	1	4252.200000	4252.670000	4000.000000	18000.000000	8000.000000	Trill	9.353831	28.478827	NaN	NaN	70.905433	0.000000
345	Spectrogram 1	1	4252.880000	4252.910000	4000.000000	18000.000000	8000.000000	Trill	7.241814	16.848029	NaN	NaN	57.293446	0.000000
