Selection	View	Channel	Begin Time (s)	End Time (s)	Low Freq (Hz)	High Freq (Hz)	Max Freq (Hz)	Call Type	Energy Diff	Energy Par	Energy Diff (wl)	Energy Par (wl)	AHR	Exception
1	Spectrogram 1	1	27.320000	27.410000	4000.000000	18000.000000	8000.000000	Sd-peep	6.851364	30.743471	NaN	NaN	91.334487	0.000000
2	Spectrogram 1	1	27.490000	28.120000	4000.000000	18000.000000	8000.000000	Trill	7.376641	30.000000	NaN	NaN	92.748770	0.000000
3	Spectrogram 1	1	28.290000	28.810000	4000.000000	18000.000000	8000.000000	Trill	5.172634	30.000000	NaN	NaN	81.433210	0.000000
4	Spectrogram 1	1	28.970000	29.440000	4000.000000	18000.000000	8000.000000	Trill	4.945376	30.000000	NaN	NaN	67.324791	0.000000
5	Spectrogram 1	1	61.930000	61.950000	4000.000000	18000.000000	8000.000000	Sd-peep	4.100682	5.716569	NaN	NaN	37.580249	0.000000
6	Spectrogram 1	1	67.810000	67.850000	4000.000000	18000.000000	8000.000000	Trill	13.502380	13.606998	NaN	NaN	28.046551	0.000000
7	Spectrogram 1	1	70.470000	70.760000	4000.000000	18000.000000	8000.000000	Trill	13.133959	26.728469	NaN	NaN	114.351887	0.000000
8	Spectrogram 1	1	208.360000	208.920000	4000.000000	18000.000000	8000.000000	Trill	7.292311	21.234982	NaN	NaN	77.087384	0.000000
9	Spectrogram 1	1	275.650000	276.200000	4000.000000	18000.000000	8000.000000	Phee	5.548870	26.058467	NaN	NaN	152.234314	0.000000
10	Spectrogram 1	1	277.660000	279.040000	4000.000000	18000.000000	8000.000000	Phee	6.312649	25.669153	NaN	NaN	103.184479	0.000000
11	Spectrogram 1	1	302.360000	302.480000	4000.000000	18000.000000	8000.000000	Sd-peep	5.221962	31.347237	NaN	NaN	48.082799	0.000000
12	Spectrogram 1	1	302.560000	303.100000	4000.000000	18000.000000	8000.000000	Trill	6.516584	30.000000	NaN	NaN	106.664116	0.000000
13	Spectrogram 1	1	303.230000	303.950000	4000.000000	18000.000000	8000.000000	Trill	6.797651	30.000000	NaN	NaN	96.122810	0.000000
14	Spectrogram 1	1	304.060000	304.510000	4000.000000	18000.000000	8000.000000	Trill	7.407306	30.000000	NaN	NaN	93.917190	0.000000
15	Spectrogram 1	1	309.460000	311.000000	4000.000000	18000.000000	8000.000000	Trillphee	5.394104	30.197157	NaN	NaN	184.819451	0.000000
16	Spectrogram 1	1	371.240000	371.270000	4000.000000	18000.000000	8000.000000	Trill	8.515107	12.409238	NaN	NaN	32.093446	0.000000
17	Spectrogram 1	1	373.300000	373.410000	4000.000000	18000.000000	8000.000000	Twitter	11.126328	31.252787	NaN	NaN	106.437334	0.000000
18	Spectrogram 1	1	373.450000	374.730000	4000.000000	18000.000000	8000.000000	Twitter	6.776601	25.394326	NaN	NaN	42.312903	0.000000
19	Spectrogram 1	1	374.780000	374.860000	4000.000000	18000.000000	8000.000000	Trill	9.766707	24.295331	NaN	NaN	143.861985	0.000000
20	Spectrogram 1	1	374.930000	375.680000	4000.000000	18000.000000	8000.000000	Trill	11.169954	30.000000	NaN	NaN	100.493798	0.000000
21	Spectrogram 1	1	375.860000	376.560000	4000.000000	18000.000000	8000.000000	Trill	12.485642	30.000000	NaN	NaN	116.448087	0.000000
22	Spectrogram 1	1	411.640000	411.670000	4000.000000	18000.000000	8000.000000	Trill	7.815674	13.133404	NaN	NaN	31.932211	0.000000
23	Spectrogram 1	1	413.850000	413.890000	4000.000000	18000.000000	8000.000000	Trill	10.549359	13.254234	NaN	NaN	28.788979	0.000000
24	Spectrogram 1	1	416.300000	417.930000	4000.000000	18000.000000	8000.000000	Phee	6.050043	25.331705	NaN	NaN	110.380942	0.000000
25	Spectrogram 1	1	489.620000	491.200000	4000.000000	18000.000000	8000.000000	Phee	5.047245	23.804860	NaN	NaN	108.262405	0.000000
26	Spectrogram 1	1	491.260000	491.760000	4000.000000	18000.000000	8000.000000	Trillphee	4.066630	24.270892	NaN	NaN	106.817836	0.000000
27	Spectrogram 1	1	492.150000	493.560000	4000.000000	18000.000000	8000.000000	Phee	5.146175	23.457017	NaN	NaN	126.336846	0.000000
28	Spectrogram 1	1	501.460000	503.180000	4000.000000	18000.000000	8000.000000	Phee	4.324522	26.975542	NaN	NaN	118.513793	0.000000
29	Spectrogram 1	1	512.130000	512.900000	4000.000000	18000.000000	8000.000000	Trill	6.121211	30.000000	NaN	NaN	115.259454	0.000000
30	Spectrogram 1	1	513.100000	513.640000	4000.000000	18000.000000	8000.000000	Trill	5.981552	30.000000	NaN	NaN	112.314862	0.000000
31	Spectrogram 1	1	513.790000	514.320000	4000.000000	18000.000000	8000.000000	Trill	6.210264	30.000000	NaN	NaN	119.432149	0.000000
32	Spectrogram 1	1	546.930000	548.720000	4000.000000	18000.000000	8000.000000	Trill	6.323297	24.221126	NaN	NaN	46.505029	0.000000
33	Spectrogram 1	1	548.850000	549.440000	4000.000000	18000.000000	8000.000000	Trill	14.489138	30.000000	NaN	NaN	71.402091	0.000000
34	Spectrogram 1	1	549.530000	549.920000	4000.000000	18000.000000	8000.000000	Trill	12.412264	29.908772	NaN	NaN	68.381139	0.000000
35	Spectrogram 1	1	555.470000	555.520000	4000.000000	18000.000000	8000.000000	Trill	9.163498	8.696180	NaN	NaN	31.932156	0.000000
36	Spectrogram 1	1	788.310000	788.450000	4000.000000	18000.000000	8000.000000	Trill	4.462967	14.422219	NaN	NaN	34.651297	0.000000
37	Spectrogram 1	1	810.460000	811.710000	4000.000000	18000.000000	8000.000000	Trill	4.806652	14.399439	NaN	NaN	30.988991	0.000000
38	Spectrogram 1	1	813.230000	813.290000	4000.000000	18000.000000	8000.000000	Trill	7.233449	11.467432	NaN	NaN	30.820518	0.000000
39	Spectrogram 1	1	914.160000	914.380000	4000.000000	18000.000000	8000.000000	Trillphee	4.892522	14.443738	NaN	NaN	32.068248	0.000000
40	Spectrogram 1	1	920.750000	920.790000	4000.000000	18000.000000	8000.000000	Phee	4.245635	8.620197	NaN	NaN	50.488839	0.000000
41	Spectrogram 1	1	1006.040000	1006.060000	4000.000000	18000.000000	8000.000000	Sd-peep	5.193752	12.707763	NaN	NaN	79.366377	0.000000
42	Spectrogram 1	1	1006.590000	1006.620000	4000.000000	18000.000000	8000.000000	Trill	4.424101	12.957996	NaN	NaN	91.198250	0.000000
43	Spectrogram 1	1	1031.420000	1031.530000	4000.000000	18000.000000	8000.000000	Phee	8.670884	17.281052	NaN	NaN	160.510891	0.000000
44	Spectrogram 1	1	1053.290000	1053.380000	4000.000000	18000.000000	8000.000000	Trillphee	6.961591	21.252777	NaN	NaN	153.653163	0.000000
45	Spectrogram 1	1	1088.320000	1088.370000	4000.000000	18000.000000	8000.000000	Twitter	4.160915	12.817029	NaN	NaN	49.873551	0.000000
46	Spectrogram 1	1	1119.300000	1120.020000	4000.000000	18000.000000	8000.000000	Trillphee	4.611103	19.478634	NaN	NaN	160.990805	0.000000
47	Spectrogram 1	1	1122.230000	1123.430000	4000.000000	18000.000000	8000.000000	Trillphee	4.417800	30.729303	NaN	NaN	109.581894	0.000000
48	Spectrogram 1	1	1168.380000	1168.410000	4000.000000	18000.000000	8000.000000	Twitter	5.205692	10.312646	NaN	NaN	70.256321	0.000000
49	Spectrogram 1	1	1168.490000	1168.520000	4000.000000	18000.000000	8000.000000	Trill	4.143586	6.189243	NaN	NaN	53.281464	0.000000
50	Spectrogram 1	1	1231.070000	1232.190000	4000.000000	18000.000000	8000.000000	Trill	4.698368	18.780257	NaN	NaN	43.363113	0.000000
51	Spectrogram 1	1	1265.890000	1265.910000	4000.000000	18000.000000	8000.000000	Sd-peep	10.752652	12.741632	NaN	NaN	30.714010	0.000000
52	Spectrogram 1	1	1269.840000	1270.010000	4000.000000	18000.000000	8000.000000	Trill	4.245931	9.080059	NaN	NaN	32.771110	0.000000
53	Spectrogram 1	1	1343.190000	1343.320000	4000.000000	18000.000000	8000.000000	Phee	4.549862	10.704866	NaN	NaN	62.880678	0.000000
54	Spectrogram 1	1	1343.370000	1343.560000	4000.000000	18000.000000	8000.000000	Trill	7.096622	10.488749	NaN	NaN	32.051038	0.000000
55	Spectrogram 1	1	1355.820000	1356.680000	4000.000000	18000.000000	8000.000000	Trillphee	9.002823	28.398165	NaN	NaN	54.280076	0.000000
56	Spectrogram 1	1	1356.790000	1356.850000	4000.000000	18000.000000	8000.000000	Trill	10.753586	19.694857	NaN	NaN	96.342223	0.000000
57	Spectrogram 1	1	1357.170000	1358.040000	4000.000000	18000.000000	8000.000000	Trillphee	8.701444	26.771116	NaN	NaN	44.186763	0.000000
58	Spectrogram 1	1	1358.280000	1359.090000	4000.000000	18000.000000	8000.000000	Phee	10.646327	30.000000	NaN	NaN	49.721703	0.000000
59	Spectrogram 1	1	1359.340000	1360.180000	4000.000000	18000.000000	8000.000000	Trillphee	9.140948	26.956026	NaN	NaN	50.071088	0.000000
60	Spectrogram 1	1	1383.210000	1384.280000	4000.000000	18000.000000	8000.000000	Phee	13.929012	30.000000	NaN	NaN	53.972173	0.000000
61	Spectrogram 1	1	1384.330000	1384.600000	4000.000000	18000.000000	8000.000000	Trill	6.829703	17.481276	NaN	NaN	59.729160	0.000000
62	Spectrogram 1	1	1384.830000	1385.810000	4000.000000	18000.000000	8000.000000	Phee	12.953431	30.000000	NaN	NaN	42.649539	0.000000
63	Spectrogram 1	1	1386.070000	1386.990000	4000.000000	18000.000000	8000.000000	Phee	11.254764	30.000000	NaN	NaN	45.078980	0.000000
64	Spectrogram 1	1	1387.050000	1387.120000	4000.000000	18000.000000	8000.000000	Trill	11.114318	18.620679	NaN	NaN	48.207898	0.000000
65	Spectrogram 1	1	1412.720000	1413.450000	4000.000000	18000.000000	8000.000000	Trill	4.221360	27.564296	NaN	NaN	72.346763	0.000000
66	Spectrogram 1	1	1413.650000	1414.430000	4000.000000	18000.000000	8000.000000	Trill	5.626913	30.000000	NaN	NaN	61.385973	0.000000
67	Spectrogram 1	1	1414.560000	1415.060000	4000.000000	18000.000000	8000.000000	Trill	7.185018	30.000000	NaN	NaN	70.679183	0.000000
68	Spectrogram 1	1	1415.970000	1416.000000	4000.000000	18000.000000	8000.000000	Trill	4.083567	9.675563	NaN	NaN	65.807552	0.000000
69	Spectrogram 1	1	1419.450000	1419.520000	4000.000000	18000.000000	8000.000000	Sd-peep	7.083337	24.246147	NaN	NaN	67.052264	0.000000
70	Spectrogram 1	1	1419.650000	1419.710000	4000.000000	18000.000000	8000.000000	Sd-peep	7.434861	16.300792	NaN	NaN	71.376301	0.000000
71	Spectrogram 1	1	1479.890000	1480.480000	4000.000000	18000.000000	8000.000000	Trill	8.063160	22.736058	NaN	NaN	94.640391	0.000000
72	Spectrogram 1	1	1506.730000	1507.220000	4000.000000	18000.000000	8000.000000	Trill	6.249349	30.000000	NaN	NaN	121.980735	0.000000
73	Spectrogram 1	1	1507.400000	1507.960000	4000.000000	18000.000000	8000.000000	Trill	4.987627	30.000000	NaN	NaN	78.696139	0.000000
74	Spectrogram 1	1	1547.120000	1547.150000	4000.000000	18000.000000	8000.000000	Sd-peep	12.280880	14.054094	NaN	NaN	47.365324	0.000000
75	Spectrogram 1	1	1560.350000	1560.400000	4000.000000	18000.000000	8000.000000	Trillphee	NaN	NaN	NaN	NaN	52.439239	0.000000
76	Spectrogram 1	1	1576.300000	1576.550000	4000.000000	18000.000000	8000.000000	Sd-peep	4.005172	18.880374	NaN	NaN	48.302197	0.000000
77	Spectrogram 1	1	1576.640000	1576.710000	4000.000000	18000.000000	8000.000000	Sd-peep	8.407596	21.950237	NaN	NaN	89.727546	0.000000
78	Spectrogram 1	1	1586.060000	1586.150000	4000.000000	18000.000000	8000.000000	Phee	4.665718	8.757848	NaN	NaN	83.507026	0.000000
79	Spectrogram 1	1	1594.440000	1594.480000	4000.000000	18000.000000	8000.000000	Trill	6.225946	22.764017	NaN	NaN	165.373812	0.000000
80	Spectrogram 1	1	1609.310000	1609.740000	4000.000000	18000.000000	8000.000000	Trill	4.048673	22.509058	NaN	NaN	81.430621	0.000000
81	Spectrogram 1	1	1613.030000	1613.320000	4000.000000	18000.000000	8000.000000	Sd-peep	4.583909	22.645998	NaN	NaN	69.028606	0.000000
82	Spectrogram 1	1	1613.370000	1613.460000	4000.000000	18000.000000	8000.000000	Trill	4.328721	16.116062	NaN	NaN	46.287219	0.000000
83	Spectrogram 1	1	1613.600000	1613.680000	4000.000000	18000.000000	8000.000000	Sd-peep	4.301404	17.947571	NaN	NaN	63.560127	0.000000
84	Spectrogram 1	1	1636.370000	1636.440000	4000.000000	18000.000000	8000.000000	Sd-peep	4.241506	18.679017	NaN	NaN	43.156423	0.000000
85	Spectrogram 1	1	1638.800000	1639.240000	4000.000000	18000.000000	8000.000000	Trill	4.345373	18.249525	NaN	NaN	69.600012	0.000000
86	Spectrogram 1	1	1639.320000	1639.800000	4000.000000	18000.000000	8000.000000	Trill	6.623410	25.092803	NaN	NaN	122.748151	0.000000
87	Spectrogram 1	1	1640.610000	1641.060000	4000.000000	18000.000000	8000.000000	Trill	4.292025	23.214118	NaN	NaN	90.141600	0.000000
88	Spectrogram 1	1	1641.260000	1641.710000	4000.000000	18000.000000	8000.000000	Trill	4.954784	23.247701	NaN	NaN	86.098432	0.000000
89	Spectrogram 1	1	1648.420000	1648.490000	4000.000000	18000.000000	8000.000000	Trill	7.959513	8.469351	NaN	NaN	33.274190	0.000000
90	Spectrogram 1	1	1656.880000	1656.930000	4000.000000	18000.000000	8000.000000	Trill	7.854673	8.540045	NaN	NaN	33.270137	0.000000
91	Spectrogram 1	1	1661.780000	1661.860000	4000.000000	18000.000000	8000.000000	Sd-peep	6.080492	24.249495	NaN	NaN	58.317819	0.000000
92	Spectrogram 1	1	1661.970000	1662.050000	4000.000000	18000.000000	8000.000000	Sd-peep	6.108351	20.382104	NaN	NaN	95.956636	0.000000
93	Spectrogram 1	1	1662.440000	1662.550000	4000.000000	18000.000000	8000.000000	Sd-peep	7.141292	21.494596	NaN	NaN	86.558795	0.000000
94	Spectrogram 1	1	1672.640000	1672.720000	4000.000000	18000.000000	8000.000000	Sd-peep	4.319330	23.436685	NaN	NaN	61.130431	0.000000
95	Spectrogram 1	1	1672.790000	1672.930000	4000.000000	18000.000000	8000.000000	Sd-peep	6.168383	23.224487	NaN	NaN	92.496227	0.000000
96	Spectrogram 1	1	1673.020000	1673.210000	4000.000000	18000.000000	8000.000000	Trill	6.251895	19.194712	NaN	NaN	85.465816	0.000000
97	Spectrogram 1	1	1673.390000	1673.460000	4000.000000	18000.000000	8000.000000	Sd-peep	7.101721	17.721613	NaN	NaN	73.269905	0.000000
98	Spectrogram 1	1	1679.380000	1679.480000	4000.000000	18000.000000	8000.000000	Sd-peep	7.080689	25.266382	NaN	NaN	117.294242	0.000000
99	Spectrogram 1	1	1679.530000	1679.700000	4000.000000	18000.000000	8000.000000	Trill	5.425366	20.228234	NaN	NaN	93.753743	0.000000
100	Spectrogram 1	1	1701.210000	1701.370000	4000.000000	18000.000000	8000.000000	Trillphee	4.725037	10.011349	NaN	NaN	31.969894	0.000000
101	Spectrogram 1	1	1708.570000	1708.700000	4000.000000	18000.000000	8000.000000	Phee	5.912636	10.153950	NaN	NaN	147.076655	0.000000
102	Spectrogram 1	1	1708.840000	1708.860000	4000.000000	18000.000000	8000.000000	Sd-peep	6.915492	12.390241	NaN	NaN	174.230772	0.000000
103	Spectrogram 1	1	1727.030000	1727.350000	4000.000000	18000.000000	8000.000000	Trill	5.345293	11.160265	NaN	NaN	40.019829	0.000000
104	Spectrogram 1	1	1785.780000	1785.860000	4000.000000	18000.000000	8000.000000	Trill	4.062451	9.156034	NaN	NaN	35.561206	0.000000
105	Spectrogram 1	1	1810.660000	1810.930000	4000.000000	18000.000000	8000.000000	Twitter	6.687197	25.057402	NaN	NaN	54.728576	0.000000
106	Spectrogram 1	1	1810.990000	1812.140000	4000.000000	18000.000000	8000.000000	Twitter	5.904541	23.114226	NaN	NaN	42.384594	0.000000
107	Spectrogram 1	1	1827.890000	1827.930000	4000.000000	18000.000000	8000.000000	Trill	6.692389	13.250419	NaN	NaN	68.626731	0.000000
108	Spectrogram 1	1	1835.770000	1835.930000	4000.000000	18000.000000	8000.000000	Twitter	7.562864	27.846623	NaN	NaN	88.928567	0.000000
109	Spectrogram 1	1	1835.990000	1837.320000	4000.000000	18000.000000	8000.000000	Twitter	4.801130	22.999956	NaN	NaN	31.944184	0.000000
110	Spectrogram 1	1	1847.830000	1848.540000	4000.000000	18000.000000	8000.000000	Trill	7.706035	30.000000	NaN	NaN	119.144970	0.000000
111	Spectrogram 1	1	1848.730000	1849.400000	4000.000000	18000.000000	8000.000000	Trill	9.217229	30.000000	NaN	NaN	84.219622	0.000000
112	Spectrogram 1	1	1867.300000	1868.220000	4000.000000	18000.000000	8000.000000	Trill	4.390338	27.315429	NaN	NaN	162.224158	0.000000
113	Spectrogram 1	1	1868.350000	1868.660000	4000.000000	18000.000000	8000.000000	Phee	4.689347	27.992527	NaN	NaN	140.349200	0.000000
114	Spectrogram 1	1	1896.260000	1896.360000	4000.000000	18000.000000	8000.000000	Twitter	6.353467	25.406708	NaN	NaN	33.292203	0.000000
115	Spectrogram 1	1	1896.430000	1896.530000	4000.000000	18000.000000	8000.000000	Twitter	6.277441	26.093166	NaN	NaN	34.539135	0.000000
116	Spectrogram 1	1	1896.580000	1896.680000	4000.000000	18000.000000	8000.000000	Twitter	6.941153	26.561403	NaN	NaN	38.473241	0.000000
117	Spectrogram 1	1	1896.720000	1896.820000	4000.000000	18000.000000	8000.000000	Twitter	7.298771	27.276157	NaN	NaN	38.470669	0.000000
118	Spectrogram 1	1	1896.860000	1897.750000	4000.000000	18000.000000	8000.000000	Twitter	6.300622	24.062571	NaN	NaN	43.849313	0.000000
119	Spectrogram 1	1	1902.070000	1902.150000	4000.000000	18000.000000	8000.000000	Trill	8.816552	28.448829	NaN	NaN	159.642226	0.000000
120	Spectrogram 1	1	1912.500000	1912.540000	4000.000000	18000.000000	8000.000000	Trill	7.272715	26.065060	NaN	NaN	155.539103	0.000000
121	Spectrogram 1	1	1929.100000	1929.210000	4000.000000	18000.000000	8000.000000	Phee	4.434325	13.743157	NaN	NaN	123.424834	0.000000
122	Spectrogram 1	1	2092.750000	2092.780000	4000.000000	18000.000000	8000.000000	Trill	5.878172	13.695805	NaN	NaN	34.669596	0.000000
123	Spectrogram 1	1	2150.880000	2150.990000	4000.000000	18000.000000	8000.000000	Trill	9.296250	12.891829	NaN	NaN	28.670190	0.000000
124	Spectrogram 1	1	2174.520000	2175.480000	4000.000000	18000.000000	8000.000000	Phee	5.497906	27.870765	NaN	NaN	43.058187	0.000000
125	Spectrogram 1	1	2176.010000	2176.840000	4000.000000	18000.000000	8000.000000	Phee	6.674879	28.641210	NaN	NaN	46.813695	0.000000
126	Spectrogram 1	1	2177.310000	2178.130000	4000.000000	18000.000000	8000.000000	Phee	8.533312	29.013810	NaN	NaN	65.320666	0.000000
127	Spectrogram 1	1	2178.410000	2179.150000	4000.000000	18000.000000	8000.000000	Phee	7.200319	29.296719	NaN	NaN	49.505477	0.000000
128	Spectrogram 1	1	2179.410000	2180.180000	4000.000000	18000.000000	8000.000000	Phee	7.028354	27.380731	NaN	NaN	42.702611	0.000000
129	Spectrogram 1	1	2180.310000	2181.110000	4000.000000	18000.000000	8000.000000	Phee	6.758941	28.467524	NaN	NaN	52.252731	0.000000
130	Spectrogram 1	1	2188.180000	2188.240000	4000.000000	18000.000000	8000.000000	Trill	4.274593	12.226975	NaN	NaN	49.713213	0.000000
131	Spectrogram 1	1	2196.070000	2196.880000	4000.000000	18000.000000	8000.000000	Phee	6.615880	26.005463	NaN	NaN	35.516857	0.000000
132	Spectrogram 1	1	2197.210000	2197.950000	4000.000000	18000.000000	8000.000000	Phee	6.777100	28.427496	NaN	NaN	45.559499	0.000000
133	Spectrogram 1	1	2198.630000	2198.660000	4000.000000	18000.000000	8000.000000	Trill	6.663367	19.866975	NaN	NaN	127.663280	0.000000
134	Spectrogram 1	1	2198.950000	2199.680000	4000.000000	18000.000000	8000.000000	Phee	7.698460	27.102302	NaN	NaN	37.184185	0.000000
135	Spectrogram 1	1	2199.860000	2200.520000	4000.000000	18000.000000	8000.000000	Phee	8.741445	29.653225	NaN	NaN	41.091098	0.000000
136	Spectrogram 1	1	2200.590000	2200.680000	4000.000000	18000.000000	8000.000000	Phee	8.085107	19.569093	NaN	NaN	117.052921	0.000000
137	Spectrogram 1	1	2200.940000	2201.720000	4000.000000	18000.000000	8000.000000	Phee	6.608778	28.433897	NaN	NaN	42.806671	0.000000
138	Spectrogram 1	1	2201.980000	2202.750000	4000.000000	18000.000000	8000.000000	Phee	7.996916	29.747472	NaN	NaN	44.611651	0.000000
139	Spectrogram 1	1	2234.950000	2234.990000	4000.000000	18000.000000	8000.000000	Phee	5.709269	12.701384	NaN	NaN	106.086572	0.000000
140	Spectrogram 1	1	2238.330000	2239.170000	4000.000000	18000.000000	8000.000000	Phee	6.490931	27.317863	NaN	NaN	43.814330	0.000000
141	Spectrogram 1	1	2239.410000	2239.430000	4000.000000	18000.000000	8000.000000	Sd-peep	7.857689	13.669734	NaN	NaN	34.991073	0.000000
142	Spectrogram 1	1	2239.680000	2240.420000	4000.000000	18000.000000	8000.000000	Phee	7.793458	29.292449	NaN	NaN	41.278978	0.000000
143	Spectrogram 1	1	2241.050000	2241.820000	4000.000000	18000.000000	8000.000000	Phee	5.849550	28.119073	NaN	NaN	39.607800	0.000000
144	Spectrogram 1	1	2242.080000	2242.820000	4000.000000	18000.000000	8000.000000	Phee	7.103106	29.350776	NaN	NaN	42.222367	0.000000
145	Spectrogram 1	1	2243.000000	2243.760000	4000.000000	18000.000000	8000.000000	Trill	5.580003	28.743023	NaN	NaN	34.328440	0.000000
146	Spectrogram 1	1	2304.040000	2304.110000	4000.000000	18000.000000	8000.000000	Trill	6.762539	7.727377	NaN	NaN	34.395928	0.000000
147	Spectrogram 1	1	2363.770000	2363.840000	4000.000000	18000.000000	8000.000000	Trill	4.252226	11.964435	NaN	NaN	53.828551	0.000000
148	Spectrogram 1	1	2363.890000	2363.960000	4000.000000	18000.000000	8000.000000	Trill	5.057714	12.599225	NaN	NaN	63.890892	0.000000
149	Spectrogram 1	1	2364.000000	2364.070000	4000.000000	18000.000000	8000.000000	Trill	5.077544	12.171800	NaN	NaN	77.937437	0.000000
150	Spectrogram 1	1	2364.120000	2364.150000	4000.000000	18000.000000	8000.000000	Trill	6.680925	11.321902	NaN	NaN	95.038357	0.000000
151	Spectrogram 1	1	2364.590000	2365.250000	4000.000000	18000.000000	8000.000000	Trill	9.431245	22.411203	NaN	NaN	91.681182	0.000000
152	Spectrogram 1	1	2490.940000	2490.980000	4000.000000	18000.000000	8000.000000	Trill	4.516451	9.193852	NaN	NaN	88.663673	0.000000
153	Spectrogram 1	1	2518.220000	2518.240000	4000.000000	18000.000000	8000.000000	Sd-peep	8.105620	11.922014	NaN	NaN	29.153869	0.000000
154	Spectrogram 1	1	2522.550000	2523.620000	4000.000000	18000.000000	8000.000000	Phee	11.285871	30.000000	NaN	NaN	81.427937	0.000000
155	Spectrogram 1	1	2524.010000	2525.060000	4000.000000	18000.000000	8000.000000	Phee	13.975978	30.000000	NaN	NaN	53.841112	0.000000
156	Spectrogram 1	1	2525.300000	2526.190000	4000.000000	18000.000000	8000.000000	Phee	12.666397	29.073394	NaN	NaN	46.884005	0.000000
157	Spectrogram 1	1	2526.300000	2527.170000	4000.000000	18000.000000	8000.000000	Phee	10.475042	30.000000	NaN	NaN	48.650401	0.000000
158	Spectrogram 1	1	2558.470000	2558.500000	4000.000000	18000.000000	8000.000000	Trill	7.458064	11.488223	NaN	NaN	36.387173	0.000000
159	Spectrogram 1	1	2617.300000	2618.230000	4000.000000	18000.000000	8000.000000	Phee	5.949257	30.000000	NaN	NaN	50.060706	0.000000
160	Spectrogram 1	1	2646.110000	2646.250000	4000.000000	18000.000000	8000.000000	Trill	8.228946	15.738659	NaN	NaN	38.948331	0.000000
161	Spectrogram 1	1	2656.280000	2656.310000	4000.000000	18000.000000	8000.000000	Trill	8.117445	14.758610	NaN	NaN	32.439829	0.000000
162	Spectrogram 1	1	2731.970000	2732.000000	4000.000000	18000.000000	8000.000000	Trill	5.511096	5.583126	NaN	NaN	30.796897	0.000000
163	Spectrogram 1	1	2732.070000	2732.100000	4000.000000	18000.000000	8000.000000	Trill	5.938316	8.273399	NaN	NaN	30.910937	0.000000
164	Spectrogram 1	1	2732.380000	2732.420000	4000.000000	18000.000000	8000.000000	Trill	4.891275	6.652810	NaN	NaN	36.780659	0.000000
165	Spectrogram 1	1	2733.140000	2733.170000	4000.000000	18000.000000	8000.000000	Trill	6.301831	7.238573	NaN	NaN	36.313223	0.000000
166	Spectrogram 1	1	2753.580000	2753.620000	4000.000000	18000.000000	8000.000000	Trill	5.540836	9.071516	NaN	NaN	100.993266	0.000000
167	Spectrogram 1	1	2800.870000	2801.830000	4000.000000	18000.000000	8000.000000	Phee	6.795353	27.893500	NaN	NaN	52.517526	0.000000
168	Spectrogram 1	1	2802.050000	2802.830000	4000.000000	18000.000000	8000.000000	Phee	6.835365	30.000000	NaN	NaN	49.962224	0.000000
169	Spectrogram 1	1	2803.150000	2803.980000	4000.000000	18000.000000	8000.000000	Phee	6.128743	29.488821	NaN	NaN	50.124767	0.000000
170	Spectrogram 1	1	2831.990000	2832.850000	4000.000000	18000.000000	8000.000000	Phee	7.087183	28.204357	NaN	NaN	48.561024	0.000000
171	Spectrogram 1	1	2834.310000	2835.070000	4000.000000	18000.000000	8000.000000	Trillphee	7.232034	29.492722	NaN	NaN	38.799228	0.000000
172	Spectrogram 1	1	2835.260000	2836.020000	4000.000000	18000.000000	8000.000000	Phee	7.004364	28.783874	NaN	NaN	45.924583	0.000000
173	Spectrogram 1	1	2836.230000	2837.020000	4000.000000	18000.000000	8000.000000	Phee	4.148154	26.469109	NaN	NaN	34.388953	0.000000
174	Spectrogram 1	1	2842.730000	2843.440000	4000.000000	18000.000000	8000.000000	Phee	8.087364	30.000000	NaN	NaN	63.791236	0.000000
175	Spectrogram 1	1	2843.870000	2844.680000	4000.000000	18000.000000	8000.000000	Phee	5.445911	25.843431	NaN	NaN	35.786285	0.000000
176	Spectrogram 1	1	2844.850000	2845.590000	4000.000000	18000.000000	8000.000000	Phee	8.606551	29.993162	NaN	NaN	51.415545	0.000000
177	Spectrogram 1	1	2845.820000	2846.560000	4000.000000	18000.000000	8000.000000	Phee	8.171969	30.000000	NaN	NaN	49.882472	0.000000
178	Spectrogram 1	1	2846.770000	2847.490000	4000.000000	18000.000000	8000.000000	Phee	7.213238	30.000000	NaN	NaN	56.223435	0.000000
179	Spectrogram 1	1	2868.480000	2869.300000	4000.000000	18000.000000	8000.000000	Phee	6.998898	29.991674	NaN	NaN	43.322959	0.000000
180	Spectrogram 1	1	2869.480000	2870.190000	4000.000000	18000.000000	8000.000000	Phee	8.850233	29.862238	NaN	NaN	40.568189	0.000000
181	Spectrogram 1	1	2870.400000	2871.230000	4000.000000	18000.000000	8000.000000	Phee	6.383767	25.824969	NaN	NaN	43.190152	0.000000
182	Spectrogram 1	1	2953.290000	2953.380000	4000.000000	18000.000000	8000.000000	Trill	8.069256	11.813486	NaN	NaN	29.584878	0.000000
183	Spectrogram 1	1	2953.860000	2953.930000	4000.000000	18000.000000	8000.000000	Trill	10.100592	11.780210	NaN	NaN	33.851516	0.000000
184	Spectrogram 1	1	3091.210000	3091.430000	4000.000000	18000.000000	8000.000000	Trill	5.604004	11.299691	NaN	NaN	32.518640	0.000000
185	Spectrogram 1	1	3108.650000	3108.680000	4000.000000	18000.000000	8000.000000	Trill	5.037920	7.320831	NaN	NaN	33.730732	0.000000
186	Spectrogram 1	1	3108.760000	3108.780000	4000.000000	18000.000000	8000.000000	Sd-peep	6.400451	7.503031	NaN	NaN	44.763529	0.000000
187	Spectrogram 1	1	3127.060000	3127.130000	4000.000000	18000.000000	8000.000000	Trill	5.581585	11.527748	NaN	NaN	32.037672	0.000000
188	Spectrogram 1	1	3163.090000	3164.340000	4000.000000	18000.000000	8000.000000	Phee	9.080329	27.396003	NaN	NaN	44.512576	0.000000
189	Spectrogram 1	1	3164.580000	3165.490000	4000.000000	18000.000000	8000.000000	Phee	8.871910	29.437670	NaN	NaN	52.803803	0.000000
190	Spectrogram 1	1	3165.710000	3166.560000	4000.000000	18000.000000	8000.000000	Phee	10.244386	29.547056	NaN	NaN	56.476727	0.000000
191	Spectrogram 1	1	3219.520000	3220.600000	4000.000000	18000.000000	8000.000000	Phee	12.216338	30.000000	NaN	NaN	46.031356	0.000000
192	Spectrogram 1	1	3220.810000	3221.680000	4000.000000	18000.000000	8000.000000	Phee	12.151459	30.000000	NaN	NaN	53.317931	0.000000
193	Spectrogram 1	1	3221.760000	3221.830000	4000.000000	18000.000000	8000.000000	Trill	8.525847	13.372447	NaN	NaN	54.437096	0.000000
194	Spectrogram 1	1	3222.090000	3222.920000	4000.000000	18000.000000	8000.000000	Phee	8.187599	30.000000	NaN	NaN	38.078257	0.000000
195	Spectrogram 1	1	3223.130000	3223.960000	4000.000000	18000.000000	8000.000000	Phee	8.658422	30.000000	NaN	NaN	51.784155	0.000000
196	Spectrogram 1	1	3237.610000	3238.460000	4000.000000	18000.000000	8000.000000	Phee	9.906432	26.059667	NaN	NaN	36.727580	0.000000
197	Spectrogram 1	1	3238.570000	3238.610000	4000.000000	18000.000000	8000.000000	Trill	7.607090	13.508380	NaN	NaN	44.906692	0.000000
198	Spectrogram 1	1	3238.870000	3239.670000	4000.000000	18000.000000	8000.000000	Phee	9.557942	26.861853	NaN	NaN	39.114155	0.000000
199	Spectrogram 1	1	3239.710000	3239.760000	4000.000000	18000.000000	8000.000000	Trill	8.387467	14.806327	NaN	NaN	47.456451	0.000000
200	Spectrogram 1	1	3240.010000	3240.790000	4000.000000	18000.000000	8000.000000	Phee	8.382057	26.301840	NaN	NaN	41.403322	0.000000
201	Spectrogram 1	1	3241.090000	3241.880000	4000.000000	18000.000000	8000.000000	Phee	8.345806	26.607151	NaN	NaN	44.054959	0.000000
202	Spectrogram 1	1	3242.130000	3242.850000	4000.000000	18000.000000	8000.000000	Phee	9.785915	28.037444	NaN	NaN	42.742990	0.000000
203	Spectrogram 1	1	3243.030000	3243.760000	4000.000000	18000.000000	8000.000000	Phee	8.199219	30.000000	NaN	NaN	48.535476	0.000000
204	Spectrogram 1	1	3350.820000	3351.320000	4000.000000	18000.000000	8000.000000	Trill	5.217985	29.615616	NaN	NaN	80.889149	0.000000
205	Spectrogram 1	1	3351.440000	3351.890000	4000.000000	18000.000000	8000.000000	Trill	6.443851	30.000000	NaN	NaN	111.500673	0.000000
206	Spectrogram 1	1	3352.040000	3352.490000	4000.000000	18000.000000	8000.000000	Trill	7.072724	30.000000	NaN	NaN	148.592727	0.000000
207	Spectrogram 1	1	3361.920000	3361.950000	4000.000000	18000.000000	8000.000000	Trill	4.171593	11.277493	NaN	NaN	86.510168	0.000000
208	Spectrogram 1	1	3362.400000	3362.980000	4000.000000	18000.000000	8000.000000	Trill	7.670551	23.089272	NaN	NaN	97.599811	0.000000
209	Spectrogram 1	1	3363.800000	3364.360000	4000.000000	18000.000000	8000.000000	Phee	4.312395	9.606176	NaN	NaN	79.565813	0.000000
210	Spectrogram 1	1	3482.690000	3482.720000	4000.000000	18000.000000	8000.000000	Trill	7.046468	11.303313	NaN	NaN	32.126400	0.000000
211	Spectrogram 1	1	3512.440000	3512.460000	4000.000000	18000.000000	8000.000000	Sd-peep	5.250586	7.688350	NaN	NaN	37.252347	0.000000
212	Spectrogram 1	1	3578.860000	3578.980000	4000.000000	18000.000000	8000.000000	Trill	4.324254	27.107562	NaN	NaN	155.913221	0.000000
213	Spectrogram 1	1	3593.560000	3594.160000	4000.000000	18000.000000	8000.000000	Trill	15.273227	28.434622	NaN	NaN	174.502929	0.000000
214	Spectrogram 1	1	3596.520000	3596.930000	4000.000000	18000.000000	8000.000000	Trill	10.253641	20.642644	NaN	NaN	88.992521	0.000000
215	Spectrogram 1	1	3664.940000	3665.440000	4000.000000	18000.000000	8000.000000	Trill	4.395373	13.613070	NaN	NaN	38.177672	0.000000
216	Spectrogram 1	1	3713.630000	3714.950000	4000.000000	18000.000000	8000.000000	Trillphee	5.056516	24.675139	NaN	NaN	175.327861	0.000000
217	Spectrogram 1	1	3750.520000	3750.540000	4000.000000	18000.000000	8000.000000	Sd-peep	6.658369	12.131806	NaN	NaN	102.431358	0.000000
218	Spectrogram 1	1	3750.640000	3750.660000	4000.000000	18000.000000	8000.000000	Sd-peep	5.059035	10.073072	NaN	NaN	66.882056	0.000000
219	Spectrogram 1	1	3810.840000	3810.990000	4000.000000	18000.000000	8000.000000	Trill	5.567254	11.827339	NaN	NaN	30.745884	0.000000
220	Spectrogram 1	1	3826.290000	3826.330000	4000.000000	18000.000000	8000.000000	Trill	5.596061	17.037220	NaN	NaN	155.501017	0.000000
221	Spectrogram 1	1	3828.060000	3829.410000	4000.000000	18000.000000	8000.000000	Trill	13.297048	30.000000	NaN	NaN	196.637043	0.000000
222	Spectrogram 1	1	3830.010000	3830.960000	4000.000000	18000.000000	8000.000000	Phee	13.552231	30.000000	NaN	NaN	55.421725	0.000000
223	Spectrogram 1	1	3831.150000	3832.020000	4000.000000	18000.000000	8000.000000	Phee	15.421838	30.000000	NaN	NaN	49.346428	0.000000
224	Spectrogram 1	1	3832.250000	3833.070000	4000.000000	18000.000000	8000.000000	Phee	11.760500	30.000000	NaN	NaN	52.849816	0.000000
225	Spectrogram 1	1	3870.110000	3870.140000	4000.000000	18000.000000	8000.000000	Twitter	5.635111	7.988241	NaN	NaN	31.589175	0.000000
226	Spectrogram 1	1	3871.180000	3871.210000	4000.000000	18000.000000	8000.000000	Sd-peep	6.059840	7.999767	NaN	NaN	31.870228	0.000000
227	Spectrogram 1	1	3931.230000	3931.500000	4000.000000	18000.000000	8000.000000	Twitter	7.340218	25.746121	NaN	NaN	65.509054	0.000000
228	Spectrogram 1	1	3931.560000	3932.720000	4000.000000	18000.000000	8000.000000	Twitter	6.982983	25.391274	NaN	NaN	40.977780	0.000000
229	Spectrogram 1	1	3971.710000	3972.630000	4000.000000	18000.000000	8000.000000	Phee	6.212944	26.601507	NaN	NaN	42.261780	0.000000
230	Spectrogram 1	1	3972.900000	3973.720000	4000.000000	18000.000000	8000.000000	Phee	5.123794	26.078027	NaN	NaN	38.495315	0.000000
231	Spectrogram 1	1	3973.960000	3974.770000	4000.000000	18000.000000	8000.000000	Phee	4.833888	26.457302	NaN	NaN	40.940316	0.000000
232	Spectrogram 1	1	3975.000000	3975.730000	4000.000000	18000.000000	8000.000000	Phee	4.910337	26.446652	NaN	NaN	43.864958	0.000000
233	Spectrogram 1	1	3981.350000	3981.450000	4000.000000	18000.000000	8000.000000	Phee	5.508793	9.784447	NaN	NaN	94.492375	0.000000
234	Spectrogram 1	1	4035.580000	4035.610000	4000.000000	18000.000000	8000.000000	Trill	5.831857	8.345461	NaN	NaN	32.422344	0.000000
235	Spectrogram 1	1	4051.760000	4052.130000	4000.000000	18000.000000	8000.000000	Trill	4.056729	29.217951	NaN	NaN	205.491885	0.000000
236	Spectrogram 1	1	4052.180000	4052.640000	4000.000000	18000.000000	8000.000000	Trill	5.693264	30.000000	NaN	NaN	262.281781	0.000000
237	Spectrogram 1	1	4083.450000	4083.510000	4000.000000	18000.000000	8000.000000	Phee	7.019289	13.047129	NaN	NaN	43.508091	0.000000
238	Spectrogram 1	1	4090.250000	4090.280000	4000.000000	18000.000000	8000.000000	Trill	6.778570	11.638942	NaN	NaN	29.367394	0.000000
239	Spectrogram 1	1	4108.670000	4109.630000	4000.000000	18000.000000	8000.000000	Phee	4.343593	30.000000	NaN	NaN	51.233369	0.000000
240	Spectrogram 1	1	4112.550000	4113.300000	4000.000000	18000.000000	8000.000000	Phee	4.086761	30.000000	NaN	NaN	51.941260	0.000000
241	Spectrogram 1	1	4113.660000	4114.440000	4000.000000	18000.000000	8000.000000	Phee	4.630723	30.000000	NaN	NaN	59.827701	0.000000
242	Spectrogram 1	1	4189.600000	4189.630000	4000.000000	18000.000000	8000.000000	Trillphee	8.460332	10.958562	NaN	NaN	34.059213	0.000000
243	Spectrogram 1	1	4189.810000	4189.840000	4000.000000	18000.000000	8000.000000	Trill	7.306115	8.555826	NaN	NaN	33.302391	0.000000
244	Spectrogram 1	1	4189.910000	4189.940000	4000.000000	18000.000000	8000.000000	Trill	8.519203	8.683190	NaN	NaN	38.211602	0.000000
245	Spectrogram 1	1	4190.010000	4190.050000	4000.000000	18000.000000	8000.000000	Trill	8.993295	10.635907	NaN	NaN	34.116179	0.000000
246	Spectrogram 1	1	4190.130000	4190.160000	4000.000000	18000.000000	8000.000000	Trill	9.581974	10.336096	NaN	NaN	34.972776	0.000000
247	Spectrogram 1	1	4190.230000	4190.280000	4000.000000	18000.000000	8000.000000	Trill	9.529259	11.944686	NaN	NaN	30.730718	0.000000
248	Spectrogram 1	1	4191.720000	4191.740000	4000.000000	18000.000000	8000.000000	Sd-peep	11.723112	11.902880	NaN	NaN	47.121832	0.000000
249	Spectrogram 1	1	4192.400000	4192.430000	4000.000000	18000.000000	8000.000000	Trill	7.885067	11.284119	NaN	NaN	44.554941	0.000000
250	Spectrogram 1	1	4297.110000	4297.210000	4000.000000	18000.000000	8000.000000	Trill	4.128422	10.796750	NaN	NaN	56.602257	0.000000
251	Spectrogram 1	1	4315.940000	4316.120000	4000.000000	18000.000000	8000.000000	Trill	4.087903	18.658695	NaN	NaN	42.953909	0.000000
252	Spectrogram 1	1	4316.230000	4316.770000	4000.000000	18000.000000	8000.000000	Trill	7.367201	27.099084	NaN	NaN	79.901700	0.000000
253	Spectrogram 1	1	4316.840000	4317.300000	4000.000000	18000.000000	8000.000000	Trill	6.717421	29.855767	NaN	NaN	66.689890	0.000000
254	Spectrogram 1	1	4317.420000	4317.840000	4000.000000	18000.000000	8000.000000	Trill	6.408138	30.000000	NaN	NaN	82.555636	0.000000
255	Spectrogram 1	1	4317.950000	4318.340000	4000.000000	18000.000000	8000.000000	Trill	6.077083	30.000000	NaN	NaN	86.726756	0.000000
256	Spectrogram 1	1	4318.450000	4318.880000	4000.000000	18000.000000	8000.000000	Trill	6.141223	28.021223	NaN	NaN	112.159993	0.000000
257	Spectrogram 1	1	4318.920000	4318.980000	4000.000000	18000.000000	8000.000000	Trill	6.048479	16.583703	NaN	NaN	111.301965	0.000000
258	Spectrogram 1	1	4324.320000	4324.830000	4000.000000	18000.000000	8000.000000	Trill	4.546698	18.822810	NaN	NaN	53.677401	0.000000
259	Spectrogram 1	1	4326.800000	4326.900000	4000.000000	18000.000000	8000.000000	Sd-peep	5.483968	21.016699	NaN	NaN	65.398948	0.000000
260	Spectrogram 1	1	4326.960000	4327.080000	4000.000000	18000.000000	8000.000000	Sd-peep	4.316818	18.307684	NaN	NaN	56.315469	0.000000
261	Spectrogram 1	1	4327.150000	4327.280000	4000.000000	18000.000000	8000.000000	Trill	6.578327	19.307594	NaN	NaN	57.359748	0.000000
262	Spectrogram 1	1	4327.570000	4327.650000	4000.000000	18000.000000	8000.000000	Sd-peep	7.364870	22.989033	NaN	NaN	73.668707	0.000000
263	Spectrogram 1	1	4396.270000	4396.290000	4000.000000	18000.000000	8000.000000	Sd-peep	5.157403	7.103214	NaN	NaN	77.757435	0.000000
264	Spectrogram 1	1	4439.250000	4439.360000	4000.000000	18000.000000	8000.000000	Trillphee	7.415996	16.982515	NaN	NaN	159.720617	0.000000
265	Spectrogram 1	1	4453.550000	4453.580000	4000.000000	18000.000000	8000.000000	Trill	9.839577	12.626345	NaN	NaN	30.825257	0.000000
266	Spectrogram 1	1	4454.370000	4454.410000	4000.000000	18000.000000	8000.000000	Trill	9.133019	9.557883	NaN	NaN	32.233670	0.000000
267	Spectrogram 1	1	4455.270000	4455.460000	4000.000000	18000.000000	8000.000000	Phee	5.605674	12.393571	NaN	NaN	46.423955	0.000000
268	Spectrogram 1	1	4474.150000	4474.230000	4000.000000	18000.000000	8000.000000	Trill	8.402766	13.916416	NaN	NaN	32.298684	0.000000
269	Spectrogram 1	1	4494.600000	4494.670000	4000.000000	18000.000000	8000.000000	Trillphee	5.033407	15.970649	NaN	NaN	144.197942	0.000000
270	Spectrogram 1	1	4494.950000	4494.990000	4000.000000	18000.000000	8000.000000	Trillphee	4.072673	16.286092	NaN	NaN	112.609926	0.000000
271	Spectrogram 1	1	4499.510000	4499.540000	4000.000000	18000.000000	8000.000000	Twitter	4.063017	12.280678	NaN	NaN	98.380875	0.000000
