Selection	View	Channel	Begin Time (s)	End Time (s)	Low Freq (Hz)	High Freq (Hz)	Max Freq (Hz)	Call Type
1	Spectrogram 1	1	4.008000	4.250000	4000.000000	18000.000000	8000.000000	
2	Spectrogram 1	1	14.922000	15.062000	4000.000000	18000.000000	8000.000000	
3	Spectrogram 1	1	22.158000	22.346000	4000.000000	18000.000000	8000.000000	
4	Spectrogram 1	1	27.342000	27.692000	4000.000000	18000.000000	8000.000000	
5	Spectrogram 1	1	36.276000	36.356000	4000.000000	18000.000000	8000.000000	
6	Spectrogram 1	1	36.390000	37.286000	4000.000000	18000.000000	8000.000000	
7	Spectrogram 1	1	55.842000	56.936000	4000.000000	18000.000000	8000.000000	
8	Spectrogram 1	1	65.490000	65.582000	4000.000000	18000.000000	8000.000000	
9	Spectrogram 1	1	69.012000	69.374000	4000.000000	18000.000000	8000.000000	
10	Spectrogram 1	1	74.694000	75.038000	4000.000000	18000.000000	8000.000000	
11	Spectrogram 1	1	84.906000	85.268000	4000.000000	18000.000000	8000.000000	
12	Spectrogram 1	1	90.432000	90.746000	4000.000000	18000.000000	8000.000000	
13	Spectrogram 1	1	92.034000	92.180000	4000.000000	18000.000000	8000.000000	
14	Spectrogram 1	1	92.298000	93.026000	4000.000000	18000.000000	8000.000000	
15	Spectrogram 1	1	97.740000	97.928000	4000.000000	18000.000000	8000.000000	
16	Spectrogram 1	1	100.204000	101.052000	4000.000000	18000.000000	8000.000000	
17	Spectrogram 1	1	103.960000	105.024000	4000.000000	18000.000000	8000.000000	
18	Spectrogram 1	1	110.080000	110.214000	4000.000000	18000.000000	8000.000000	
19	Spectrogram 1	1	122.710000	123.084000	4000.000000	18000.000000	8000.000000	
20	Spectrogram 1	1	127.180000	127.542000	4000.000000	18000.000000	8000.000000	
21	Spectrogram 1	1	130.570000	130.842000	4000.000000	18000.000000	8000.000000	
22	Spectrogram 1	1	135.772000	136.002000	4000.000000	18000.000000	8000.000000	
23	Spectrogram 1	1	144.286000	144.576000	4000.000000	18000.000000	8000.000000	
24	Spectrogram 1	1	147.988000	148.020000	4000.000000	18000.000000	8000.000000	
25	Spectrogram 1	1	148.132000	148.188000	4000.000000	18000.000000	8000.000000	
26	Spectrogram 1	1	148.276000	148.332000	4000.000000	18000.000000	8000.000000	
27	Spectrogram 1	1	148.402000	148.464000	4000.000000	18000.000000	8000.000000	
28	Spectrogram 1	1	148.534000	148.584000	4000.000000	18000.000000	8000.000000	
29	Spectrogram 1	1	148.654000	148.728000	4000.000000	18000.000000	8000.000000	
30	Spectrogram 1	1	148.792000	148.854000	4000.000000	18000.000000	8000.000000	
31	Spectrogram 1	1	148.924000	148.968000	4000.000000	18000.000000	8000.000000	
32	Spectrogram 1	1	152.302000	152.694000	4000.000000	18000.000000	8000.000000	
33	Spectrogram 1	1	157.558000	157.896000	4000.000000	18000.000000	8000.000000	
34	Spectrogram 1	1	169.762000	170.364000	4000.000000	18000.000000	8000.000000	
35	Spectrogram 1	1	171.922000	172.266000	4000.000000	18000.000000	8000.000000	
36	Spectrogram 1	1	174.760000	174.864000	4000.000000	18000.000000	8000.000000	
37	Spectrogram 1	1	174.922000	175.914000	4000.000000	18000.000000	8000.000000	
38	Spectrogram 1	1	182.560000	182.718000	4000.000000	18000.000000	8000.000000	
39	Spectrogram 1	1	186.388000	186.540000	4000.000000	18000.000000	8000.000000	
40	Spectrogram 1	1	189.370000	189.822000	4000.000000	18000.000000	8000.000000	
41	Spectrogram 1	1	192.406000	192.624000	4000.000000	18000.000000	8000.000000	
42	Spectrogram 1	1	195.844000	196.314000	4000.000000	18000.000000	8000.000000	
43	Spectrogram 1	1	199.414000	199.656000	4000.000000	18000.000000	8000.000000	
44	Spectrogram 1	1	199.762000	199.968000	4000.000000	18000.000000	8000.000000	
45	Spectrogram 1	1	200.000000	200.404000	4000.000000	18000.000000	8000.000000	
46	Spectrogram 1	1	204.278000	204.490000	4000.000000	18000.000000	8000.000000	
47	Spectrogram 1	1	204.644000	204.694000	4000.000000	18000.000000	8000.000000	
48	Spectrogram 1	1	204.800000	204.838000	4000.000000	18000.000000	8000.000000	
49	Spectrogram 1	1	204.920000	204.976000	4000.000000	18000.000000	8000.000000	
50	Spectrogram 1	1	205.070000	205.108000	4000.000000	18000.000000	8000.000000	
51	Spectrogram 1	1	207.326000	207.628000	4000.000000	18000.000000	8000.000000	
52	Spectrogram 1	1	209.486000	209.536000	4000.000000	18000.000000	8000.000000	
53	Spectrogram 1	1	209.660000	209.734000	4000.000000	18000.000000	8000.000000	
54	Spectrogram 1	1	209.816000	209.884000	4000.000000	18000.000000	8000.000000	
55	Spectrogram 1	1	209.954000	210.016000	4000.000000	18000.000000	8000.000000	
56	Spectrogram 1	1	210.080000	210.142000	4000.000000	18000.000000	8000.000000	
57	Spectrogram 1	1	210.212000	210.274000	4000.000000	18000.000000	8000.000000	
58	Spectrogram 1	1	214.496000	214.786000	4000.000000	18000.000000	8000.000000	
59	Spectrogram 1	1	228.266000	228.466000	4000.000000	18000.000000	8000.000000	
60	Spectrogram 1	1	232.544000	232.696000	4000.000000	18000.000000	8000.000000	
61	Spectrogram 1	1	237.200000	238.156000	4000.000000	18000.000000	8000.000000	
62	Spectrogram 1	1	244.934000	245.020000	4000.000000	18000.000000	8000.000000	
63	Spectrogram 1	1	247.346000	248.062000	4000.000000	18000.000000	8000.000000	
64	Spectrogram 1	1	252.938000	253.000000	4000.000000	18000.000000	8000.000000	
65	Spectrogram 1	1	255.986000	257.110000	4000.000000	18000.000000	8000.000000	
66	Spectrogram 1	1	260.390000	260.482000	4000.000000	18000.000000	8000.000000	
67	Spectrogram 1	1	262.346000	262.444000	4000.000000	18000.000000	8000.000000	
68	Spectrogram 1	1	262.532000	262.594000	4000.000000	18000.000000	8000.000000	
69	Spectrogram 1	1	267.710000	268.066000	4000.000000	18000.000000	8000.000000	
70	Spectrogram 1	1	273.422000	273.520000	4000.000000	18000.000000	8000.000000	
71	Spectrogram 1	1	278.744000	279.760000	4000.000000	18000.000000	8000.000000	
72	Spectrogram 1	1	290.414000	290.512000	4000.000000	18000.000000	8000.000000	
73	Spectrogram 1	1	294.890000	295.018000	4000.000000	18000.000000	8000.000000	
74	Spectrogram 1	1	295.256000	295.798000	4000.000000	18000.000000	8000.000000	
75	Spectrogram 1	1	295.814000	295.894000	4000.000000	18000.000000	8000.000000	
76	Spectrogram 1	1	299.498000	299.752000	4000.000000	18000.000000	8000.000000	
77	Spectrogram 1	1	304.494000	304.694000	4000.000000	18000.000000	8000.000000	
78	Spectrogram 1	1	310.488000	310.580000	4000.000000	18000.000000	8000.000000	
79	Spectrogram 1	1	320.820000	321.044000	4000.000000	18000.000000	8000.000000	
80	Spectrogram 1	1	326.070000	326.384000	4000.000000	18000.000000	8000.000000	
81	Spectrogram 1	1	331.572000	331.706000	4000.000000	18000.000000	8000.000000	
82	Spectrogram 1	1	334.842000	335.768000	4000.000000	18000.000000	8000.000000	
83	Spectrogram 1	1	347.214000	347.324000	4000.000000	18000.000000	8000.000000	
84	Spectrogram 1	1	360.750000	361.088000	4000.000000	18000.000000	8000.000000	
85	Spectrogram 1	1	364.764000	364.976000	4000.000000	18000.000000	8000.000000	
86	Spectrogram 1	1	365.202000	365.882000	4000.000000	18000.000000	8000.000000	
87	Spectrogram 1	1	379.206000	379.298000	4000.000000	18000.000000	8000.000000	
88	Spectrogram 1	1	380.970000	381.116000	4000.000000	18000.000000	8000.000000	
89	Spectrogram 1	1	392.592000	392.762000	4000.000000	18000.000000	8000.000000	
90	Spectrogram 1	1	396.468000	397.604000	4000.000000	18000.000000	8000.000000	
91	Spectrogram 1	1	408.244000	408.318000	4000.000000	18000.000000	8000.000000	
92	Spectrogram 1	1	410.998000	411.102000	4000.000000	18000.000000	8000.000000	
93	Spectrogram 1	1	411.310000	412.194000	4000.000000	18000.000000	8000.000000	
94	Spectrogram 1	1	414.130000	414.180000	4000.000000	18000.000000	8000.000000	
95	Spectrogram 1	1	417.760000	417.786000	4000.000000	18000.000000	8000.000000	
96	Spectrogram 1	1	417.868000	418.026000	4000.000000	18000.000000	8000.000000	
97	Spectrogram 1	1	420.202000	420.264000	4000.000000	18000.000000	8000.000000	
98	Spectrogram 1	1	431.458000	431.880000	4000.000000	18000.000000	8000.000000	
99	Spectrogram 1	1	433.486000	433.596000	4000.000000	18000.000000	8000.000000	
100	Spectrogram 1	1	439.180000	440.226000	4000.000000	18000.000000	8000.000000	
101	Spectrogram 1	1	450.418000	450.708000	4000.000000	18000.000000	8000.000000	
102	Spectrogram 1	1	451.870000	452.100000	4000.000000	18000.000000	8000.000000	
103	Spectrogram 1	1	457.150000	457.380000	4000.000000	18000.000000	8000.000000	
104	Spectrogram 1	1	459.862000	460.056000	4000.000000	18000.000000	8000.000000	
105	Spectrogram 1	1	460.192000	460.806000	4000.000000	18000.000000	8000.000000	
106	Spectrogram 1	1	464.368000	464.610000	4000.000000	18000.000000	8000.000000	
107	Spectrogram 1	1	473.488000	473.742000	4000.000000	18000.000000	8000.000000	
108	Spectrogram 1	1	477.754000	478.074000	4000.000000	18000.000000	8000.000000	
109	Spectrogram 1	1	480.664000	480.702000	4000.000000	18000.000000	8000.000000	
110	Spectrogram 1	1	480.826000	480.900000	4000.000000	18000.000000	8000.000000	
111	Spectrogram 1	1	480.988000	481.056000	4000.000000	18000.000000	8000.000000	
112	Spectrogram 1	1	481.126000	481.200000	4000.000000	18000.000000	8000.000000	
113	Spectrogram 1	1	481.270000	481.344000	4000.000000	18000.000000	8000.000000	
114	Spectrogram 1	1	481.408000	481.488000	4000.000000	18000.000000	8000.000000	
115	Spectrogram 1	1	481.546000	481.620000	4000.000000	18000.000000	8000.000000	
116	Spectrogram 1	1	481.678000	481.770000	4000.000000	18000.000000	8000.000000	
117	Spectrogram 1	1	481.852000	481.890000	4000.000000	18000.000000	8000.000000	
118	Spectrogram 1	1	486.628000	486.774000	4000.000000	18000.000000	8000.000000	
119	Spectrogram 1	1	490.096000	490.170000	4000.000000	18000.000000	8000.000000	
120	Spectrogram 1	1	498.106000	498.162000	4000.000000	18000.000000	8000.000000	
121	Spectrogram 1	1	498.178000	499.002000	4000.000000	18000.000000	8000.000000	
122	Spectrogram 1	1	499.024000	499.098000	4000.000000	18000.000000	8000.000000	
123	Spectrogram 1	1	499.174000	499.260000	4000.000000	18000.000000	8000.000000	
124	Spectrogram 1	1	499.318000	499.398000	4000.000000	18000.000000	8000.000000	
125	Spectrogram 1	1	499.456000	499.554000	4000.000000	18000.000000	8000.000000	
126	Spectrogram 1	1	499.594000	499.686000	4000.000000	18000.000000	8000.000000	
127	Spectrogram 1	1	499.762000	499.806000	4000.000000	18000.000000	8000.000000	
128	Spectrogram 1	1	506.534000	506.788000	4000.000000	18000.000000	8000.000000	
129	Spectrogram 1	1	509.234000	509.446000	4000.000000	18000.000000	8000.000000	
130	Spectrogram 1	1	522.278000	522.394000	4000.000000	18000.000000	8000.000000	
131	Spectrogram 1	1	522.446000	522.502000	4000.000000	18000.000000	8000.000000	
132	Spectrogram 1	1	524.060000	524.248000	4000.000000	18000.000000	8000.000000	
133	Spectrogram 1	1	524.378000	524.992000	4000.000000	18000.000000	8000.000000	
134	Spectrogram 1	1	527.702000	527.962000	4000.000000	18000.000000	8000.000000	
135	Spectrogram 1	1	531.518000	531.610000	4000.000000	18000.000000	8000.000000	
136	Spectrogram 1	1	536.120000	536.188000	4000.000000	18000.000000	8000.000000	
137	Spectrogram 1	1	541.826000	542.056000	4000.000000	18000.000000	8000.000000	
138	Spectrogram 1	1	543.902000	544.936000	4000.000000	18000.000000	8000.000000	
139	Spectrogram 1	1	546.812000	547.078000	4000.000000	18000.000000	8000.000000	
140	Spectrogram 1	1	551.312000	552.442000	4000.000000	18000.000000	8000.000000	
141	Spectrogram 1	1	561.734000	562.120000	4000.000000	18000.000000	8000.000000	
142	Spectrogram 1	1	562.976000	563.038000	4000.000000	18000.000000	8000.000000	
143	Spectrogram 1	1	563.144000	563.218000	4000.000000	18000.000000	8000.000000	
144	Spectrogram 1	1	563.294000	563.356000	4000.000000	18000.000000	8000.000000	
145	Spectrogram 1	1	563.426000	563.494000	4000.000000	18000.000000	8000.000000	
146	Spectrogram 1	1	563.558000	563.626000	4000.000000	18000.000000	8000.000000	
147	Spectrogram 1	1	563.684000	563.764000	4000.000000	18000.000000	8000.000000	
148	Spectrogram 1	1	563.822000	563.890000	4000.000000	18000.000000	8000.000000	
149	Spectrogram 1	1	566.078000	566.482000	4000.000000	18000.000000	8000.000000	
150	Spectrogram 1	1	570.860000	571.318000	4000.000000	18000.000000	8000.000000	
151	Spectrogram 1	1	574.376000	574.780000	4000.000000	18000.000000	8000.000000	
152	Spectrogram 1	1	581.672000	581.908000	4000.000000	18000.000000	8000.000000	
153	Spectrogram 1	1	584.138000	584.320000	4000.000000	18000.000000	8000.000000	
154	Spectrogram 1	1	587.654000	587.740000	4000.000000	18000.000000	8000.000000	
155	Spectrogram 1	1	590.780000	591.418000	4000.000000	18000.000000	8000.000000	
156	Spectrogram 1	1	596.684000	596.908000	4000.000000	18000.000000	8000.000000	
157	Spectrogram 1	1	603.072000	603.224000	4000.000000	18000.000000	8000.000000	
158	Spectrogram 1	1	604.470000	605.672000	4000.000000	18000.000000	8000.000000	
159	Spectrogram 1	1	609.036000	609.224000	4000.000000	18000.000000	8000.000000	
160	Spectrogram 1	1	610.806000	611.084000	4000.000000	18000.000000	8000.000000	
161	Spectrogram 1	1	613.392000	613.622000	4000.000000	18000.000000	8000.000000	
162	Spectrogram 1	1	615.606000	615.722000	4000.000000	18000.000000	8000.000000	
163	Spectrogram 1	1	619.908000	620.192000	4000.000000	18000.000000	8000.000000	
164	Spectrogram 1	1	622.716000	622.988000	4000.000000	18000.000000	8000.000000	
165	Spectrogram 1	1	631.110000	631.298000	4000.000000	18000.000000	8000.000000	
166	Spectrogram 1	1	633.954000	635.042000	4000.000000	18000.000000	8000.000000	
167	Spectrogram 1	1	640.398000	640.574000	4000.000000	18000.000000	8000.000000	
168	Spectrogram 1	1	643.092000	643.688000	4000.000000	18000.000000	8000.000000	
169	Spectrogram 1	1	643.698000	644.120000	4000.000000	18000.000000	8000.000000	
170	Spectrogram 1	1	650.256000	651.404000	4000.000000	18000.000000	8000.000000	
171	Spectrogram 1	1	656.328000	656.390000	4000.000000	18000.000000	8000.000000	
172	Spectrogram 1	1	659.826000	660.914000	4000.000000	18000.000000	8000.000000	
173	Spectrogram 1	1	669.570000	669.866000	4000.000000	18000.000000	8000.000000	
174	Spectrogram 1	1	674.442000	674.630000	4000.000000	18000.000000	8000.000000	
175	Spectrogram 1	1	676.170000	676.514000	4000.000000	18000.000000	8000.000000	
176	Spectrogram 1	1	678.600000	678.662000	4000.000000	18000.000000	8000.000000	
177	Spectrogram 1	1	678.756000	678.806000	4000.000000	18000.000000	8000.000000	
178	Spectrogram 1	1	678.888000	678.938000	4000.000000	18000.000000	8000.000000	
179	Spectrogram 1	1	679.008000	679.064000	4000.000000	18000.000000	8000.000000	
180	Spectrogram 1	1	679.134000	679.190000	4000.000000	18000.000000	8000.000000	
181	Spectrogram 1	1	680.598000	681.032000	4000.000000	18000.000000	8000.000000	
182	Spectrogram 1	1	682.542000	683.552000	4000.000000	18000.000000	8000.000000	
183	Spectrogram 1	1	688.584000	688.652000	4000.000000	18000.000000	8000.000000	
184	Spectrogram 1	1	689.226000	689.414000	4000.000000	18000.000000	8000.000000	
185	Spectrogram 1	1	694.356000	694.622000	4000.000000	18000.000000	8000.000000	
186	Spectrogram 1	1	706.738000	706.992000	4000.000000	18000.000000	8000.000000	
187	Spectrogram 1	1	711.742000	712.716000	4000.000000	18000.000000	8000.000000	
188	Spectrogram 1	1	715.198000	715.404000	4000.000000	18000.000000	8000.000000	
189	Spectrogram 1	1	719.404000	720.402000	4000.000000	18000.000000	8000.000000	
190	Spectrogram 1	1	724.768000	724.998000	4000.000000	18000.000000	8000.000000	
191	Spectrogram 1	1	727.384000	727.524000	4000.000000	18000.000000	8000.000000	
192	Spectrogram 1	1	727.630000	728.184000	4000.000000	18000.000000	8000.000000	
193	Spectrogram 1	1	728.266000	728.394000	4000.000000	18000.000000	8000.000000	
194	Spectrogram 1	1	737.392000	738.474000	4000.000000	18000.000000	8000.000000	
195	Spectrogram 1	1	742.252000	742.686000	4000.000000	18000.000000	8000.000000	
196	Spectrogram 1	1	750.250000	750.570000	4000.000000	18000.000000	8000.000000	
197	Spectrogram 1	1	753.022000	753.366000	4000.000000	18000.000000	8000.000000	
198	Spectrogram 1	1	755.194000	755.250000	4000.000000	18000.000000	8000.000000	
199	Spectrogram 1	1	755.356000	755.418000	4000.000000	18000.000000	8000.000000	
200	Spectrogram 1	1	755.506000	755.574000	4000.000000	18000.000000	8000.000000	
201	Spectrogram 1	1	755.638000	755.712000	4000.000000	18000.000000	8000.000000	
202	Spectrogram 1	1	755.770000	755.844000	4000.000000	18000.000000	8000.000000	
203	Spectrogram 1	1	755.896000	755.982000	4000.000000	18000.000000	8000.000000	
204	Spectrogram 1	1	756.040000	756.114000	4000.000000	18000.000000	8000.000000	
205	Spectrogram 1	1	761.644000	761.808000	4000.000000	18000.000000	8000.000000	
206	Spectrogram 1	1	762.304000	762.702000	4000.000000	18000.000000	8000.000000	
207	Spectrogram 1	1	770.848000	770.958000	4000.000000	18000.000000	8000.000000	
208	Spectrogram 1	1	771.082000	771.576000	4000.000000	18000.000000	8000.000000	
209	Spectrogram 1	1	771.634000	771.714000	4000.000000	18000.000000	8000.000000	
210	Spectrogram 1	1	771.766000	771.816000	4000.000000	18000.000000	8000.000000	
211	Spectrogram 1	1	775.684000	776.622000	4000.000000	18000.000000	8000.000000	
212	Spectrogram 1	1	780.106000	780.234000	4000.000000	18000.000000	8000.000000	
213	Spectrogram 1	1	785.356000	785.610000	4000.000000	18000.000000	8000.000000	
214	Spectrogram 1	1	786.898000	786.996000	4000.000000	18000.000000	8000.000000	
215	Spectrogram 1	1	787.066000	787.146000	4000.000000	18000.000000	8000.000000	
216	Spectrogram 1	1	787.210000	787.296000	4000.000000	18000.000000	8000.000000	
217	Spectrogram 1	1	787.342000	787.428000	4000.000000	18000.000000	8000.000000	
218	Spectrogram 1	1	787.486000	787.560000	4000.000000	18000.000000	8000.000000	
219	Spectrogram 1	1	787.624000	787.698000	4000.000000	18000.000000	8000.000000	
220	Spectrogram 1	1	787.750000	787.830000	4000.000000	18000.000000	8000.000000	
221	Spectrogram 1	1	787.894000	787.950000	4000.000000	18000.000000	8000.000000	
222	Spectrogram 1	1	791.500000	791.904000	4000.000000	18000.000000	8000.000000	
223	Spectrogram 1	1	793.618000	794.676000	4000.000000	18000.000000	8000.000000	
224	Spectrogram 1	1	797.716000	798.012000	4000.000000	18000.000000	8000.000000	
225	Spectrogram 1	1	802.460000	803.824000	4000.000000	18000.000000	8000.000000	
226	Spectrogram 1	1	806.870000	807.136000	4000.000000	18000.000000	8000.000000	
227	Spectrogram 1	1	811.946000	812.140000	4000.000000	18000.000000	8000.000000	
228	Spectrogram 1	1	817.016000	817.120000	4000.000000	18000.000000	8000.000000	
229	Spectrogram 1	1	817.202000	818.002000	4000.000000	18000.000000	8000.000000	
230	Spectrogram 1	1	825.494000	826.636000	4000.000000	18000.000000	8000.000000	
231	Spectrogram 1	1	832.172000	832.306000	4000.000000	18000.000000	8000.000000	
232	Spectrogram 1	1	833.318000	834.316000	4000.000000	18000.000000	8000.000000	
233	Spectrogram 1	1	843.866000	844.192000	4000.000000	18000.000000	8000.000000	
234	Spectrogram 1	1	844.334000	844.966000	4000.000000	18000.000000	8000.000000	
235	Spectrogram 1	1	847.736000	848.698000	4000.000000	18000.000000	8000.000000	
236	Spectrogram 1	1	854.606000	854.866000	4000.000000	18000.000000	8000.000000	
237	Spectrogram 1	1	856.886000	857.050000	4000.000000	18000.000000	8000.000000	
238	Spectrogram 1	1	857.126000	857.260000	4000.000000	18000.000000	8000.000000	
239	Spectrogram 1	1	857.396000	858.130000	4000.000000	18000.000000	8000.000000	
240	Spectrogram 1	1	863.594000	863.830000	4000.000000	18000.000000	8000.000000	
241	Spectrogram 1	1	863.978000	864.598000	4000.000000	18000.000000	8000.000000	
242	Spectrogram 1	1	868.640000	869.152000	4000.000000	18000.000000	8000.000000	
243	Spectrogram 1	1	877.676000	877.834000	4000.000000	18000.000000	8000.000000	
244	Spectrogram 1	1	877.856000	877.918000	4000.000000	18000.000000	8000.000000	
245	Spectrogram 1	1	882.350000	882.766000	4000.000000	18000.000000	8000.000000	
246	Spectrogram 1	1	884.396000	885.484000	4000.000000	18000.000000	8000.000000	
247	Spectrogram 1	1	890.576000	890.800000	4000.000000	18000.000000	8000.000000	
248	Spectrogram 1	1	891.878000	892.090000	4000.000000	18000.000000	8000.000000	
249	Spectrogram 1	1	894.950000	895.240000	4000.000000	18000.000000	8000.000000	
250	Spectrogram 1	1	897.398000	897.454000	4000.000000	18000.000000	8000.000000	
251	Spectrogram 1	1	897.536000	897.592000	4000.000000	18000.000000	8000.000000	
252	Spectrogram 1	1	897.674000	897.730000	4000.000000	18000.000000	8000.000000	
253	Spectrogram 1	1	897.800000	897.856000	4000.000000	18000.000000	8000.000000	
254	Spectrogram 1	1	897.926000	897.994000	4000.000000	18000.000000	8000.000000	
255	Spectrogram 1	1	898.052000	898.120000	4000.000000	18000.000000	8000.000000	
256	Spectrogram 1	1	900.276000	900.704000	4000.000000	18000.000000	8000.000000	
257	Spectrogram 1	1	902.820000	903.956000	4000.000000	18000.000000	8000.000000	
258	Spectrogram 1	1	906.030000	906.344000	4000.000000	18000.000000	8000.000000	
259	Spectrogram 1	1	915.276000	915.332000	4000.000000	18000.000000	8000.000000	
260	Spectrogram 1	1	924.954000	925.160000	4000.000000	18000.000000	8000.000000	
261	Spectrogram 1	1	928.362000	928.424000	4000.000000	18000.000000	8000.000000	
262	Spectrogram 1	1	933.240000	933.386000	4000.000000	18000.000000	8000.000000	
263	Spectrogram 1	1	940.074000	940.166000	4000.000000	18000.000000	8000.000000	
264	Spectrogram 1	1	940.236000	940.298000	4000.000000	18000.000000	8000.000000	
265	Spectrogram 1	1	951.762000	951.974000	4000.000000	18000.000000	8000.000000	
266	Spectrogram 1	1	953.994000	954.290000	4000.000000	18000.000000	8000.000000	
267	Spectrogram 1	1	957.204000	957.374000	4000.000000	18000.000000	8000.000000	
268	Spectrogram 1	1	957.528000	958.010000	4000.000000	18000.000000	8000.000000	
269	Spectrogram 1	1	961.608000	961.748000	4000.000000	18000.000000	8000.000000	
270	Spectrogram 1	1	965.352000	965.978000	4000.000000	18000.000000	8000.000000	
271	Spectrogram 1	1	969.228000	969.476000	4000.000000	18000.000000	8000.000000	
272	Spectrogram 1	1	971.910000	972.872000	4000.000000	18000.000000	8000.000000	
273	Spectrogram 1	1	977.514000	977.660000	4000.000000	18000.000000	8000.000000	
274	Spectrogram 1	1	981.828000	983.480000	4000.000000	18000.000000	8000.000000	
275	Spectrogram 1	1	989.166000	989.396000	4000.000000	18000.000000	8000.000000	
276	Spectrogram 1	1	992.346000	992.516000	4000.000000	18000.000000	8000.000000	
277	Spectrogram 1	1	1002.886000	1003.128000	4000.000000	18000.000000	8000.000000	
278	Spectrogram 1	1	1003.354000	1004.154000	4000.000000	18000.000000	8000.000000	
279	Spectrogram 1	1	1011.106000	1011.300000	4000.000000	18000.000000	8000.000000	
280	Spectrogram 1	1	1014.442000	1014.570000	4000.000000	18000.000000	8000.000000	
281	Spectrogram 1	1	1014.622000	1014.666000	4000.000000	18000.000000	8000.000000	
282	Spectrogram 1	1	1019.920000	1020.984000	4000.000000	18000.000000	8000.000000	
283	Spectrogram 1	1	1032.130000	1032.348000	4000.000000	18000.000000	8000.000000	
284	Spectrogram 1	1	1035.514000	1035.948000	4000.000000	18000.000000	8000.000000	
285	Spectrogram 1	1	1038.880000	1039.098000	4000.000000	18000.000000	8000.000000	
286	Spectrogram 1	1	1045.894000	1045.998000	4000.000000	18000.000000	8000.000000	
287	Spectrogram 1	1	1046.164000	1046.886000	4000.000000	18000.000000	8000.000000	
288	Spectrogram 1	1	1059.232000	1059.552000	4000.000000	18000.000000	8000.000000	
289	Spectrogram 1	1	1062.154000	1062.450000	4000.000000	18000.000000	8000.000000	
290	Spectrogram 1	1	1062.586000	1062.936000	4000.000000	18000.000000	8000.000000	
291	Spectrogram 1	1	1071.898000	1072.020000	4000.000000	18000.000000	8000.000000	
292	Spectrogram 1	1	1075.384000	1075.674000	4000.000000	18000.000000	8000.000000	
293	Spectrogram 1	1	1082.464000	1082.514000	4000.000000	18000.000000	8000.000000	
294	Spectrogram 1	1	1082.602000	1082.670000	4000.000000	18000.000000	8000.000000	
295	Spectrogram 1	1	1082.740000	1082.814000	4000.000000	18000.000000	8000.000000	
296	Spectrogram 1	1	1082.866000	1082.952000	4000.000000	18000.000000	8000.000000	
297	Spectrogram 1	1	1082.998000	1083.078000	4000.000000	18000.000000	8000.000000	
298	Spectrogram 1	1	1083.124000	1083.222000	4000.000000	18000.000000	8000.000000	
299	Spectrogram 1	1	1083.262000	1083.330000	4000.000000	18000.000000	8000.000000	
300	Spectrogram 1	1	1083.382000	1083.432000	4000.000000	18000.000000	8000.000000	
301	Spectrogram 1	1	1090.048000	1090.356000	4000.000000	18000.000000	8000.000000	
302	Spectrogram 1	1	1092.964000	1093.092000	4000.000000	18000.000000	8000.000000	
303	Spectrogram 1	1	1096.786000	1096.968000	4000.000000	18000.000000	8000.000000	
304	Spectrogram 1	1	1100.186000	1101.196000	4000.000000	18000.000000	8000.000000	
305	Spectrogram 1	1	1112.366000	1112.638000	4000.000000	18000.000000	8000.000000	
306	Spectrogram 1	1	1121.108000	1121.290000	4000.000000	18000.000000	8000.000000	
307	Spectrogram 1	1	1130.564000	1130.728000	4000.000000	18000.000000	8000.000000	
308	Spectrogram 1	1	1136.846000	1137.070000	4000.000000	18000.000000	8000.000000	
309	Spectrogram 1	1	1142.624000	1143.592000	4000.000000	18000.000000	8000.000000	
310	Spectrogram 1	1	1162.022000	1162.108000	4000.000000	18000.000000	8000.000000	
311	Spectrogram 1	1	1173.158000	1173.376000	4000.000000	18000.000000	8000.000000	
312	Spectrogram 1	1	1175.282000	1176.262000	4000.000000	18000.000000	8000.000000	
313	Spectrogram 1	1	1179.548000	1179.742000	4000.000000	18000.000000	8000.000000	
314	Spectrogram 1	1	1183.790000	1183.906000	4000.000000	18000.000000	8000.000000	
315	Spectrogram 1	1	1190.162000	1190.242000	4000.000000	18000.000000	8000.000000	
316	Spectrogram 1	1	1190.498000	1191.148000	4000.000000	18000.000000	8000.000000	
317	Spectrogram 1	1	1196.000000	1196.110000	4000.000000	18000.000000	8000.000000	
318	Spectrogram 1	1	1196.336000	1196.986000	4000.000000	18000.000000	8000.000000	
319	Spectrogram 1	1	1207.980000	1208.072000	4000.000000	18000.000000	8000.000000	
320	Spectrogram 1	1	1216.242000	1216.424000	4000.000000	18000.000000	8000.000000	
321	Spectrogram 1	1	1217.808000	1218.086000	4000.000000	18000.000000	8000.000000	
322	Spectrogram 1	1	1221.474000	1221.740000	4000.000000	18000.000000	8000.000000	
323	Spectrogram 1	1	1228.962000	1229.060000	4000.000000	18000.000000	8000.000000	
324	Spectrogram 1	1	1234.476000	1234.712000	4000.000000	18000.000000	8000.000000	
325	Spectrogram 1	1	1236.000000	1236.296000	4000.000000	18000.000000	8000.000000	
326	Spectrogram 1	1	1242.912000	1243.082000	4000.000000	18000.000000	8000.000000	
327	Spectrogram 1	1	1244.220000	1245.188000	4000.000000	18000.000000	8000.000000	
328	Spectrogram 1	1	1251.468000	1252.532000	4000.000000	18000.000000	8000.000000	
329	Spectrogram 1	1	1257.756000	1258.028000	4000.000000	18000.000000	8000.000000	
330	Spectrogram 1	1	1259.388000	1259.714000	4000.000000	18000.000000	8000.000000	
331	Spectrogram 1	1	1261.884000	1261.952000	4000.000000	18000.000000	8000.000000	
332	Spectrogram 1	1	1262.034000	1262.108000	4000.000000	18000.000000	8000.000000	
333	Spectrogram 1	1	1262.178000	1262.246000	4000.000000	18000.000000	8000.000000	
334	Spectrogram 1	1	1262.304000	1262.384000	4000.000000	18000.000000	8000.000000	
335	Spectrogram 1	1	1262.442000	1262.540000	4000.000000	18000.000000	8000.000000	
336	Spectrogram 1	1	1262.568000	1262.660000	4000.000000	18000.000000	8000.000000	
337	Spectrogram 1	1	1262.718000	1262.786000	4000.000000	18000.000000	8000.000000	
338	Spectrogram 1	1	1266.192000	1266.536000	4000.000000	18000.000000	8000.000000	
339	Spectrogram 1	1	1269.846000	1270.088000	4000.000000	18000.000000	8000.000000	
340	Spectrogram 1	1	1274.040000	1274.210000	4000.000000	18000.000000	8000.000000	
341	Spectrogram 1	1	1281.462000	1281.656000	4000.000000	18000.000000	8000.000000	
342	Spectrogram 1	1	1288.830000	1288.940000	4000.000000	18000.000000	8000.000000	
343	Spectrogram 1	1	1293.402000	1293.620000	4000.000000	18000.000000	8000.000000	
344	Spectrogram 1	1	1303.672000	1303.836000	4000.000000	18000.000000	8000.000000	
345	Spectrogram 1	1	1304.020000	1304.646000	4000.000000	18000.000000	8000.000000	
346	Spectrogram 1	1	1309.978000	1310.100000	4000.000000	18000.000000	8000.000000	
347	Spectrogram 1	1	1317.298000	1317.630000	4000.000000	18000.000000	8000.000000	
348	Spectrogram 1	1	1319.110000	1319.454000	4000.000000	18000.000000	8000.000000	
349	Spectrogram 1	1	1322.536000	1322.808000	4000.000000	18000.000000	8000.000000	
350	Spectrogram 1	1	1327.876000	1328.868000	4000.000000	18000.000000	8000.000000	
351	Spectrogram 1	1	1332.592000	1332.756000	4000.000000	18000.000000	8000.000000	
352	Spectrogram 1	1	1339.300000	1339.464000	4000.000000	18000.000000	8000.000000	
353	Spectrogram 1	1	1346.146000	1346.874000	4000.000000	18000.000000	8000.000000	
354	Spectrogram 1	1	1357.426000	1357.626000	4000.000000	18000.000000	8000.000000	
355	Spectrogram 1	1	1358.914000	1359.270000	4000.000000	18000.000000	8000.000000	
356	Spectrogram 1	1	1372.366000	1372.614000	4000.000000	18000.000000	8000.000000	
357	Spectrogram 1	1	1372.666000	1373.370000	4000.000000	18000.000000	8000.000000	
358	Spectrogram 1	1	1382.770000	1383.510000	4000.000000	18000.000000	8000.000000	
359	Spectrogram 1	1	1386.442000	1386.654000	4000.000000	18000.000000	8000.000000	
360	Spectrogram 1	1	1392.916000	1393.044000	4000.000000	18000.000000	8000.000000	
361	Spectrogram 1	1	1393.108000	1393.176000	4000.000000	18000.000000	8000.000000	
362	Spectrogram 1	1	1393.246000	1393.332000	4000.000000	18000.000000	8000.000000	
363	Spectrogram 1	1	1393.384000	1393.470000	4000.000000	18000.000000	8000.000000	
364	Spectrogram 1	1	1393.492000	1393.602000	4000.000000	18000.000000	8000.000000	
365	Spectrogram 1	1	1393.618000	1393.704000	4000.000000	18000.000000	8000.000000	
366	Spectrogram 1	1	1393.786000	1393.818000	4000.000000	18000.000000	8000.000000	
367	Spectrogram 1	1	1397.092000	1397.412000	4000.000000	18000.000000	8000.000000	
368	Spectrogram 1	1	1414.688000	1414.930000	4000.000000	18000.000000	8000.000000	
369	Spectrogram 1	1	1417.910000	1418.146000	4000.000000	18000.000000	8000.000000	
370	Spectrogram 1	1	1425.098000	1425.196000	4000.000000	18000.000000	8000.000000	
371	Spectrogram 1	1	1425.236000	1425.316000	4000.000000	18000.000000	8000.000000	
372	Spectrogram 1	1	1425.380000	1425.436000	4000.000000	18000.000000	8000.000000	
373	Spectrogram 1	1	1425.518000	1425.592000	4000.000000	18000.000000	8000.000000	
374	Spectrogram 1	1	1425.650000	1425.718000	4000.000000	18000.000000	8000.000000	
375	Spectrogram 1	1	1425.782000	1425.868000	4000.000000	18000.000000	8000.000000	
376	Spectrogram 1	1	1425.914000	1425.988000	4000.000000	18000.000000	8000.000000	
377	Spectrogram 1	1	1426.058000	1426.150000	4000.000000	18000.000000	8000.000000	
378	Spectrogram 1	1	1431.206000	1431.280000	4000.000000	18000.000000	8000.000000	
379	Spectrogram 1	1	1431.386000	1431.448000	4000.000000	18000.000000	8000.000000	
380	Spectrogram 1	1	1431.542000	1431.622000	4000.000000	18000.000000	8000.000000	
381	Spectrogram 1	1	1431.698000	1431.766000	4000.000000	18000.000000	8000.000000	
382	Spectrogram 1	1	1431.842000	1431.922000	4000.000000	18000.000000	8000.000000	
383	Spectrogram 1	1	1431.992000	1432.078000	4000.000000	18000.000000	8000.000000	
384	Spectrogram 1	1	1432.130000	1432.222000	4000.000000	18000.000000	8000.000000	
385	Spectrogram 1	1	1432.280000	1432.366000	4000.000000	18000.000000	8000.000000	
386	Spectrogram 1	1	1432.430000	1432.516000	4000.000000	18000.000000	8000.000000	
387	Spectrogram 1	1	1436.564000	1436.902000	4000.000000	18000.000000	8000.000000	
388	Spectrogram 1	1	1440.158000	1440.466000	4000.000000	18000.000000	8000.000000	
389	Spectrogram 1	1	1444.076000	1444.384000	4000.000000	18000.000000	8000.000000	
390	Spectrogram 1	1	1446.908000	1447.180000	4000.000000	18000.000000	8000.000000	
391	Spectrogram 1	1	1447.382000	1448.098000	4000.000000	18000.000000	8000.000000	
392	Spectrogram 1	1	1454.798000	1455.010000	4000.000000	18000.000000	8000.000000	
393	Spectrogram 1	1	1482.578000	1482.814000	4000.000000	18000.000000	8000.000000	
394	Spectrogram 1	1	1486.754000	1487.032000	4000.000000	18000.000000	8000.000000	
395	Spectrogram 1	1	1490.024000	1490.506000	4000.000000	18000.000000	8000.000000	
396	Spectrogram 1	1	1504.266000	1504.400000	4000.000000	18000.000000	8000.000000	
397	Spectrogram 1	1	1504.542000	1505.246000	4000.000000	18000.000000	8000.000000	
398	Spectrogram 1	1	1518.966000	1519.172000	4000.000000	18000.000000	8000.000000	
399	Spectrogram 1	1	1531.632000	1531.826000	4000.000000	18000.000000	8000.000000	
400	Spectrogram 1	1	1535.304000	1535.630000	4000.000000	18000.000000	8000.000000	
401	Spectrogram 1	1	1543.548000	1543.796000	4000.000000	18000.000000	8000.000000	
402	Spectrogram 1	1	1546.296000	1546.622000	4000.000000	18000.000000	8000.000000	
403	Spectrogram 1	1	1546.788000	1547.294000	4000.000000	18000.000000	8000.000000	
404	Spectrogram 1	1	1553.508000	1553.612000	4000.000000	18000.000000	8000.000000	
405	Spectrogram 1	1	1557.810000	1558.016000	4000.000000	18000.000000	8000.000000	
406	Spectrogram 1	1	1560.714000	1560.824000	4000.000000	18000.000000	8000.000000	
407	Spectrogram 1	1	1561.062000	1561.262000	4000.000000	18000.000000	8000.000000	
408	Spectrogram 1	1	1561.350000	1561.418000	4000.000000	18000.000000	8000.000000	
409	Spectrogram 1	1	1567.692000	1567.898000	4000.000000	18000.000000	8000.000000	
410	Spectrogram 1	1	1568.142000	1568.870000	4000.000000	18000.000000	8000.000000	
411	Spectrogram 1	1	1577.286000	1577.648000	4000.000000	18000.000000	8000.000000	
412	Spectrogram 1	1	1580.514000	1580.720000	4000.000000	18000.000000	8000.000000	
413	Spectrogram 1	1	1586.940000	1587.224000	4000.000000	18000.000000	8000.000000	
414	Spectrogram 1	1	1592.976000	1593.224000	4000.000000	18000.000000	8000.000000	
415	Spectrogram 1	1	1595.964000	1596.356000	4000.000000	18000.000000	8000.000000	
416	Spectrogram 1	1	1605.658000	1605.870000	4000.000000	18000.000000	8000.000000	
417	Spectrogram 1	1	1606.012000	1606.770000	4000.000000	18000.000000	8000.000000	
418	Spectrogram 1	1	1617.268000	1617.636000	4000.000000	18000.000000	8000.000000	
419	Spectrogram 1	1	1619.182000	1619.430000	4000.000000	18000.000000	8000.000000	
420	Spectrogram 1	1	1620.850000	1621.290000	4000.000000	18000.000000	8000.000000	
421	Spectrogram 1	1	1622.608000	1622.658000	4000.000000	18000.000000	8000.000000	
422	Spectrogram 1	1	1622.764000	1622.826000	4000.000000	18000.000000	8000.000000	
423	Spectrogram 1	1	1622.896000	1622.964000	4000.000000	18000.000000	8000.000000	
424	Spectrogram 1	1	1623.040000	1623.096000	4000.000000	18000.000000	8000.000000	
425	Spectrogram 1	1	1623.166000	1623.228000	4000.000000	18000.000000	8000.000000	
426	Spectrogram 1	1	1623.292000	1623.360000	4000.000000	18000.000000	8000.000000	
427	Spectrogram 1	1	1623.418000	1623.492000	4000.000000	18000.000000	8000.000000	
428	Spectrogram 1	1	1623.532000	1623.612000	4000.000000	18000.000000	8000.000000	
429	Spectrogram 1	1	1623.676000	1623.732000	4000.000000	18000.000000	8000.000000	
430	Spectrogram 1	1	1630.318000	1630.470000	4000.000000	18000.000000	8000.000000	
431	Spectrogram 1	1	1632.334000	1632.474000	4000.000000	18000.000000	8000.000000	
432	Spectrogram 1	1	1635.352000	1635.594000	4000.000000	18000.000000	8000.000000	
433	Spectrogram 1	1	1642.030000	1642.194000	4000.000000	18000.000000	8000.000000	
434	Spectrogram 1	1	1642.432000	1643.082000	4000.000000	18000.000000	8000.000000	
435	Spectrogram 1	1	1650.964000	1651.086000	4000.000000	18000.000000	8000.000000	
436	Spectrogram 1	1	1651.534000	1651.800000	4000.000000	18000.000000	8000.000000	
437	Spectrogram 1	1	1655.704000	1655.958000	4000.000000	18000.000000	8000.000000	
438	Spectrogram 1	1	1668.856000	1669.104000	4000.000000	18000.000000	8000.000000	
439	Spectrogram 1	1	1672.618000	1672.662000	4000.000000	18000.000000	8000.000000	
440	Spectrogram 1	1	1672.774000	1672.836000	4000.000000	18000.000000	8000.000000	
441	Spectrogram 1	1	1672.918000	1672.992000	4000.000000	18000.000000	8000.000000	
442	Spectrogram 1	1	1673.062000	1673.130000	4000.000000	18000.000000	8000.000000	
443	Spectrogram 1	1	1673.194000	1673.268000	4000.000000	18000.000000	8000.000000	
444	Spectrogram 1	1	1673.326000	1673.412000	4000.000000	18000.000000	8000.000000	
445	Spectrogram 1	1	1673.458000	1673.544000	4000.000000	18000.000000	8000.000000	
446	Spectrogram 1	1	1673.620000	1673.664000	4000.000000	18000.000000	8000.000000	
447	Spectrogram 1	1	1677.244000	1677.648000	4000.000000	18000.000000	8000.000000	
448	Spectrogram 1	1	1682.188000	1683.306000	4000.000000	18000.000000	8000.000000	
449	Spectrogram 1	1	1687.492000	1687.740000	4000.000000	18000.000000	8000.000000	
450	Spectrogram 1	1	1690.408000	1691.406000	4000.000000	18000.000000	8000.000000	
451	Spectrogram 1	1	1699.528000	1699.698000	4000.000000	18000.000000	8000.000000	
452	Spectrogram 1	1	1701.038000	1701.910000	4000.000000	18000.000000	8000.000000	
453	Spectrogram 1	1	1705.268000	1705.366000	4000.000000	18000.000000	8000.000000	
454	Spectrogram 1	1	1705.652000	1705.774000	4000.000000	18000.000000	8000.000000	
455	Spectrogram 1	1	1708.244000	1708.570000	4000.000000	18000.000000	8000.000000	
456	Spectrogram 1	1	1712.798000	1712.866000	4000.000000	18000.000000	8000.000000	
457	Spectrogram 1	1	1715.786000	1716.142000	4000.000000	18000.000000	8000.000000	
458	Spectrogram 1	1	1718.852000	1718.932000	4000.000000	18000.000000	8000.000000	
459	Spectrogram 1	1	1721.210000	1722.298000	4000.000000	18000.000000	8000.000000	
460	Spectrogram 1	1	1724.732000	1725.040000	4000.000000	18000.000000	8000.000000	
461	Spectrogram 1	1	1726.166000	1727.236000	4000.000000	18000.000000	8000.000000	
462	Spectrogram 1	1	1735.406000	1735.660000	4000.000000	18000.000000	8000.000000	
463	Spectrogram 1	1	1738.094000	1739.194000	4000.000000	18000.000000	8000.000000	
464	Spectrogram 1	1	1744.094000	1744.306000	4000.000000	18000.000000	8000.000000	
465	Spectrogram 1	1	1747.154000	1748.296000	4000.000000	18000.000000	8000.000000	
466	Spectrogram 1	1	1751.930000	1752.130000	4000.000000	18000.000000	8000.000000	
467	Spectrogram 1	1	1765.058000	1766.026000	4000.000000	18000.000000	8000.000000	
468	Spectrogram 1	1	1771.682000	1771.966000	4000.000000	18000.000000	8000.000000	
469	Spectrogram 1	1	1780.490000	1780.828000	4000.000000	18000.000000	8000.000000	
470	Spectrogram 1	1	1783.124000	1783.174000	4000.000000	18000.000000	8000.000000	
471	Spectrogram 1	1	1783.250000	1783.294000	4000.000000	18000.000000	8000.000000	
472	Spectrogram 1	1	1783.370000	1783.426000	4000.000000	18000.000000	8000.000000	
473	Spectrogram 1	1	1786.556000	1786.834000	4000.000000	18000.000000	8000.000000	
474	Spectrogram 1	1	1790.480000	1791.346000	4000.000000	18000.000000	8000.000000	
475	Spectrogram 1	1	1794.074000	1794.148000	4000.000000	18000.000000	8000.000000	
476	Spectrogram 1	1	1794.212000	1794.286000	4000.000000	18000.000000	8000.000000	
477	Spectrogram 1	1	1794.344000	1794.418000	4000.000000	18000.000000	8000.000000	
478	Spectrogram 1	1	1794.476000	1794.556000	4000.000000	18000.000000	8000.000000	
479	Spectrogram 1	1	1794.596000	1794.682000	4000.000000	18000.000000	8000.000000	
480	Spectrogram 1	1	1800.270000	1800.572000	4000.000000	18000.000000	8000.000000	
481	Spectrogram 1	1	1802.346000	1803.614000	4000.000000	18000.000000	8000.000000	
482	Spectrogram 1	1	1814.346000	1814.420000	4000.000000	18000.000000	8000.000000	
483	Spectrogram 1	1	1816.182000	1817.102000	4000.000000	18000.000000	8000.000000	
484	Spectrogram 1	1	1824.120000	1824.350000	4000.000000	18000.000000	8000.000000	
485	Spectrogram 1	1	1830.840000	1831.034000	4000.000000	18000.000000	8000.000000	
486	Spectrogram 1	1	1833.288000	1834.298000	4000.000000	18000.000000	8000.000000	
487	Spectrogram 1	1	1836.648000	1836.920000	4000.000000	18000.000000	8000.000000	
488	Spectrogram 1	1	1838.790000	1840.064000	4000.000000	18000.000000	8000.000000	
489	Spectrogram 1	1	1846.122000	1846.514000	4000.000000	18000.000000	8000.000000	
490	Spectrogram 1	1	1858.170000	1858.364000	4000.000000	18000.000000	8000.000000	
491	Spectrogram 1	1	1860.588000	1861.694000	4000.000000	18000.000000	8000.000000	
492	Spectrogram 1	1	1866.696000	1866.890000	4000.000000	18000.000000	8000.000000	
493	Spectrogram 1	1	1867.668000	1868.774000	4000.000000	18000.000000	8000.000000	
494	Spectrogram 1	1	1878.708000	1878.980000	4000.000000	18000.000000	8000.000000	
495	Spectrogram 1	1	1880.370000	1880.768000	4000.000000	18000.000000	8000.000000	
496	Spectrogram 1	1	1887.924000	1887.980000	4000.000000	18000.000000	8000.000000	
497	Spectrogram 1	1	1888.068000	1888.148000	4000.000000	18000.000000	8000.000000	
498	Spectrogram 1	1	1888.206000	1888.268000	4000.000000	18000.000000	8000.000000	
499	Spectrogram 1	1	1888.350000	1888.424000	4000.000000	18000.000000	8000.000000	
500	Spectrogram 1	1	1888.488000	1888.562000	4000.000000	18000.000000	8000.000000	
501	Spectrogram 1	1	1888.608000	1888.688000	4000.000000	18000.000000	8000.000000	
502	Spectrogram 1	1	1888.740000	1888.820000	4000.000000	18000.000000	8000.000000	
503	Spectrogram 1	1	1888.890000	1888.946000	4000.000000	18000.000000	8000.000000	
504	Spectrogram 1	1	1891.782000	1892.156000	4000.000000	18000.000000	8000.000000	
505	Spectrogram 1	1	1893.660000	1893.866000	4000.000000	18000.000000	8000.000000	
506	Spectrogram 1	1	1894.002000	1894.706000	4000.000000	18000.000000	8000.000000	
507	Spectrogram 1	1	1898.682000	1898.834000	4000.000000	18000.000000	8000.000000	
508	Spectrogram 1	1	1902.472000	1902.870000	4000.000000	18000.000000	8000.000000	
509	Spectrogram 1	1	1907.776000	1907.952000	4000.000000	18000.000000	8000.000000	
510	Spectrogram 1	1	1912.378000	1912.470000	4000.000000	18000.000000	8000.000000	
511	Spectrogram 1	1	1918.378000	1918.674000	4000.000000	18000.000000	8000.000000	
512	Spectrogram 1	1	1926.934000	1927.110000	4000.000000	18000.000000	8000.000000	
513	Spectrogram 1	1	1927.156000	1927.986000	4000.000000	18000.000000	8000.000000	
514	Spectrogram 1	1	1939.528000	1939.698000	4000.000000	18000.000000	8000.000000	
515	Spectrogram 1	1	1939.852000	1940.280000	4000.000000	18000.000000	8000.000000	
516	Spectrogram 1	1	1945.996000	1946.124000	4000.000000	18000.000000	8000.000000	
517	Spectrogram 1	1	1950.418000	1950.480000	4000.000000	18000.000000	8000.000000	
518	Spectrogram 1	1	1950.586000	1950.960000	4000.000000	18000.000000	8000.000000	
519	Spectrogram 1	1	1951.018000	1951.134000	4000.000000	18000.000000	8000.000000	
520	Spectrogram 1	1	1951.270000	1951.368000	4000.000000	18000.000000	8000.000000	
521	Spectrogram 1	1	1954.876000	1954.974000	4000.000000	18000.000000	8000.000000	
522	Spectrogram 1	1	1955.134000	1955.466000	4000.000000	18000.000000	8000.000000	
523	Spectrogram 1	1	1955.536000	1955.664000	4000.000000	18000.000000	8000.000000	
524	Spectrogram 1	1	1962.124000	1962.324000	4000.000000	18000.000000	8000.000000	
525	Spectrogram 1	1	1963.324000	1964.580000	4000.000000	18000.000000	8000.000000	
526	Spectrogram 1	1	1968.940000	1969.326000	4000.000000	18000.000000	8000.000000	
527	Spectrogram 1	1	1973.728000	1974.048000	4000.000000	18000.000000	8000.000000	
528	Spectrogram 1	1	1978.858000	1979.244000	4000.000000	18000.000000	8000.000000	
529	Spectrogram 1	1	1979.380000	1980.156000	4000.000000	18000.000000	8000.000000	
530	Spectrogram 1	1	1986.856000	1987.044000	4000.000000	18000.000000	8000.000000	
531	Spectrogram 1	1	1996.078000	1996.254000	4000.000000	18000.000000	8000.000000	
532	Spectrogram 1	1	1996.570000	1997.118000	4000.000000	18000.000000	8000.000000	
533	Spectrogram 1	1	2004.602000	2004.826000	4000.000000	18000.000000	8000.000000	
534	Spectrogram 1	1	2009.204000	2010.346000	4000.000000	18000.000000	8000.000000	
535	Spectrogram 1	1	2018.342000	2018.566000	4000.000000	18000.000000	8000.000000	
536	Spectrogram 1	1	2027.300000	2027.332000	4000.000000	18000.000000	8000.000000	
537	Spectrogram 1	1	2027.396000	2027.518000	4000.000000	18000.000000	8000.000000	
538	Spectrogram 1	1	2027.576000	2027.638000	4000.000000	18000.000000	8000.000000	
539	Spectrogram 1	1	2027.708000	2027.932000	4000.000000	18000.000000	8000.000000	
540	Spectrogram 1	1	2027.978000	2028.094000	4000.000000	18000.000000	8000.000000	
541	Spectrogram 1	1	2029.514000	2029.828000	4000.000000	18000.000000	8000.000000	
542	Spectrogram 1	1	2030.972000	2031.190000	4000.000000	18000.000000	8000.000000	
543	Spectrogram 1	1	2033.966000	2034.190000	4000.000000	18000.000000	8000.000000	
544	Spectrogram 1	1	2040.200000	2040.262000	4000.000000	18000.000000	8000.000000	
545	Spectrogram 1	1	2040.368000	2040.442000	4000.000000	18000.000000	8000.000000	
546	Spectrogram 1	1	2040.506000	2040.586000	4000.000000	18000.000000	8000.000000	
547	Spectrogram 1	1	2040.650000	2040.742000	4000.000000	18000.000000	8000.000000	
548	Spectrogram 1	1	2040.788000	2040.874000	4000.000000	18000.000000	8000.000000	
549	Spectrogram 1	1	2040.908000	2041.006000	4000.000000	18000.000000	8000.000000	
550	Spectrogram 1	1	2041.034000	2041.156000	4000.000000	18000.000000	8000.000000	
551	Spectrogram 1	1	2041.190000	2041.270000	4000.000000	18000.000000	8000.000000	
552	Spectrogram 1	1	2062.994000	2063.314000	4000.000000	18000.000000	8000.000000	
553	Spectrogram 1	1	2071.820000	2071.936000	4000.000000	18000.000000	8000.000000	
554	Spectrogram 1	1	2074.250000	2074.498000	4000.000000	18000.000000	8000.000000	
555	Spectrogram 1	1	2077.970000	2078.206000	4000.000000	18000.000000	8000.000000	
556	Spectrogram 1	1	2080.538000	2080.852000	4000.000000	18000.000000	8000.000000	
557	Spectrogram 1	1	2082.434000	2082.940000	4000.000000	18000.000000	8000.000000	
558	Spectrogram 1	1	2085.764000	2086.060000	4000.000000	18000.000000	8000.000000	
559	Spectrogram 1	1	2100.936000	2101.082000	4000.000000	18000.000000	8000.000000	
560	Spectrogram 1	1	2101.260000	2101.976000	4000.000000	18000.000000	8000.000000	
561	Spectrogram 1	1	2108.388000	2109.536000	4000.000000	18000.000000	8000.000000	
562	Spectrogram 1	1	2129.118000	2129.186000	4000.000000	18000.000000	8000.000000	
563	Spectrogram 1	1	2131.674000	2132.024000	4000.000000	18000.000000	8000.000000	
564	Spectrogram 1	1	2134.158000	2134.412000	4000.000000	18000.000000	8000.000000	
565	Spectrogram 1	1	2138.574000	2138.786000	4000.000000	18000.000000	8000.000000	
566	Spectrogram 1	1	2144.106000	2144.498000	4000.000000	18000.000000	8000.000000	
567	Spectrogram 1	1	2145.432000	2145.470000	4000.000000	18000.000000	8000.000000	
568	Spectrogram 1	1	2145.576000	2145.650000	4000.000000	18000.000000	8000.000000	
569	Spectrogram 1	1	2145.726000	2145.800000	4000.000000	18000.000000	8000.000000	
570	Spectrogram 1	1	2145.858000	2145.932000	4000.000000	18000.000000	8000.000000	
571	Spectrogram 1	1	2145.984000	2146.076000	4000.000000	18000.000000	8000.000000	
572	Spectrogram 1	1	2146.122000	2146.208000	4000.000000	18000.000000	8000.000000	
573	Spectrogram 1	1	2146.254000	2146.364000	4000.000000	18000.000000	8000.000000	
574	Spectrogram 1	1	2146.392000	2146.472000	4000.000000	18000.000000	8000.000000	
575	Spectrogram 1	1	2151.348000	2151.638000	4000.000000	18000.000000	8000.000000	
576	Spectrogram 1	1	2155.170000	2155.334000	4000.000000	18000.000000	8000.000000	
577	Spectrogram 1	1	2158.698000	2159.780000	4000.000000	18000.000000	8000.000000	
578	Spectrogram 1	1	2167.716000	2167.850000	4000.000000	18000.000000	8000.000000	
579	Spectrogram 1	1	2171.070000	2171.264000	4000.000000	18000.000000	8000.000000	
580	Spectrogram 1	1	2171.424000	2172.002000	4000.000000	18000.000000	8000.000000	
581	Spectrogram 1	1	2176.788000	2176.952000	4000.000000	18000.000000	8000.000000	
582	Spectrogram 1	1	2188.050000	2188.244000	4000.000000	18000.000000	8000.000000	
583	Spectrogram 1	1	2205.046000	2205.300000	4000.000000	18000.000000	8000.000000	
584	Spectrogram 1	1	2211.178000	2211.546000	4000.000000	18000.000000	8000.000000	
585	Spectrogram 1	1	2212.504000	2212.830000	4000.000000	18000.000000	8000.000000	
586	Spectrogram 1	1	2215.828000	2216.136000	4000.000000	18000.000000	8000.000000	
587	Spectrogram 1	1	2219.242000	2219.580000	4000.000000	18000.000000	8000.000000	
588	Spectrogram 1	1	2228.236000	2228.370000	4000.000000	18000.000000	8000.000000	
589	Spectrogram 1	1	2245.366000	2245.584000	4000.000000	18000.000000	8000.000000	
590	Spectrogram 1	1	2248.822000	2248.956000	4000.000000	18000.000000	8000.000000	
591	Spectrogram 1	1	2256.298000	2256.510000	4000.000000	18000.000000	8000.000000	
592	Spectrogram 1	1	2256.604000	2257.278000	4000.000000	18000.000000	8000.000000	
593	Spectrogram 1	1	2263.384000	2263.608000	4000.000000	18000.000000	8000.000000	
594	Spectrogram 1	1	2270.872000	2271.798000	4000.000000	18000.000000	8000.000000	
595	Spectrogram 1	1	2274.802000	2274.876000	4000.000000	18000.000000	8000.000000	
596	Spectrogram 1	1	2275.336000	2275.404000	4000.000000	18000.000000	8000.000000	
597	Spectrogram 1	1	2280.196000	2280.486000	4000.000000	18000.000000	8000.000000	
598	Spectrogram 1	1	2283.286000	2284.290000	4000.000000	18000.000000	8000.000000	
599	Spectrogram 1	1	2298.004000	2298.186000	4000.000000	18000.000000	8000.000000	
600	Spectrogram 1	1	2301.734000	2302.018000	4000.000000	18000.000000	8000.000000	
601	Spectrogram 1	1	2304.494000	2305.780000	4000.000000	18000.000000	8000.000000	
602	Spectrogram 1	1	2309.792000	2310.040000	4000.000000	18000.000000	8000.000000	
603	Spectrogram 1	1	2314.478000	2314.504000	4000.000000	18000.000000	8000.000000	
604	Spectrogram 1	1	2314.628000	2314.684000	4000.000000	18000.000000	8000.000000	
605	Spectrogram 1	1	2314.772000	2314.828000	4000.000000	18000.000000	8000.000000	
606	Spectrogram 1	1	2314.904000	2314.966000	4000.000000	18000.000000	8000.000000	
607	Spectrogram 1	1	2315.030000	2315.110000	4000.000000	18000.000000	8000.000000	
608	Spectrogram 1	1	2315.168000	2315.248000	4000.000000	18000.000000	8000.000000	
609	Spectrogram 1	1	2315.300000	2315.368000	4000.000000	18000.000000	8000.000000	
610	Spectrogram 1	1	2315.426000	2315.512000	4000.000000	18000.000000	8000.000000	
611	Spectrogram 1	1	2315.588000	2315.620000	4000.000000	18000.000000	8000.000000	
612	Spectrogram 1	1	2319.554000	2319.832000	4000.000000	18000.000000	8000.000000	
613	Spectrogram 1	1	2321.972000	2322.298000	4000.000000	18000.000000	8000.000000	
614	Spectrogram 1	1	2327.900000	2328.100000	4000.000000	18000.000000	8000.000000	
615	Spectrogram 1	1	2328.212000	2328.922000	4000.000000	18000.000000	8000.000000	
616	Spectrogram 1	1	2335.598000	2335.714000	4000.000000	18000.000000	8000.000000	
617	Spectrogram 1	1	2335.940000	2336.572000	4000.000000	18000.000000	8000.000000	
618	Spectrogram 1	1	2354.198000	2354.320000	4000.000000	18000.000000	8000.000000	
619	Spectrogram 1	1	2354.588000	2355.238000	4000.000000	18000.000000	8000.000000	
620	Spectrogram 1	1	2359.076000	2359.456000	4000.000000	18000.000000	8000.000000	
621	Spectrogram 1	1	2362.562000	2362.822000	4000.000000	18000.000000	8000.000000	
622	Spectrogram 1	1	2365.520000	2366.500000	4000.000000	18000.000000	8000.000000	
623	Spectrogram 1	1	2375.036000	2375.248000	4000.000000	18000.000000	8000.000000	
624	Spectrogram 1	1	2375.348000	2376.148000	4000.000000	18000.000000	8000.000000	
625	Spectrogram 1	1	2388.782000	2388.970000	4000.000000	18000.000000	8000.000000	
626	Spectrogram 1	1	2392.658000	2392.858000	4000.000000	18000.000000	8000.000000	
627	Spectrogram 1	1	2397.392000	2397.604000	4000.000000	18000.000000	8000.000000	
628	Spectrogram 1	1	2397.872000	2398.480000	4000.000000	18000.000000	8000.000000	
629	Spectrogram 1	1	2397.866000	2398.480000	4000.000000	18000.000000	8000.000000	
630	Spectrogram 1	1	2401.356000	2401.466000	4000.000000	18000.000000	8000.000000	
631	Spectrogram 1	1	2404.290000	2404.406000	4000.000000	18000.000000	8000.000000	
632	Spectrogram 1	1	2408.622000	2408.810000	4000.000000	18000.000000	8000.000000	
633	Spectrogram 1	1	2416.872000	2416.958000	4000.000000	18000.000000	8000.000000	
634	Spectrogram 1	1	2427.156000	2427.404000	4000.000000	18000.000000	8000.000000	
635	Spectrogram 1	1	2429.658000	2429.834000	4000.000000	18000.000000	8000.000000	
636	Spectrogram 1	1	2434.914000	2434.988000	4000.000000	18000.000000	8000.000000	
637	Spectrogram 1	1	2443.860000	2444.048000	4000.000000	18000.000000	8000.000000	
638	Spectrogram 1	1	2446.602000	2447.966000	4000.000000	18000.000000	8000.000000	
639	Spectrogram 1	1	2459.310000	2459.354000	4000.000000	18000.000000	8000.000000	
640	Spectrogram 1	1	2459.430000	2459.486000	4000.000000	18000.000000	8000.000000	
641	Spectrogram 1	1	2459.556000	2459.612000	4000.000000	18000.000000	8000.000000	
642	Spectrogram 1	1	2459.676000	2459.744000	4000.000000	18000.000000	8000.000000	
643	Spectrogram 1	1	2459.802000	2459.876000	4000.000000	18000.000000	8000.000000	
644	Spectrogram 1	1	2459.934000	2459.996000	4000.000000	18000.000000	8000.000000	
645	Spectrogram 1	1	2460.072000	2460.140000	4000.000000	18000.000000	8000.000000	
646	Spectrogram 1	1	2460.210000	2460.296000	4000.000000	18000.000000	8000.000000	
647	Spectrogram 1	1	2460.348000	2460.416000	4000.000000	18000.000000	8000.000000	
648	Spectrogram 1	1	2460.480000	2460.572000	4000.000000	18000.000000	8000.000000	
649	Spectrogram 1	1	2460.618000	2460.692000	4000.000000	18000.000000	8000.000000	
650	Spectrogram 1	1	2463.822000	2464.220000	4000.000000	18000.000000	8000.000000	
651	Spectrogram 1	1	2467.488000	2467.874000	4000.000000	18000.000000	8000.000000	
652	Spectrogram 1	1	2473.368000	2473.730000	4000.000000	18000.000000	8000.000000	
653	Spectrogram 1	1	2485.380000	2485.430000	4000.000000	18000.000000	8000.000000	
654	Spectrogram 1	1	2485.530000	2485.598000	4000.000000	18000.000000	8000.000000	
655	Spectrogram 1	1	2485.686000	2485.754000	4000.000000	18000.000000	8000.000000	
656	Spectrogram 1	1	2485.824000	2485.910000	4000.000000	18000.000000	8000.000000	
657	Spectrogram 1	1	2485.956000	2486.048000	4000.000000	18000.000000	8000.000000	
658	Spectrogram 1	1	2486.106000	2486.168000	4000.000000	18000.000000	8000.000000	
659	Spectrogram 1	1	2486.250000	2486.330000	4000.000000	18000.000000	8000.000000	
660	Spectrogram 1	1	2486.394000	2486.618000	4000.000000	18000.000000	8000.000000	
661	Spectrogram 1	1	2489.418000	2489.816000	4000.000000	18000.000000	8000.000000	
662	Spectrogram 1	1	2491.440000	2491.658000	4000.000000	18000.000000	8000.000000	
663	Spectrogram 1	1	2492.952000	2493.014000	4000.000000	18000.000000	8000.000000	
664	Spectrogram 1	1	2493.102000	2493.182000	4000.000000	18000.000000	8000.000000	
665	Spectrogram 1	1	2493.258000	2493.338000	4000.000000	18000.000000	8000.000000	
666	Spectrogram 1	1	2493.402000	2493.482000	4000.000000	18000.000000	8000.000000	
667	Spectrogram 1	1	2493.534000	2493.602000	4000.000000	18000.000000	8000.000000	
668	Spectrogram 1	1	2493.672000	2493.746000	4000.000000	18000.000000	8000.000000	
669	Spectrogram 1	1	2493.804000	2493.890000	4000.000000	18000.000000	8000.000000	
670	Spectrogram 1	1	2497.776000	2498.078000	4000.000000	18000.000000	8000.000000	
671	Spectrogram 1	1	2502.916000	2503.032000	4000.000000	18000.000000	8000.000000	
672	Spectrogram 1	1	2504.482000	2505.390000	4000.000000	18000.000000	8000.000000	
673	Spectrogram 1	1	2511.106000	2512.212000	4000.000000	18000.000000	8000.000000	
674	Spectrogram 1	1	2518.588000	2518.776000	4000.000000	18000.000000	8000.000000	
675	Spectrogram 1	1	2523.694000	2525.880000	4000.000000	18000.000000	8000.000000	
676	Spectrogram 1	1	2530.156000	2530.416000	4000.000000	18000.000000	8000.000000	
677	Spectrogram 1	1	2532.748000	2532.894000	4000.000000	18000.000000	8000.000000	
678	Spectrogram 1	1	2535.694000	2535.930000	4000.000000	18000.000000	8000.000000	
679	Spectrogram 1	1	2542.336000	2542.434000	4000.000000	18000.000000	8000.000000	
680	Spectrogram 1	1	2546.584000	2546.688000	4000.000000	18000.000000	8000.000000	
681	Spectrogram 1	1	2548.480000	2549.418000	4000.000000	18000.000000	8000.000000	
682	Spectrogram 1	1	2552.752000	2553.864000	4000.000000	18000.000000	8000.000000	
683	Spectrogram 1	1	2563.330000	2563.578000	4000.000000	18000.000000	8000.000000	
684	Spectrogram 1	1	2565.040000	2565.096000	4000.000000	18000.000000	8000.000000	
685	Spectrogram 1	1	2565.418000	2565.708000	4000.000000	18000.000000	8000.000000	
686	Spectrogram 1	1	2567.446000	2568.234000	4000.000000	18000.000000	8000.000000	
687	Spectrogram 1	1	2572.810000	2572.860000	4000.000000	18000.000000	8000.000000	
688	Spectrogram 1	1	2573.368000	2573.430000	4000.000000	18000.000000	8000.000000	
689	Spectrogram 1	1	2580.442000	2580.642000	4000.000000	18000.000000	8000.000000	
690	Spectrogram 1	1	2584.660000	2584.752000	4000.000000	18000.000000	8000.000000	
691	Spectrogram 1	1	2590.318000	2590.560000	4000.000000	18000.000000	8000.000000	
692	Spectrogram 1	1	2592.034000	2592.870000	4000.000000	18000.000000	8000.000000	
693	Spectrogram 1	1	2598.184000	2598.426000	4000.000000	18000.000000	8000.000000	
694	Spectrogram 1	1	2601.530000	2601.574000	4000.000000	18000.000000	8000.000000	
695	Spectrogram 1	1	2601.686000	2601.754000	4000.000000	18000.000000	8000.000000	
696	Spectrogram 1	1	2601.842000	2601.916000	4000.000000	18000.000000	8000.000000	
697	Spectrogram 1	1	2601.986000	2602.066000	4000.000000	18000.000000	8000.000000	
698	Spectrogram 1	1	2602.130000	2602.216000	4000.000000	18000.000000	8000.000000	
699	Spectrogram 1	1	2602.268000	2602.354000	4000.000000	18000.000000	8000.000000	
700	Spectrogram 1	1	2602.406000	2602.504000	4000.000000	18000.000000	8000.000000	
701	Spectrogram 1	1	2602.532000	2602.630000	4000.000000	18000.000000	8000.000000	
702	Spectrogram 1	1	2605.784000	2606.026000	4000.000000	18000.000000	8000.000000	
703	Spectrogram 1	1	2607.974000	2608.114000	4000.000000	18000.000000	8000.000000	
704	Spectrogram 1	1	2608.166000	2608.216000	4000.000000	18000.000000	8000.000000	
705	Spectrogram 1	1	2610.380000	2610.586000	4000.000000	18000.000000	8000.000000	
706	Spectrogram 1	1	2613.848000	2614.036000	4000.000000	18000.000000	8000.000000	
707	Spectrogram 1	1	2615.924000	2616.952000	4000.000000	18000.000000	8000.000000	
708	Spectrogram 1	1	2622.392000	2622.676000	4000.000000	18000.000000	8000.000000	
709	Spectrogram 1	1	2631.680000	2631.916000	4000.000000	18000.000000	8000.000000	
710	Spectrogram 1	1	2639.630000	2639.914000	4000.000000	18000.000000	8000.000000	
711	Spectrogram 1	1	2644.304000	2644.606000	4000.000000	18000.000000	8000.000000	
712	Spectrogram 1	1	2645.030000	2645.290000	4000.000000	18000.000000	8000.000000	
713	Spectrogram 1	1	2648.180000	2648.386000	4000.000000	18000.000000	8000.000000	
714	Spectrogram 1	1	2652.452000	2653.456000	4000.000000	18000.000000	8000.000000	
715	Spectrogram 1	1	2656.286000	2656.468000	4000.000000	18000.000000	8000.000000	
716	Spectrogram 1	1	2658.494000	2658.802000	4000.000000	18000.000000	8000.000000	
717	Spectrogram 1	1	2662.220000	2662.366000	4000.000000	18000.000000	8000.000000	
718	Spectrogram 1	1	2662.382000	2662.468000	4000.000000	18000.000000	8000.000000	
719	Spectrogram 1	1	2666.534000	2666.608000	4000.000000	18000.000000	8000.000000	
720	Spectrogram 1	1	2674.322000	2674.450000	4000.000000	18000.000000	8000.000000	
721	Spectrogram 1	1	2676.032000	2676.274000	4000.000000	18000.000000	8000.000000	
722	Spectrogram 1	1	2676.284000	2677.066000	4000.000000	18000.000000	8000.000000	
723	Spectrogram 1	1	2693.096000	2693.290000	4000.000000	18000.000000	8000.000000	
724	Spectrogram 1	1	2697.572000	2697.754000	4000.000000	18000.000000	8000.000000	
725	Spectrogram 1	1	2699.420000	2699.734000	4000.000000	18000.000000	8000.000000	
726	Spectrogram 1	1	2706.864000	2708.168000	4000.000000	18000.000000	8000.000000	
727	Spectrogram 1	1	2713.260000	2714.666000	4000.000000	18000.000000	8000.000000	
728	Spectrogram 1	1	2718.360000	2718.494000	4000.000000	18000.000000	8000.000000	
729	Spectrogram 1	1	2726.646000	2726.972000	4000.000000	18000.000000	8000.000000	
730	Spectrogram 1	1	2733.240000	2734.370000	4000.000000	18000.000000	8000.000000	
