Selection	View	Channel	Begin Time (s)	End Time (s)	Low Freq (Hz)	High Freq (Hz)	Max Freq (Hz)	Call Type	Energy Diff	Energy Par	Energy Diff (wl)	Energy Par (wl)	AHR	Exception
1	Spectrogram 1	4	129.950000	130.130000	4000.000000	18000.000000	8000.000000	Trill	5.717215	11.635989	2.487930	3.382264	43.925545	0.000000
2	Spectrogram 1	4	169.500000	169.530000	4000.000000	18000.000000	8000.000000	Twitter	6.694311	22.104227	6.001422	10.852697	59.494804	0.000000
3	Spectrogram 1	5	191.860000	192.260000	4000.000000	18000.000000	8000.000000	Trill	1.753938	8.344311	-4.358613	6.289628	30.818536	0.000000
4	Spectrogram 1	5	210.660000	210.950000	4000.000000	18000.000000	8000.000000	Trill	4.379043	11.416104	-2.924764	4.069085	45.339596	0.000000
5	Spectrogram 1	5	231.260000	231.320000	4000.000000	18000.000000	8000.000000	Trill	4.277311	8.594306	-4.016422	5.799187	30.988578	0.000000
6	Spectrogram 1	5	231.880000	231.930000	4000.000000	18000.000000	8000.000000	Trill	4.547526	7.837334	-2.885301	2.855652	31.987181	0.000000
7	Spectrogram 1	4	242.740000	243.300000	4000.000000	18000.000000	8000.000000	Phee	2.494926	10.673344	3.116563	5.968497	54.650161	0.000000
8	Spectrogram 1	4	260.860000	260.930000	4000.000000	18000.000000	8000.000000	Trill	7.577535	13.858491	1.644176	4.689700	50.955889	0.000000
9	Spectrogram 1	5	264.140000	264.190000	4000.000000	18000.000000	8000.000000	Tse	10.199297	13.325299	-2.071594	-1.605997	29.650962	1.000000
10	Spectrogram 1	4	269.400000	269.850000	4000.000000	18000.000000	8000.000000	Trill	3.016781	7.337998	7.390488	7.727851	32.786977	0.000000
11	Spectrogram 1	5	275.170000	275.630000	4000.000000	18000.000000	8000.000000	Trill	4.259687	8.404037	-3.335672	4.334111	30.008047	0.000000
12	Spectrogram 1	5	280.760000	281.090000	4000.000000	18000.000000	8000.000000	Phee	-1.649649	21.620343	-2.626174	12.382397	40.019785	2.000000
13	Spectrogram 1	4	281.130000	281.370000	4000.000000	18000.000000	8000.000000	Phee	-0.166848	22.654487	1.710463	15.103741	54.665177	2.000000
14	Spectrogram 1	5	281.510000	281.980000	4000.000000	18000.000000	8000.000000	Phee	0.483750	21.668209	-2.003424	12.126208	50.212573	2.000000
15	Spectrogram 1	4	290.210000	290.670000	4000.000000	18000.000000	8000.000000	Trill	0.792234	7.882103	7.106495	8.370965	31.584432	0.000000
16	Spectrogram 1	5	368.880000	368.960000	4000.000000	18000.000000	8000.000000	Trill	7.999242	11.488874	-4.319573	1.847844	28.059752	0.000000
17	Spectrogram 1	4	383.470000	383.510000	4000.000000	18000.000000	8000.000000	Twitter	8.459232	24.375403	6.380889	10.952999	61.020253	0.000000
18	Spectrogram 1	4	384.230000	384.250000	4000.000000	18000.000000	8000.000000	Phee	7.832076	20.353495	8.721071	18.671050	50.344339	0.000000
19	Spectrogram 1	4	384.320000	384.360000	4000.000000	18000.000000	8000.000000	Twitter	6.503871	15.957772	4.102547	8.001203	52.464717	0.000000
20	Spectrogram 1	5	455.980000	456.320000	4000.000000	18000.000000	8000.000000	Trill	4.927069	10.182011	-2.733301	5.318373	36.497180	0.000000
21	Spectrogram 1	5	492.120000	492.450000	4000.000000	18000.000000	8000.000000	Trill	3.540926	7.331412	-2.987248	4.433406	29.824640	0.000000
22	Spectrogram 1	5	559.900000	559.980000	4000.000000	18000.000000	8000.000000	Trill	-3.171713	10.987324	-4.083551	7.136026	32.716549	2.000000
23	Spectrogram 1	5	560.110000	560.230000	4000.000000	18000.000000	8000.000000	Phee	-2.873010	14.423772	-4.240630	5.523957	34.726440	2.000000
24	Spectrogram 1	4	573.630000	573.750000	4000.000000	18000.000000	8000.000000	Phee	-3.265866	17.440512	2.310159	14.166879	30.910363	2.000000
25	Spectrogram 1	4	574.750000	575.080000	4000.000000	18000.000000	8000.000000	Phee	-1.168647	22.442223	2.140342	14.591440	44.624224	2.000000
26	Spectrogram 1	5	575.420000	576.880000	4000.000000	18000.000000	8000.000000	Phee	-1.780309	22.563854	-1.978268	13.277766	42.248844	2.000000
27	Spectrogram 1	5	596.460000	596.560000	4000.000000	18000.000000	8000.000000	Trill	7.062079	13.415206	-5.917840	7.827942	45.804034	0.000000
28	Spectrogram 1	5	596.620000	596.700000	4000.000000	18000.000000	8000.000000	Sd-peep	5.681739	9.566349	-3.487989	3.675164	37.214352	0.000000
29	Spectrogram 1	5	603.160000	603.230000	4000.000000	18000.000000	8000.000000	Sd-peep	6.196607	12.807553	-4.370401	7.666869	37.963824	0.000000
30	Spectrogram 1	5	655.390000	655.850000	4000.000000	18000.000000	8000.000000	Trill	3.809089	11.661352	-4.435574	5.670912	33.196292	0.000000
31	Spectrogram 1	4	734.520000	734.540000	4000.000000	18000.000000	8000.000000	Phee	4.120654	30.117415	3.869242	15.983938	74.421994	0.000000
32	Spectrogram 1	5	734.590000	734.640000	4000.000000	18000.000000	8000.000000	Phee	0.714558	25.694989	-1.917147	12.428148	62.505429	2.000000
33	Spectrogram 1	4	737.870000	737.930000	4000.000000	18000.000000	8000.000000	Phee	-3.276655	14.615217	1.976643	9.914642	33.116799	2.000000
34	Spectrogram 1	4	907.400000	907.440000	4000.000000	18000.000000	8000.000000	Trill	7.108929	11.620777	2.927469	5.399626	40.465334	0.000000
35	Spectrogram 1	5	1313.860000	1313.940000	4000.000000	18000.000000	8000.000000	Phee	0.143008	15.887552	-2.117327	11.941676	49.135265	2.000000
36	Spectrogram 1	4	1315.390000	1315.500000	4000.000000	18000.000000	8000.000000	Phee	-4.859207	21.122046	3.955323	17.150841	31.057958	2.000000
37	Spectrogram 1	5	1316.710000	1316.820000	4000.000000	18000.000000	8000.000000	Phee	0.252148	17.689763	-2.142743	12.580101	47.830464	2.000000
38	Spectrogram 1	4	1316.890000	1317.410000	4000.000000	18000.000000	8000.000000	Phee	-0.365557	16.256908	2.693029	9.778784	44.363632	2.000000
39	Spectrogram 1	4	1325.920000	1325.960000	4000.000000	18000.000000	8000.000000	Twitter	9.519803	18.583683	1.415776	3.637520	65.176461	1.000000
40	Spectrogram 1	4	1326.700000	1326.730000	4000.000000	18000.000000	8000.000000	Twitter	7.825319	24.036243	0.175327	10.159339	56.921374	0.000000
41	Spectrogram 1	5	1394.050000	1394.070000	4000.000000	18000.000000	8000.000000	Tse	0.135877	19.574997	-3.431831	13.089182	66.123477	2.000000
42	Spectrogram 1	5	1394.280000	1394.310000	4000.000000	18000.000000	8000.000000	Tse	5.588747	20.938519	-1.765173	10.541484	75.153364	0.000000
43	Spectrogram 1	5	1394.410000	1394.520000	4000.000000	18000.000000	8000.000000	Phee	3.963967	20.577433	-2.907788	9.501921	73.093755	0.000000
44	Spectrogram 1	4	1397.480000	1397.920000	4000.000000	18000.000000	8000.000000	Trill	2.735922	8.824856	13.765027	18.026422	40.003327	0.000000
45	Spectrogram 1	4	1522.450000	1522.830000	4000.000000	18000.000000	8000.000000	Trill	5.038504	9.299830	11.095231	13.505993	47.027494	0.000000
46	Spectrogram 1	4	1522.910000	1523.280000	4000.000000	18000.000000	8000.000000	Trillphee	1.378169	6.257905	5.270722	8.145614	34.509679	0.000000
47	Spectrogram 1	4	1523.360000	1523.420000	4000.000000	18000.000000	8000.000000	P-peep	1.912659	6.689829	5.219324	8.486904	32.046457	0.000000
48	Spectrogram 1	5	1615.480000	1615.590000	4000.000000	18000.000000	8000.000000	Trill	6.948081	11.255291	-1.271864	3.348890	46.909091	0.000000
49	Spectrogram 1	5	1655.460000	1655.890000	4000.000000	18000.000000	8000.000000	Phee	-0.033153	20.345952	-4.886300	6.735442	30.331620	2.000000
50	Spectrogram 1	4	1659.720000	1659.760000	4000.000000	18000.000000	8000.000000	Phee	4.317483	28.454216	0.166344	14.688511	55.862289	0.000000
51	Spectrogram 1	4	1666.700000	1666.890000	4000.000000	18000.000000	8000.000000	Sd-peep	0.029783	18.046516	2.729977	10.227214	31.477681	2.000000
52	Spectrogram 1	5	1672.560000	1672.590000	4000.000000	18000.000000	8000.000000	Twitter	1.363314	28.597161	-2.491947	13.019903	53.319217	2.000000
53	Spectrogram 1	4	1682.040000	1682.690000	4000.000000	18000.000000	8000.000000	Twitter	-0.648110	21.887608	1.701316	13.328960	30.567322	2.000000
54	Spectrogram 1	5	1686.020000	1686.070000	4000.000000	18000.000000	8000.000000	Phee	3.078243	24.537210	-3.743642	11.499058	63.553262	0.000000
55	Spectrogram 1	4	1688.410000	1688.610000	4000.000000	18000.000000	8000.000000	Twitter	-0.735970	20.806810	1.882412	12.028629	31.704753	2.000000
56	Spectrogram 1	4	1705.960000	1706.000000	4000.000000	18000.000000	8000.000000	Trill	7.083464	12.432582	6.764540	11.949814	55.015318	0.000000
57	Spectrogram 1	5	1711.980000	1712.330000	4000.000000	18000.000000	8000.000000	Trill	8.727459	14.965483	-10.435512	10.499528	54.792203	0.000000
58	Spectrogram 1	4	1773.610000	1773.640000	4000.000000	18000.000000	8000.000000	Twitter	8.810606	16.674065	1.820339	3.615566	46.129768	1.000000
59	Spectrogram 1	4	1774.490000	1774.520000	4000.000000	18000.000000	8000.000000	Twitter	11.967526	22.628504	7.644019	16.191712	56.186101	0.000000
60	Spectrogram 1	4	1774.590000	1774.620000	4000.000000	18000.000000	8000.000000	Twitter	9.447613	20.412408	1.995181	9.344978	63.149301	0.000000
61	Spectrogram 1	4	1774.780000	1774.810000	4000.000000	18000.000000	8000.000000	Trill	5.559796	12.760644	1.988481	4.873151	55.516707	0.000000
62	Spectrogram 1	5	1777.560000	1777.620000	4000.000000	18000.000000	8000.000000	Sd-peep	8.710471	12.822121	-4.642619	9.268825	56.178138	0.000000
63	Spectrogram 1	5	1793.400000	1793.460000	4000.000000	18000.000000	8000.000000	Trillphee	7.389894	10.457955	-4.992384	1.634997	28.878909	0.000000
64	Spectrogram 1	4	1820.540000	1820.920000	4000.000000	18000.000000	8000.000000	Trill	4.122353	7.383266	12.578147	14.589613	35.643661	0.000000
65	Spectrogram 1	4	1822.150000	1822.290000	4000.000000	18000.000000	8000.000000	Trill	6.276403	11.868262	11.482667	15.481738	49.964208	0.000000
66	Spectrogram 1	5	1836.090000	1836.150000	4000.000000	18000.000000	8000.000000	Tse	7.811233	10.375602	-4.795741	0.207030	37.947060	0.000000
67	Spectrogram 1	5	1842.510000	1842.920000	4000.000000	18000.000000	8000.000000	Trill	2.994740	9.012152	-10.969973	14.985987	35.569945	0.000000
68	Spectrogram 1	4	1909.200000	1909.710000	4000.000000	18000.000000	8000.000000	Trill	4.048964	9.616360	11.150930	14.505115	43.663495	0.000000
69	Spectrogram 1	5	1936.100000	1936.220000	4000.000000	18000.000000	8000.000000	Trill	3.235046	9.953796	-8.598863	11.853424	40.815702	0.000000
70	Spectrogram 1	5	1936.270000	1936.570000	4000.000000	18000.000000	8000.000000	Trill	3.894872	9.121580	-6.543242	6.706161	38.644120	0.000000
71	Spectrogram 1	4	2017.600000	2018.140000	4000.000000	18000.000000	8000.000000	Trill	4.625326	12.353862	4.938021	10.736247	48.724286	0.000000
72	Spectrogram 1	4	2018.240000	2018.820000	4000.000000	18000.000000	8000.000000	Trillphee	2.490447	12.516031	4.768031	11.650368	59.655666	0.000000
73	Spectrogram 1	4	2018.970000	2019.050000	4000.000000	18000.000000	8000.000000	Trill	2.982008	12.209626	2.382628	8.599557	50.416570	0.000000
74	Spectrogram 1	5	2056.150000	2056.440000	4000.000000	18000.000000	8000.000000	Trill	2.599677	7.985631	-6.290352	9.768779	31.915110	0.000000
75	Spectrogram 1	5	2150.000000	2150.020000	4000.000000	18000.000000	8000.000000	Twitter	14.703727	23.418467	-0.706199	3.825494	61.500218	1.000000
76	Spectrogram 1	4	2150.320000	2150.340000	4000.000000	18000.000000	8000.000000	Twitter	13.328017	23.268098	7.422086	20.327602	46.877666	0.000000
77	Spectrogram 1	4	2150.430000	2150.450000	4000.000000	18000.000000	8000.000000	Twitter	13.011983	23.758712	8.592078	20.899444	48.655930	0.000000
78	Spectrogram 1	4	2150.530000	2150.560000	4000.000000	18000.000000	8000.000000	Twitter	11.283901	22.967366	7.567997	19.259033	48.416776	0.000000
79	Spectrogram 1	4	2150.630000	2150.660000	4000.000000	18000.000000	8000.000000	Twitter	9.805711	23.593011	5.424478	15.190432	56.087396	0.000000
80	Spectrogram 1	4	2150.820000	2150.860000	4000.000000	18000.000000	8000.000000	Trill	4.353286	9.469755	2.248191	4.323907	34.808590	0.000000
81	Spectrogram 1	4	2185.790000	2185.810000	4000.000000	18000.000000	8000.000000	Twitter	11.146319	24.914798	6.229645	8.478971	67.015017	0.000000
82	Spectrogram 1	4	2185.890000	2185.910000	4000.000000	18000.000000	8000.000000	Tse	12.882204	25.858510	12.470460	17.017815	53.904915	0.000000
83	Spectrogram 1	4	2186.640000	2186.660000	4000.000000	18000.000000	8000.000000	Twitter	11.535119	24.168732	10.043933	16.716575	47.719053	0.000000
84	Spectrogram 1	4	2186.730000	2186.760000	4000.000000	18000.000000	8000.000000	Twitter	7.728100	21.528148	7.391441	11.829674	54.314659	0.000000
85	Spectrogram 1	4	2186.840000	2186.860000	4000.000000	18000.000000	8000.000000	P-peep	5.746222	16.529816	4.061388	5.213360	47.246279	0.000000
86	Spectrogram 1	4	2244.600000	2245.680000	4000.000000	18000.000000	8000.000000	Phee	1.469259	23.407624	3.790168	12.976892	40.276829	0.000000
87	Spectrogram 1	4	2263.340000	2263.370000	4000.000000	18000.000000	8000.000000	Phee	0.449814	14.322026	2.518694	9.936694	37.403501	2.000000
88	Spectrogram 1	5	2263.510000	2263.890000	4000.000000	18000.000000	8000.000000	Phee	-0.006941	17.233859	-2.026085	13.644902	38.375199	2.000000
89	Spectrogram 1	4	2266.540000	2267.000000	4000.000000	18000.000000	8000.000000	Trill	4.026760	8.940233	5.193895	7.412521	33.707312	0.000000
90	Spectrogram 1	5	2270.500000	2270.580000	4000.000000	18000.000000	8000.000000	Trill	9.290532	13.620908	-4.023688	1.987170	29.862103	0.000000
91	Spectrogram 1	5	2308.580000	2308.920000	4000.000000	18000.000000	8000.000000	Trill	4.899124	12.865892	-9.607017	14.459459	44.681944	0.000000
92	Spectrogram 1	5	2308.960000	2309.030000	4000.000000	18000.000000	8000.000000	Trill	0.707161	7.638507	-6.507046	8.843612	37.531822	0.000000
93	Spectrogram 1	5	2319.090000	2319.690000	4000.000000	18000.000000	8000.000000	Trillphee	-0.408817	12.038697	-4.792445	5.498760	35.737602	2.000000
94	Spectrogram 1	5	2320.190000	2320.530000	4000.000000	18000.000000	8000.000000	Phee	-0.140934	16.489243	-6.104855	6.235505	44.070039	2.000000
95	Spectrogram 1	5	2402.510000	2402.660000	4000.000000	18000.000000	8000.000000	Trill	7.251392	13.759092	-3.004089	2.773336	62.201688	0.000000
96	Spectrogram 1	5	2454.060000	2454.990000	4000.000000	18000.000000	8000.000000	Phee	-0.663473	18.726773	-2.670717	11.524289	39.643934	2.000000
97	Spectrogram 1	4	2455.100000	2455.800000	4000.000000	18000.000000	8000.000000	Phee	0.887739	20.474652	1.930863	11.154032	53.245867	2.000000
98	Spectrogram 1	4	2457.750000	2457.800000	4000.000000	18000.000000	8000.000000	Tse	8.362418	19.139324	3.295547	6.240266	58.877569	0.000000
99	Spectrogram 1	5	2480.090000	2480.800000	4000.000000	18000.000000	8000.000000	Phee	3.851841	27.052184	-4.008951	14.950907	72.818424	0.000000
100	Spectrogram 1	4	2481.720000	2481.750000	4000.000000	18000.000000	8000.000000	Twitter	2.190728	17.832666	3.712225	11.116810	62.190227	0.000000
101	Spectrogram 1	5	2482.000000	2482.210000	4000.000000	18000.000000	8000.000000	Phee	4.519523	29.154810	-1.469076	12.193574	79.543193	0.000000
102	Spectrogram 1	5	2489.000000	2489.260000	4000.000000	18000.000000	8000.000000	Trill	7.093752	11.013449	-0.072154	3.505675	41.245874	1.000000
103	Spectrogram 1	4	2497.910000	2497.980000	4000.000000	18000.000000	8000.000000	Trill	3.955691	8.205627	4.535406	7.014395	33.323239	0.000000
104	Spectrogram 1	4	2498.640000	2498.660000	4000.000000	18000.000000	8000.000000	Tse	5.711077	18.019016	13.268784	18.715843	57.385849	0.000000
105	Spectrogram 1	5	2561.570000	2561.600000	4000.000000	18000.000000	8000.000000	Phee	0.615084	15.196989	-2.392227	6.851179	35.971666	2.000000
106	Spectrogram 1	4	2561.640000	2562.660000	4000.000000	18000.000000	8000.000000	Phee	0.985566	17.940877	2.058962	7.775742	45.401160	2.000000
107	Spectrogram 1	5	2586.390000	2586.880000	4000.000000	18000.000000	8000.000000	Trill	2.639289	8.612596	-5.788837	8.341289	33.698628	0.000000
108	Spectrogram 1	5	2597.460000	2597.520000	4000.000000	18000.000000	8000.000000	Sd-peep	7.047465	9.440345	-4.122910	0.192827	29.692666	1.000000
109	Spectrogram 1	4	2628.470000	2628.790000	4000.000000	18000.000000	8000.000000	Trillphee	3.704041	10.401614	4.897821	8.842538	50.908839	0.000000
110	Spectrogram 1	4	2629.090000	2629.180000	4000.000000	18000.000000	8000.000000	Trill	5.982851	11.922343	4.763990	6.873930	64.670222	0.000000
111	Spectrogram 1	4	2675.430000	2675.830000	4000.000000	18000.000000	8000.000000	Trill	6.847839	15.287623	6.632380	10.127009	67.739305	0.000000
112	Spectrogram 1	4	2768.370000	2769.790000	4000.000000	18000.000000	8000.000000	Trillphee	11.307030	26.759857	2.301232	7.607256	119.204981	0.000000
113	Spectrogram 1	4	2842.740000	2842.780000	4000.000000	18000.000000	8000.000000	Tse	5.276790	10.129302	3.078046	4.867785	39.861089	0.000000
114	Spectrogram 1	4	2842.960000	2842.980000	4000.000000	18000.000000	8000.000000	Twitter	10.257066	20.703465	6.108642	13.073125	56.762134	0.000000
115	Spectrogram 1	4	2843.280000	2843.310000	4000.000000	18000.000000	8000.000000	Twitter	9.920745	21.532666	8.728869	15.070987	62.885928	0.000000
116	Spectrogram 1	4	2860.640000	2860.960000	4000.000000	18000.000000	8000.000000	Trill	5.538618	9.755407	1.808224	4.978967	50.589137	0.000000
117	Spectrogram 1	5	2937.400000	2938.340000	4000.000000	18000.000000	8000.000000	Phee	3.895443	16.082599	-2.265041	9.293416	59.144892	0.000000
118	Spectrogram 1	4	2938.430000	2939.130000	4000.000000	18000.000000	8000.000000	Trillphee	6.575306	18.718588	1.256052	7.206100	84.642584	0.000000
119	Spectrogram 1	5	2940.460000	2940.640000	4000.000000	18000.000000	8000.000000	Trill	2.239711	7.943526	-4.220802	9.615988	30.429270	0.000000
120	Spectrogram 1	4	2946.260000	2946.310000	4000.000000	18000.000000	8000.000000	Phee	0.829669	21.473181	1.686341	9.073100	56.441933	2.000000
121	Spectrogram 1	4	2959.910000	2959.940000	4000.000000	18000.000000	8000.000000	Twitter	10.488017	21.183047	8.681322	18.501882	51.066413	0.000000
122	Spectrogram 1	4	2960.040000	2960.060000	4000.000000	18000.000000	8000.000000	Twitter	13.400276	27.450647	14.892713	24.348721	46.788926	0.000000
123	Spectrogram 1	4	2960.360000	2960.380000	4000.000000	18000.000000	8000.000000	Twitter	13.328333	27.956347	14.493576	25.629239	51.089424	0.000000
124	Spectrogram 1	4	2960.460000	2960.490000	4000.000000	18000.000000	8000.000000	Twitter	10.762247	24.148361	12.663647	21.764267	52.890141	0.000000
125	Spectrogram 1	4	2960.560000	2960.600000	4000.000000	18000.000000	8000.000000	Twitter	6.472389	21.098731	7.322649	13.882461	57.321756	0.000000
126	Spectrogram 1	4	2960.670000	2960.690000	4000.000000	18000.000000	8000.000000	P-peep	6.799336	16.972172	3.453383	8.174395	59.135448	0.000000
127	Spectrogram 1	4	3036.780000	3037.340000	4000.000000	18000.000000	8000.000000	Phee	0.807579	18.901029	4.311096	13.551863	50.841478	0.000000
128	Spectrogram 1	4	3037.560000	3037.900000	4000.000000	18000.000000	8000.000000	Phee	-5.331030	19.452560	2.716044	11.992097	33.076679	2.000000
129	Spectrogram 1	4	3040.690000	3040.710000	4000.000000	18000.000000	8000.000000	Twitter	8.292795	27.619849	4.827048	13.435265	50.294241	0.000000
130	Spectrogram 1	4	3041.570000	3041.590000	4000.000000	18000.000000	8000.000000	Twitter	9.469466	26.366948	6.557141	24.513082	44.279976	0.000000
131	Spectrogram 1	4	3041.670000	3041.690000	4000.000000	18000.000000	8000.000000	Phee	7.317153	24.993610	3.624935	18.949532	46.154378	0.000000
132	Spectrogram 1	4	3041.770000	3041.790000	4000.000000	18000.000000	8000.000000	Phee	6.073705	19.863479	3.294535	15.053704	53.392724	0.000000
133	Spectrogram 1	4	3137.300000	3137.490000	4000.000000	18000.000000	8000.000000	Trillphee	3.234731	7.792970	3.845418	5.780264	40.183976	0.000000
134	Spectrogram 1	4	3137.530000	3138.160000	4000.000000	18000.000000	8000.000000	Trillphee	1.559620	10.456432	7.606745	11.215329	42.151025	0.000000
135	Spectrogram 1	4	3138.250000	3138.370000	4000.000000	18000.000000	8000.000000	Trillphee	1.606790	9.675555	7.691214	11.197905	37.899164	0.000000
136	Spectrogram 1	4	3138.560000	3138.600000	4000.000000	18000.000000	8000.000000	P-peep	3.788669	10.663990	8.444632	13.113600	45.234586	0.000000
137	Spectrogram 1	5	3158.610000	3159.320000	4000.000000	18000.000000	8000.000000	Trill	3.110327	9.159291	-6.888325	11.424676	37.013722	0.000000
138	Spectrogram 1	5	3159.450000	3159.830000	4000.000000	18000.000000	8000.000000	Trillphee	2.187789	8.739262	-6.792069	11.569725	41.257364	0.000000
139	Spectrogram 1	5	3238.220000	3239.100000	4000.000000	18000.000000	8000.000000	Phee	-1.149477	20.807618	-1.787108	12.369440	43.029394	2.000000
140	Spectrogram 1	5	3239.170000	3239.450000	4000.000000	18000.000000	8000.000000	Phee	-1.104809	25.647267	-3.045031	14.055078	43.656016	2.000000
141	Spectrogram 1	5	3240.720000	3240.750000	4000.000000	18000.000000	8000.000000	Tse	0.758427	24.866047	-3.433907	16.627490	53.154510	0.000000
142	Spectrogram 1	5	3240.780000	3240.820000	4000.000000	18000.000000	8000.000000	Phee	4.657637	26.377599	-4.034888	12.331736	59.434355	0.000000
143	Spectrogram 1	5	3241.000000	3241.020000	4000.000000	18000.000000	8000.000000	Tse	1.614139	26.817529	-2.083567	13.844544	49.770017	2.000000
144	Spectrogram 1	5	3241.110000	3241.140000	4000.000000	18000.000000	8000.000000	Tse	-1.392071	23.920049	-3.359806	12.276124	50.640071	2.000000
145	Spectrogram 1	5	3241.150000	3241.200000	4000.000000	18000.000000	8000.000000	Phee	1.496014	26.323431	-2.415451	13.855815	66.958258	2.000000
146	Spectrogram 1	5	3241.260000	3241.310000	4000.000000	18000.000000	8000.000000	Phee	0.334970	28.612555	-6.293432	19.259119	50.346299	0.000000
147	Spectrogram 1	5	3241.730000	3241.750000	4000.000000	18000.000000	8000.000000	Phee	2.600639	19.506209	-2.628131	7.087260	48.208799	0.000000
148	Spectrogram 1	4	3378.740000	3379.130000	4000.000000	18000.000000	8000.000000	Trill	6.420996	12.708931	9.126371	14.153161	53.982287	0.000000
149	Spectrogram 1	5	3383.860000	3384.320000	4000.000000	18000.000000	8000.000000	Trill	4.240171	9.554111	-4.170904	5.874464	37.667300	0.000000
150	Spectrogram 1	5	3458.340000	3458.580000	4000.000000	18000.000000	8000.000000	Trill	3.965319	12.597403	-8.465179	10.629345	34.216709	0.000000
151	Spectrogram 1	5	3458.620000	3458.780000	4000.000000	18000.000000	8000.000000	Trill	4.240687	9.064256	-5.518439	6.267068	30.231485	0.000000
152	Spectrogram 1	4	3467.820000	3468.140000	4000.000000	18000.000000	8000.000000	Trill	4.190090	9.145030	2.661790	6.426115	37.830139	0.000000
153	Spectrogram 1	4	3468.170000	3468.280000	4000.000000	18000.000000	8000.000000	Trill	6.519535	13.681108	0.997396	5.142560	55.776980	0.000000
154	Spectrogram 1	4	3468.690000	3469.280000	4000.000000	18000.000000	8000.000000	Phee	5.913984	16.186747	2.571174	7.274428	71.017093	0.000000
155	Spectrogram 1	4	3469.390000	3469.960000	4000.000000	18000.000000	8000.000000	Phee	6.353069	16.973271	3.744331	9.424800	85.188007	0.000000
156	Spectrogram 1	4	3470.080000	3470.260000	4000.000000	18000.000000	8000.000000	Trill	9.510461	15.177017	1.221677	4.252319	90.933418	0.000000
157	Spectrogram 1	5	3481.200000	3481.310000	4000.000000	18000.000000	8000.000000	Trill	4.549017	10.726849	-5.912580	9.589122	40.746631	0.000000
158	Spectrogram 1	4	3498.590000	3498.610000	4000.000000	18000.000000	8000.000000	Twitter	9.510317	18.520748	6.551402	13.318036	47.846909	0.000000
159	Spectrogram 1	4	3498.790000	3498.810000	4000.000000	18000.000000	8000.000000	Sd-peep	7.633052	16.120194	8.834712	15.196144	47.463897	0.000000
160	Spectrogram 1	4	3499.000000	3499.020000	4000.000000	18000.000000	8000.000000	Twitter	8.372631	17.040963	7.676917	14.930499	51.754029	0.000000
161	Spectrogram 1	4	3499.200000	3499.220000	4000.000000	18000.000000	8000.000000	Tse	7.570848	18.428797	7.214299	15.600429	65.557509	0.000000
162	Spectrogram 1	4	3499.310000	3499.330000	4000.000000	18000.000000	8000.000000	P-peep	5.264197	11.397789	2.524814	4.123055	44.478610	0.000000
163	Spectrogram 1	4	3506.020000	3506.040000	4000.000000	18000.000000	8000.000000	Twitter	5.158492	17.225210	4.215367	10.852906	44.341677	0.000000
164	Spectrogram 1	4	3506.140000	3506.170000	4000.000000	18000.000000	8000.000000	Twitter	2.625857	23.428558	4.818936	11.826070	61.529001	0.000000
165	Spectrogram 1	4	3506.380000	3506.420000	4000.000000	18000.000000	8000.000000	Twitter	0.642673	22.813188	3.328490	18.243547	53.134345	2.000000
166	Spectrogram 1	5	3506.500000	3506.530000	4000.000000	18000.000000	8000.000000	Twitter	-7.095545	27.775770	-4.720736	22.864457	56.592753	2.000000
167	Spectrogram 1	5	3506.620000	3506.670000	4000.000000	18000.000000	8000.000000	Phee	0.909579	25.421707	-1.803395	17.464124	54.432506	2.000000
168	Spectrogram 1	5	3506.770000	3506.800000	4000.000000	18000.000000	8000.000000	Twitter	-2.218785	29.678196	-3.575224	19.760860	59.022711	2.000000
169	Spectrogram 1	4	3506.860000	3506.930000	4000.000000	18000.000000	8000.000000	Twitter	3.814550	26.600085	4.808810	20.343188	69.068523	0.000000
170	Spectrogram 1	4	3507.100000	3507.150000	4000.000000	18000.000000	8000.000000	Twitter	6.036418	29.625478	7.069710	23.538912	82.481967	0.000000
171	Spectrogram 1	4	3507.190000	3507.310000	4000.000000	18000.000000	8000.000000	Twitter	4.564595	31.515719	3.753497	18.478074	71.181155	0.000000
172	Spectrogram 1	4	3507.340000	3507.420000	4000.000000	18000.000000	8000.000000	Twitter	8.276994	35.064628	6.805247	23.925703	108.092508	0.000000
173	Spectrogram 1	4	3507.480000	3507.530000	4000.000000	18000.000000	8000.000000	Twitter	7.955139	28.775945	4.301149	20.766927	86.650521	0.000000
174	Spectrogram 1	4	3507.560000	3507.650000	4000.000000	18000.000000	8000.000000	Twitter	8.951726	32.940997	8.297045	23.808681	111.750124	0.000000
175	Spectrogram 1	5	3508.330000	3508.360000	4000.000000	18000.000000	8000.000000	Twitter	2.596678	23.121746	-3.832602	12.890055	61.607326	0.000000
176	Spectrogram 1	4	3518.450000	3518.870000	4000.000000	18000.000000	8000.000000	Trill	3.578264	8.670727	6.276791	8.823260	38.187709	0.000000
177	Spectrogram 1	4	3579.380000	3580.500000	4000.000000	18000.000000	8000.000000	Phee	2.734464	26.925434	2.334428	13.182127	48.214330	0.000000
178	Spectrogram 1	4	3580.840000	3581.700000	4000.000000	18000.000000	8000.000000	Phee	2.756769	24.033960	2.645459	14.609090	51.974553	0.000000
179	Spectrogram 1	4	3639.400000	3639.980000	4000.000000	18000.000000	8000.000000	Trillphee	1.518566	10.502356	3.569472	6.338294	41.324513	0.000000
180	Spectrogram 1	4	3712.910000	3712.940000	4000.000000	18000.000000	8000.000000	Twitter	11.898760	25.331573	11.079136	19.988679	60.246613	0.000000
181	Spectrogram 1	4	3713.260000	3713.280000	4000.000000	18000.000000	8000.000000	Twitter	13.014960	28.831122	13.143559	23.833910	51.166279	0.000000
182	Spectrogram 1	4	3713.370000	3713.390000	4000.000000	18000.000000	8000.000000	Twitter	11.873372	26.122869	13.897702	25.341554	47.079635	0.000000
183	Spectrogram 1	4	3714.120000	3714.150000	4000.000000	18000.000000	8000.000000	Phee	7.597992	19.155936	10.520729	17.003499	49.669214	0.000000
184	Spectrogram 1	5	3884.100000	3884.850000	4000.000000	18000.000000	8000.000000	Trill	4.098766	10.850505	-3.838958	6.930979	43.166234	0.000000
185	Spectrogram 1	4	3983.270000	3983.780000	4000.000000	18000.000000	8000.000000	Trill	6.736454	14.249347	1.440227	9.134416	62.725979	0.000000
186	Spectrogram 1	4	3988.040000	3988.260000	4000.000000	18000.000000	8000.000000	Phee	1.746492	24.354398	5.825227	20.940549	56.184601	0.000000
187	Spectrogram 1	4	3991.710000	3992.210000	4000.000000	18000.000000	8000.000000	Trill	3.315462	10.498106	7.375398	12.885805	37.733815	0.000000
188	Spectrogram 1	4	4205.820000	4206.210000	4000.000000	18000.000000	8000.000000	Trill	5.622421	12.304137	6.006587	9.780933	39.556848	0.000000
189	Spectrogram 1	5	4219.870000	4219.980000	4000.000000	18000.000000	8000.000000	Trill	7.445466	15.509872	-3.636566	2.815811	54.807045	0.000000
190	Spectrogram 1	5	4220.100000	4220.190000	4000.000000	18000.000000	8000.000000	Trill	5.758888	12.415231	-2.519796	4.993111	42.414333	0.000000
191	Spectrogram 1	5	4220.260000	4220.340000	4000.000000	18000.000000	8000.000000	Trill	4.963273	9.631921	-3.324787	4.605801	37.769700	0.000000
192	Spectrogram 1	5	4220.430000	4220.500000	4000.000000	18000.000000	8000.000000	Trill	7.062032	11.891579	-3.511662	5.555009	50.685299	0.000000
193	Spectrogram 1	4	4223.790000	4224.150000	4000.000000	18000.000000	8000.000000	Trill	3.901712	9.378577	3.788777	6.780810	33.916642	0.000000
194	Spectrogram 1	4	4227.380000	4227.400000	4000.000000	18000.000000	8000.000000	Phee	9.106971	22.060479	8.743858	17.084476	57.059104	0.000000
195	Spectrogram 1	4	4227.470000	4227.490000	4000.000000	18000.000000	8000.000000	P-peep	5.553383	14.836422	7.110359	11.034049	49.776505	0.000000
196	Spectrogram 1	4	4227.660000	4227.680000	4000.000000	18000.000000	8000.000000	Trill	5.848252	12.839750	3.170864	7.997984	54.100044	0.000000
197	Spectrogram 1	5	4247.850000	4247.920000	4000.000000	18000.000000	8000.000000	Trill	6.163372	11.884833	-2.035535	2.785832	38.142139	0.000000
198	Spectrogram 1	5	4248.010000	4248.120000	4000.000000	18000.000000	8000.000000	Trill	8.133344	13.592504	-0.901917	3.275155	56.156098	1.000000
199	Spectrogram 1	5	4251.200000	4251.270000	4000.000000	18000.000000	8000.000000	Trill	5.085173	9.980888	-5.468876	3.921299	43.034834	0.000000
200	Spectrogram 1	5	4300.250000	4300.550000	4000.000000	18000.000000	8000.000000	Phee	1.244745	16.656028	-2.019972	8.506622	50.839563	2.000000
201	Spectrogram 1	5	4300.600000	4301.140000	4000.000000	18000.000000	8000.000000	Phee	2.406143	25.336450	-1.703231	13.892495	58.681734	0.000000
202	Spectrogram 1	5	4406.350000	4406.430000	4000.000000	18000.000000	8000.000000	Phee	-2.490385	18.295669	-4.788849	7.069889	30.409932	2.000000
203	Spectrogram 1	5	4406.480000	4406.610000	4000.000000	18000.000000	8000.000000	Phee	-0.626999	18.086349	-4.695697	10.259746	35.622871	2.000000
204	Spectrogram 1	5	4406.670000	4407.200000	4000.000000	18000.000000	8000.000000	Phee	-1.443352	21.445333	-4.472904	7.196430	43.803229	2.000000
205	Spectrogram 1	5	4409.200000	4410.420000	4000.000000	18000.000000	8000.000000	Phee	-2.052568	24.871240	-1.990662	10.914086	42.410058	2.000000
206	Spectrogram 1	5	4416.390000	4417.640000	4000.000000	18000.000000	8000.000000	Phee	-1.608103	19.032137	-3.785483	10.858267	39.916307	2.000000
207	Spectrogram 1	5	4420.680000	4421.890000	4000.000000	18000.000000	8000.000000	Phee	-2.181943	21.554273	-8.216603	15.217801	41.922460	2.000000
208	Spectrogram 1	4	4443.800000	4443.840000	4000.000000	18000.000000	8000.000000	Tse	9.638788	12.941291	0.812944	0.536338	28.609331	1.000000
209	Spectrogram 1	4	4455.170000	4455.200000	4000.000000	18000.000000	8000.000000	Twitter	10.399702	19.874032	6.390308	7.437140	64.490106	0.000000
210	Spectrogram 1	4	4457.330000	4457.980000	4000.000000	18000.000000	8000.000000	Phee	-1.635008	14.060885	4.300584	4.760427	32.696292	2.000000
211	Spectrogram 1	5	4479.120000	4479.150000	4000.000000	18000.000000	8000.000000	P-peep	3.736647	12.945280	-1.776662	5.182479	47.668563	0.000000
212	Spectrogram 1	4	4479.380000	4479.550000	4000.000000	18000.000000	8000.000000	Phee	-0.634533	17.005182	3.194952	8.538526	37.928783	2.000000
213	Spectrogram 1	5	4480.370000	4480.700000	4000.000000	18000.000000	8000.000000	Phee	-1.070519	21.617591	-2.640676	7.139005	39.943573	2.000000
214	Spectrogram 1	4	4481.550000	4482.860000	4000.000000	18000.000000	8000.000000	Twitter	4.509528	16.551566	4.150804	9.428249	31.430307	0.000000
215	Spectrogram 1	5	4486.310000	4486.410000	4000.000000	18000.000000	8000.000000	Phee	-12.966099	23.345716	-5.069546	18.032825	29.196629	2.000000
216	Spectrogram 1	5	4498.740000	4499.020000	4000.000000	18000.000000	8000.000000	Trill	7.237244	14.302238	-12.296574	17.695863	52.193796	0.000000
217	Spectrogram 1	4	4519.280000	4519.720000	4000.000000	18000.000000	8000.000000	Trill	3.565966	8.618142	7.942411	9.797926	39.096693	0.000000
218	Spectrogram 1	5	4524.670000	4524.740000	4000.000000	18000.000000	8000.000000	Trill	5.965558	11.548688	-7.714361	2.539030	35.115121	0.000000
219	Spectrogram 1	5	4526.170000	4526.290000	4000.000000	18000.000000	8000.000000	Trill	6.508223	11.335908	-4.650255	3.294210	44.965214	0.000000
220	Spectrogram 1	5	4542.520000	4542.580000	4000.000000	18000.000000	8000.000000	Sd-peep	7.920395	10.743233	-4.344794	0.197083	30.854517	1.000000
221	Spectrogram 1	5	4545.580000	4545.710000	4000.000000	18000.000000	8000.000000	Trill	4.848435	10.145504	-7.331506	10.895500	32.301620	0.000000
222	Spectrogram 1	5	4545.780000	4545.820000	4000.000000	18000.000000	8000.000000	Trill	4.312330	7.408123	-7.122409	8.650497	29.701345	0.000000
223	Spectrogram 1	4	4554.970000	4555.400000	4000.000000	18000.000000	8000.000000	Trill	4.638552	9.295537	5.942154	7.216595	38.618688	0.000000
224	Spectrogram 1	5	4668.730000	4668.760000	4000.000000	18000.000000	8000.000000	Tse	2.929759	8.775165	-6.222427	2.322005	34.406090	0.000000
225	Spectrogram 1	5	4673.270000	4673.600000	4000.000000	18000.000000	8000.000000	Trill	9.491465	14.117887	-4.154090	8.883483	51.383746	0.000000
226	Spectrogram 1	4	4676.430000	4677.020000	4000.000000	18000.000000	8000.000000	Trill	5.056210	11.069241	4.586880	7.903922	49.020819	0.000000
227	Spectrogram 1	4	4678.020000	4678.070000	4000.000000	18000.000000	8000.000000	Tse	8.857037	15.794068	3.944132	7.058411	51.107790	0.000000
228	Spectrogram 1	4	4678.890000	4678.920000	4000.000000	18000.000000	8000.000000	Twitter	7.266781	15.667014	7.029222	10.405211	54.576004	0.000000
229	Spectrogram 1	4	4678.980000	4679.020000	4000.000000	18000.000000	8000.000000	P-peep	2.966521	7.261608	3.697907	4.406321	36.528044	0.000000
230	Spectrogram 1	5	4679.680000	4679.810000	4000.000000	18000.000000	8000.000000	Trill	8.972642	13.228796	-4.331621	7.662204	50.469901	0.000000
231	Spectrogram 1	5	4679.910000	4679.980000	4000.000000	18000.000000	8000.000000	Trill	11.514081	14.972277	-4.594484	7.421939	51.740726	0.000000
232	Spectrogram 1	5	4680.120000	4680.200000	4000.000000	18000.000000	8000.000000	Trill	9.013905	12.490354	-2.260503	5.217601	49.539205	0.000000
233	Spectrogram 1	5	4680.300000	4680.370000	4000.000000	18000.000000	8000.000000	Trill	8.262650	12.612028	-0.289317	3.117101	53.494126	1.000000
234	Spectrogram 1	5	4680.460000	4680.530000	4000.000000	18000.000000	8000.000000	Trill	6.860752	12.882053	-4.053377	6.218228	47.695682	0.000000
235	Spectrogram 1	5	4680.610000	4680.670000	4000.000000	18000.000000	8000.000000	Trill	9.586756	13.474387	-0.849842	3.596407	55.341377	1.000000
236	Spectrogram 1	4	4682.350000	4682.400000	4000.000000	18000.000000	8000.000000	Trill	7.125329	11.887664	0.236397	1.630804	57.198548	1.000000
237	Spectrogram 1	4	4767.260000	4767.850000	4000.000000	18000.000000	8000.000000	Trill	4.698822	11.168360	7.887368	9.721725	48.887620	0.000000
238	Spectrogram 1	5	4779.310000	4780.360000	4000.000000	18000.000000	8000.000000	Phee	0.828683	23.977603	-2.061241	10.577212	44.103507	2.000000
239	Spectrogram 1	4	4806.440000	4806.500000	4000.000000	18000.000000	8000.000000	Phee	4.635660	30.030218	5.849730	15.564055	52.392814	0.000000
240	Spectrogram 1	4	4807.430000	4807.560000	4000.000000	18000.000000	8000.000000	Trill	1.891582	15.195441	5.109700	9.818121	41.810106	0.000000
241	Spectrogram 1	4	4823.870000	4823.900000	4000.000000	18000.000000	8000.000000	Phee	1.731798	26.717316	3.316577	14.484979	46.226894	0.000000
242	Spectrogram 1	5	4823.940000	4823.970000	4000.000000	18000.000000	8000.000000	Phee	4.931373	29.885162	-2.136826	12.642068	44.920073	0.000000
243	Spectrogram 1	4	4826.690000	4827.650000	4000.000000	18000.000000	8000.000000	Phee	0.832074	25.670304	2.700869	10.805692	37.094959	2.000000
244	Spectrogram 1	4	4837.400000	4837.860000	4000.000000	18000.000000	8000.000000	Trill	4.643849	9.711130	10.398015	12.672734	40.976153	0.000000
245	Spectrogram 1	4	4845.820000	4846.120000	4000.000000	18000.000000	8000.000000	Trill	6.448976	12.626695	4.837500	10.214560	47.194206	0.000000
246	Spectrogram 1	4	4849.660000	4850.580000	4000.000000	18000.000000	8000.000000	Phee	0.574957	26.403600	3.885331	11.944889	40.725906	0.000000
247	Spectrogram 1	4	4854.620000	4855.130000	4000.000000	18000.000000	8000.000000	Trill	4.657875	9.297085	3.480481	4.542413	39.645009	0.000000
248	Spectrogram 1	4	4856.160000	4856.180000	4000.000000	18000.000000	8000.000000	Twitter	10.859706	17.630363	3.268686	7.190688	55.497396	0.000000
249	Spectrogram 1	4	4856.470000	4856.490000	4000.000000	18000.000000	8000.000000	Tse	6.997045	15.638978	7.239537	10.443954	52.921996	0.000000
250	Spectrogram 1	4	4856.570000	4856.590000	4000.000000	18000.000000	8000.000000	P-peep	8.380861	15.180214	1.729740	2.268614	58.904770	1.000000
251	Spectrogram 1	5	4910.540000	4910.910000	4000.000000	18000.000000	8000.000000	Trill	5.583080	10.912944	-2.634583	5.125959	42.339163	0.000000
252	Spectrogram 1	4	4922.670000	4922.730000	4000.000000	18000.000000	8000.000000	Trill	6.822653	10.016369	3.889116	2.072873	28.162228	0.000000
253	Spectrogram 1	4	4989.000000	4989.060000	4000.000000	18000.000000	8000.000000	Sd-peep	10.315357	12.139479	0.445795	1.411162	28.699754	1.000000
254	Spectrogram 1	4	5062.650000	5063.280000	4000.000000	18000.000000	8000.000000	Phee	2.391336	10.764563	5.138187	9.566004	46.354081	0.000000
255	Spectrogram 1	4	5063.350000	5063.910000	4000.000000	18000.000000	8000.000000	Phee	2.844631	12.086577	6.258278	10.749895	47.271200	0.000000
256	Spectrogram 1	4	5070.410000	5070.820000	4000.000000	18000.000000	8000.000000	Trill	2.985786	13.986278	3.856820	4.733776	34.921156	0.000000
257	Spectrogram 1	4	5132.920000	5133.120000	4000.000000	18000.000000	8000.000000	Trill	2.254322	9.335502	4.085575	4.190166	39.587211	0.000000
258	Spectrogram 1	2	197.620000	198.130000	4000.000000	18000.000000	8000.000000	Trill	8.114717	16.466590	NaN	NaN	52.078791	0.000000
259	Spectrogram 1	2	205.170000	205.550000	4000.000000	18000.000000	8000.000000	Trill	10.014977	13.255004	NaN	NaN	63.888860	0.000000
260	Spectrogram 1	2	208.070000	208.210000	4000.000000	18000.000000	8000.000000	Trill	5.959201	9.260226	NaN	NaN	41.895601	0.000000
261	Spectrogram 1	2	244.080000	244.150000	4000.000000	18000.000000	8000.000000	Trill	7.632538	11.640111	NaN	NaN	51.030081	0.000000
262	Spectrogram 1	2	291.620000	291.710000	4000.000000	18000.000000	8000.000000	Phee	3.300261	8.180205	NaN	NaN	49.564658	0.000000
263	Spectrogram 1	2	301.890000	301.980000	4000.000000	18000.000000	8000.000000	Trill	3.097308	9.030071	NaN	NaN	40.123573	0.000000
264	Spectrogram 1	2	401.850000	403.390000	4000.000000	18000.000000	8000.000000	Phee	10.217110	18.083204	NaN	NaN	60.978670	0.000000
265	Spectrogram 1	2	403.890000	405.110000	4000.000000	18000.000000	8000.000000	Phee	10.719381	19.368778	NaN	NaN	65.925743	0.000000
266	Spectrogram 1	2	435.430000	436.910000	4000.000000	18000.000000	8000.000000	Phee	13.297064	23.219141	NaN	NaN	44.246743	0.000000
267	Spectrogram 1	2	438.880000	439.980000	4000.000000	18000.000000	8000.000000	Phee	13.848686	31.943371	NaN	NaN	52.670638	0.000000
268	Spectrogram 1	2	440.010000	440.340000	4000.000000	18000.000000	8000.000000	Phee	9.421933	26.578858	NaN	NaN	57.205090	0.000000
269	Spectrogram 1	2	459.590000	461.100000	4000.000000	18000.000000	8000.000000	Phee	14.981969	25.087093	NaN	NaN	38.731180	0.000000
270	Spectrogram 1	2	463.060000	464.580000	4000.000000	18000.000000	8000.000000	Phee	15.910882	28.209632	NaN	NaN	39.901017	0.000000
271	Spectrogram 1	2	476.060000	477.450000	4000.000000	18000.000000	8000.000000	Phee	13.715008	24.607554	NaN	NaN	36.576702	0.000000
272	Spectrogram 1	2	480.350000	481.740000	4000.000000	18000.000000	8000.000000	Phee	14.197644	26.843579	NaN	NaN	41.431928	0.000000
273	Spectrogram 1	2	521.440000	521.700000	4000.000000	18000.000000	8000.000000	Trill	7.976893	11.730607	NaN	NaN	48.887449	0.000000
274	Spectrogram 1	2	558.190000	558.250000	4000.000000	18000.000000	8000.000000	Trill	4.917635	11.493439	NaN	NaN	40.971626	0.000000
275	Spectrogram 1	2	558.320000	558.360000	4000.000000	18000.000000	8000.000000	P-peep	4.370375	12.442671	NaN	NaN	54.861652	0.000000
276	Spectrogram 1	2	558.400000	558.490000	4000.000000	18000.000000	8000.000000	P-peep	5.561558	15.461225	NaN	NaN	58.149283	0.000000
277	Spectrogram 1	2	558.520000	558.640000	4000.000000	18000.000000	8000.000000	Trill	3.928229	10.330960	NaN	NaN	36.636366	0.000000
278	Spectrogram 1	2	559.450000	559.870000	4000.000000	18000.000000	8000.000000	P-peep	3.982752	16.935008	NaN	NaN	65.791616	0.000000
279	Spectrogram 1	2	580.830000	581.330000	4000.000000	18000.000000	8000.000000	Trillphee	4.193285	12.453828	NaN	NaN	43.556644	0.000000
280	Spectrogram 1	2	581.390000	581.440000	4000.000000	18000.000000	8000.000000	Tse	7.948173	18.636471	NaN	NaN	88.668881	0.000000
281	Spectrogram 1	2	615.210000	615.370000	4000.000000	18000.000000	8000.000000	Trill	5.037219	10.525791	NaN	NaN	41.417133	0.000000
282	Spectrogram 1	2	665.090000	666.910000	4000.000000	18000.000000	8000.000000	Phee	10.910697	25.036635	NaN	NaN	97.059269	0.000000
283	Spectrogram 1	2	702.440000	702.500000	4000.000000	18000.000000	8000.000000	Sd-peep	9.394185	11.539656	NaN	NaN	70.520534	0.000000
284	Spectrogram 1	2	716.690000	716.730000	4000.000000	18000.000000	8000.000000	P-peep	3.440613	8.805516	NaN	NaN	37.722181	0.000000
285	Spectrogram 1	2	727.310000	727.380000	4000.000000	18000.000000	8000.000000	Twitter	4.433973	16.367049	NaN	NaN	60.895465	0.000000
286	Spectrogram 1	2	728.560000	728.730000	4000.000000	18000.000000	8000.000000	Sd-peep	4.403567	16.252999	NaN	NaN	46.691830	0.000000
287	Spectrogram 1	2	729.350000	729.440000	4000.000000	18000.000000	8000.000000	Phee	3.778662	11.991522	NaN	NaN	54.046775	0.000000
288	Spectrogram 1	2	729.640000	729.710000	4000.000000	18000.000000	8000.000000	Twitter	5.759450	15.499712	NaN	NaN	70.855118	0.000000
289	Spectrogram 1	2	850.110000	850.380000	4000.000000	18000.000000	8000.000000	Trill	5.632977	9.557507	NaN	NaN	40.082445	0.000000
290	Spectrogram 1	2	861.770000	861.840000	4000.000000	18000.000000	8000.000000	Tse	7.752815	14.679753	NaN	NaN	66.026083	0.000000
291	Spectrogram 1	2	861.880000	862.200000	4000.000000	18000.000000	8000.000000	Phee	7.458394	14.169237	NaN	NaN	73.202096	0.000000
292	Spectrogram 1	2	869.830000	869.900000	4000.000000	18000.000000	8000.000000	P-peep	3.360069	10.518919	NaN	NaN	46.967446	0.000000
293	Spectrogram 1	2	873.880000	874.320000	4000.000000	18000.000000	8000.000000	Phee	4.309725	9.624689	NaN	NaN	49.914036	0.000000
294	Spectrogram 1	2	924.220000	924.310000	4000.000000	18000.000000	8000.000000	Trill	10.754495	15.485277	NaN	NaN	53.945581	0.000000
295	Spectrogram 1	2	972.300000	973.910000	4000.000000	18000.000000	8000.000000	Phee	10.225249	22.912212	NaN	NaN	102.506258	0.000000
296	Spectrogram 1	2	1064.270000	1064.660000	4000.000000	18000.000000	8000.000000	Trill	10.076418	15.324529	NaN	NaN	74.036924	0.000000
297	Spectrogram 1	2	1087.640000	1087.830000	4000.000000	18000.000000	8000.000000	Trill	6.091214	12.121199	NaN	NaN	45.223688	0.000000
298	Spectrogram 1	2	1087.950000	1088.170000	4000.000000	18000.000000	8000.000000	Phee	4.032075	13.543220	NaN	NaN	39.922755	0.000000
299	Spectrogram 1	2	1101.460000	1102.400000	4000.000000	18000.000000	8000.000000	Trillphee	12.107173	20.139161	NaN	NaN	98.527984	0.000000
300	Spectrogram 1	2	1107.420000	1107.770000	4000.000000	18000.000000	8000.000000	Trillphee	8.553971	13.316737	NaN	NaN	62.619278	0.000000
301	Spectrogram 1	2	1132.990000	1133.260000	4000.000000	18000.000000	8000.000000	P-peep	4.277451	14.501593	NaN	NaN	57.203367	0.000000
302	Spectrogram 1	2	1174.840000	1175.280000	4000.000000	18000.000000	8000.000000	Trill	10.101368	15.728287	NaN	NaN	75.251958	0.000000
303	Spectrogram 1	2	1326.930000	1326.950000	4000.000000	18000.000000	8000.000000	Tse	3.963190	13.856156	NaN	NaN	52.392148	0.000000
304	Spectrogram 1	2	1394.060000	1394.180000	4000.000000	18000.000000	8000.000000	Phee	5.215222	24.689740	NaN	NaN	83.089988	0.000000
305	Spectrogram 1	2	1453.490000	1454.490000	4000.000000	18000.000000	8000.000000	Phee	9.086196	16.872119	NaN	NaN	53.259845	0.000000
306	Spectrogram 1	2	1480.930000	1480.960000	4000.000000	18000.000000	8000.000000	Trill	3.616306	8.347530	NaN	NaN	43.469515	0.000000
307	Spectrogram 1	2	1494.940000	1495.040000	4000.000000	18000.000000	8000.000000	Tse	11.416692	21.416531	NaN	NaN	82.313514	0.000000
308	Spectrogram 1	2	1520.600000	1521.180000	4000.000000	18000.000000	8000.000000	Trillphee	4.267361	9.329035	NaN	NaN	38.471947	0.000000
309	Spectrogram 1	2	1532.320000	1533.120000	4000.000000	18000.000000	8000.000000	Trill	9.787183	15.993444	NaN	NaN	82.330222	0.000000
310	Spectrogram 1	2	1612.740000	1613.070000	4000.000000	18000.000000	8000.000000	Trill	5.387891	13.774869	NaN	NaN	50.728436	0.000000
311	Spectrogram 1	2	1632.940000	1633.070000	4000.000000	18000.000000	8000.000000	Sd-peep	7.493077	10.896962	NaN	NaN	35.448585	0.000000
312	Spectrogram 1	2	1659.780000	1659.890000	4000.000000	18000.000000	8000.000000	Trillphee	3.882412	21.462080	NaN	NaN	61.631604	0.000000
313	Spectrogram 1	2	1679.260000	1679.280000	4000.000000	18000.000000	8000.000000	Twitter	5.063730	19.002285	NaN	NaN	44.724435	0.000000
314	Spectrogram 1	2	1691.080000	1691.110000	4000.000000	18000.000000	8000.000000	Twitter	3.763155	18.382450	NaN	NaN	52.092962	0.000000
315	Spectrogram 1	2	1692.350000	1692.380000	4000.000000	18000.000000	8000.000000	Tse	4.280215	18.489518	NaN	NaN	44.187785	0.000000
316	Spectrogram 1	2	1853.470000	1853.800000	4000.000000	18000.000000	8000.000000	Trill	6.304762	11.330074	NaN	NaN	50.415396	0.000000
317	Spectrogram 1	2	1869.710000	1870.190000	4000.000000	18000.000000	8000.000000	Trillphee	4.214093	8.676767	NaN	NaN	40.960922	0.000000
318	Spectrogram 1	2	1897.070000	1897.410000	4000.000000	18000.000000	8000.000000	Trill	13.009325	18.262462	NaN	NaN	85.336756	0.000000
319	Spectrogram 1	2	1906.070000	1907.680000	4000.000000	18000.000000	8000.000000	Phee	12.797733	25.037728	NaN	NaN	119.309626	0.000000
320	Spectrogram 1	2	2038.160000	2038.430000	4000.000000	18000.000000	8000.000000	Trill	7.381435	12.157252	NaN	NaN	52.831094	0.000000
321	Spectrogram 1	2	2066.830000	2067.090000	4000.000000	18000.000000	8000.000000	Trillphee	5.003174	9.573153	NaN	NaN	42.209950	0.000000
322	Spectrogram 1	2	2176.960000	2177.030000	4000.000000	18000.000000	8000.000000	Trill	12.816053	18.052340	NaN	NaN	94.365958	0.000000
323	Spectrogram 1	2	2177.940000	2178.040000	4000.000000	18000.000000	8000.000000	Trillphee	15.351267	23.657356	NaN	NaN	127.876439	0.000000
324	Spectrogram 1	2	2178.110000	2178.210000	4000.000000	18000.000000	8000.000000	Trillphee	11.708771	18.067420	NaN	NaN	103.848605	0.000000
325	Spectrogram 1	2	2320.010000	2320.160000	4000.000000	18000.000000	8000.000000	Phee	5.327860	24.050539	NaN	NaN	80.804940	0.000000
326	Spectrogram 1	2	2421.780000	2423.710000	4000.000000	18000.000000	8000.000000	Phee	11.166230	19.587622	NaN	NaN	62.989346	0.000000
327	Spectrogram 1	2	2479.580000	2479.610000	4000.000000	18000.000000	8000.000000	Twitter	5.647988	18.620149	NaN	NaN	74.484656	0.000000
328	Spectrogram 1	2	2496.410000	2496.750000	4000.000000	18000.000000	8000.000000	Trill	10.436442	17.871083	NaN	NaN	65.739189	0.000000
329	Spectrogram 1	2	2498.070000	2498.280000	4000.000000	18000.000000	8000.000000	Trill	8.141553	18.163811	NaN	NaN	65.721466	0.000000
330	Spectrogram 1	2	2498.300000	2498.370000	4000.000000	18000.000000	8000.000000	Trill	8.479037	17.540591	NaN	NaN	68.418530	0.000000
331	Spectrogram 1	2	2500.870000	2500.960000	4000.000000	18000.000000	8000.000000	Trill	12.145473	16.431517	NaN	NaN	59.899632	0.000000
332	Spectrogram 1	2	2546.300000	2546.760000	4000.000000	18000.000000	8000.000000	Trillphee	3.679846	8.825529	NaN	NaN	40.080905	0.000000
333	Spectrogram 1	2	2550.880000	2550.980000	4000.000000	18000.000000	8000.000000	Trill	5.515629	9.073798	NaN	NaN	36.881594	0.000000
334	Spectrogram 1	2	2573.970000	2575.480000	4000.000000	18000.000000	8000.000000	Phee	8.682623	22.096991	NaN	NaN	74.170082	0.000000
335	Spectrogram 1	2	2831.890000	2831.920000	4000.000000	18000.000000	8000.000000	Trill	4.541126	6.972739	NaN	NaN	41.689482	0.000000
336	Spectrogram 1	2	2856.740000	2857.030000	4000.000000	18000.000000	8000.000000	Trill	23.459078	29.164443	NaN	NaN	136.682381	0.000000
337	Spectrogram 1	2	3037.500000	3037.730000	4000.000000	18000.000000	8000.000000	Phee	4.138114	25.864930	NaN	NaN	66.627350	0.000000
338	Spectrogram 1	2	3132.990000	3133.480000	4000.000000	18000.000000	8000.000000	Trill	3.842643	8.825119	NaN	NaN	37.859384	0.000000
339	Spectrogram 1	2	3219.950000	3220.040000	4000.000000	18000.000000	8000.000000	Trill	7.808287	12.287939	NaN	NaN	46.841471	0.000000
340	Spectrogram 1	2	3263.320000	3263.600000	4000.000000	18000.000000	8000.000000	Trill	6.778422	11.199511	NaN	NaN	48.889164	0.000000
341	Spectrogram 1	2	3277.700000	3278.020000	4000.000000	18000.000000	8000.000000	Trill	5.205601	10.840070	NaN	NaN	44.863491	0.000000
342	Spectrogram 1	2	3294.100000	3294.270000	4000.000000	18000.000000	8000.000000	Trill	7.823130	11.838755	NaN	NaN	39.860692	0.000000
343	Spectrogram 1	2	3309.160000	3309.610000	4000.000000	18000.000000	8000.000000	Trill	8.260315	13.766400	NaN	NaN	56.481971	0.000000
344	Spectrogram 1	2	3337.360000	3337.430000	4000.000000	18000.000000	8000.000000	Trill	10.613692	13.599472	NaN	NaN	35.593266	0.000000
345	Spectrogram 1	2	3492.790000	3493.290000	4000.000000	18000.000000	8000.000000	Trill	15.356325	20.212919	NaN	NaN	97.492203	0.000000
346	Spectrogram 1	2	3664.430000	3664.850000	4000.000000	18000.000000	8000.000000	Sd-peep	15.863532	21.069742	NaN	NaN	108.185454	0.000000
347	Spectrogram 1	2	3668.740000	3669.100000	4000.000000	18000.000000	8000.000000	Trillphee	6.265938	11.637329	NaN	NaN	52.612465	0.000000
348	Spectrogram 1	2	3672.290000	3672.630000	4000.000000	18000.000000	8000.000000	Trillphee	13.570944	18.363085	NaN	NaN	94.891453	0.000000
349	Spectrogram 1	2	3721.520000	3721.560000	4000.000000	18000.000000	8000.000000	Sd-peep	5.630540	12.335273	NaN	NaN	61.082695	0.000000
350	Spectrogram 1	2	3805.220000	3807.010000	4000.000000	18000.000000	8000.000000	Phee	11.825248	18.810362	NaN	NaN	64.147359	0.000000
351	Spectrogram 1	2	4029.810000	4029.900000	4000.000000	18000.000000	8000.000000	P-peep	4.865112	15.006181	NaN	NaN	71.688957	0.000000
352	Spectrogram 1	2	4228.750000	4228.780000	4000.000000	18000.000000	8000.000000	Twitter	4.986242	16.528596	NaN	NaN	61.204504	0.000000
353	Spectrogram 1	2	4344.760000	4344.820000	4000.000000	18000.000000	8000.000000	P-peep	3.540215	6.908217	NaN	NaN	45.393276	0.000000
354	Spectrogram 1	2	4522.830000	4522.860000	4000.000000	18000.000000	8000.000000	Sd-peep	7.214267	10.083978	NaN	NaN	38.781277	0.000000
355	Spectrogram 1	2	4669.350000	4669.420000	4000.000000	18000.000000	8000.000000	Trill	3.581653	9.006394	NaN	NaN	44.340821	0.000000
356	Spectrogram 1	2	4802.270000	4802.350000	4000.000000	18000.000000	8000.000000	Trillphee	3.316528	9.008630	NaN	NaN	38.108617	0.000000
