Selection	View	Channel	Begin Time (s)	End Time (s)	Low Freq (Hz)	High Freq (Hz)	Max Freq (Hz)	Call Type	Energy Diff	Energy Par	Energy Diff (wl)	Energy Par (wl)	AHR	Exception
1	Spectrogram 1	1	23.730000	23.760000	4000.000000	18000.000000	8000.000000	Twitter	8.812092	10.960552	NaN	NaN	30.273659	0.000000
2	Spectrogram 1	1	23.970000	24.150000	4000.000000	18000.000000	8000.000000	Trill	4.150253	21.411124	NaN	NaN	81.300215	0.000000
3	Spectrogram 1	1	24.190000	24.550000	4000.000000	18000.000000	8000.000000	Trill	4.433823	24.330490	NaN	NaN	90.882942	0.000000
4	Spectrogram 1	1	49.170000	49.200000	4000.000000	18000.000000	8000.000000	Sd-peep	4.152923	7.754579	NaN	NaN	44.027579	0.000000
5	Spectrogram 1	1	62.720000	62.750000	4000.000000	18000.000000	8000.000000	Trill	9.544148	12.406149	NaN	NaN	33.219165	0.000000
6	Spectrogram 1	1	120.340000	120.360000	4000.000000	18000.000000	8000.000000	Sd-peep	8.074775	9.594409	NaN	NaN	30.021547	0.000000
7	Spectrogram 1	1	149.590000	149.640000	4000.000000	18000.000000	8000.000000	Phee	5.075515	6.696912	NaN	NaN	35.430464	0.000000
8	Spectrogram 1	1	149.700000	149.750000	4000.000000	18000.000000	8000.000000	Trill	8.242038	10.748840	NaN	NaN	29.950795	0.000000
9	Spectrogram 1	1	157.880000	158.260000	4000.000000	18000.000000	8000.000000	Phee	5.217227	10.312356	NaN	NaN	82.018925	0.000000
10	Spectrogram 1	1	168.200000	169.080000	4000.000000	18000.000000	8000.000000	Phee	4.027241	26.360076	NaN	NaN	44.156283	0.000000
11	Spectrogram 1	1	178.290000	179.110000	4000.000000	18000.000000	8000.000000	Phee	4.469495	15.329039	NaN	NaN	82.434685	0.000000
12	Spectrogram 1	1	181.970000	182.980000	4000.000000	18000.000000	8000.000000	Phee	4.277824	12.951418	NaN	NaN	61.340436	0.000000
13	Spectrogram 1	1	183.030000	183.060000	4000.000000	18000.000000	8000.000000	Twitter	8.793175	13.387032	NaN	NaN	53.797273	0.000000
14	Spectrogram 1	1	190.600000	190.640000	4000.000000	18000.000000	8000.000000	Trill	8.709303	9.425165	NaN	NaN	29.277219	0.000000
15	Spectrogram 1	1	192.440000	192.860000	4000.000000	18000.000000	8000.000000	Phee	4.647846	13.844090	NaN	NaN	71.297192	0.000000
16	Spectrogram 1	1	208.020000	208.110000	4000.000000	18000.000000	8000.000000	Trill	4.109969	16.305806	NaN	NaN	100.621715	0.000000
17	Spectrogram 1	1	215.030000	215.930000	4000.000000	18000.000000	8000.000000	Phee	4.448424	26.259293	NaN	NaN	114.921747	0.000000
18	Spectrogram 1	1	216.060000	216.090000	4000.000000	18000.000000	8000.000000	Trill	4.949855	18.090541	NaN	NaN	86.910687	0.000000
19	Spectrogram 1	1	216.870000	218.300000	4000.000000	18000.000000	8000.000000	Phee	5.976396	29.046557	NaN	NaN	127.635940	0.000000
20	Spectrogram 1	1	226.480000	226.940000	4000.000000	18000.000000	8000.000000	Phee	4.272707	17.027240	NaN	NaN	77.851837	0.000000
21	Spectrogram 1	1	226.980000	227.200000	4000.000000	18000.000000	8000.000000	Phee	5.653962	25.586988	NaN	NaN	113.554901	0.000000
22	Spectrogram 1	1	228.170000	228.500000	4000.000000	18000.000000	8000.000000	Phee	4.535820	8.984708	NaN	NaN	72.780077	0.000000
23	Spectrogram 1	1	229.810000	229.860000	4000.000000	18000.000000	8000.000000	Phee	4.428813	8.521984	NaN	NaN	65.259934	0.000000
24	Spectrogram 1	1	259.610000	259.660000	4000.000000	18000.000000	8000.000000	Phee	4.719915	11.160696	NaN	NaN	79.736363	0.000000
25	Spectrogram 1	1	263.500000	263.540000	4000.000000	18000.000000	8000.000000	Trillphee	5.263469	7.000572	NaN	NaN	37.977362	0.000000
26	Spectrogram 1	1	269.050000	269.070000	4000.000000	18000.000000	8000.000000	Sd-peep	4.415113	12.215397	NaN	NaN	56.048876	0.000000
27	Spectrogram 1	1	273.630000	274.540000	4000.000000	18000.000000	8000.000000	Phee	4.520227	16.624989	NaN	NaN	95.062957	0.000000
28	Spectrogram 1	1	275.350000	277.160000	4000.000000	18000.000000	8000.000000	Phee	5.522096	27.474347	NaN	NaN	99.506792	0.000000
29	Spectrogram 1	1	278.970000	278.990000	4000.000000	18000.000000	8000.000000	Sd-peep	10.039509	10.705895	NaN	NaN	31.206488	0.000000
30	Spectrogram 1	1	314.200000	314.390000	4000.000000	18000.000000	8000.000000	Trillphee	5.559367	10.740307	NaN	NaN	30.981572	0.000000
31	Spectrogram 1	1	318.640000	318.660000	4000.000000	18000.000000	8000.000000	Sd-peep	4.070031	10.505893	NaN	NaN	50.233925	0.000000
32	Spectrogram 1	1	322.270000	322.880000	4000.000000	18000.000000	8000.000000	Phee	4.018443	13.701151	NaN	NaN	75.800271	0.000000
33	Spectrogram 1	1	346.340000	346.500000	4000.000000	18000.000000	8000.000000	Phee	4.710115	10.170498	NaN	NaN	38.206338	0.000000
34	Spectrogram 1	1	350.730000	350.790000	4000.000000	18000.000000	8000.000000	Phee	5.354303	15.587598	NaN	NaN	87.210248	0.000000
35	Spectrogram 1	1	357.650000	357.690000	4000.000000	18000.000000	8000.000000	Trill	4.008465	10.353423	NaN	NaN	40.852883	0.000000
36	Spectrogram 1	1	358.090000	358.130000	4000.000000	18000.000000	8000.000000	Trill	4.663898	10.813042	NaN	NaN	45.017793	0.000000
37	Spectrogram 1	1	364.350000	365.000000	4000.000000	18000.000000	8000.000000	Phee	5.278524	20.089381	NaN	NaN	124.511706	0.000000
38	Spectrogram 1	1	370.070000	370.100000	4000.000000	18000.000000	8000.000000	Trill	4.425073	11.844236	NaN	NaN	38.940729	0.000000
39	Spectrogram 1	1	374.270000	374.290000	4000.000000	18000.000000	8000.000000	Sd-peep	4.287074	14.261271	NaN	NaN	36.393980	0.000000
40	Spectrogram 1	1	379.370000	379.630000	4000.000000	18000.000000	8000.000000	Phee	4.473146	17.266236	NaN	NaN	90.493013	0.000000
41	Spectrogram 1	1	382.240000	382.550000	4000.000000	18000.000000	8000.000000	Trill	8.101411	18.000352	NaN	NaN	73.449202	0.000000
42	Spectrogram 1	1	387.650000	387.690000	4000.000000	18000.000000	8000.000000	Phee	4.938458	8.254381	NaN	NaN	46.537819	0.000000
43	Spectrogram 1	1	387.730000	387.750000	4000.000000	18000.000000	8000.000000	Sd-peep	5.596006	8.078503	NaN	NaN	57.205978	0.000000
44	Spectrogram 1	1	392.690000	392.790000	4000.000000	18000.000000	8000.000000	Twitter	15.380655	29.117742	NaN	NaN	74.126571	0.000000
45	Spectrogram 1	1	392.850000	393.800000	4000.000000	18000.000000	8000.000000	Twitter	9.341100	24.508501	NaN	NaN	43.386511	0.000000
46	Spectrogram 1	1	395.890000	395.930000	4000.000000	18000.000000	8000.000000	Phee	6.008447	7.707678	NaN	NaN	71.958971	0.000000
47	Spectrogram 1	1	419.710000	419.980000	4000.000000	18000.000000	8000.000000	Trill	6.696608	18.789492	NaN	NaN	118.613351	0.000000
48	Spectrogram 1	1	420.010000	420.340000	4000.000000	18000.000000	8000.000000	Phee	4.048388	22.869561	NaN	NaN	121.225664	0.000000
49	Spectrogram 1	1	420.980000	421.200000	4000.000000	18000.000000	8000.000000	Trill	4.150820	17.567703	NaN	NaN	72.063495	0.000000
50	Spectrogram 1	1	435.200000	435.890000	4000.000000	18000.000000	8000.000000	Phee	4.823601	15.484249	NaN	NaN	48.490073	0.000000
51	Spectrogram 1	1	435.930000	436.530000	4000.000000	18000.000000	8000.000000	Phee	5.132895	21.952454	NaN	NaN	69.968820	0.000000
52	Spectrogram 1	1	436.570000	436.980000	4000.000000	18000.000000	8000.000000	Trill	5.303034	19.598025	NaN	NaN	67.167171	0.000000
53	Spectrogram 1	1	437.450000	437.900000	4000.000000	18000.000000	8000.000000	Phee	4.365791	21.135811	NaN	NaN	73.631239	0.000000
54	Spectrogram 1	1	445.750000	445.780000	4000.000000	18000.000000	8000.000000	Trill	6.118853	15.710309	NaN	NaN	87.740461	0.000000
55	Spectrogram 1	1	464.300000	464.580000	4000.000000	18000.000000	8000.000000	Trill	4.996233	17.475718	NaN	NaN	62.895126	0.000000
56	Spectrogram 1	1	466.120000	466.530000	4000.000000	18000.000000	8000.000000	Trill	6.455945	18.852637	NaN	NaN	58.015533	0.000000
57	Spectrogram 1	1	476.970000	476.990000	4000.000000	18000.000000	8000.000000	Phee	7.118633	11.569749	NaN	NaN	57.312587	0.000000
58	Spectrogram 1	1	487.640000	487.670000	4000.000000	18000.000000	8000.000000	Twitter	8.265008	11.310397	NaN	NaN	33.122313	0.000000
59	Spectrogram 1	1	497.960000	497.990000	4000.000000	18000.000000	8000.000000	Trill	5.540331	9.585191	NaN	NaN	30.745119	0.000000
60	Spectrogram 1	1	500.570000	500.930000	4000.000000	18000.000000	8000.000000	Trill	19.203815	29.590115	NaN	NaN	177.466554	0.000000
61	Spectrogram 1	1	502.140000	502.240000	4000.000000	18000.000000	8000.000000	Twitter	13.693601	29.746771	NaN	NaN	98.907158	0.000000
62	Spectrogram 1	1	502.290000	503.150000	4000.000000	18000.000000	8000.000000	Twitter	9.806352	25.207605	NaN	NaN	37.785638	0.000000
63	Spectrogram 1	1	512.130000	512.500000	4000.000000	18000.000000	8000.000000	Trill	18.798570	29.449263	NaN	NaN	173.293798	0.000000
64	Spectrogram 1	1	514.900000	515.250000	4000.000000	18000.000000	8000.000000	Trill	15.810517	26.973574	NaN	NaN	152.277651	0.000000
65	Spectrogram 1	1	523.190000	523.300000	4000.000000	18000.000000	8000.000000	Trillphee	4.654668	10.819609	NaN	NaN	82.687194	0.000000
66	Spectrogram 1	1	618.780000	619.020000	4000.000000	18000.000000	8000.000000	Trillphee	4.627871	9.647281	NaN	NaN	72.740512	0.000000
67	Spectrogram 1	1	619.300000	619.340000	4000.000000	18000.000000	8000.000000	Phee	5.985085	8.274972	NaN	NaN	67.465696	0.000000
68	Spectrogram 1	1	622.860000	622.880000	4000.000000	18000.000000	8000.000000	Sd-peep	5.453549	17.604096	NaN	NaN	43.313545	0.000000
69	Spectrogram 1	1	628.720000	628.740000	4000.000000	18000.000000	8000.000000	Sd-peep	4.415055	6.897970	NaN	NaN	48.918392	0.000000
70	Spectrogram 1	1	628.820000	628.840000	4000.000000	18000.000000	8000.000000	Sd-peep	4.131477	6.694058	NaN	NaN	41.202249	0.000000
71	Spectrogram 1	1	632.510000	632.540000	4000.000000	18000.000000	8000.000000	Trill	4.582046	16.064555	NaN	NaN	53.015518	0.000000
72	Spectrogram 1	1	670.430000	670.490000	4000.000000	18000.000000	8000.000000	Twitter	4.128801	22.431097	NaN	NaN	40.670398	0.000000
73	Spectrogram 1	1	676.210000	676.250000	4000.000000	18000.000000	8000.000000	Trill	10.228286	10.856523	NaN	NaN	29.520379	0.000000
74	Spectrogram 1	1	686.920000	686.960000	4000.000000	18000.000000	8000.000000	Trill	10.280631	11.631406	NaN	NaN	29.000489	0.000000
75	Spectrogram 1	1	689.610000	689.640000	4000.000000	18000.000000	8000.000000	Twitter	7.484572	7.994278	NaN	NaN	31.453748	0.000000
76	Spectrogram 1	1	696.260000	697.110000	4000.000000	18000.000000	8000.000000	Trill	4.280780	20.817919	NaN	NaN	66.696789	0.000000
77	Spectrogram 1	1	707.190000	707.220000	4000.000000	18000.000000	8000.000000	Trill	4.948185	8.684069	NaN	NaN	61.720914	0.000000
78	Spectrogram 1	1	709.200000	709.250000	4000.000000	18000.000000	8000.000000	Phee	5.347360	10.530133	NaN	NaN	95.996271	0.000000
79	Spectrogram 1	1	717.940000	717.970000	4000.000000	18000.000000	8000.000000	Trill	4.088084	8.437875	NaN	NaN	61.515892	0.000000
80	Spectrogram 1	1	719.890000	719.980000	4000.000000	18000.000000	8000.000000	Trill	7.911511	22.657922	NaN	NaN	93.620568	0.000000
81	Spectrogram 1	1	720.600000	720.620000	4000.000000	18000.000000	8000.000000	Sd-peep	6.698563	10.744796	NaN	NaN	86.300269	0.000000
82	Spectrogram 1	1	720.740000	720.760000	4000.000000	18000.000000	8000.000000	Sd-peep	5.267046	9.986863	NaN	NaN	62.788982	0.000000
83	Spectrogram 1	1	720.820000	720.840000	4000.000000	18000.000000	8000.000000	Sd-peep	4.212566	9.727762	NaN	NaN	49.327012	0.000000
84	Spectrogram 1	1	720.930000	720.960000	4000.000000	18000.000000	8000.000000	Trillphee	4.502449	11.452576	NaN	NaN	53.999869	0.000000
85	Spectrogram 1	1	726.930000	727.280000	4000.000000	18000.000000	8000.000000	Trill	6.372059	17.480533	NaN	NaN	72.335899	0.000000
86	Spectrogram 1	1	729.890000	729.940000	4000.000000	18000.000000	8000.000000	Trill	4.221665	11.915813	NaN	NaN	38.013479	0.000000
87	Spectrogram 1	1	730.000000	730.070000	4000.000000	18000.000000	8000.000000	Trill	4.689918	11.456496	NaN	NaN	47.963526	0.000000
88	Spectrogram 1	1	732.220000	732.570000	4000.000000	18000.000000	8000.000000	Trill	8.864194	21.244372	NaN	NaN	93.908734	0.000000
89	Spectrogram 1	1	738.710000	738.760000	4000.000000	18000.000000	8000.000000	Phee	4.992952	11.025871	NaN	NaN	70.568949	0.000000
90	Spectrogram 1	1	741.720000	741.750000	4000.000000	18000.000000	8000.000000	Phee	4.934985	8.941311	NaN	NaN	50.710564	0.000000
91	Spectrogram 1	1	760.560000	760.620000	4000.000000	18000.000000	8000.000000	Trill	5.133484	10.498906	NaN	NaN	75.936078	0.000000
92	Spectrogram 1	1	779.340000	779.550000	4000.000000	18000.000000	8000.000000	Trill	5.027169	12.272238	NaN	NaN	78.288730	0.000000
93	Spectrogram 1	1	779.690000	779.840000	4000.000000	18000.000000	8000.000000	Trill	4.325975	14.140008	NaN	NaN	77.924306	0.000000
94	Spectrogram 1	1	809.380000	809.450000	4000.000000	18000.000000	8000.000000	Trill	6.166025	13.567119	NaN	NaN	100.252309	0.000000
95	Spectrogram 1	1	809.500000	809.600000	4000.000000	18000.000000	8000.000000	Trill	5.675970	15.217381	NaN	NaN	107.073217	0.000000
96	Spectrogram 1	1	809.650000	809.680000	4000.000000	18000.000000	8000.000000	Trill	4.224674	14.185973	NaN	NaN	81.775027	0.000000
97	Spectrogram 1	1	809.750000	810.010000	4000.000000	18000.000000	8000.000000	Trill	4.110134	22.413370	NaN	NaN	119.026700	0.000000
98	Spectrogram 1	1	810.890000	811.050000	4000.000000	18000.000000	8000.000000	Trill	4.046136	17.505011	NaN	NaN	68.016082	0.000000
99	Spectrogram 1	1	811.610000	812.070000	4000.000000	18000.000000	8000.000000	Trill	4.706229	22.005066	NaN	NaN	97.862621	0.000000
100	Spectrogram 1	1	812.120000	812.280000	4000.000000	18000.000000	8000.000000	Trill	4.906492	23.295900	NaN	NaN	83.580921	0.000000
101	Spectrogram 1	1	813.420000	813.690000	4000.000000	18000.000000	8000.000000	Trill	7.845621	17.355981	NaN	NaN	120.519276	0.000000
102	Spectrogram 1	1	820.000000	820.040000	4000.000000	18000.000000	8000.000000	Trill	4.842285	11.760723	NaN	NaN	31.974090	0.000000
103	Spectrogram 1	1	830.570000	830.660000	4000.000000	18000.000000	8000.000000	Trill	4.027490	13.589654	NaN	NaN	45.720773	0.000000
104	Spectrogram 1	1	831.270000	831.540000	4000.000000	18000.000000	8000.000000	Trill	4.727617	24.998635	NaN	NaN	116.061898	0.000000
105	Spectrogram 1	1	833.260000	833.580000	4000.000000	18000.000000	8000.000000	Phee	4.727583	9.747579	NaN	NaN	38.267025	0.000000
106	Spectrogram 1	1	839.680000	839.980000	4000.000000	18000.000000	8000.000000	Trill	8.864700	20.057057	NaN	NaN	33.357877	0.000000
107	Spectrogram 1	1	848.720000	848.790000	4000.000000	18000.000000	8000.000000	Phee	4.996719	18.244315	NaN	NaN	80.912815	0.000000
108	Spectrogram 1	1	862.700000	862.760000	4000.000000	18000.000000	8000.000000	Trill	4.052829	7.793887	NaN	NaN	56.500276	0.000000
109	Spectrogram 1	1	866.820000	866.980000	4000.000000	18000.000000	8000.000000	Twitter	4.736593	23.775060	NaN	NaN	68.072670	0.000000
110	Spectrogram 1	1	868.820000	868.850000	4000.000000	18000.000000	8000.000000	Trill	5.042338	15.199669	NaN	NaN	71.113357	0.000000
111	Spectrogram 1	1	870.130000	870.160000	4000.000000	18000.000000	8000.000000	Trill	4.026802	9.414078	NaN	NaN	49.479727	0.000000
112	Spectrogram 1	1	870.390000	870.430000	4000.000000	18000.000000	8000.000000	Trill	4.347324	11.415519	NaN	NaN	53.324150	0.000000
113	Spectrogram 1	1	870.520000	870.560000	4000.000000	18000.000000	8000.000000	Trill	4.751854	12.146757	NaN	NaN	57.055965	0.000000
114	Spectrogram 1	1	878.230000	878.450000	4000.000000	18000.000000	8000.000000	Trill	7.271707	17.381345	NaN	NaN	49.886396	0.000000
115	Spectrogram 1	1	883.610000	884.060000	4000.000000	18000.000000	8000.000000	Trill	6.330389	18.035742	NaN	NaN	74.981287	0.000000
116	Spectrogram 1	1	890.320000	890.740000	4000.000000	18000.000000	8000.000000	Trill	6.221832	19.473947	NaN	NaN	81.810041	0.000000
117	Spectrogram 1	1	894.830000	894.860000	4000.000000	18000.000000	8000.000000	Sd-peep	4.265306	18.632238	NaN	NaN	53.698013	0.000000
118	Spectrogram 1	1	900.390000	900.450000	4000.000000	18000.000000	8000.000000	Trill	9.179693	13.102481	NaN	NaN	29.134750	0.000000
119	Spectrogram 1	1	912.810000	912.890000	4000.000000	18000.000000	8000.000000	Twitter	6.051880	24.440548	NaN	NaN	81.887373	0.000000
120	Spectrogram 1	1	929.750000	930.210000	4000.000000	18000.000000	8000.000000	Trillphee	4.721020	14.428361	NaN	NaN	62.097311	0.000000
121	Spectrogram 1	1	930.250000	930.560000	4000.000000	18000.000000	8000.000000	Trillphee	6.753623	18.611997	NaN	NaN	80.019506	0.000000
122	Spectrogram 1	1	946.130000	946.410000	4000.000000	18000.000000	8000.000000	Trill	14.456459	24.566867	NaN	NaN	100.797681	0.000000
123	Spectrogram 1	1	951.960000	952.040000	4000.000000	18000.000000	8000.000000	Trill	6.248611	15.278580	NaN	NaN	114.007443	0.000000
124	Spectrogram 1	1	965.840000	966.090000	4000.000000	18000.000000	8000.000000	Phee	5.536147	8.949308	NaN	NaN	44.302649	0.000000
125	Spectrogram 1	1	973.820000	974.090000	4000.000000	18000.000000	8000.000000	Trill	6.614435	19.740399	NaN	NaN	59.937790	0.000000
126	Spectrogram 1	1	999.290000	999.610000	4000.000000	18000.000000	8000.000000	Trillphee	5.643310	11.977742	NaN	NaN	65.308121	0.000000
127	Spectrogram 1	1	1010.900000	1010.970000	4000.000000	18000.000000	8000.000000	Phee	4.521411	11.297196	NaN	NaN	45.479544	0.000000
128	Spectrogram 1	1	1048.370000	1048.650000	4000.000000	18000.000000	8000.000000	Phee	4.522411	12.123440	NaN	NaN	71.817495	0.000000
129	Spectrogram 1	1	1053.210000	1053.570000	4000.000000	18000.000000	8000.000000	Phee	4.328135	13.132312	NaN	NaN	74.090321	0.000000
130	Spectrogram 1	1	1062.970000	1063.050000	4000.000000	18000.000000	8000.000000	Sd-peep	8.064953	26.151733	NaN	NaN	53.767351	0.000000
131	Spectrogram 1	1	1063.280000	1063.390000	4000.000000	18000.000000	8000.000000	Sd-peep	7.403924	22.936664	NaN	NaN	66.687224	0.000000
132	Spectrogram 1	1	1119.600000	1119.680000	4000.000000	18000.000000	8000.000000	Phee	5.332694	26.321930	NaN	NaN	156.059196	0.000000
133	Spectrogram 1	1	1142.070000	1142.120000	4000.000000	18000.000000	8000.000000	Trill	4.761037	8.350806	NaN	NaN	38.685034	0.000000
134	Spectrogram 1	1	1143.700000	1143.920000	4000.000000	18000.000000	8000.000000	Trill	5.881108	11.519868	NaN	NaN	30.533650	0.000000
135	Spectrogram 1	1	1162.940000	1163.000000	4000.000000	18000.000000	8000.000000	Trillphee	4.195832	9.505022	NaN	NaN	81.382087	0.000000
136	Spectrogram 1	1	1163.080000	1163.260000	4000.000000	18000.000000	8000.000000	Trillphee	5.335382	10.741547	NaN	NaN	99.287286	0.000000
137	Spectrogram 1	1	1163.300000	1163.370000	4000.000000	18000.000000	8000.000000	Phee	4.350274	10.192937	NaN	NaN	70.438237	0.000000
138	Spectrogram 1	1	1175.130000	1175.170000	4000.000000	18000.000000	8000.000000	Trill	5.040995	6.758321	NaN	NaN	53.397274	0.000000
139	Spectrogram 1	1	1179.330000	1179.360000	4000.000000	18000.000000	8000.000000	Trill	9.427128	9.983308	NaN	NaN	29.641580	0.000000
140	Spectrogram 1	1	1203.590000	1203.650000	4000.000000	18000.000000	8000.000000	Twitter	4.824087	14.028279	NaN	NaN	87.653769	0.000000
141	Spectrogram 1	1	1206.950000	1207.030000	4000.000000	18000.000000	8000.000000	Trill	6.120751	9.532216	NaN	NaN	42.559601	0.000000
142	Spectrogram 1	1	1208.640000	1208.670000	4000.000000	18000.000000	8000.000000	Twitter	5.253315	8.873247	NaN	NaN	40.539632	0.000000
143	Spectrogram 1	1	1213.370000	1213.610000	4000.000000	18000.000000	8000.000000	Trillphee	4.439430	11.713197	NaN	NaN	42.447533	0.000000
144	Spectrogram 1	1	1227.020000	1227.040000	4000.000000	18000.000000	8000.000000	Twitter	9.649645	15.629603	NaN	NaN	46.873996	0.000000
145	Spectrogram 1	1	1231.560000	1231.630000	4000.000000	18000.000000	8000.000000	Trillphee	10.649092	13.621646	NaN	NaN	30.136573	0.000000
146	Spectrogram 1	1	1234.850000	1234.890000	4000.000000	18000.000000	8000.000000	Trill	4.122324	10.272091	NaN	NaN	36.628520	0.000000
147	Spectrogram 1	1	1235.270000	1235.360000	4000.000000	18000.000000	8000.000000	Trill	4.004191	9.267684	NaN	NaN	47.368344	0.000000
148	Spectrogram 1	1	1244.000000	1244.050000	4000.000000	18000.000000	8000.000000	Trill	8.835833	10.458016	NaN	NaN	29.036534	0.000000
149	Spectrogram 1	1	1284.260000	1284.480000	4000.000000	18000.000000	8000.000000	Trill	5.281965	24.491606	NaN	NaN	114.132256	0.000000
150	Spectrogram 1	1	1284.530000	1284.590000	4000.000000	18000.000000	8000.000000	Trill	6.157491	24.565240	NaN	NaN	91.177132	0.000000
151	Spectrogram 1	1	1284.650000	1284.790000	4000.000000	18000.000000	8000.000000	Trill	4.243445	23.337801	NaN	NaN	110.234398	0.000000
152	Spectrogram 1	1	1296.780000	1296.810000	4000.000000	18000.000000	8000.000000	Trill	6.481938	8.283200	NaN	NaN	34.760901	0.000000
153	Spectrogram 1	1	1309.520000	1309.790000	4000.000000	18000.000000	8000.000000	Trill	5.850809	18.014349	NaN	NaN	106.060349	0.000000
154	Spectrogram 1	1	1312.720000	1313.760000	4000.000000	18000.000000	8000.000000	Trill	14.386680	30.000000	NaN	NaN	195.061588	0.000000
155	Spectrogram 1	1	1319.160000	1319.220000	4000.000000	18000.000000	8000.000000	Phee	4.287537	13.918266	NaN	NaN	84.970558	0.000000
156	Spectrogram 1	1	1319.270000	1319.330000	4000.000000	18000.000000	8000.000000	Phee	4.314236	11.896084	NaN	NaN	87.779656	0.000000
157	Spectrogram 1	1	1319.460000	1319.500000	4000.000000	18000.000000	8000.000000	Phee	5.286981	11.845557	NaN	NaN	87.462030	0.000000
158	Spectrogram 1	1	1323.110000	1323.410000	4000.000000	18000.000000	8000.000000	Phee	6.478589	17.609918	NaN	NaN	105.716098	0.000000
159	Spectrogram 1	1	1340.210000	1340.550000	4000.000000	18000.000000	8000.000000	Trillphee	4.240898	19.158424	NaN	NaN	80.520501	0.000000
160	Spectrogram 1	1	1355.040000	1355.060000	4000.000000	18000.000000	8000.000000	Sd-peep	5.327548	10.640069	NaN	NaN	96.670777	0.000000
161	Spectrogram 1	1	1360.770000	1360.810000	4000.000000	18000.000000	8000.000000	Trillphee	4.379869	15.933374	NaN	NaN	93.095510	0.000000
162	Spectrogram 1	1	1370.590000	1370.640000	4000.000000	18000.000000	8000.000000	Trill	4.450822	15.084971	NaN	NaN	102.838125	0.000000
163	Spectrogram 1	1	1372.840000	1372.890000	4000.000000	18000.000000	8000.000000	Trill	4.458092	22.806680	NaN	NaN	140.973193	0.000000
164	Spectrogram 1	1	1373.000000	1373.290000	4000.000000	18000.000000	8000.000000	Trill	4.257041	26.249579	NaN	NaN	131.976383	0.000000
165	Spectrogram 1	1	1373.330000	1373.400000	4000.000000	18000.000000	8000.000000	Trill	7.875607	30.000000	NaN	NaN	168.393090	0.000000
166	Spectrogram 1	1	1373.470000	1373.650000	4000.000000	18000.000000	8000.000000	Trill	6.863203	28.523745	NaN	NaN	142.994147	0.000000
167	Spectrogram 1	1	1380.660000	1380.850000	4000.000000	18000.000000	8000.000000	Trillphee	9.518049	18.843978	NaN	NaN	29.035481	0.000000
168	Spectrogram 1	1	1403.100000	1403.200000	4000.000000	18000.000000	8000.000000	Phee	6.017261	12.416660	NaN	NaN	74.636711	0.000000
169	Spectrogram 1	1	1412.010000	1412.470000	4000.000000	18000.000000	8000.000000	Trill	4.703080	17.592534	NaN	NaN	59.990543	0.000000
170	Spectrogram 1	1	1418.330000	1418.500000	4000.000000	18000.000000	8000.000000	Trill	6.162837	16.442099	NaN	NaN	102.813340	0.000000
171	Spectrogram 1	1	1433.210000	1433.260000	4000.000000	18000.000000	8000.000000	Trill	6.876157	14.861686	NaN	NaN	76.770932	0.000000
172	Spectrogram 1	1	1438.310000	1438.350000	4000.000000	18000.000000	8000.000000	Sd-peep	4.865605	6.911681	NaN	NaN	52.839343	0.000000
173	Spectrogram 1	1	1439.940000	1439.980000	4000.000000	18000.000000	8000.000000	Trill	4.788629	17.802499	NaN	NaN	102.637398	0.000000
174	Spectrogram 1	1	1440.010000	1441.480000	4000.000000	18000.000000	8000.000000	Trill	4.994052	26.984153	NaN	NaN	115.295699	0.000000
175	Spectrogram 1	1	1441.540000	1441.570000	4000.000000	18000.000000	8000.000000	Trill	7.633247	17.651288	NaN	NaN	133.482022	0.000000
176	Spectrogram 1	1	1442.060000	1443.690000	4000.000000	18000.000000	8000.000000	Trillphee	5.843988	29.898482	NaN	NaN	94.923961	0.000000
177	Spectrogram 1	1	1448.280000	1449.060000	4000.000000	18000.000000	8000.000000	Trill	11.253774	27.572201	NaN	NaN	164.668861	0.000000
178	Spectrogram 1	1	1458.530000	1458.850000	4000.000000	18000.000000	8000.000000	Trill	16.791311	27.292877	NaN	NaN	198.322688	0.000000
179	Spectrogram 1	1	1465.680000	1465.720000	4000.000000	18000.000000	8000.000000	Phee	4.819200	7.737998	NaN	NaN	33.862385	0.000000
180	Spectrogram 1	1	1471.880000	1471.980000	4000.000000	18000.000000	8000.000000	Trillphee	4.103695	14.188181	NaN	NaN	85.092934	0.000000
181	Spectrogram 1	1	1472.020000	1472.200000	4000.000000	18000.000000	8000.000000	Phee	4.737797	17.491500	NaN	NaN	109.147563	0.000000
182	Spectrogram 1	1	1473.050000	1473.390000	4000.000000	18000.000000	8000.000000	Trill	16.975282	30.000000	NaN	NaN	128.618760	0.000000
183	Spectrogram 1	1	1483.810000	1484.010000	4000.000000	18000.000000	8000.000000	Trill	6.404142	14.769986	NaN	NaN	98.589851	0.000000
184	Spectrogram 1	1	1484.090000	1484.740000	4000.000000	18000.000000	8000.000000	Phee	6.310785	20.330585	NaN	NaN	127.106709	0.000000
185	Spectrogram 1	1	1492.310000	1492.340000	4000.000000	18000.000000	8000.000000	Trill	4.319988	15.532552	NaN	NaN	94.990999	0.000000
186	Spectrogram 1	1	1501.080000	1501.330000	4000.000000	18000.000000	8000.000000	Trill	4.564646	15.266450	NaN	NaN	62.741002	0.000000
187	Spectrogram 1	1	1504.430000	1504.970000	4000.000000	18000.000000	8000.000000	Phee	4.405490	20.711259	NaN	NaN	98.485579	0.000000
188	Spectrogram 1	1	1505.600000	1505.910000	4000.000000	18000.000000	8000.000000	Trillphee	6.075543	17.622799	NaN	NaN	35.589111	0.000000
189	Spectrogram 1	1	1505.950000	1506.230000	4000.000000	18000.000000	8000.000000	Trillphee	7.333200	20.617811	NaN	NaN	52.395118	0.000000
190	Spectrogram 1	1	1507.990000	1508.050000	4000.000000	18000.000000	8000.000000	Trill	4.323869	7.244278	NaN	NaN	34.677198	0.000000
191	Spectrogram 1	1	1517.600000	1517.670000	4000.000000	18000.000000	8000.000000	Phee	8.670261	12.954921	NaN	NaN	42.015766	0.000000
192	Spectrogram 1	1	1519.830000	1520.020000	4000.000000	18000.000000	8000.000000	Trill	7.144898	16.857156	NaN	NaN	92.945746	0.000000
193	Spectrogram 1	1	1531.370000	1531.650000	4000.000000	18000.000000	8000.000000	Trill	5.775274	14.160274	NaN	NaN	77.485987	0.000000
194	Spectrogram 1	1	1543.130000	1543.160000	4000.000000	18000.000000	8000.000000	Trill	9.662577	13.028202	NaN	NaN	29.895246	0.000000
195	Spectrogram 1	1	1557.580000	1557.880000	4000.000000	18000.000000	8000.000000	Trill	8.999282	18.474380	NaN	NaN	74.877019	0.000000
196	Spectrogram 1	1	1580.280000	1580.370000	4000.000000	18000.000000	8000.000000	Trillphee	5.414019	11.464251	NaN	NaN	34.407055	0.000000
197	Spectrogram 1	1	1580.550000	1580.600000	4000.000000	18000.000000	8000.000000	Trillphee	5.970656	14.717690	NaN	NaN	72.970767	0.000000
198	Spectrogram 1	1	1598.470000	1598.490000	4000.000000	18000.000000	8000.000000	Sd-peep	5.857963	17.966202	NaN	NaN	110.177391	0.000000
199	Spectrogram 1	1	1600.710000	1600.740000	4000.000000	18000.000000	8000.000000	Sd-peep	5.610236	15.847629	NaN	NaN	83.551340	0.000000
200	Spectrogram 1	1	1606.110000	1606.390000	4000.000000	18000.000000	8000.000000	Trill	4.668924	20.464175	NaN	NaN	53.467644	0.000000
201	Spectrogram 1	1	1624.260000	1625.370000	4000.000000	18000.000000	8000.000000	Trillphee	4.222335	20.811868	NaN	NaN	41.185180	0.000000
202	Spectrogram 1	1	1628.130000	1628.170000	4000.000000	18000.000000	8000.000000	Sd-peep	7.945455	11.015512	NaN	NaN	33.177884	0.000000
203	Spectrogram 1	1	1663.660000	1664.540000	4000.000000	18000.000000	8000.000000	Phee	7.510058	26.681475	NaN	NaN	115.656195	0.000000
204	Spectrogram 1	1	1664.650000	1664.750000	4000.000000	18000.000000	8000.000000	Phee	9.037279	28.905147	NaN	NaN	160.028016	0.000000
205	Spectrogram 1	1	1665.920000	1666.210000	4000.000000	18000.000000	8000.000000	Trill	5.044545	25.347116	NaN	NaN	93.365208	0.000000
206	Spectrogram 1	1	1666.330000	1666.350000	4000.000000	18000.000000	8000.000000	Trill	6.521021	23.770348	NaN	NaN	100.283267	0.000000
207	Spectrogram 1	1	1666.420000	1666.450000	4000.000000	18000.000000	8000.000000	Trill	6.082728	18.781248	NaN	NaN	66.276928	0.000000
208	Spectrogram 1	1	1680.900000	1680.980000	4000.000000	18000.000000	8000.000000	Phee	4.366334	12.402787	NaN	NaN	54.979245	0.000000
209	Spectrogram 1	1	1683.720000	1683.960000	4000.000000	18000.000000	8000.000000	Trill	11.043707	19.741061	NaN	NaN	85.787940	0.000000
210	Spectrogram 1	1	1691.780000	1691.870000	4000.000000	18000.000000	8000.000000	Trillphee	4.765491	11.772908	NaN	NaN	74.453261	0.000000
211	Spectrogram 1	1	1698.630000	1698.990000	4000.000000	18000.000000	8000.000000	Trill	7.783515	16.920491	NaN	NaN	64.365287	0.000000
212	Spectrogram 1	1	1699.040000	1699.090000	4000.000000	18000.000000	8000.000000	Trill	4.816809	10.808655	NaN	NaN	42.673042	0.000000
213	Spectrogram 1	1	1708.070000	1708.090000	4000.000000	18000.000000	8000.000000	Sd-peep	6.370663	24.053416	NaN	NaN	39.612853	0.000000
214	Spectrogram 1	1	1745.700000	1746.440000	4000.000000	18000.000000	8000.000000	Phee	4.826490	19.472461	NaN	NaN	86.797763	0.000000
215	Spectrogram 1	1	1754.430000	1754.720000	4000.000000	18000.000000	8000.000000	Trill	9.290542	19.095133	NaN	NaN	63.833292	0.000000
216	Spectrogram 1	1	1758.570000	1758.640000	4000.000000	18000.000000	8000.000000	Trill	4.857962	14.217076	NaN	NaN	38.396769	0.000000
217	Spectrogram 1	1	1758.700000	1758.770000	4000.000000	18000.000000	8000.000000	Trill	4.259939	14.380731	NaN	NaN	36.517654	0.000000
218	Spectrogram 1	1	1758.950000	1759.130000	4000.000000	18000.000000	8000.000000	Trill	4.706697	12.522177	NaN	NaN	52.143163	0.000000
219	Spectrogram 1	1	1764.780000	1764.810000	4000.000000	18000.000000	8000.000000	Sd-peep	4.181885	14.745341	NaN	NaN	57.939541	0.000000
220	Spectrogram 1	1	1768.480000	1768.660000	4000.000000	18000.000000	8000.000000	Trill	7.133432	14.173163	NaN	NaN	37.953438	0.000000
221	Spectrogram 1	1	1775.080000	1775.310000	4000.000000	18000.000000	8000.000000	Trill	9.259330	17.976066	NaN	NaN	76.224223	0.000000
222	Spectrogram 1	1	1782.450000	1782.690000	4000.000000	18000.000000	8000.000000	Trill	4.986110	13.891561	NaN	NaN	35.707592	0.000000
223	Spectrogram 1	1	1784.210000	1784.330000	4000.000000	18000.000000	8000.000000	Twitter	4.494315	22.206921	NaN	NaN	49.064597	0.000000
224	Spectrogram 1	1	1784.380000	1785.340000	4000.000000	18000.000000	8000.000000	Twitter	5.774797	22.199228	NaN	NaN	32.095785	0.000000
225	Spectrogram 1	1	1785.380000	1785.430000	4000.000000	18000.000000	8000.000000	Trill	4.429443	12.836022	NaN	NaN	59.836172	0.000000
226	Spectrogram 1	1	1872.190000	1872.220000	4000.000000	18000.000000	8000.000000	Sd-peep	4.370562	13.990239	NaN	NaN	65.286887	0.000000
227	Spectrogram 1	1	1880.290000	1880.350000	4000.000000	18000.000000	8000.000000	Trill	5.227399	8.162029	NaN	NaN	60.974500	0.000000
228	Spectrogram 1	1	1885.320000	1885.440000	4000.000000	18000.000000	8000.000000	Phee	6.899318	17.526446	NaN	NaN	117.951193	0.000000
229	Spectrogram 1	1	1906.390000	1906.450000	4000.000000	18000.000000	8000.000000	Trill	9.482806	11.651549	NaN	NaN	29.790723	0.000000
230	Spectrogram 1	1	1917.360000	1917.380000	4000.000000	18000.000000	8000.000000	Sd-peep	4.630930	5.895640	NaN	NaN	40.176583	0.000000
231	Spectrogram 1	1	1918.350000	1918.630000	4000.000000	18000.000000	8000.000000	Trill	5.770896	18.213749	NaN	NaN	94.852100	0.000000
232	Spectrogram 1	1	1918.710000	1919.000000	4000.000000	18000.000000	8000.000000	Phee	5.031618	17.957183	NaN	NaN	98.232052	0.000000
233	Spectrogram 1	1	1946.300000	1946.320000	4000.000000	18000.000000	8000.000000	Sd-peep	10.244406	9.483460	NaN	NaN	32.572282	0.000000
234	Spectrogram 1	1	1947.450000	1947.830000	4000.000000	18000.000000	8000.000000	Trill	17.907537	28.870304	NaN	NaN	169.320992	0.000000
235	Spectrogram 1	1	1949.940000	1950.140000	4000.000000	18000.000000	8000.000000	Trill	4.988158	22.149486	NaN	NaN	123.657983	0.000000
236	Spectrogram 1	1	1951.480000	1951.500000	4000.000000	18000.000000	8000.000000	Trill	4.995878	21.284943	NaN	NaN	106.361921	0.000000
237	Spectrogram 1	1	1951.590000	1951.630000	4000.000000	18000.000000	8000.000000	Trill	6.850604	22.781758	NaN	NaN	108.370791	0.000000
238	Spectrogram 1	1	1951.720000	1951.940000	4000.000000	18000.000000	8000.000000	Trill	6.069687	25.759372	NaN	NaN	122.497924	0.000000
239	Spectrogram 1	1	1952.000000	1952.070000	4000.000000	18000.000000	8000.000000	Trill	6.486401	23.213018	NaN	NaN	121.927618	0.000000
240	Spectrogram 1	1	1954.050000	1954.070000	4000.000000	18000.000000	8000.000000	Sd-peep	5.061052	9.811293	NaN	NaN	42.959752	0.000000
241	Spectrogram 1	1	1969.260000	1969.300000	4000.000000	18000.000000	8000.000000	Trill	10.785584	9.894775	NaN	NaN	36.492598	0.000000
242	Spectrogram 1	1	1976.390000	1976.560000	4000.000000	18000.000000	8000.000000	Trill	7.867922	17.994487	NaN	NaN	44.895375	0.000000
243	Spectrogram 1	1	1981.380000	1981.410000	4000.000000	18000.000000	8000.000000	Phee	6.147835	9.428635	NaN	NaN	72.597241	0.000000
244	Spectrogram 1	1	1981.970000	1981.990000	4000.000000	18000.000000	8000.000000	Sd-peep	4.177151	7.435945	NaN	NaN	50.523344	0.000000
245	Spectrogram 1	1	1989.070000	1989.100000	4000.000000	18000.000000	8000.000000	Trill	8.068603	7.982638	NaN	NaN	40.502848	0.000000
246	Spectrogram 1	1	2009.630000	2009.650000	4000.000000	18000.000000	8000.000000	Sd-peep	4.203906	7.785923	NaN	NaN	32.831714	0.000000
247	Spectrogram 1	1	2022.370000	2022.640000	4000.000000	18000.000000	8000.000000	Trill	5.142635	13.222628	NaN	NaN	41.688618	0.000000
248	Spectrogram 1	1	2033.390000	2034.170000	4000.000000	18000.000000	8000.000000	Trill	4.073148	23.482271	NaN	NaN	94.022176	0.000000
249	Spectrogram 1	1	2034.670000	2036.370000	4000.000000	18000.000000	8000.000000	Trill	4.832392	26.992129	NaN	NaN	93.749630	0.000000
250	Spectrogram 1	1	2067.560000	2068.050000	4000.000000	18000.000000	8000.000000	Phee	6.211802	19.718642	NaN	NaN	113.828157	0.000000
251	Spectrogram 1	1	2068.440000	2068.530000	4000.000000	18000.000000	8000.000000	Trillphee	4.017177	17.635337	NaN	NaN	80.414294	0.000000
252	Spectrogram 1	1	2073.140000	2073.450000	4000.000000	18000.000000	8000.000000	Trill	15.585368	26.722047	NaN	NaN	143.884595	0.000000
253	Spectrogram 1	1	2075.100000	2075.130000	4000.000000	18000.000000	8000.000000	Twitter	4.149603	11.002376	NaN	NaN	49.083668	0.000000
254	Spectrogram 1	1	2087.590000	2087.910000	4000.000000	18000.000000	8000.000000	Trill	6.521508	18.005940	NaN	NaN	60.171070	0.000000
255	Spectrogram 1	1	2100.970000	2101.020000	4000.000000	18000.000000	8000.000000	Twitter	5.179562	14.105051	NaN	NaN	37.325516	0.000000
256	Spectrogram 1	1	2101.080000	2101.550000	4000.000000	18000.000000	8000.000000	Trill	4.379741	11.563206	NaN	NaN	33.359575	0.000000
257	Spectrogram 1	1	2101.590000	2101.790000	4000.000000	18000.000000	8000.000000	Trill	6.046196	11.300963	NaN	NaN	37.776933	0.000000
258	Spectrogram 1	1	2123.380000	2123.430000	4000.000000	18000.000000	8000.000000	Trillphee	7.489041	14.035406	NaN	NaN	53.501920	0.000000
259	Spectrogram 1	1	2123.710000	2123.880000	4000.000000	18000.000000	8000.000000	Trillphee	5.682042	15.714255	NaN	NaN	39.750674	0.000000
260	Spectrogram 1	1	2123.970000	2124.130000	4000.000000	18000.000000	8000.000000	Trillphee	8.193147	17.211993	NaN	NaN	45.448932	0.000000
261	Spectrogram 1	1	2124.800000	2124.950000	4000.000000	18000.000000	8000.000000	Phee	6.512879	13.589959	NaN	NaN	47.199320	0.000000
262	Spectrogram 1	1	2134.290000	2134.420000	4000.000000	18000.000000	8000.000000	Phee	4.873744	11.433433	NaN	NaN	73.585146	0.000000
263	Spectrogram 1	1	2135.780000	2136.020000	4000.000000	18000.000000	8000.000000	Trill	7.833617	15.621592	NaN	NaN	80.426751	0.000000
264	Spectrogram 1	1	2136.090000	2136.180000	4000.000000	18000.000000	8000.000000	Trillphee	7.259389	16.378113	NaN	NaN	84.632597	0.000000
265	Spectrogram 1	1	2145.540000	2146.270000	4000.000000	18000.000000	8000.000000	Trill	5.388276	18.782896	NaN	NaN	80.028912	0.000000
266	Spectrogram 1	1	2178.160000	2178.230000	4000.000000	18000.000000	8000.000000	Trill	10.893401	12.911033	NaN	NaN	31.924833	0.000000
267	Spectrogram 1	1	2183.260000	2184.560000	4000.000000	18000.000000	8000.000000	Phee	10.214549	29.129553	NaN	NaN	85.989327	0.000000
268	Spectrogram 1	1	2184.830000	2185.730000	4000.000000	18000.000000	8000.000000	Phee	11.867744	29.311658	NaN	NaN	66.909684	0.000000
269	Spectrogram 1	1	2185.950000	2186.840000	4000.000000	18000.000000	8000.000000	Phee	11.068241	26.585774	NaN	NaN	55.513514	0.000000
270	Spectrogram 1	1	2192.310000	2192.370000	4000.000000	18000.000000	8000.000000	Trillphee	11.719130	12.158465	NaN	NaN	40.071916	0.000000
271	Spectrogram 1	1	2194.300000	2194.510000	4000.000000	18000.000000	8000.000000	Trill	10.564254	12.941685	NaN	NaN	31.759544	0.000000
272	Spectrogram 1	1	2203.750000	2204.410000	4000.000000	18000.000000	8000.000000	Trill	8.485912	27.225892	NaN	NaN	131.551953	0.000000
273	Spectrogram 1	1	2204.580000	2205.230000	4000.000000	18000.000000	8000.000000	Trill	7.862808	30.000000	NaN	NaN	128.046502	0.000000
274	Spectrogram 1	1	2205.450000	2205.950000	4000.000000	18000.000000	8000.000000	Trill	8.497742	27.914774	NaN	NaN	133.898299	0.000000
275	Spectrogram 1	1	2218.430000	2219.120000	4000.000000	18000.000000	8000.000000	Trill	8.343497	30.000000	NaN	NaN	100.780066	0.000000
276	Spectrogram 1	1	2219.290000	2219.980000	4000.000000	18000.000000	8000.000000	Trill	7.591534	30.000000	NaN	NaN	105.546280	0.000000
277	Spectrogram 1	1	2220.230000	2220.790000	4000.000000	18000.000000	8000.000000	Trill	8.091288	30.000000	NaN	NaN	116.062802	0.000000
278	Spectrogram 1	1	2220.900000	2221.410000	4000.000000	18000.000000	8000.000000	Trill	8.933062	29.359032	NaN	NaN	112.888888	0.000000
279	Spectrogram 1	1	2225.600000	2226.810000	4000.000000	18000.000000	8000.000000	Trill	11.151323	30.000000	NaN	NaN	117.672904	0.000000
280	Spectrogram 1	1	2227.020000	2227.340000	4000.000000	18000.000000	8000.000000	Trill	9.927753	30.000000	NaN	NaN	125.340918	0.000000
281	Spectrogram 1	1	2227.440000	2227.750000	4000.000000	18000.000000	8000.000000	Trill	9.021956	28.634874	NaN	NaN	143.696039	0.000000
282	Spectrogram 1	1	2231.580000	2231.630000	4000.000000	18000.000000	8000.000000	Trillphee	5.883544	10.863036	NaN	NaN	72.044523	0.000000
283	Spectrogram 1	1	2231.830000	2231.960000	4000.000000	18000.000000	8000.000000	Trillphee	5.691102	18.849680	NaN	NaN	118.701570	0.000000
284	Spectrogram 1	1	2232.310000	2232.350000	4000.000000	18000.000000	8000.000000	Trillphee	4.244502	13.531976	NaN	NaN	67.463284	0.000000
285	Spectrogram 1	1	2233.740000	2233.810000	4000.000000	18000.000000	8000.000000	Twitter	7.537618	24.641704	NaN	NaN	72.673498	0.000000
286	Spectrogram 1	1	2233.910000	2235.120000	4000.000000	18000.000000	8000.000000	Twitter	5.171635	21.021217	NaN	NaN	34.370246	0.000000
287	Spectrogram 1	1	2235.160000	2236.120000	4000.000000	18000.000000	8000.000000	Trill	8.637312	30.000000	NaN	NaN	109.469823	0.000000
288	Spectrogram 1	1	2236.390000	2237.250000	4000.000000	18000.000000	8000.000000	Trill	8.024009	30.000000	NaN	NaN	108.323809	0.000000
289	Spectrogram 1	1	2237.410000	2237.470000	4000.000000	18000.000000	8000.000000	Trill	8.606765	23.522196	NaN	NaN	125.594635	0.000000
290	Spectrogram 1	1	2240.060000	2240.160000	4000.000000	18000.000000	8000.000000	Sd-peep	4.876430	20.420364	NaN	NaN	40.219101	0.000000
291	Spectrogram 1	1	2240.210000	2240.290000	4000.000000	18000.000000	8000.000000	Twitter	7.370087	18.018146	NaN	NaN	52.978208	0.000000
292	Spectrogram 1	1	2240.380000	2241.050000	4000.000000	18000.000000	8000.000000	Trill	9.458684	30.000000	NaN	NaN	104.897680	0.000000
293	Spectrogram 1	1	2241.240000	2241.870000	4000.000000	18000.000000	8000.000000	Trill	9.858226	30.000000	NaN	NaN	146.816650	0.000000
294	Spectrogram 1	1	2242.020000	2242.600000	4000.000000	18000.000000	8000.000000	Trill	7.332599	28.008616	NaN	NaN	95.109907	0.000000
295	Spectrogram 1	1	2242.680000	2242.920000	4000.000000	18000.000000	8000.000000	Trill	7.240129	25.474215	NaN	NaN	56.653665	0.000000
296	Spectrogram 1	1	2243.060000	2243.170000	4000.000000	18000.000000	8000.000000	Trill	13.700326	26.535015	NaN	NaN	174.386994	0.000000
297	Spectrogram 1	1	2244.900000	2244.990000	4000.000000	18000.000000	8000.000000	Sd-peep	6.255836	26.818074	NaN	NaN	57.706661	0.000000
298	Spectrogram 1	1	2245.080000	2245.190000	4000.000000	18000.000000	8000.000000	Sd-peep	8.440221	24.993506	NaN	NaN	90.950228	0.000000
299	Spectrogram 1	1	2245.320000	2245.350000	4000.000000	18000.000000	8000.000000	Trill	13.042279	16.110171	NaN	NaN	85.282767	0.000000
300	Spectrogram 1	1	2245.650000	2246.090000	4000.000000	18000.000000	8000.000000	Sd-peep	8.170006	25.817168	NaN	NaN	52.577042	0.000000
301	Spectrogram 1	1	2249.520000	2249.580000	4000.000000	18000.000000	8000.000000	Sd-peep	8.313253	23.701148	NaN	NaN	58.534934	0.000000
302	Spectrogram 1	1	2249.970000	2250.640000	4000.000000	18000.000000	8000.000000	Trill	9.105594	30.000000	NaN	NaN	102.150826	0.000000
303	Spectrogram 1	1	2250.830000	2251.560000	4000.000000	18000.000000	8000.000000	Trill	8.949222	30.000000	NaN	NaN	97.405061	0.000000
304	Spectrogram 1	1	2251.770000	2252.290000	4000.000000	18000.000000	8000.000000	Trill	10.298916	30.000000	NaN	NaN	117.903649	0.000000
305	Spectrogram 1	1	2252.500000	2252.960000	4000.000000	18000.000000	8000.000000	Trill	9.908495	30.000000	NaN	NaN	133.452295	0.000000
306	Spectrogram 1	1	2256.710000	2256.780000	4000.000000	18000.000000	8000.000000	Sd-peep	5.718214	26.602307	NaN	NaN	42.533101	0.000000
307	Spectrogram 1	1	2257.260000	2257.330000	4000.000000	18000.000000	8000.000000	Sd-peep	10.105725	24.725323	NaN	NaN	79.347273	0.000000
308	Spectrogram 1	1	2258.780000	2258.850000	4000.000000	18000.000000	8000.000000	Sd-peep	8.769706	28.090535	NaN	NaN	103.973605	0.000000
309	Spectrogram 1	1	2259.050000	2259.930000	4000.000000	18000.000000	8000.000000	Trill	10.761867	30.000000	NaN	NaN	118.635596	0.000000
310	Spectrogram 1	1	2260.120000	2260.770000	4000.000000	18000.000000	8000.000000	Trill	7.642436	30.000000	NaN	NaN	84.965164	0.000000
311	Spectrogram 1	1	2260.960000	2261.530000	4000.000000	18000.000000	8000.000000	Trill	7.980946	30.000000	NaN	NaN	106.061434	0.000000
312	Spectrogram 1	1	2261.720000	2262.260000	4000.000000	18000.000000	8000.000000	Trill	8.284057	28.648704	NaN	NaN	129.475830	0.000000
313	Spectrogram 1	1	2263.430000	2263.500000	4000.000000	18000.000000	8000.000000	Sd-peep	9.813546	26.871017	NaN	NaN	76.393944	0.000000
314	Spectrogram 1	1	2263.590000	2263.720000	4000.000000	18000.000000	8000.000000	Sd-peep	5.213392	19.390686	NaN	NaN	41.051036	0.000000
315	Spectrogram 1	1	2263.770000	2264.030000	4000.000000	18000.000000	8000.000000	Trill	6.183744	20.769860	NaN	NaN	47.088990	0.000000
316	Spectrogram 1	1	2264.070000	2264.150000	4000.000000	18000.000000	8000.000000	Sd-peep	7.678656	23.120208	NaN	NaN	40.554073	0.000000
317	Spectrogram 1	1	2267.670000	2267.770000	4000.000000	18000.000000	8000.000000	Sd-peep	6.157880	27.699608	NaN	NaN	33.365040	0.000000
318	Spectrogram 1	1	2267.920000	2268.050000	4000.000000	18000.000000	8000.000000	Sd-peep	5.411705	22.904572	NaN	NaN	39.423117	0.000000
319	Spectrogram 1	1	2268.100000	2268.880000	4000.000000	18000.000000	8000.000000	Trill	8.895697	29.392474	NaN	NaN	73.911871	0.000000
320	Spectrogram 1	1	2268.970000	2269.650000	4000.000000	18000.000000	8000.000000	Trill	8.576224	30.000000	NaN	NaN	67.578597	0.000000
321	Spectrogram 1	1	2269.810000	2270.280000	4000.000000	18000.000000	8000.000000	Trill	9.795456	30.000000	NaN	NaN	92.184700	0.000000
322	Spectrogram 1	1	2272.230000	2272.300000	4000.000000	18000.000000	8000.000000	Sd-peep	6.415547	28.937039	NaN	NaN	52.763298	0.000000
323	Spectrogram 1	1	2272.500000	2272.680000	4000.000000	18000.000000	8000.000000	Sd-peep	4.260456	16.879373	NaN	NaN	41.881554	0.000000
324	Spectrogram 1	1	2273.910000	2273.980000	4000.000000	18000.000000	8000.000000	Sd-peep	7.317794	24.462434	NaN	NaN	51.117327	0.000000
325	Spectrogram 1	1	2274.550000	2276.400000	4000.000000	18000.000000	8000.000000	Trill	8.430558	30.000000	NaN	NaN	67.606708	0.000000
326	Spectrogram 1	1	2276.550000	2277.340000	4000.000000	18000.000000	8000.000000	Trill	8.210248	30.000000	NaN	NaN	94.471966	0.000000
327	Spectrogram 1	1	2277.540000	2278.190000	4000.000000	18000.000000	8000.000000	Trill	7.220713	26.728853	NaN	NaN	81.420397	0.000000
328	Spectrogram 1	1	2278.290000	2278.660000	4000.000000	18000.000000	8000.000000	Trill	10.870235	29.906665	NaN	NaN	114.535230	0.000000
329	Spectrogram 1	1	2279.620000	2279.730000	4000.000000	18000.000000	8000.000000	Sd-peep	6.948878	24.757810	NaN	NaN	52.764212	0.000000
330	Spectrogram 1	1	2281.110000	2281.210000	4000.000000	18000.000000	8000.000000	Sd-peep	7.407195	21.684520	NaN	NaN	55.332946	0.000000
331	Spectrogram 1	1	2281.280000	2281.370000	4000.000000	18000.000000	8000.000000	Sd-peep	9.607419	24.945741	NaN	NaN	78.423695	0.000000
332	Spectrogram 1	1	2281.480000	2281.920000	4000.000000	18000.000000	8000.000000	Trill	6.409139	22.192440	NaN	NaN	58.847783	0.000000
333	Spectrogram 1	1	2282.360000	2282.520000	4000.000000	18000.000000	8000.000000	Sd-peep	4.949523	20.773014	NaN	NaN	32.158489	0.000000
334	Spectrogram 1	1	2282.640000	2282.670000	4000.000000	18000.000000	8000.000000	Trill	7.569462	10.949665	NaN	NaN	49.573745	0.000000
335	Spectrogram 1	1	2289.530000	2289.550000	4000.000000	18000.000000	8000.000000	Sd-peep	4.525675	10.442187	NaN	NaN	40.484581	0.000000
336	Spectrogram 1	1	2291.420000	2291.500000	4000.000000	18000.000000	8000.000000	Sd-peep	6.766527	20.492400	NaN	NaN	58.067901	0.000000
337	Spectrogram 1	1	2291.740000	2292.470000	4000.000000	18000.000000	8000.000000	Trill	7.826956	30.000000	NaN	NaN	93.914056	0.000000
338	Spectrogram 1	1	2292.630000	2293.570000	4000.000000	18000.000000	8000.000000	Trill	7.266857	30.000000	NaN	NaN	77.236000	0.000000
339	Spectrogram 1	1	2293.740000	2294.350000	4000.000000	18000.000000	8000.000000	Trill	7.456625	30.000000	NaN	NaN	86.341764	0.000000
340	Spectrogram 1	1	2294.520000	2294.590000	4000.000000	18000.000000	8000.000000	Trill	7.568868	22.066262	NaN	NaN	131.585084	0.000000
341	Spectrogram 1	1	2296.950000	2297.030000	4000.000000	18000.000000	8000.000000	Sd-peep	6.704555	24.402911	NaN	NaN	60.612994	0.000000
342	Spectrogram 1	1	2297.090000	2297.210000	4000.000000	18000.000000	8000.000000	Sd-peep	6.645285	22.169459	NaN	NaN	61.388575	0.000000
343	Spectrogram 1	1	2297.640000	2298.620000	4000.000000	18000.000000	8000.000000	Trill	9.494931	30.000000	NaN	NaN	113.873969	0.000000
344	Spectrogram 1	1	2298.800000	2299.500000	4000.000000	18000.000000	8000.000000	Trill	9.408315	30.000000	NaN	NaN	102.747067	0.000000
345	Spectrogram 1	1	2299.640000	2300.220000	4000.000000	18000.000000	8000.000000	Trill	10.161758	30.000000	NaN	NaN	105.617721	0.000000
346	Spectrogram 1	1	2300.330000	2300.850000	4000.000000	18000.000000	8000.000000	Trill	10.518553	30.000000	NaN	NaN	130.416532	0.000000
347	Spectrogram 1	1	2301.830000	2301.900000	4000.000000	18000.000000	8000.000000	Sd-peep	7.741466	26.628736	NaN	NaN	67.252038	0.000000
348	Spectrogram 1	1	2302.050000	2302.080000	4000.000000	18000.000000	8000.000000	Trill	10.170906	13.497396	NaN	NaN	80.193891	0.000000
349	Spectrogram 1	1	2302.510000	2302.580000	4000.000000	18000.000000	8000.000000	Sd-peep	6.253109	26.766521	NaN	NaN	56.291115	0.000000
350	Spectrogram 1	1	2302.790000	2302.930000	4000.000000	18000.000000	8000.000000	Sd-peep	6.627883	19.971074	NaN	NaN	68.464620	0.000000
351	Spectrogram 1	1	2303.010000	2303.090000	4000.000000	18000.000000	8000.000000	Sd-peep	9.004882	24.541395	NaN	NaN	68.993463	0.000000
352	Spectrogram 1	1	2303.180000	2303.270000	4000.000000	18000.000000	8000.000000	Trill	6.752120	19.917278	NaN	NaN	57.864700	0.000000
353	Spectrogram 1	1	2304.010000	2304.100000	4000.000000	18000.000000	8000.000000	Sd-peep	10.150806	28.331421	NaN	NaN	95.116316	0.000000
354	Spectrogram 1	1	2304.220000	2304.310000	4000.000000	18000.000000	8000.000000	Sd-peep	9.528088	23.379955	NaN	NaN	95.673015	0.000000
355	Spectrogram 1	1	2304.390000	2304.640000	4000.000000	18000.000000	8000.000000	Trill	7.209680	22.293388	NaN	NaN	76.185088	0.000000
356	Spectrogram 1	1	2304.690000	2304.790000	4000.000000	18000.000000	8000.000000	Sd-peep	7.040949	22.272436	NaN	NaN	52.943276	0.000000
357	Spectrogram 1	1	2304.870000	2304.930000	4000.000000	18000.000000	8000.000000	Trill	6.888816	18.533296	NaN	NaN	55.434267	0.000000
358	Spectrogram 1	1	2305.690000	2305.760000	4000.000000	18000.000000	8000.000000	Sd-peep	10.823024	24.186690	NaN	NaN	67.785502	0.000000
359	Spectrogram 1	1	2305.920000	2306.030000	4000.000000	18000.000000	8000.000000	Sd-peep	10.513799	23.309573	NaN	NaN	110.503495	0.000000
360	Spectrogram 1	1	2306.160000	2306.260000	4000.000000	18000.000000	8000.000000	Sd-peep	7.785812	22.503922	NaN	NaN	100.958272	0.000000
361	Spectrogram 1	1	2306.460000	2306.540000	4000.000000	18000.000000	8000.000000	Sd-peep	8.576106	22.495916	NaN	NaN	74.485229	0.000000
362	Spectrogram 1	1	2306.980000	2307.000000	4000.000000	18000.000000	8000.000000	Sd-peep	6.341907	12.407119	NaN	NaN	34.696377	0.000000
363	Spectrogram 1	1	2307.690000	2307.780000	4000.000000	18000.000000	8000.000000	Sd-peep	8.419082	26.891480	NaN	NaN	82.779277	0.000000
364	Spectrogram 1	1	2307.880000	2308.000000	4000.000000	18000.000000	8000.000000	Sd-peep	9.486641	27.497380	NaN	NaN	99.995360	0.000000
365	Spectrogram 1	1	2308.060000	2308.160000	4000.000000	18000.000000	8000.000000	Sd-peep	8.463317	25.075180	NaN	NaN	86.094381	0.000000
366	Spectrogram 1	1	2308.210000	2308.360000	4000.000000	18000.000000	8000.000000	Sd-peep	7.323529	22.811294	NaN	NaN	82.381705	0.000000
367	Spectrogram 1	1	2308.410000	2309.140000	4000.000000	18000.000000	8000.000000	Trill	8.789130	30.000000	NaN	NaN	124.205093	0.000000
368	Spectrogram 1	1	2309.310000	2310.090000	4000.000000	18000.000000	8000.000000	Trill	8.914460	30.000000	NaN	NaN	119.596148	0.000000
369	Spectrogram 1	1	2310.250000	2311.050000	4000.000000	18000.000000	8000.000000	Trill	7.665112	30.000000	NaN	NaN	80.270368	0.000000
370	Spectrogram 1	1	2311.250000	2311.310000	4000.000000	18000.000000	8000.000000	Trill	15.299320	21.221022	NaN	NaN	145.347059	0.000000
371	Spectrogram 1	1	2311.370000	2311.410000	4000.000000	18000.000000	8000.000000	Trill	12.393249	18.850695	NaN	NaN	107.894710	0.000000
372	Spectrogram 1	1	2311.750000	2311.840000	4000.000000	18000.000000	8000.000000	Sd-peep	10.267684	27.083008	NaN	NaN	99.950273	0.000000
373	Spectrogram 1	1	2312.000000	2312.080000	4000.000000	18000.000000	8000.000000	Sd-peep	9.674223	28.372946	NaN	NaN	78.850568	0.000000
374	Spectrogram 1	1	2312.160000	2312.230000	4000.000000	18000.000000	8000.000000	Sd-peep	9.874672	22.943567	NaN	NaN	78.850064	0.000000
375	Spectrogram 1	1	2312.340000	2312.410000	4000.000000	18000.000000	8000.000000	Sd-peep	9.558677	23.505488	NaN	NaN	56.663348	0.000000
376	Spectrogram 1	1	2312.610000	2312.680000	4000.000000	18000.000000	8000.000000	Sd-peep	8.746619	26.617981	NaN	NaN	73.148249	0.000000
377	Spectrogram 1	1	2312.780000	2312.880000	4000.000000	18000.000000	8000.000000	Sd-peep	6.780039	21.279674	NaN	NaN	58.256560	0.000000
378	Spectrogram 1	1	2312.940000	2313.000000	4000.000000	18000.000000	8000.000000	Trill	11.706858	22.086601	NaN	NaN	70.050226	0.000000
379	Spectrogram 1	1	2313.080000	2313.150000	4000.000000	18000.000000	8000.000000	Sd-peep	8.138697	25.545855	NaN	NaN	63.311639	0.000000
380	Spectrogram 1	1	2313.260000	2313.340000	4000.000000	18000.000000	8000.000000	Sd-peep	9.202763	23.885090	NaN	NaN	65.948017	0.000000
381	Spectrogram 1	1	2313.580000	2313.650000	4000.000000	18000.000000	8000.000000	Sd-peep	10.435345	21.535375	NaN	NaN	59.614162	0.000000
382	Spectrogram 1	1	2313.850000	2313.920000	4000.000000	18000.000000	8000.000000	Sd-peep	8.223172	20.080226	NaN	NaN	56.453774	0.000000
383	Spectrogram 1	1	2314.440000	2314.560000	4000.000000	18000.000000	8000.000000	Sd-peep	5.975866	17.042310	NaN	NaN	50.743046	0.000000
384	Spectrogram 1	1	2314.750000	2314.840000	4000.000000	18000.000000	8000.000000	Sd-peep	7.446236	18.073811	NaN	NaN	40.226339	0.000000
385	Spectrogram 1	1	2315.090000	2315.210000	4000.000000	18000.000000	8000.000000	Sd-peep	6.057574	19.686680	NaN	NaN	58.194400	0.000000
386	Spectrogram 1	1	2315.330000	2315.420000	4000.000000	18000.000000	8000.000000	Sd-peep	8.655385	22.986555	NaN	NaN	67.954003	0.000000
387	Spectrogram 1	1	2315.490000	2315.580000	4000.000000	18000.000000	8000.000000	Sd-peep	9.114633	26.452684	NaN	NaN	70.059490	0.000000
388	Spectrogram 1	1	2315.670000	2315.770000	4000.000000	18000.000000	8000.000000	Sd-peep	9.315659	27.752577	NaN	NaN	71.992794	0.000000
389	Spectrogram 1	1	2315.850000	2315.940000	4000.000000	18000.000000	8000.000000	Trill	8.680297	23.494348	NaN	NaN	68.409152	0.000000
390	Spectrogram 1	1	2316.470000	2316.900000	4000.000000	18000.000000	8000.000000	Trill	4.262940	19.773684	NaN	NaN	62.607132	0.000000
391	Spectrogram 1	1	2316.950000	2317.370000	4000.000000	18000.000000	8000.000000	Trill	7.395127	24.280541	NaN	NaN	64.669180	0.000000
392	Spectrogram 1	1	2317.460000	2317.560000	4000.000000	18000.000000	8000.000000	Sd-peep	8.040032	28.872119	NaN	NaN	79.572786	0.000000
393	Spectrogram 1	1	2317.690000	2317.790000	4000.000000	18000.000000	8000.000000	Sd-peep	7.696828	23.208147	NaN	NaN	74.061996	0.000000
394	Spectrogram 1	1	2317.910000	2318.020000	4000.000000	18000.000000	8000.000000	Sd-peep	9.634895	24.984103	NaN	NaN	116.653491	0.000000
395	Spectrogram 1	1	2318.160000	2318.230000	4000.000000	18000.000000	8000.000000	Sd-peep	9.932883	23.360861	NaN	NaN	73.878010	0.000000
396	Spectrogram 1	1	2318.790000	2318.860000	4000.000000	18000.000000	8000.000000	Sd-peep	6.322983	27.023933	NaN	NaN	88.330945	0.000000
397	Spectrogram 1	1	2319.220000	2319.270000	4000.000000	18000.000000	8000.000000	Sd-peep	5.609719	23.034658	NaN	NaN	43.575756	0.000000
398	Spectrogram 1	1	2319.500000	2319.620000	4000.000000	18000.000000	8000.000000	Sd-peep	5.850250	17.739536	NaN	NaN	59.748346	0.000000
399	Spectrogram 1	1	2319.730000	2319.830000	4000.000000	18000.000000	8000.000000	Sd-peep	9.906627	26.927932	NaN	NaN	73.792393	0.000000
400	Spectrogram 1	1	2319.940000	2320.020000	4000.000000	18000.000000	8000.000000	Sd-peep	9.592882	24.122034	NaN	NaN	97.426514	0.000000
401	Spectrogram 1	1	2321.020000	2321.090000	4000.000000	18000.000000	8000.000000	Sd-peep	11.898562	25.323167	NaN	NaN	102.699867	0.000000
402	Spectrogram 1	1	2321.440000	2321.550000	4000.000000	18000.000000	8000.000000	Sd-peep	8.488216	22.958258	NaN	NaN	75.710431	0.000000
403	Spectrogram 1	1	2321.610000	2321.740000	4000.000000	18000.000000	8000.000000	Sd-peep	7.129139	22.904168	NaN	NaN	84.577307	0.000000
404	Spectrogram 1	1	2323.930000	2324.010000	4000.000000	18000.000000	8000.000000	Sd-peep	7.913868	28.482838	NaN	NaN	74.474540	0.000000
405	Spectrogram 1	1	2324.420000	2325.230000	4000.000000	18000.000000	8000.000000	Trill	7.827767	30.000000	NaN	NaN	106.556445	0.000000
406	Spectrogram 1	1	2325.380000	2326.170000	4000.000000	18000.000000	8000.000000	Trill	9.227612	30.000000	NaN	NaN	107.220515	0.000000
407	Spectrogram 1	1	2326.320000	2326.850000	4000.000000	18000.000000	8000.000000	Trill	10.533801	30.000000	NaN	NaN	98.865749	0.000000
408	Spectrogram 1	1	2327.040000	2327.460000	4000.000000	18000.000000	8000.000000	Trill	10.403687	30.000000	NaN	NaN	174.492134	0.000000
409	Spectrogram 1	1	2327.580000	2328.100000	4000.000000	18000.000000	8000.000000	Trill	6.588947	29.614361	NaN	NaN	90.762203	0.000000
410	Spectrogram 1	1	2328.280000	2328.330000	4000.000000	18000.000000	8000.000000	Trill	9.436004	24.639552	NaN	NaN	128.045142	0.000000
411	Spectrogram 1	1	2329.540000	2329.600000	4000.000000	18000.000000	8000.000000	Sd-peep	9.003230	24.565227	NaN	NaN	66.401471	0.000000
412	Spectrogram 1	1	2329.730000	2329.810000	4000.000000	18000.000000	8000.000000	Sd-peep	7.036636	22.051597	NaN	NaN	57.480140	0.000000
413	Spectrogram 1	1	2329.850000	2329.950000	4000.000000	18000.000000	8000.000000	Sd-peep	7.707951	24.413710	NaN	NaN	49.828450	0.000000
414	Spectrogram 1	1	2329.990000	2330.060000	4000.000000	18000.000000	8000.000000	Sd-peep	9.725076	28.949518	NaN	NaN	57.292910	0.000000
415	Spectrogram 1	1	2330.140000	2330.220000	4000.000000	18000.000000	8000.000000	Sd-peep	8.585291	25.900985	NaN	NaN	53.200096	0.000000
416	Spectrogram 1	1	2330.350000	2330.390000	4000.000000	18000.000000	8000.000000	Sd-peep	9.640303	24.396995	NaN	NaN	69.064508	0.000000
417	Spectrogram 1	1	2331.650000	2331.770000	4000.000000	18000.000000	8000.000000	Sd-peep	4.946127	21.565734	NaN	NaN	56.923168	0.000000
418	Spectrogram 1	1	2332.470000	2332.540000	4000.000000	18000.000000	8000.000000	Sd-peep	9.224468	25.558073	NaN	NaN	85.861883	0.000000
419	Spectrogram 1	1	2332.760000	2332.860000	4000.000000	18000.000000	8000.000000	Sd-peep	8.986493	24.797702	NaN	NaN	80.631822	0.000000
420	Spectrogram 1	1	2333.200000	2333.280000	4000.000000	18000.000000	8000.000000	Sd-peep	10.077008	26.244476	NaN	NaN	77.209759	0.000000
421	Spectrogram 1	1	2333.410000	2333.680000	4000.000000	18000.000000	8000.000000	Trill	6.390479	20.537462	NaN	NaN	56.142618	0.000000
422	Spectrogram 1	1	2333.890000	2334.000000	4000.000000	18000.000000	8000.000000	Trill	5.291674	16.778765	NaN	NaN	42.153962	0.000000
423	Spectrogram 1	1	2334.750000	2334.870000	4000.000000	18000.000000	8000.000000	Sd-peep	6.934134	23.704829	NaN	NaN	65.059664	0.000000
424	Spectrogram 1	1	2335.210000	2335.280000	4000.000000	18000.000000	8000.000000	Sd-peep	11.270663	26.577248	NaN	NaN	101.621775	0.000000
425	Spectrogram 1	1	2335.630000	2335.760000	4000.000000	18000.000000	8000.000000	Sd-peep	5.626351	17.578064	NaN	NaN	46.172066	0.000000
426	Spectrogram 1	1	2336.040000	2336.120000	4000.000000	18000.000000	8000.000000	Sd-peep	10.199549	26.994916	NaN	NaN	88.378986	0.000000
427	Spectrogram 1	1	2337.690000	2337.740000	4000.000000	18000.000000	8000.000000	Phee	4.468340	7.823483	NaN	NaN	43.467173	0.000000
428	Spectrogram 1	1	2337.810000	2337.890000	4000.000000	18000.000000	8000.000000	Sd-peep	7.585090	29.738105	NaN	NaN	98.261683	0.000000
429	Spectrogram 1	1	2338.080000	2338.170000	4000.000000	18000.000000	8000.000000	Sd-peep	10.384055	27.020921	NaN	NaN	86.588047	0.000000
430	Spectrogram 1	1	2338.380000	2338.470000	4000.000000	18000.000000	8000.000000	Sd-peep	9.239194	22.680388	NaN	NaN	126.478442	0.000000
431	Spectrogram 1	1	2338.850000	2338.940000	4000.000000	18000.000000	8000.000000	Sd-peep	8.801268	28.411610	NaN	NaN	72.616726	0.000000
432	Spectrogram 1	1	2340.060000	2340.170000	4000.000000	18000.000000	8000.000000	Sd-peep	8.827516	31.514981	NaN	NaN	69.285049	0.000000
433	Spectrogram 1	1	2348.940000	2350.690000	4000.000000	18000.000000	8000.000000	Trill	8.887458	28.373368	NaN	NaN	83.664508	0.000000
434	Spectrogram 1	1	2350.880000	2351.650000	4000.000000	18000.000000	8000.000000	Trill	9.371382	30.000000	NaN	NaN	92.134118	0.000000
435	Spectrogram 1	1	2351.840000	2352.400000	4000.000000	18000.000000	8000.000000	Trill	8.296358	30.000000	NaN	NaN	107.192911	0.000000
436	Spectrogram 1	1	2352.510000	2352.580000	4000.000000	18000.000000	8000.000000	Trill	8.133551	23.242298	NaN	NaN	130.774722	0.000000
437	Spectrogram 1	1	2352.670000	2352.720000	4000.000000	18000.000000	8000.000000	Trill	10.310437	16.774586	NaN	NaN	127.641129	0.000000
438	Spectrogram 1	1	2353.640000	2353.700000	4000.000000	18000.000000	8000.000000	Sd-peep	8.428119	25.371257	NaN	NaN	65.642614	0.000000
439	Spectrogram 1	1	2353.760000	2353.850000	4000.000000	18000.000000	8000.000000	Sd-peep	8.414211	20.985285	NaN	NaN	76.257755	0.000000
440	Spectrogram 1	1	2353.910000	2353.980000	4000.000000	18000.000000	8000.000000	Sd-peep	9.176102	21.551376	NaN	NaN	76.708695	0.000000
441	Spectrogram 1	1	2354.080000	2354.160000	4000.000000	18000.000000	8000.000000	Sd-peep	8.274538	25.379258	NaN	NaN	80.691247	0.000000
442	Spectrogram 1	1	2354.240000	2354.320000	4000.000000	18000.000000	8000.000000	Sd-peep	8.446668	25.076773	NaN	NaN	59.144129	0.000000
443	Spectrogram 1	1	2354.370000	2354.470000	4000.000000	18000.000000	8000.000000	Sd-peep	8.033929	20.857855	NaN	NaN	55.162504	0.000000
444	Spectrogram 1	1	2354.510000	2354.600000	4000.000000	18000.000000	8000.000000	Sd-peep	7.327904	18.988716	NaN	NaN	47.438352	0.000000
445	Spectrogram 1	1	2354.750000	2354.840000	4000.000000	18000.000000	8000.000000	Sd-peep	9.235585	22.714998	NaN	NaN	57.144816	0.000000
446	Spectrogram 1	1	2355.050000	2355.170000	4000.000000	18000.000000	8000.000000	Sd-peep	6.405177	18.658420	NaN	NaN	49.637248	0.000000
447	Spectrogram 1	1	2355.290000	2355.350000	4000.000000	18000.000000	8000.000000	Sd-peep	9.667316	22.269931	NaN	NaN	64.530070	0.000000
448	Spectrogram 1	1	2357.140000	2357.240000	4000.000000	18000.000000	8000.000000	Sd-peep	6.722468	25.961377	NaN	NaN	48.001157	0.000000
449	Spectrogram 1	1	2357.300000	2357.400000	4000.000000	18000.000000	8000.000000	Sd-peep	8.259641	24.606880	NaN	NaN	69.263115	0.000000
450	Spectrogram 1	1	2357.800000	2357.920000	4000.000000	18000.000000	8000.000000	Sd-peep	7.587549	23.851777	NaN	NaN	64.682705	0.000000
451	Spectrogram 1	1	2358.010000	2358.100000	4000.000000	18000.000000	8000.000000	Sd-peep	9.838753	21.882275	NaN	NaN	69.139180	0.000000
452	Spectrogram 1	1	2358.260000	2358.340000	4000.000000	18000.000000	8000.000000	Sd-peep	8.238914	23.884284	NaN	NaN	81.439256	0.000000
453	Spectrogram 1	1	2358.510000	2358.600000	4000.000000	18000.000000	8000.000000	Sd-peep	8.904551	23.859271	NaN	NaN	89.810123	0.000000
454	Spectrogram 1	1	2358.680000	2358.790000	4000.000000	18000.000000	8000.000000	Sd-peep	7.326295	25.205473	NaN	NaN	67.512858	0.000000
455	Spectrogram 1	1	2358.840000	2358.930000	4000.000000	18000.000000	8000.000000	Sd-peep	8.136862	27.080718	NaN	NaN	77.387824	0.000000
456	Spectrogram 1	1	2359.060000	2359.190000	4000.000000	18000.000000	8000.000000	Sd-peep	5.558593	21.081992	NaN	NaN	60.806313	0.000000
457	Spectrogram 1	1	2359.340000	2359.380000	4000.000000	18000.000000	8000.000000	Sd-peep	10.906371	19.114154	NaN	NaN	51.254071	0.000000
458	Spectrogram 1	1	2359.480000	2359.550000	4000.000000	18000.000000	8000.000000	Sd-peep	7.916742	22.466218	NaN	NaN	52.668697	0.000000
459	Spectrogram 1	1	2360.300000	2360.370000	4000.000000	18000.000000	8000.000000	Sd-peep	8.483164	26.823250	NaN	NaN	44.177632	0.000000
460	Spectrogram 1	1	2360.650000	2360.710000	4000.000000	18000.000000	8000.000000	Sd-peep	11.732256	25.739047	NaN	NaN	84.961133	0.000000
461	Spectrogram 1	1	2360.810000	2360.930000	4000.000000	18000.000000	8000.000000	Sd-peep	9.923668	23.833338	NaN	NaN	91.388495	0.000000
462	Spectrogram 1	1	2360.970000	2361.070000	4000.000000	18000.000000	8000.000000	Sd-peep	8.933050	27.132567	NaN	NaN	72.274361	0.000000
463	Spectrogram 1	1	2361.160000	2361.290000	4000.000000	18000.000000	8000.000000	Trill	9.676839	26.613734	NaN	NaN	86.771510	0.000000
464	Spectrogram 1	1	2361.450000	2362.270000	4000.000000	18000.000000	8000.000000	Trill	10.560481	30.000000	NaN	NaN	140.945789	0.000000
465	Spectrogram 1	1	2362.430000	2363.250000	4000.000000	18000.000000	8000.000000	Trill	8.944130	30.000000	NaN	NaN	112.898525	0.000000
466	Spectrogram 1	1	2363.430000	2364.020000	4000.000000	18000.000000	8000.000000	Trill	10.445451	30.000000	NaN	NaN	128.671411	0.000000
467	Spectrogram 1	1	2365.140000	2365.190000	4000.000000	18000.000000	8000.000000	Sd-peep	10.186715	30.233503	NaN	NaN	79.499714	0.000000
468	Spectrogram 1	1	2365.240000	2365.310000	4000.000000	18000.000000	8000.000000	Trill	10.294022	22.120409	NaN	NaN	55.115452	0.000000
469	Spectrogram 1	1	2365.400000	2365.500000	4000.000000	18000.000000	8000.000000	Trill	5.592766	17.258997	NaN	NaN	46.595573	0.000000
470	Spectrogram 1	1	2365.550000	2365.650000	4000.000000	18000.000000	8000.000000	Sd-peep	4.980593	16.554578	NaN	NaN	45.451031	0.000000
471	Spectrogram 1	1	2365.690000	2365.800000	4000.000000	18000.000000	8000.000000	Trill	5.857386	17.066164	NaN	NaN	57.714519	0.000000
472	Spectrogram 1	1	2365.890000	2365.990000	4000.000000	18000.000000	8000.000000	Trill	5.228461	14.879642	NaN	NaN	53.577082	0.000000
473	Spectrogram 1	1	2366.480000	2366.560000	4000.000000	18000.000000	8000.000000	Sd-peep	8.900161	23.282684	NaN	NaN	66.219988	0.000000
474	Spectrogram 1	1	2366.860000	2366.930000	4000.000000	18000.000000	8000.000000	Sd-peep	9.294652	20.604019	NaN	NaN	77.183957	0.000000
475	Spectrogram 1	1	2367.170000	2367.290000	4000.000000	18000.000000	8000.000000	Sd-peep	5.314500	18.449911	NaN	NaN	47.918639	0.000000
476	Spectrogram 1	1	2368.270000	2368.340000	4000.000000	18000.000000	8000.000000	Sd-peep	7.807116	27.852956	NaN	NaN	72.118556	0.000000
477	Spectrogram 1	1	2368.560000	2368.940000	4000.000000	18000.000000	8000.000000	Trill	6.732197	22.084580	NaN	NaN	64.134572	0.000000
478	Spectrogram 1	1	2369.010000	2369.110000	4000.000000	18000.000000	8000.000000	Sd-peep	8.267868	25.810082	NaN	NaN	60.409763	0.000000
479	Spectrogram 1	1	2369.170000	2369.270000	4000.000000	18000.000000	8000.000000	Sd-peep	8.496335	24.478683	NaN	NaN	62.598420	0.000000
480	Spectrogram 1	1	2369.400000	2369.680000	4000.000000	18000.000000	8000.000000	Trill	8.238599	23.030447	NaN	NaN	50.784293	0.000000
481	Spectrogram 1	1	2369.760000	2369.870000	4000.000000	18000.000000	8000.000000	Sd-peep	10.545165	25.333924	NaN	NaN	75.136289	0.000000
482	Spectrogram 1	1	2370.060000	2370.150000	4000.000000	18000.000000	8000.000000	Sd-peep	6.721725	23.700893	NaN	NaN	65.071959	0.000000
483	Spectrogram 1	1	2370.270000	2370.350000	4000.000000	18000.000000	8000.000000	Sd-peep	7.270408	23.985135	NaN	NaN	49.174701	0.000000
484	Spectrogram 1	1	2370.660000	2370.740000	4000.000000	18000.000000	8000.000000	Sd-peep	6.106317	21.539345	NaN	NaN	61.781548	0.000000
485	Spectrogram 1	1	2372.500000	2372.600000	4000.000000	18000.000000	8000.000000	Sd-peep	9.395865	27.067064	NaN	NaN	66.679742	0.000000
486	Spectrogram 1	1	2372.750000	2372.840000	4000.000000	18000.000000	8000.000000	Sd-peep	9.396349	21.537639	NaN	NaN	70.422160	0.000000
487	Spectrogram 1	1	2373.300000	2373.390000	4000.000000	18000.000000	8000.000000	Sd-peep	6.490326	21.393397	NaN	NaN	80.602255	0.000000
488	Spectrogram 1	1	2374.700000	2374.770000	4000.000000	18000.000000	8000.000000	Sd-peep	7.644503	28.258848	NaN	NaN	64.859504	0.000000
489	Spectrogram 1	1	2374.990000	2375.090000	4000.000000	18000.000000	8000.000000	Sd-peep	5.323567	15.857347	NaN	NaN	55.376236	0.000000
490	Spectrogram 1	1	2377.480000	2378.350000	4000.000000	18000.000000	8000.000000	Trill	8.884483	30.000000	NaN	NaN	90.339302	0.000000
491	Spectrogram 1	1	2378.590000	2379.710000	4000.000000	18000.000000	8000.000000	Trill	9.302376	30.000000	NaN	NaN	96.445512	0.000000
492	Spectrogram 1	1	2379.880000	2380.520000	4000.000000	18000.000000	8000.000000	Trill	8.294982	30.000000	NaN	NaN	98.357455	0.000000
493	Spectrogram 1	1	2380.730000	2381.300000	4000.000000	18000.000000	8000.000000	Trill	11.317122	30.000000	NaN	NaN	163.354800	0.000000
494	Spectrogram 1	1	2382.160000	2382.250000	4000.000000	18000.000000	8000.000000	Sd-peep	6.783269	18.781043	NaN	NaN	45.141977	0.000000
495	Spectrogram 1	1	2382.290000	2382.350000	4000.000000	18000.000000	8000.000000	Sd-peep	8.322999	21.988977	NaN	NaN	63.370831	0.000000
496	Spectrogram 1	1	2382.680000	2382.770000	4000.000000	18000.000000	8000.000000	Sd-peep	7.088027	23.170488	NaN	NaN	54.726766	0.000000
497	Spectrogram 1	1	2382.810000	2382.880000	4000.000000	18000.000000	8000.000000	Trill	10.596719	25.199158	NaN	NaN	71.388366	0.000000
498	Spectrogram 1	1	2382.940000	2383.010000	4000.000000	18000.000000	8000.000000	Sd-peep	9.518649	25.366148	NaN	NaN	50.788650	0.000000
499	Spectrogram 1	1	2383.740000	2383.800000	4000.000000	18000.000000	8000.000000	Sd-peep	8.447566	23.762088	NaN	NaN	43.212533	0.000000
500	Spectrogram 1	1	2385.320000	2385.400000	4000.000000	18000.000000	8000.000000	Sd-peep	6.926872	24.141484	NaN	NaN	43.328069	0.000000
501	Spectrogram 1	1	2385.820000	2385.910000	4000.000000	18000.000000	8000.000000	Sd-peep	9.124255	27.711988	NaN	NaN	67.071814	0.000000
502	Spectrogram 1	1	2386.000000	2386.080000	4000.000000	18000.000000	8000.000000	Sd-peep	12.391248	24.782222	NaN	NaN	104.728061	0.000000
503	Spectrogram 1	1	2387.420000	2388.300000	4000.000000	18000.000000	8000.000000	Sd-peep	7.605232	27.836387	NaN	NaN	38.296935	0.000000
504	Spectrogram 1	1	2388.340000	2389.240000	4000.000000	18000.000000	8000.000000	Trill	9.307255	28.492997	NaN	NaN	63.554831	0.000000
505	Spectrogram 1	1	2389.370000	2390.260000	4000.000000	18000.000000	8000.000000	Trill	9.720634	29.555245	NaN	NaN	50.500627	0.000000
506	Spectrogram 1	1	2390.420000	2391.060000	4000.000000	18000.000000	8000.000000	Trill	10.923034	28.647761	NaN	NaN	59.983345	0.000000
507	Spectrogram 1	1	2391.310000	2391.350000	4000.000000	18000.000000	8000.000000	Trill	11.822568	23.083243	NaN	NaN	174.629705	0.000000
508	Spectrogram 1	1	2393.040000	2393.770000	4000.000000	18000.000000	8000.000000	Sd-peep	6.145134	22.532386	NaN	NaN	47.764855	0.000000
509	Spectrogram 1	1	2393.830000	2393.980000	4000.000000	18000.000000	8000.000000	Sd-peep	6.626565	24.309436	NaN	NaN	73.720259	0.000000
510	Spectrogram 1	1	2394.080000	2394.210000	4000.000000	18000.000000	8000.000000	Sd-peep	7.529663	20.493945	NaN	NaN	47.374224	0.000000
511	Spectrogram 1	1	2394.280000	2394.380000	4000.000000	18000.000000	8000.000000	Trill	10.519991	20.182572	NaN	NaN	55.671725	0.000000
512	Spectrogram 1	1	2395.540000	2395.620000	4000.000000	18000.000000	8000.000000	Sd-peep	8.663486	27.648522	NaN	NaN	78.636814	0.000000
513	Spectrogram 1	1	2395.700000	2395.830000	4000.000000	18000.000000	8000.000000	Sd-peep	7.701646	25.210599	NaN	NaN	66.679922	0.000000
514	Spectrogram 1	1	2395.900000	2396.040000	4000.000000	18000.000000	8000.000000	Sd-peep	8.338214	27.557879	NaN	NaN	71.113214	0.000000
515	Spectrogram 1	1	2396.100000	2396.820000	4000.000000	18000.000000	8000.000000	Trill	8.241915	29.367009	NaN	NaN	96.362010	0.000000
516	Spectrogram 1	1	2397.040000	2397.890000	4000.000000	18000.000000	8000.000000	Trill	7.662795	28.290162	NaN	NaN	81.626224	0.000000
517	Spectrogram 1	1	2398.120000	2398.780000	4000.000000	18000.000000	8000.000000	Trill	7.603808	29.831892	NaN	NaN	84.172837	0.000000
518	Spectrogram 1	1	2399.910000	2399.980000	4000.000000	18000.000000	8000.000000	Sd-peep	11.592235	31.109735	NaN	NaN	94.874288	0.000000
519	Spectrogram 1	1	2400.060000	2400.150000	4000.000000	18000.000000	8000.000000	Sd-peep	7.281878	25.100853	NaN	NaN	45.247197	0.000000
520	Spectrogram 1	1	2400.190000	2400.290000	4000.000000	18000.000000	8000.000000	Sd-peep	9.935555	28.946439	NaN	NaN	57.517135	0.000000
521	Spectrogram 1	1	2400.340000	2400.440000	4000.000000	18000.000000	8000.000000	Sd-peep	9.082740	29.460941	NaN	NaN	51.991394	0.000000
522	Spectrogram 1	1	2400.480000	2402.310000	4000.000000	18000.000000	8000.000000	Trill	4.323543	24.665575	NaN	NaN	77.991891	0.000000
523	Spectrogram 1	1	2402.870000	2402.990000	4000.000000	18000.000000	8000.000000	Phee	5.062465	17.375254	NaN	NaN	76.216103	0.000000
524	Spectrogram 1	1	2406.870000	2407.130000	4000.000000	18000.000000	8000.000000	Sd-peep	6.232136	23.000542	NaN	NaN	46.707898	0.000000
525	Spectrogram 1	1	2407.200000	2408.750000	4000.000000	18000.000000	8000.000000	Twitter	6.392471	24.715521	NaN	NaN	34.129384	0.000000
526	Spectrogram 1	1	2421.680000	2421.770000	4000.000000	18000.000000	8000.000000	Sd-peep	6.755357	17.940560	NaN	NaN	50.204333	0.000000
527	Spectrogram 1	1	2421.850000	2421.940000	4000.000000	18000.000000	8000.000000	Sd-peep	9.734313	24.168920	NaN	NaN	94.048969	0.000000
528	Spectrogram 1	1	2423.300000	2423.430000	4000.000000	18000.000000	8000.000000	Phee	5.202552	12.890893	NaN	NaN	66.130533	0.000000
529	Spectrogram 1	1	2427.040000	2427.350000	4000.000000	18000.000000	8000.000000	Phee	4.359926	10.580731	NaN	NaN	52.911342	0.000000
530	Spectrogram 1	1	2428.120000	2428.200000	4000.000000	18000.000000	8000.000000	Sd-peep	7.875810	24.811967	NaN	NaN	54.907653	0.000000
531	Spectrogram 1	1	2428.300000	2428.410000	4000.000000	18000.000000	8000.000000	Sd-peep	10.593478	26.964296	NaN	NaN	90.690473	0.000000
532	Spectrogram 1	1	2428.460000	2428.840000	4000.000000	18000.000000	8000.000000	Trill	7.355736	18.893607	NaN	NaN	74.137401	0.000000
533	Spectrogram 1	1	2429.040000	2429.510000	4000.000000	18000.000000	8000.000000	Trill	7.155588	25.422597	NaN	NaN	109.293067	0.000000
534	Spectrogram 1	1	2429.660000	2430.380000	4000.000000	18000.000000	8000.000000	Trill	7.702362	30.000000	NaN	NaN	82.198679	0.000000
535	Spectrogram 1	1	2430.550000	2431.190000	4000.000000	18000.000000	8000.000000	Trill	8.562703	29.766783	NaN	NaN	69.223872	0.000000
536	Spectrogram 1	1	2431.310000	2431.880000	4000.000000	18000.000000	8000.000000	Trill	6.650950	25.638449	NaN	NaN	77.191520	0.000000
537	Spectrogram 1	1	2433.670000	2433.810000	4000.000000	18000.000000	8000.000000	Sd-peep	5.799691	17.785295	NaN	NaN	57.221115	0.000000
538	Spectrogram 1	1	2433.890000	2433.940000	4000.000000	18000.000000	8000.000000	Trill	9.274992	20.713577	NaN	NaN	70.909878	0.000000
539	Spectrogram 1	1	2434.040000	2434.110000	4000.000000	18000.000000	8000.000000	Sd-peep	8.597117	22.539676	NaN	NaN	46.561572	0.000000
540	Spectrogram 1	1	2434.240000	2434.300000	4000.000000	18000.000000	8000.000000	Sd-peep	10.225391	23.200996	NaN	NaN	60.379501	0.000000
541	Spectrogram 1	1	2434.440000	2434.510000	4000.000000	18000.000000	8000.000000	Sd-peep	10.219671	24.472511	NaN	NaN	55.132409	0.000000
542	Spectrogram 1	1	2434.590000	2434.960000	4000.000000	18000.000000	8000.000000	Trill	6.029773	16.607797	NaN	NaN	47.968203	0.000000
543	Spectrogram 1	1	2435.050000	2435.110000	4000.000000	18000.000000	8000.000000	Sd-peep	7.525669	20.520334	NaN	NaN	51.616573	0.000000
544	Spectrogram 1	1	2435.230000	2435.310000	4000.000000	18000.000000	8000.000000	Sd-peep	8.451176	24.309498	NaN	NaN	75.203767	0.000000
545	Spectrogram 1	1	2441.700000	2441.770000	4000.000000	18000.000000	8000.000000	Sd-peep	10.113437	28.774686	NaN	NaN	74.387101	0.000000
546	Spectrogram 1	1	2441.910000	2441.980000	4000.000000	18000.000000	8000.000000	Sd-peep	10.022812	25.165869	NaN	NaN	76.756515	0.000000
547	Spectrogram 1	1	2450.490000	2450.570000	4000.000000	18000.000000	8000.000000	Trill	4.124428	7.857820	NaN	NaN	49.302353	0.000000
548	Spectrogram 1	1	2455.150000	2456.210000	4000.000000	18000.000000	8000.000000	Trill	8.950123	24.459495	NaN	NaN	100.201023	0.000000
549	Spectrogram 1	1	2456.330000	2456.510000	4000.000000	18000.000000	8000.000000	Trill	5.488562	19.728341	NaN	NaN	69.669432	0.000000
550	Spectrogram 1	1	2461.540000	2461.580000	4000.000000	18000.000000	8000.000000	Phee	5.884135	12.791600	NaN	NaN	88.455567	0.000000
551	Spectrogram 1	1	2466.860000	2466.930000	4000.000000	18000.000000	8000.000000	Phee	4.541630	16.179630	NaN	NaN	90.081426	0.000000
552	Spectrogram 1	1	2467.590000	2467.650000	4000.000000	18000.000000	8000.000000	Sd-peep	9.396785	22.650843	NaN	NaN	47.302212	0.000000
553	Spectrogram 1	1	2467.750000	2467.850000	4000.000000	18000.000000	8000.000000	Sd-peep	8.746344	21.580873	NaN	NaN	113.719379	0.000000
554	Spectrogram 1	1	2467.980000	2468.520000	4000.000000	18000.000000	8000.000000	Trill	10.150779	30.000000	NaN	NaN	123.763862	0.000000
555	Spectrogram 1	1	2468.640000	2469.160000	4000.000000	18000.000000	8000.000000	Trill	9.962497	30.000000	NaN	NaN	83.218189	0.000000
556	Spectrogram 1	1	2469.300000	2469.930000	4000.000000	18000.000000	8000.000000	Trill	10.273943	28.592985	NaN	NaN	84.986992	0.000000
557	Spectrogram 1	1	2470.010000	2470.410000	4000.000000	18000.000000	8000.000000	Trill	9.926364	28.457528	NaN	NaN	83.233390	0.000000
558	Spectrogram 1	1	2471.080000	2471.230000	4000.000000	18000.000000	8000.000000	Sd-peep	6.321443	20.714163	NaN	NaN	49.287202	0.000000
559	Spectrogram 1	1	2472.860000	2473.050000	4000.000000	18000.000000	8000.000000	Trill	4.554669	12.703500	NaN	NaN	74.427391	0.000000
560	Spectrogram 1	1	2473.740000	2474.270000	4000.000000	18000.000000	8000.000000	Sd-peep	6.740772	21.038663	NaN	NaN	47.106034	0.000000
561	Spectrogram 1	1	2474.330000	2474.560000	4000.000000	18000.000000	8000.000000	Trill	6.821919	20.985897	NaN	NaN	52.446699	0.000000
562	Spectrogram 1	1	2479.430000	2479.500000	4000.000000	18000.000000	8000.000000	Sd-peep	9.335646	24.382407	NaN	NaN	67.715889	0.000000
563	Spectrogram 1	1	2479.670000	2479.740000	4000.000000	18000.000000	8000.000000	Sd-peep	8.755925	21.120741	NaN	NaN	104.065317	0.000000
564	Spectrogram 1	1	2479.870000	2480.430000	4000.000000	18000.000000	8000.000000	Trill	9.054127	23.587596	NaN	NaN	126.711161	0.000000
565	Spectrogram 1	1	2480.510000	2480.990000	4000.000000	18000.000000	8000.000000	Phee	8.622403	28.566299	NaN	NaN	110.615038	0.000000
566	Spectrogram 1	1	2482.160000	2482.570000	4000.000000	18000.000000	8000.000000	Sd-peep	8.817980	27.060531	NaN	NaN	53.518261	0.000000
567	Spectrogram 1	1	2482.640000	2484.560000	4000.000000	18000.000000	8000.000000	Twitter	6.638920	24.855139	NaN	NaN	34.490863	0.000000
568	Spectrogram 1	1	2484.600000	2484.770000	4000.000000	18000.000000	8000.000000	Trill	6.446221	24.677194	NaN	NaN	45.852461	0.000000
569	Spectrogram 1	1	2486.020000	2486.050000	4000.000000	18000.000000	8000.000000	Trill	4.217753	14.219015	NaN	NaN	69.572757	0.000000
570	Spectrogram 1	1	2518.830000	2518.940000	4000.000000	18000.000000	8000.000000	Sd-peep	4.299394	12.540896	NaN	NaN	39.881137	0.000000
571	Spectrogram 1	1	2519.220000	2519.280000	4000.000000	18000.000000	8000.000000	Sd-peep	9.688074	23.413064	NaN	NaN	74.953455	0.000000
572	Spectrogram 1	1	2519.430000	2519.910000	4000.000000	18000.000000	8000.000000	Trill	8.712775	27.306673	NaN	NaN	73.237488	0.000000
573	Spectrogram 1	1	2520.040000	2520.590000	4000.000000	18000.000000	8000.000000	Trill	8.295891	28.578385	NaN	NaN	75.906083	0.000000
574	Spectrogram 1	1	2520.650000	2521.490000	4000.000000	18000.000000	8000.000000	Trill	4.879933	20.111395	NaN	NaN	59.494741	0.000000
575	Spectrogram 1	1	2528.240000	2529.080000	4000.000000	18000.000000	8000.000000	Phee	4.413892	22.460694	NaN	NaN	111.432884	0.000000
576	Spectrogram 1	1	2551.240000	2551.510000	4000.000000	18000.000000	8000.000000	Trillphee	5.147365	13.977820	NaN	NaN	75.399430	0.000000
577	Spectrogram 1	1	2552.730000	2554.320000	4000.000000	18000.000000	8000.000000	Trillphee	6.706917	29.592352	NaN	NaN	99.667012	0.000000
578	Spectrogram 1	1	2554.440000	2554.860000	4000.000000	18000.000000	8000.000000	Trill	8.899221	30.000000	NaN	NaN	122.788507	0.000000
579	Spectrogram 1	1	2555.010000	2555.440000	4000.000000	18000.000000	8000.000000	Trill	9.190613	28.082899	NaN	NaN	133.654229	0.000000
580	Spectrogram 1	1	2555.540000	2555.750000	4000.000000	18000.000000	8000.000000	Trill	12.500670	29.232053	NaN	NaN	193.086489	0.000000
581	Spectrogram 1	1	2556.710000	2556.830000	4000.000000	18000.000000	8000.000000	Phee	4.297194	11.582286	NaN	NaN	83.151759	0.000000
582	Spectrogram 1	1	2563.590000	2563.720000	4000.000000	18000.000000	8000.000000	Sd-peep	5.303784	20.493075	NaN	NaN	56.160889	0.000000
583	Spectrogram 1	1	2564.640000	2564.750000	4000.000000	18000.000000	8000.000000	Sd-peep	5.874967	21.581369	NaN	NaN	34.938630	0.000000
584	Spectrogram 1	1	2579.030000	2579.160000	4000.000000	18000.000000	8000.000000	Phee	4.687034	17.343607	NaN	NaN	96.782329	0.000000
585	Spectrogram 1	1	2584.080000	2584.130000	4000.000000	18000.000000	8000.000000	Trill	4.041559	11.135183	NaN	NaN	36.613834	0.000000
586	Spectrogram 1	1	2589.390000	2589.470000	4000.000000	18000.000000	8000.000000	Sd-peep	5.033786	16.608896	NaN	NaN	33.998047	0.000000
587	Spectrogram 1	1	2589.710000	2590.720000	4000.000000	18000.000000	8000.000000	Trillphee	5.610897	21.042098	NaN	NaN	71.798499	0.000000
588	Spectrogram 1	1	2595.490000	2595.810000	4000.000000	18000.000000	8000.000000	Phee	5.522937	23.779953	NaN	NaN	119.755199	0.000000
589	Spectrogram 1	1	2610.190000	2610.230000	4000.000000	18000.000000	8000.000000	Twitter	5.886416	12.342459	NaN	NaN	54.594526	0.000000
590	Spectrogram 1	1	2613.970000	2613.990000	4000.000000	18000.000000	8000.000000	Sd-peep	4.576903	16.052300	NaN	NaN	47.449495	0.000000
591	Spectrogram 1	1	2633.450000	2633.550000	4000.000000	18000.000000	8000.000000	Trill	4.690779	16.093726	NaN	NaN	96.242338	0.000000
592	Spectrogram 1	1	2633.850000	2634.320000	4000.000000	18000.000000	8000.000000	Trill	6.524059	22.018467	NaN	NaN	125.144697	0.000000
593	Spectrogram 1	1	2634.360000	2634.730000	4000.000000	18000.000000	8000.000000	Trill	4.073531	24.947655	NaN	NaN	139.645783	0.000000
594	Spectrogram 1	1	2653.250000	2653.720000	4000.000000	18000.000000	8000.000000	Trill	8.185609	30.000000	NaN	NaN	109.528014	0.000000
595	Spectrogram 1	1	2653.850000	2654.420000	4000.000000	18000.000000	8000.000000	Trill	8.589094	30.000000	NaN	NaN	53.725563	0.000000
596	Spectrogram 1	1	2654.570000	2655.090000	4000.000000	18000.000000	8000.000000	Trill	7.118634	29.092103	NaN	NaN	61.114065	0.000000
597	Spectrogram 1	1	2655.150000	2655.640000	4000.000000	18000.000000	8000.000000	Trill	5.594707	24.838879	NaN	NaN	72.731329	0.000000
598	Spectrogram 1	1	2655.710000	2656.070000	4000.000000	18000.000000	8000.000000	Trill	5.569864	26.310758	NaN	NaN	85.347498	0.000000
599	Spectrogram 1	1	2661.480000	2661.540000	4000.000000	18000.000000	8000.000000	Phee	5.138016	14.616310	NaN	NaN	88.543193	0.000000
600	Spectrogram 1	1	2670.380000	2670.420000	4000.000000	18000.000000	8000.000000	Sd-peep	4.023821	9.037407	NaN	NaN	58.172480	0.000000
601	Spectrogram 1	1	2679.930000	2680.800000	4000.000000	18000.000000	8000.000000	Phee	7.201130	28.854667	NaN	NaN	97.828266	0.000000
602	Spectrogram 1	1	2681.010000	2681.720000	4000.000000	18000.000000	8000.000000	Trill	9.443651	30.000000	NaN	NaN	98.599836	0.000000
603	Spectrogram 1	1	2681.880000	2682.460000	4000.000000	18000.000000	8000.000000	Trill	10.405868	30.000000	NaN	NaN	105.520234	0.000000
604	Spectrogram 1	1	2682.600000	2683.190000	4000.000000	18000.000000	8000.000000	Trill	9.234456	30.000000	NaN	NaN	93.242771	0.000000
605	Spectrogram 1	1	2683.290000	2683.350000	4000.000000	18000.000000	8000.000000	Trill	7.523986	19.878224	NaN	NaN	60.935434	0.000000
606	Spectrogram 1	1	2683.410000	2683.460000	4000.000000	18000.000000	8000.000000	Trill	10.870737	21.306086	NaN	NaN	139.533299	0.000000
607	Spectrogram 1	1	2684.700000	2684.760000	4000.000000	18000.000000	8000.000000	Sd-peep	8.652571	21.010716	NaN	NaN	61.453428	0.000000
608	Spectrogram 1	1	2684.850000	2684.910000	4000.000000	18000.000000	8000.000000	Sd-peep	10.653723	22.207951	NaN	NaN	65.743748	0.000000
609	Spectrogram 1	1	2685.000000	2685.070000	4000.000000	18000.000000	8000.000000	Sd-peep	8.572022	18.419850	NaN	NaN	57.652056	0.000000
610	Spectrogram 1	1	2685.130000	2685.210000	4000.000000	18000.000000	8000.000000	Sd-peep	8.084326	20.995996	NaN	NaN	64.175818	0.000000
611	Spectrogram 1	1	2685.270000	2685.360000	4000.000000	18000.000000	8000.000000	Sd-peep	7.655255	20.958217	NaN	NaN	62.911206	0.000000
612	Spectrogram 1	1	2685.400000	2685.480000	4000.000000	18000.000000	8000.000000	Sd-peep	8.044443	24.622153	NaN	NaN	66.613774	0.000000
613	Spectrogram 1	1	2685.530000	2686.500000	4000.000000	18000.000000	8000.000000	Trill	7.356453	20.221966	NaN	NaN	52.043953	0.000000
614	Spectrogram 1	1	2686.560000	2686.630000	4000.000000	18000.000000	8000.000000	Trill	8.126988	19.333182	NaN	NaN	55.068547	0.000000
615	Spectrogram 1	1	2686.710000	2686.770000	4000.000000	18000.000000	8000.000000	Sd-peep	7.535485	16.761127	NaN	NaN	50.205715	0.000000
616	Spectrogram 1	1	2686.880000	2687.000000	4000.000000	18000.000000	8000.000000	Sd-peep	4.512143	17.733292	NaN	NaN	38.322773	0.000000
617	Spectrogram 1	1	2687.050000	2687.320000	4000.000000	18000.000000	8000.000000	Trill	5.096141	17.978725	NaN	NaN	41.365477	0.000000
618	Spectrogram 1	1	2687.390000	2687.650000	4000.000000	18000.000000	8000.000000	Trill	5.284456	15.271586	NaN	NaN	51.442373	0.000000
619	Spectrogram 1	1	2688.310000	2688.380000	4000.000000	18000.000000	8000.000000	Sd-peep	7.017398	21.939772	NaN	NaN	44.253598	0.000000
620	Spectrogram 1	1	2688.430000	2688.490000	4000.000000	18000.000000	8000.000000	Sd-peep	7.074270	21.122724	NaN	NaN	64.955391	0.000000
621	Spectrogram 1	1	2688.570000	2688.640000	4000.000000	18000.000000	8000.000000	Sd-peep	5.885149	20.522621	NaN	NaN	43.345914	0.000000
622	Spectrogram 1	1	2688.780000	2688.820000	4000.000000	18000.000000	8000.000000	Trill	7.052445	22.541696	NaN	NaN	60.673511	0.000000
623	Spectrogram 1	1	2694.340000	2694.440000	4000.000000	18000.000000	8000.000000	Sd-peep	6.020353	26.239271	NaN	NaN	48.182975	0.000000
624	Spectrogram 1	1	2694.580000	2695.150000	4000.000000	18000.000000	8000.000000	Trill	9.244928	26.553923	NaN	NaN	97.272828	0.000000
625	Spectrogram 1	1	2695.300000	2695.890000	4000.000000	18000.000000	8000.000000	Trill	7.819075	30.000000	NaN	NaN	114.416428	0.000000
626	Spectrogram 1	1	2696.050000	2696.710000	4000.000000	18000.000000	8000.000000	Trill	7.345708	30.000000	NaN	NaN	79.127755	0.000000
627	Spectrogram 1	1	2696.870000	2697.380000	4000.000000	18000.000000	8000.000000	Trill	9.008788	29.029382	NaN	NaN	101.826213	0.000000
628	Spectrogram 1	1	2722.950000	2723.560000	4000.000000	18000.000000	8000.000000	Trill	5.292504	19.709053	NaN	NaN	64.473581	0.000000
629	Spectrogram 1	1	2723.700000	2724.410000	4000.000000	18000.000000	8000.000000	Trill	7.373471	30.000000	NaN	NaN	76.216463	0.000000
630	Spectrogram 1	1	2724.550000	2725.040000	4000.000000	18000.000000	8000.000000	Trill	9.438356	30.000000	NaN	NaN	99.873843	0.000000
631	Spectrogram 1	1	2725.110000	2726.200000	4000.000000	18000.000000	8000.000000	Trill	5.100267	21.357613	NaN	NaN	36.915348	0.000000
632	Spectrogram 1	1	2736.780000	2736.860000	4000.000000	18000.000000	8000.000000	Phee	4.977472	8.015348	NaN	NaN	35.987648	0.000000
633	Spectrogram 1	1	2742.090000	2742.150000	4000.000000	18000.000000	8000.000000	Sd-peep	6.836089	21.053672	NaN	NaN	42.792518	0.000000
634	Spectrogram 1	1	2742.350000	2742.890000	4000.000000	18000.000000	8000.000000	Trill	9.202264	23.204623	NaN	NaN	105.865560	0.000000
635	Spectrogram 1	1	2743.010000	2743.500000	4000.000000	18000.000000	8000.000000	Trill	7.931662	29.098426	NaN	NaN	83.308034	0.000000
636	Spectrogram 1	1	2743.650000	2744.090000	4000.000000	18000.000000	8000.000000	Trill	7.708905	28.503807	NaN	NaN	100.661240	0.000000
637	Spectrogram 1	1	2744.230000	2744.700000	4000.000000	18000.000000	8000.000000	Trill	7.103723	26.105440	NaN	NaN	88.442177	0.000000
638	Spectrogram 1	1	2752.500000	2752.600000	4000.000000	18000.000000	8000.000000	Twitter	4.437410	11.803400	NaN	NaN	42.135766	0.000000
639	Spectrogram 1	1	2767.670000	2768.300000	4000.000000	18000.000000	8000.000000	Trillphee	4.753045	18.918422	NaN	NaN	56.358536	0.000000
640	Spectrogram 1	1	2768.340000	2769.100000	4000.000000	18000.000000	8000.000000	Trill	7.750683	26.231723	NaN	NaN	49.215778	0.000000
641	Spectrogram 1	1	2769.270000	2770.010000	4000.000000	18000.000000	8000.000000	Trill	8.409390	27.357720	NaN	NaN	80.215640	0.000000
642	Spectrogram 1	1	2770.090000	2770.470000	4000.000000	18000.000000	8000.000000	Trill	11.029926	28.065374	NaN	NaN	113.081876	0.000000
643	Spectrogram 1	1	2840.200000	2840.220000	4000.000000	18000.000000	8000.000000	Sd-peep	4.483175	12.145648	NaN	NaN	67.697542	0.000000
644	Spectrogram 1	1	2868.110000	2868.650000	4000.000000	18000.000000	8000.000000	Trill	11.942167	24.585451	NaN	NaN	118.961963	0.000000
