Selection	View	Channel	Begin Time (s)	End Time (s)	Low Freq (Hz)	High Freq (Hz)	Max Freq (Hz)	Call Type	Energy Diff	Energy Par	Energy Diff (wl)	Energy Par (wl)	AHR	Exception
1	Spectrogram 1	1	24.050000	24.290000	4000.000000	18000.000000	8000.000000	Trill	8.507562	12.102256	NaN	NaN	31.669970	0.000000
2	Spectrogram 1	1	25.000000	25.040000	4000.000000	18000.000000	8000.000000	Phee	6.753268	8.325356	NaN	NaN	29.547918	0.000000
3	Spectrogram 1	1	41.070000	41.440000	4000.000000	18000.000000	8000.000000	Trill	10.274191	26.744823	NaN	NaN	74.345443	0.000000
4	Spectrogram 1	1	60.050000	60.430000	4000.000000	18000.000000	8000.000000	Trill	16.845284	30.000000	NaN	NaN	119.110191	0.000000
5	Spectrogram 1	1	60.630000	60.650000	4000.000000	18000.000000	8000.000000	Sd-peep	8.655278	10.147728	NaN	NaN	34.580024	0.000000
6	Spectrogram 1	1	74.360000	74.750000	4000.000000	18000.000000	8000.000000	Trill	13.769376	25.916724	NaN	NaN	82.445300	0.000000
7	Spectrogram 1	1	80.690000	80.790000	4000.000000	18000.000000	8000.000000	Trill	8.517178	15.216339	NaN	NaN	34.873144	0.000000
8	Spectrogram 1	1	83.970000	84.300000	4000.000000	18000.000000	8000.000000	Trill	12.441291	28.321489	NaN	NaN	79.107836	0.000000
9	Spectrogram 1	1	90.960000	91.250000	4000.000000	18000.000000	8000.000000	Trill	13.156571	28.834255	NaN	NaN	50.287955	0.000000
10	Spectrogram 1	1	115.130000	115.500000	4000.000000	18000.000000	8000.000000	Trill	7.594323	23.677999	NaN	NaN	51.091645	0.000000
11	Spectrogram 1	1	122.220000	122.510000	4000.000000	18000.000000	8000.000000	Trill	7.701083	17.479009	NaN	NaN	54.802625	0.000000
12	Spectrogram 1	1	126.390000	126.790000	4000.000000	18000.000000	8000.000000	Trill	6.945236	18.816223	NaN	NaN	62.483499	0.000000
13	Spectrogram 1	1	133.550000	133.930000	4000.000000	18000.000000	8000.000000	Trill	7.228667	18.564868	NaN	NaN	62.070187	0.000000
14	Spectrogram 1	1	143.110000	143.160000	4000.000000	18000.000000	8000.000000	Trill	5.490971	7.440381	NaN	NaN	30.924484	0.000000
15	Spectrogram 1	1	145.480000	146.540000	4000.000000	18000.000000	8000.000000	Trillphee	12.998967	32.430626	NaN	NaN	93.577953	0.000000
16	Spectrogram 1	1	148.910000	148.930000	4000.000000	18000.000000	8000.000000	Twitter	5.572813	6.382948	NaN	NaN	32.002859	0.000000
17	Spectrogram 1	1	152.840000	153.030000	4000.000000	18000.000000	8000.000000	Phee	4.201167	24.632762	NaN	NaN	75.130601	0.000000
18	Spectrogram 1	1	158.460000	158.780000	4000.000000	18000.000000	8000.000000	Trill	12.061782	28.101426	NaN	NaN	97.554552	0.000000
19	Spectrogram 1	1	174.650000	174.670000	4000.000000	18000.000000	8000.000000	Trill	9.041034	10.719347	NaN	NaN	37.988695	0.000000
20	Spectrogram 1	1	178.810000	179.000000	4000.000000	18000.000000	8000.000000	Phee	4.077514	11.880873	NaN	NaN	35.597762	0.000000
21	Spectrogram 1	1	184.660000	185.590000	4000.000000	18000.000000	8000.000000	Trillphee	9.026226	28.700742	NaN	NaN	58.165540	0.000000
22	Spectrogram 1	1	185.850000	186.780000	4000.000000	18000.000000	8000.000000	Phee	9.903178	30.000000	NaN	NaN	42.601328	0.000000
23	Spectrogram 1	1	212.750000	212.830000	4000.000000	18000.000000	8000.000000	Phee	7.782588	10.409062	NaN	NaN	29.454291	0.000000
24	Spectrogram 1	1	212.870000	213.010000	4000.000000	18000.000000	8000.000000	Trill	5.712657	8.073758	NaN	NaN	32.068306	0.000000
25	Spectrogram 1	1	222.160000	222.200000	4000.000000	18000.000000	8000.000000	Trill	8.761854	13.054446	NaN	NaN	34.270824	0.000000
26	Spectrogram 1	1	222.790000	222.820000	4000.000000	18000.000000	8000.000000	Trill	5.141170	9.111954	NaN	NaN	35.506420	0.000000
27	Spectrogram 1	1	222.950000	223.040000	4000.000000	18000.000000	8000.000000	Trill	8.724511	13.604272	NaN	NaN	44.024271	0.000000
28	Spectrogram 1	1	225.090000	225.150000	4000.000000	18000.000000	8000.000000	Trill	10.019659	12.824766	NaN	NaN	48.651952	0.000000
29	Spectrogram 1	1	225.700000	225.780000	4000.000000	18000.000000	8000.000000	Trill	10.644160	11.294386	NaN	NaN	38.492521	0.000000
30	Spectrogram 1	1	225.820000	225.890000	4000.000000	18000.000000	8000.000000	Trill	7.577694	9.929727	NaN	NaN	39.216959	0.000000
31	Spectrogram 1	1	226.170000	226.230000	4000.000000	18000.000000	8000.000000	Trill	9.626633	12.408369	NaN	NaN	29.860531	0.000000
32	Spectrogram 1	1	226.920000	227.140000	4000.000000	18000.000000	8000.000000	Trill	8.932043	10.572362	NaN	NaN	31.871024	0.000000
33	Spectrogram 1	1	227.280000	227.550000	4000.000000	18000.000000	8000.000000	Trill	9.309982	10.997692	NaN	NaN	31.906667	0.000000
34	Spectrogram 1	1	227.830000	227.960000	4000.000000	18000.000000	8000.000000	Phee	7.819161	11.101107	NaN	NaN	31.135850	0.000000
35	Spectrogram 1	1	228.420000	228.460000	4000.000000	18000.000000	8000.000000	Trill	8.034146	9.211448	NaN	NaN	31.757691	0.000000
36	Spectrogram 1	1	228.880000	229.040000	4000.000000	18000.000000	8000.000000	Trill	11.009573	14.942682	NaN	NaN	29.644184	0.000000
37	Spectrogram 1	1	229.720000	229.740000	4000.000000	18000.000000	8000.000000	Sd-peep	9.197179	12.162196	NaN	NaN	30.789905	0.000000
38	Spectrogram 1	1	230.250000	230.310000	4000.000000	18000.000000	8000.000000	Trill	9.346241	10.188677	NaN	NaN	32.430027	0.000000
39	Spectrogram 1	1	230.600000	230.640000	4000.000000	18000.000000	8000.000000	Trill	8.107759	8.250743	NaN	NaN	29.413433	0.000000
40	Spectrogram 1	1	231.240000	231.390000	4000.000000	18000.000000	8000.000000	Trill	7.054726	9.278276	NaN	NaN	32.235835	0.000000
41	Spectrogram 1	1	233.130000	233.180000	4000.000000	18000.000000	8000.000000	Trill	7.502545	9.095393	NaN	NaN	29.096822	0.000000
42	Spectrogram 1	1	233.220000	233.340000	4000.000000	18000.000000	8000.000000	Trill	8.729098	16.164660	NaN	NaN	29.770220	0.000000
43	Spectrogram 1	1	233.550000	233.680000	4000.000000	18000.000000	8000.000000	Trill	9.543937	10.880176	NaN	NaN	30.822633	0.000000
44	Spectrogram 1	1	234.450000	234.550000	4000.000000	18000.000000	8000.000000	Trill	11.187658	15.070732	NaN	NaN	31.676059	0.000000
45	Spectrogram 1	1	238.920000	239.980000	4000.000000	18000.000000	8000.000000	Trillphee	16.055640	38.374022	NaN	NaN	92.310838	0.000000
46	Spectrogram 1	1	240.010000	240.180000	4000.000000	18000.000000	8000.000000	Trill	5.627705	12.795021	NaN	NaN	45.227442	0.000000
47	Spectrogram 1	1	240.490000	241.490000	4000.000000	18000.000000	8000.000000	Phee	15.036281	30.000000	NaN	NaN	47.486442	0.000000
48	Spectrogram 1	1	248.200000	248.300000	4000.000000	18000.000000	8000.000000	Trill	7.100011	9.589953	NaN	NaN	30.645332	0.000000
49	Spectrogram 1	1	249.450000	249.540000	4000.000000	18000.000000	8000.000000	Trill	9.670953	12.903155	NaN	NaN	44.810215	0.000000
50	Spectrogram 1	1	249.680000	249.730000	4000.000000	18000.000000	8000.000000	Phee	8.251370	9.059459	NaN	NaN	35.125495	0.000000
51	Spectrogram 1	1	250.310000	250.500000	4000.000000	18000.000000	8000.000000	Trill	9.101132	10.431506	NaN	NaN	30.041600	0.000000
52	Spectrogram 1	1	250.640000	250.730000	4000.000000	18000.000000	8000.000000	Trill	7.446603	9.772408	NaN	NaN	31.838894	0.000000
53	Spectrogram 1	1	250.940000	250.960000	4000.000000	18000.000000	8000.000000	Trill	8.961472	10.730218	NaN	NaN	30.385159	0.000000
54	Spectrogram 1	1	251.430000	251.570000	4000.000000	18000.000000	8000.000000	Trill	5.966676	10.898774	NaN	NaN	30.032605	0.000000
55	Spectrogram 1	1	251.830000	251.930000	4000.000000	18000.000000	8000.000000	Phee	6.927576	9.466237	NaN	NaN	30.805693	0.000000
56	Spectrogram 1	1	251.970000	252.000000	4000.000000	18000.000000	8000.000000	Phee	10.478545	15.878094	NaN	NaN	29.060216	0.000000
57	Spectrogram 1	1	252.240000	252.350000	4000.000000	18000.000000	8000.000000	Trill	5.212382	8.786780	NaN	NaN	30.390749	0.000000
58	Spectrogram 1	1	265.640000	266.710000	4000.000000	18000.000000	8000.000000	Phee	12.706830	30.000000	NaN	NaN	40.071965	0.000000
59	Spectrogram 1	1	266.900000	268.110000	4000.000000	18000.000000	8000.000000	Phee	11.949452	30.000000	NaN	NaN	73.013704	0.000000
60	Spectrogram 1	1	268.360000	269.190000	4000.000000	18000.000000	8000.000000	Phee	12.359968	30.000000	NaN	NaN	38.289164	0.000000
61	Spectrogram 1	1	269.420000	270.330000	4000.000000	18000.000000	8000.000000	Phee	12.490555	28.233753	NaN	NaN	35.091739	0.000000
62	Spectrogram 1	1	270.560000	271.620000	4000.000000	18000.000000	8000.000000	Phee	10.142469	25.620660	NaN	NaN	39.253506	0.000000
63	Spectrogram 1	1	298.810000	298.850000	4000.000000	18000.000000	8000.000000	Trill	9.090954	9.810407	NaN	NaN	30.399348	0.000000
64	Spectrogram 1	1	302.310000	302.580000	4000.000000	18000.000000	8000.000000	Trill	5.742519	19.604307	NaN	NaN	50.685720	0.000000
65	Spectrogram 1	1	322.200000	322.530000	4000.000000	18000.000000	8000.000000	Trill	4.725302	19.333385	NaN	NaN	50.367570	0.000000
66	Spectrogram 1	1	350.690000	351.720000	4000.000000	18000.000000	8000.000000	Phee	10.987764	30.000000	NaN	NaN	33.497764	0.000000
67	Spectrogram 1	1	351.950000	352.860000	4000.000000	18000.000000	8000.000000	Phee	10.262789	30.000000	NaN	NaN	30.425932	0.000000
68	Spectrogram 1	1	353.980000	355.180000	4000.000000	18000.000000	8000.000000	Phee	7.365729	25.169047	NaN	NaN	38.819186	0.000000
69	Spectrogram 1	1	373.340000	374.390000	4000.000000	18000.000000	8000.000000	Phee	9.588602	30.000000	NaN	NaN	43.056569	0.000000
70	Spectrogram 1	1	374.530000	375.920000	4000.000000	18000.000000	8000.000000	Phee	7.738540	26.711876	NaN	NaN	46.534097	0.000000
71	Spectrogram 1	1	376.120000	376.960000	4000.000000	18000.000000	8000.000000	Phee	9.234606	30.000000	NaN	NaN	35.803803	0.000000
72	Spectrogram 1	1	377.160000	378.010000	4000.000000	18000.000000	8000.000000	Phee	8.755720	29.378349	NaN	NaN	36.944044	0.000000
73	Spectrogram 1	1	378.220000	379.100000	4000.000000	18000.000000	8000.000000	Phee	8.581561	28.847774	NaN	NaN	44.568489	0.000000
74	Spectrogram 1	1	385.180000	385.200000	4000.000000	18000.000000	8000.000000	Twitter	4.295739	7.062355	NaN	NaN	42.065140	0.000000
75	Spectrogram 1	1	391.360000	392.470000	4000.000000	18000.000000	8000.000000	Phee	9.018789	30.000000	NaN	NaN	46.164046	0.000000
76	Spectrogram 1	1	392.620000	393.730000	4000.000000	18000.000000	8000.000000	Phee	9.137390	30.000000	NaN	NaN	51.246612	0.000000
77	Spectrogram 1	1	393.920000	394.800000	4000.000000	18000.000000	8000.000000	Phee	9.171585	30.000000	NaN	NaN	42.496086	0.000000
78	Spectrogram 1	1	394.860000	395.870000	4000.000000	18000.000000	8000.000000	Phee	8.632870	28.503351	NaN	NaN	47.689399	0.000000
79	Spectrogram 1	1	395.970000	396.850000	4000.000000	18000.000000	8000.000000	Phee	8.506771	30.000000	NaN	NaN	47.489696	0.000000
80	Spectrogram 1	1	399.110000	399.590000	4000.000000	18000.000000	8000.000000	Trill	6.604128	13.032068	NaN	NaN	63.552431	0.000000
81	Spectrogram 1	1	459.940000	460.110000	4000.000000	18000.000000	8000.000000	Trill	11.068334	21.862022	NaN	NaN	74.988573	0.000000
82	Spectrogram 1	1	465.030000	465.970000	4000.000000	18000.000000	8000.000000	Phee	11.451761	30.000000	NaN	NaN	41.495655	0.000000
83	Spectrogram 1	1	466.120000	467.070000	4000.000000	18000.000000	8000.000000	Phee	10.063338	29.153173	NaN	NaN	38.931045	0.000000
84	Spectrogram 1	1	467.230000	468.130000	4000.000000	18000.000000	8000.000000	Phee	11.579026	30.000000	NaN	NaN	41.815967	0.000000
85	Spectrogram 1	1	468.280000	469.200000	4000.000000	18000.000000	8000.000000	Phee	9.996317	30.000000	NaN	NaN	50.763597	0.000000
86	Spectrogram 1	1	499.800000	499.900000	4000.000000	18000.000000	8000.000000	Trillphee	9.771955	13.821235	NaN	NaN	29.587977	0.000000
87	Spectrogram 1	1	502.660000	503.650000	4000.000000	18000.000000	8000.000000	Trillphee	7.428118	28.962906	NaN	NaN	76.853906	0.000000
88	Spectrogram 1	1	547.170000	547.540000	4000.000000	18000.000000	8000.000000	Trill	4.456368	18.118967	NaN	NaN	70.469264	0.000000
89	Spectrogram 1	1	547.590000	547.980000	4000.000000	18000.000000	8000.000000	Trill	5.206026	19.872027	NaN	NaN	76.658122	0.000000
90	Spectrogram 1	1	548.040000	548.280000	4000.000000	18000.000000	8000.000000	Trill	4.935242	17.415140	NaN	NaN	74.787262	0.000000
91	Spectrogram 1	1	558.090000	558.390000	4000.000000	18000.000000	8000.000000	Trill	5.762877	17.682554	NaN	NaN	59.459005	0.000000
92	Spectrogram 1	1	559.540000	559.560000	4000.000000	18000.000000	8000.000000	Twitter	6.200142	11.729204	NaN	NaN	45.753267	0.000000
93	Spectrogram 1	1	559.950000	559.970000	4000.000000	18000.000000	8000.000000	Twitter	6.264043	7.674480	NaN	NaN	30.256273	0.000000
94	Spectrogram 1	1	566.130000	566.480000	4000.000000	18000.000000	8000.000000	Trill	7.288212	21.500739	NaN	NaN	48.816388	0.000000
95	Spectrogram 1	1	642.760000	642.790000	4000.000000	18000.000000	8000.000000	Phee	5.801604	8.216887	NaN	NaN	32.204259	0.000000
96	Spectrogram 1	1	651.480000	652.560000	4000.000000	18000.000000	8000.000000	Phee	6.247280	29.375517	NaN	NaN	39.579384	0.000000
97	Spectrogram 1	1	652.730000	653.630000	4000.000000	18000.000000	8000.000000	Phee	6.772350	30.000000	NaN	NaN	43.857648	0.000000
98	Spectrogram 1	1	664.410000	664.440000	4000.000000	18000.000000	8000.000000	Phee	8.097967	10.521393	NaN	NaN	35.142403	0.000000
99	Spectrogram 1	1	665.560000	665.630000	4000.000000	18000.000000	8000.000000	Trillphee	8.698225	10.930439	NaN	NaN	33.027509	0.000000
100	Spectrogram 1	1	665.680000	665.710000	4000.000000	18000.000000	8000.000000	Trill	8.105428	11.133187	NaN	NaN	30.949928	0.000000
101	Spectrogram 1	1	682.720000	683.810000	4000.000000	18000.000000	8000.000000	Phee	11.198247	30.000000	NaN	NaN	42.617073	0.000000
102	Spectrogram 1	1	684.030000	685.010000	4000.000000	18000.000000	8000.000000	Phee	10.809672	30.000000	NaN	NaN	30.302115	0.000000
103	Spectrogram 1	1	685.100000	686.110000	4000.000000	18000.000000	8000.000000	Phee	11.008897	29.849249	NaN	NaN	35.416847	0.000000
104	Spectrogram 1	1	689.320000	689.340000	4000.000000	18000.000000	8000.000000	Twitter	6.654395	8.415800	NaN	NaN	29.794797	0.000000
105	Spectrogram 1	1	689.720000	689.740000	4000.000000	18000.000000	8000.000000	Trill	7.176618	10.311585	NaN	NaN	32.895301	0.000000
106	Spectrogram 1	1	729.320000	729.550000	4000.000000	18000.000000	8000.000000	Trill	6.956156	19.595721	NaN	NaN	39.657308	0.000000
107	Spectrogram 1	1	745.740000	746.010000	4000.000000	18000.000000	8000.000000	Trill	7.402536	20.388281	NaN	NaN	55.112133	0.000000
108	Spectrogram 1	1	754.490000	754.890000	4000.000000	18000.000000	8000.000000	Trill	7.956839	25.017814	NaN	NaN	70.266516	0.000000
109	Spectrogram 1	1	777.860000	777.880000	4000.000000	18000.000000	8000.000000	Trill	5.009398	9.470726	NaN	NaN	43.952378	0.000000
110	Spectrogram 1	1	780.710000	781.210000	4000.000000	18000.000000	8000.000000	Trill	8.468812	24.400972	NaN	NaN	70.475653	0.000000
111	Spectrogram 1	1	782.750000	783.580000	4000.000000	18000.000000	8000.000000	Trill	7.699774	24.300965	NaN	NaN	68.393807	0.000000
112	Spectrogram 1	1	790.200000	790.560000	4000.000000	18000.000000	8000.000000	Trill	10.155063	24.733555	NaN	NaN	70.054056	0.000000
113	Spectrogram 1	1	798.770000	799.070000	4000.000000	18000.000000	8000.000000	Trill	10.233324	22.240720	NaN	NaN	74.450201	0.000000
114	Spectrogram 1	1	807.120000	807.810000	4000.000000	18000.000000	8000.000000	Trill	6.478452	22.516699	NaN	NaN	54.690280	0.000000
115	Spectrogram 1	1	824.540000	825.060000	4000.000000	18000.000000	8000.000000	Trill	5.934320	16.996792	NaN	NaN	32.248607	0.000000
116	Spectrogram 1	1	857.540000	858.020000	4000.000000	18000.000000	8000.000000	Trill	4.981174	18.548111	NaN	NaN	49.185643	0.000000
117	Spectrogram 1	1	866.940000	867.740000	4000.000000	18000.000000	8000.000000	Trill	9.327434	26.106495	NaN	NaN	86.710255	0.000000
118	Spectrogram 1	1	873.770000	874.120000	4000.000000	18000.000000	8000.000000	Trill	10.878419	26.082430	NaN	NaN	78.858104	0.000000
119	Spectrogram 1	1	894.560000	894.880000	4000.000000	18000.000000	8000.000000	Trill	12.963314	24.921904	NaN	NaN	58.550284	0.000000
120	Spectrogram 1	1	898.360000	898.820000	4000.000000	18000.000000	8000.000000	Trill	13.104380	26.940292	NaN	NaN	94.597240	0.000000
121	Spectrogram 1	1	912.150000	912.440000	4000.000000	18000.000000	8000.000000	Trill	6.170958	19.685484	NaN	NaN	42.897671	0.000000
122	Spectrogram 1	1	938.330000	938.350000	4000.000000	18000.000000	8000.000000	Trill	6.573773	10.603643	NaN	NaN	31.966490	0.000000
123	Spectrogram 1	1	945.160000	945.990000	4000.000000	18000.000000	8000.000000	Trill	13.534886	30.000000	NaN	NaN	106.561794	0.000000
124	Spectrogram 1	1	960.070000	960.440000	4000.000000	18000.000000	8000.000000	Trill	10.104069	27.401595	NaN	NaN	56.028206	0.000000
125	Spectrogram 1	1	966.710000	967.400000	4000.000000	18000.000000	8000.000000	Trill	8.505533	28.762102	NaN	NaN	60.105416	0.000000
126	Spectrogram 1	1	971.170000	971.930000	4000.000000	18000.000000	8000.000000	Trill	6.910838	19.000847	NaN	NaN	55.003803	0.000000
127	Spectrogram 1	1	987.050000	988.470000	4000.000000	18000.000000	8000.000000	Phee	7.814727	26.766832	NaN	NaN	39.832561	0.000000
128	Spectrogram 1	1	988.630000	989.600000	4000.000000	18000.000000	8000.000000	Phee	9.463276	30.000000	NaN	NaN	60.207789	0.000000
129	Spectrogram 1	1	989.750000	990.620000	4000.000000	18000.000000	8000.000000	Phee	9.343923	30.000000	NaN	NaN	61.930110	0.000000
130	Spectrogram 1	1	1005.790000	1006.540000	4000.000000	18000.000000	8000.000000	Trill	4.338099	20.262734	NaN	NaN	55.688979	0.000000
131	Spectrogram 1	1	1014.660000	1015.150000	4000.000000	18000.000000	8000.000000	Trill	9.555083	25.271191	NaN	NaN	37.547499	0.000000
132	Spectrogram 1	1	1031.210000	1031.590000	4000.000000	18000.000000	8000.000000	Trill	10.730616	25.307238	NaN	NaN	77.513568	0.000000
133	Spectrogram 1	1	1037.810000	1038.590000	4000.000000	18000.000000	8000.000000	Trill	12.635006	26.562945	NaN	NaN	99.688038	0.000000
134	Spectrogram 1	1	1055.800000	1056.130000	4000.000000	18000.000000	8000.000000	Trill	5.724624	18.112369	NaN	NaN	67.149417	0.000000
135	Spectrogram 1	1	1063.420000	1063.810000	4000.000000	18000.000000	8000.000000	Trill	6.136685	17.921836	NaN	NaN	57.437198	0.000000
136	Spectrogram 1	1	1067.430000	1067.770000	4000.000000	18000.000000	8000.000000	Trill	5.366395	17.025880	NaN	NaN	51.824324	0.000000
137	Spectrogram 1	1	1090.970000	1091.410000	4000.000000	18000.000000	8000.000000	Trill	5.274098	18.629087	NaN	NaN	62.608248	0.000000
138	Spectrogram 1	1	1114.850000	1114.890000	4000.000000	18000.000000	8000.000000	Trill	9.784884	11.433515	NaN	NaN	32.449552	0.000000
139	Spectrogram 1	1	1134.200000	1134.240000	4000.000000	18000.000000	8000.000000	Trill	10.568310	13.681749	NaN	NaN	43.515696	0.000000
140	Spectrogram 1	1	1134.540000	1134.590000	4000.000000	18000.000000	8000.000000	Phee	6.765983	8.571307	NaN	NaN	40.039422	0.000000
141	Spectrogram 1	1	1147.500000	1147.930000	4000.000000	18000.000000	8000.000000	Trill	6.395490	20.938211	NaN	NaN	66.264141	0.000000
142	Spectrogram 1	1	1173.210000	1173.570000	4000.000000	18000.000000	8000.000000	Trill	7.177235	13.033174	NaN	NaN	29.676950	0.000000
143	Spectrogram 1	1	1177.210000	1178.260000	4000.000000	18000.000000	8000.000000	Trill	8.348448	25.995107	NaN	NaN	82.499543	0.000000
144	Spectrogram 1	1	1196.180000	1196.800000	4000.000000	18000.000000	8000.000000	Trill	4.307181	20.393505	NaN	NaN	46.496497	0.000000
145	Spectrogram 1	1	1196.920000	1197.300000	4000.000000	18000.000000	8000.000000	Trill	5.321684	22.634201	NaN	NaN	71.953633	0.000000
146	Spectrogram 1	1	1201.300000	1201.420000	4000.000000	18000.000000	8000.000000	Trill	8.388532	21.417144	NaN	NaN	49.962766	0.000000
147	Spectrogram 1	1	1238.640000	1239.450000	4000.000000	18000.000000	8000.000000	Trill	7.759953	26.901676	NaN	NaN	70.686659	0.000000
148	Spectrogram 1	1	1248.190000	1249.260000	4000.000000	18000.000000	8000.000000	Trill	8.393859	24.321756	NaN	NaN	71.827259	0.000000
149	Spectrogram 1	1	1291.970000	1293.360000	4000.000000	18000.000000	8000.000000	Phee	7.941828	30.000000	NaN	NaN	51.870951	0.000000
150	Spectrogram 1	1	1293.400000	1294.650000	4000.000000	18000.000000	8000.000000	Trillphee	6.952214	27.027215	NaN	NaN	47.839464	0.000000
151	Spectrogram 1	1	1319.330000	1319.680000	4000.000000	18000.000000	8000.000000	Trill	5.706502	17.626323	NaN	NaN	57.780686	0.000000
152	Spectrogram 1	1	1361.550000	1362.130000	4000.000000	18000.000000	8000.000000	Trill	9.109089	23.888609	NaN	NaN	67.463786	0.000000
153	Spectrogram 1	1	1370.770000	1371.760000	4000.000000	18000.000000	8000.000000	Trill	5.106027	18.530557	NaN	NaN	43.235225	0.000000
154	Spectrogram 1	1	1374.010000	1374.680000	4000.000000	18000.000000	8000.000000	Trill	4.523605	16.372949	NaN	NaN	52.297491	0.000000
155	Spectrogram 1	1	1418.350000	1418.760000	4000.000000	18000.000000	8000.000000	Trill	5.570572	15.692324	NaN	NaN	56.805470	0.000000
156	Spectrogram 1	1	1433.420000	1433.680000	4000.000000	18000.000000	8000.000000	Trill	6.002891	17.973563	NaN	NaN	61.787695	0.000000
157	Spectrogram 1	1	1439.380000	1439.680000	4000.000000	18000.000000	8000.000000	Trill	6.786042	18.677607	NaN	NaN	50.117911	0.000000
158	Spectrogram 1	1	1448.470000	1448.850000	4000.000000	18000.000000	8000.000000	Trill	4.804451	18.746394	NaN	NaN	61.788647	0.000000
159	Spectrogram 1	1	1457.850000	1458.220000	4000.000000	18000.000000	8000.000000	Trill	6.919732	17.925326	NaN	NaN	52.376138	0.000000
160	Spectrogram 1	1	1462.900000	1463.260000	4000.000000	18000.000000	8000.000000	Trill	8.671050	21.247430	NaN	NaN	54.303523	0.000000
161	Spectrogram 1	1	1475.440000	1475.970000	4000.000000	18000.000000	8000.000000	Trill	6.323319	20.579508	NaN	NaN	45.958741	0.000000
162	Spectrogram 1	1	1517.710000	1518.690000	4000.000000	18000.000000	8000.000000	Trill	7.659553	21.035507	NaN	NaN	62.702751	0.000000
163	Spectrogram 1	1	1528.410000	1529.690000	4000.000000	18000.000000	8000.000000	Trill	6.528747	19.811955	NaN	NaN	61.237641	0.000000
164	Spectrogram 1	1	1536.100000	1536.440000	4000.000000	18000.000000	8000.000000	Trill	12.795788	25.840338	NaN	NaN	86.980674	0.000000
165	Spectrogram 1	1	1552.590000	1553.660000	4000.000000	18000.000000	8000.000000	Trill	9.965094	28.281894	NaN	NaN	93.390384	0.000000
166	Spectrogram 1	1	1559.360000	1559.810000	4000.000000	18000.000000	8000.000000	Trill	10.530485	22.742990	NaN	NaN	72.545376	0.000000
167	Spectrogram 1	1	1566.090000	1566.490000	4000.000000	18000.000000	8000.000000	Trill	10.686606	21.587096	NaN	NaN	79.134006	0.000000
168	Spectrogram 1	1	1570.280000	1570.780000	4000.000000	18000.000000	8000.000000	Trill	8.354262	23.424217	NaN	NaN	61.994861	0.000000
169	Spectrogram 1	1	1575.680000	1575.740000	4000.000000	18000.000000	8000.000000	Trill	8.297918	14.957707	NaN	NaN	38.027926	0.000000
170	Spectrogram 1	1	1577.860000	1577.950000	4000.000000	18000.000000	8000.000000	Trill	9.799742	13.664976	NaN	NaN	28.717181	0.000000
171	Spectrogram 1	1	1578.090000	1578.120000	4000.000000	18000.000000	8000.000000	Trillphee	7.594193	13.060787	NaN	NaN	30.800064	0.000000
172	Spectrogram 1	1	1578.910000	1579.010000	4000.000000	18000.000000	8000.000000	Trillphee	6.288920	11.024148	NaN	NaN	32.681009	0.000000
173	Spectrogram 1	1	1583.880000	1584.980000	4000.000000	18000.000000	8000.000000	Phee	12.223167	30.000000	NaN	NaN	49.524384	0.000000
174	Spectrogram 1	1	1585.190000	1586.080000	4000.000000	18000.000000	8000.000000	Phee	12.102733	30.000000	NaN	NaN	42.145793	0.000000
175	Spectrogram 1	1	1586.250000	1587.180000	4000.000000	18000.000000	8000.000000	Phee	12.839782	30.000000	NaN	NaN	47.109247	0.000000
176	Spectrogram 1	1	1607.220000	1608.270000	4000.000000	18000.000000	8000.000000	Phee	12.641798	29.484159	NaN	NaN	41.515972	0.000000
177	Spectrogram 1	1	1608.470000	1609.310000	4000.000000	18000.000000	8000.000000	Phee	12.360426	30.000000	NaN	NaN	33.725685	0.000000
178	Spectrogram 1	1	1609.350000	1610.270000	4000.000000	18000.000000	8000.000000	Phee	11.701882	28.790157	NaN	NaN	31.669181	0.000000
179	Spectrogram 1	1	1610.340000	1611.280000	4000.000000	18000.000000	8000.000000	Phee	11.896083	30.000000	NaN	NaN	31.750541	0.000000
180	Spectrogram 1	1	1611.450000	1612.560000	4000.000000	18000.000000	8000.000000	Phee	10.549483	26.634916	NaN	NaN	39.576845	0.000000
181	Spectrogram 1	1	1635.800000	1636.030000	4000.000000	18000.000000	8000.000000	Trill	14.383444	27.075989	NaN	NaN	96.920885	0.000000
182	Spectrogram 1	1	1642.410000	1642.770000	4000.000000	18000.000000	8000.000000	Trill	9.672379	19.347666	NaN	NaN	75.276251	0.000000
183	Spectrogram 1	1	1645.810000	1646.420000	4000.000000	18000.000000	8000.000000	Trill	10.388399	24.317241	NaN	NaN	78.859363	0.000000
184	Spectrogram 1	1	1659.770000	1660.140000	4000.000000	18000.000000	8000.000000	Trill	6.867298	21.592613	NaN	NaN	61.323684	0.000000
185	Spectrogram 1	1	1663.740000	1664.560000	4000.000000	18000.000000	8000.000000	Trill	8.156608	22.924071	NaN	NaN	73.527626	0.000000
186	Spectrogram 1	1	1681.480000	1681.830000	4000.000000	18000.000000	8000.000000	Trill	8.162925	23.702793	NaN	NaN	56.138247	0.000000
187	Spectrogram 1	1	1686.770000	1687.380000	4000.000000	18000.000000	8000.000000	Trill	4.920243	17.887864	NaN	NaN	49.222417	0.000000
188	Spectrogram 1	1	1694.560000	1694.940000	4000.000000	18000.000000	8000.000000	Trill	7.108796	19.317392	NaN	NaN	56.230115	0.000000
189	Spectrogram 1	1	1745.930000	1745.950000	4000.000000	18000.000000	8000.000000	Sd-peep	9.857549	12.423028	NaN	NaN	37.872721	0.000000
190	Spectrogram 1	1	1747.530000	1747.610000	4000.000000	18000.000000	8000.000000	Trill	9.512542	11.162153	NaN	NaN	34.201674	0.000000
191	Spectrogram 1	1	1751.030000	1751.410000	4000.000000	18000.000000	8000.000000	Trill	11.882339	23.099627	NaN	NaN	69.301661	0.000000
192	Spectrogram 1	1	1776.450000	1776.790000	4000.000000	18000.000000	8000.000000	Trill	12.538718	26.280256	NaN	NaN	62.058142	0.000000
193	Spectrogram 1	1	1787.590000	1787.910000	4000.000000	18000.000000	8000.000000	Trill	13.953386	26.069000	NaN	NaN	90.421365	0.000000
194	Spectrogram 1	1	1792.700000	1793.040000	4000.000000	18000.000000	8000.000000	Trill	11.703921	25.917326	NaN	NaN	74.408718	0.000000
195	Spectrogram 1	1	1794.760000	1794.790000	4000.000000	18000.000000	8000.000000	Trill	7.901401	9.469907	NaN	NaN	36.282556	0.000000
196	Spectrogram 1	1	1800.880000	1801.300000	4000.000000	18000.000000	8000.000000	Trill	10.030058	22.849761	NaN	NaN	75.306075	0.000000
197	Spectrogram 1	1	1816.670000	1817.040000	4000.000000	18000.000000	8000.000000	Trill	5.255804	17.281027	NaN	NaN	33.392130	0.000000
198	Spectrogram 1	1	1820.810000	1821.210000	4000.000000	18000.000000	8000.000000	Trill	9.386655	21.183129	NaN	NaN	72.097129	0.000000
199	Spectrogram 1	1	1828.100000	1828.580000	4000.000000	18000.000000	8000.000000	Trill	8.879381	23.543554	NaN	NaN	74.799564	0.000000
200	Spectrogram 1	1	1831.450000	1832.170000	4000.000000	18000.000000	8000.000000	Trill	6.075217	20.470410	NaN	NaN	52.077807	0.000000
201	Spectrogram 1	1	1834.330000	1834.740000	4000.000000	18000.000000	8000.000000	Trill	6.561189	20.310582	NaN	NaN	44.407664	0.000000
202	Spectrogram 1	1	1843.300000	1843.390000	4000.000000	18000.000000	8000.000000	Trill	4.345445	9.616380	NaN	NaN	31.948210	0.000000
203	Spectrogram 1	1	1849.490000	1850.810000	4000.000000	18000.000000	8000.000000	Trillphee	11.463911	31.364979	NaN	NaN	52.552701	0.000000
204	Spectrogram 1	1	1851.020000	1852.130000	4000.000000	18000.000000	8000.000000	Phee	8.398928	25.971930	NaN	NaN	41.429316	0.000000
205	Spectrogram 1	1	1901.710000	1903.880000	4000.000000	18000.000000	8000.000000	Trillphee	11.165395	28.003640	NaN	NaN	34.876076	0.000000
206	Spectrogram 1	1	1904.040000	1904.850000	4000.000000	18000.000000	8000.000000	Phee	12.296512	30.000000	NaN	NaN	37.240232	0.000000
207	Spectrogram 1	1	1905.030000	1905.810000	4000.000000	18000.000000	8000.000000	Phee	12.652599	30.000000	NaN	NaN	36.072850	0.000000
208	Spectrogram 1	1	1906.030000	1906.900000	4000.000000	18000.000000	8000.000000	Phee	11.571126	29.235973	NaN	NaN	34.351120	0.000000
209	Spectrogram 1	1	1949.850000	1951.030000	4000.000000	18000.000000	8000.000000	Trill	11.498697	30.000000	NaN	NaN	116.527215	0.000000
210	Spectrogram 1	1	1977.600000	1978.260000	4000.000000	18000.000000	8000.000000	Trill	8.173277	19.894311	NaN	NaN	62.204759	0.000000
211	Spectrogram 1	1	1992.560000	1993.110000	4000.000000	18000.000000	8000.000000	Trill	4.031210	14.826560	NaN	NaN	35.942867	0.000000
212	Spectrogram 1	1	1993.370000	1993.410000	4000.000000	18000.000000	8000.000000	Trill	7.867080	10.905775	NaN	NaN	32.314460	0.000000
213	Spectrogram 1	1	1999.960000	2001.060000	4000.000000	18000.000000	8000.000000	Trill	8.587752	26.929192	NaN	NaN	57.311310	0.000000
214	Spectrogram 1	1	2060.220000	2060.530000	4000.000000	18000.000000	8000.000000	Trill	6.512596	18.187751	NaN	NaN	48.249654	0.000000
215	Spectrogram 1	1	2180.210000	2180.460000	4000.000000	18000.000000	8000.000000	Phee	4.955317	12.519827	NaN	NaN	46.578260	0.000000
216	Spectrogram 1	1	2202.320000	2203.330000	4000.000000	18000.000000	8000.000000	Phee	11.677315	30.000000	NaN	NaN	45.619758	0.000000
217	Spectrogram 1	1	2203.580000	2204.520000	4000.000000	18000.000000	8000.000000	Phee	13.131114	30.000000	NaN	NaN	41.707508	0.000000
218	Spectrogram 1	1	2204.700000	2205.680000	4000.000000	18000.000000	8000.000000	Phee	12.959819	30.000000	NaN	NaN	43.920092	0.000000
219	Spectrogram 1	1	2216.050000	2217.180000	4000.000000	18000.000000	8000.000000	Phee	9.562628	24.592514	NaN	NaN	30.203057	0.000000
220	Spectrogram 1	1	2217.300000	2218.180000	4000.000000	18000.000000	8000.000000	Phee	11.304243	30.000000	NaN	NaN	30.237383	0.000000
221	Spectrogram 1	1	2218.270000	2219.980000	4000.000000	18000.000000	8000.000000	Phee	7.191074	27.328551	NaN	NaN	52.971227	0.000000
222	Spectrogram 1	1	2246.770000	2246.790000	4000.000000	18000.000000	8000.000000	Sd-peep	8.421619	11.117969	NaN	NaN	38.138870	0.000000
223	Spectrogram 1	1	2247.530000	2247.740000	4000.000000	18000.000000	8000.000000	Trillphee	4.999037	13.131343	NaN	NaN	32.588752	0.000000
224	Spectrogram 1	1	2247.920000	2248.370000	4000.000000	18000.000000	8000.000000	Phee	4.282394	13.803307	NaN	NaN	59.427854	0.000000
225	Spectrogram 1	1	2262.690000	2264.000000	4000.000000	18000.000000	8000.000000	Phee	8.530610	23.123345	NaN	NaN	34.010255	0.000000
226	Spectrogram 1	1	2264.080000	2265.020000	4000.000000	18000.000000	8000.000000	Phee	10.994116	29.809709	NaN	NaN	36.072180	0.000000
227	Spectrogram 1	1	2265.250000	2266.100000	4000.000000	18000.000000	8000.000000	Phee	11.590884	30.000000	NaN	NaN	34.197416	0.000000
228	Spectrogram 1	1	2266.270000	2267.090000	4000.000000	18000.000000	8000.000000	Phee	10.965694	28.833350	NaN	NaN	32.782710	0.000000
229	Spectrogram 1	1	2267.190000	2268.030000	4000.000000	18000.000000	8000.000000	Phee	10.919283	28.267579	NaN	NaN	34.579085	0.000000
230	Spectrogram 1	1	2285.840000	2285.910000	4000.000000	18000.000000	8000.000000	Trill	4.012769	10.871814	NaN	NaN	56.326397	0.000000
231	Spectrogram 1	1	2299.260000	2299.510000	4000.000000	18000.000000	8000.000000	Trill	4.086571	16.370114	NaN	NaN	61.582416	0.000000
232	Spectrogram 1	1	2300.610000	2301.150000	4000.000000	18000.000000	8000.000000	Trill	5.963678	16.668557	NaN	NaN	37.806991	0.000000
233	Spectrogram 1	1	2303.590000	2303.610000	4000.000000	18000.000000	8000.000000	Twitter	4.211302	21.679977	NaN	NaN	72.277828	0.000000
234	Spectrogram 1	1	2319.880000	2319.940000	4000.000000	18000.000000	8000.000000	Trill	6.467989	10.671761	NaN	NaN	31.097875	0.000000
235	Spectrogram 1	1	2320.000000	2320.030000	4000.000000	18000.000000	8000.000000	Trill	12.133485	15.372620	NaN	NaN	31.949041	0.000000
236	Spectrogram 1	1	2322.890000	2323.330000	4000.000000	18000.000000	8000.000000	Trill	9.071503	20.930066	NaN	NaN	66.187035	0.000000
237	Spectrogram 1	1	2370.790000	2370.810000	4000.000000	18000.000000	8000.000000	Twitter	9.987927	13.287419	NaN	NaN	40.914739	0.000000
238	Spectrogram 1	1	2371.170000	2371.200000	4000.000000	18000.000000	8000.000000	Trill	11.464268	12.286926	NaN	NaN	35.727812	0.000000
239	Spectrogram 1	1	2371.330000	2371.380000	4000.000000	18000.000000	8000.000000	Trill	5.272500	12.649605	NaN	NaN	31.603160	0.000000
240	Spectrogram 1	1	2371.890000	2371.950000	4000.000000	18000.000000	8000.000000	Trill	8.367712	9.079631	NaN	NaN	29.352120	0.000000
241	Spectrogram 1	1	2402.120000	2402.200000	4000.000000	18000.000000	8000.000000	Phee	4.911036	13.970514	NaN	NaN	79.762630	0.000000
242	Spectrogram 1	1	2427.340000	2428.350000	4000.000000	18000.000000	8000.000000	Trill	5.021857	20.584623	NaN	NaN	50.469698	0.000000
243	Spectrogram 1	1	2444.210000	2444.610000	4000.000000	18000.000000	8000.000000	Trill	13.701645	29.797448	NaN	NaN	90.851916	0.000000
244	Spectrogram 1	1	2466.340000	2467.060000	4000.000000	18000.000000	8000.000000	Trill	7.794823	22.335031	NaN	NaN	63.188004	0.000000
245	Spectrogram 1	1	2496.550000	2497.580000	4000.000000	18000.000000	8000.000000	Phee	7.330387	28.185014	NaN	NaN	43.629194	0.000000
246	Spectrogram 1	1	2497.720000	2498.620000	4000.000000	18000.000000	8000.000000	Phee	6.498433	29.481326	NaN	NaN	45.138760	0.000000
247	Spectrogram 1	1	2498.880000	2499.770000	4000.000000	18000.000000	8000.000000	Phee	7.191340	29.838942	NaN	NaN	50.248419	0.000000
248	Spectrogram 1	1	2542.330000	2543.100000	4000.000000	18000.000000	8000.000000	Trill	8.134110	24.697539	NaN	NaN	77.792734	0.000000
249	Spectrogram 1	1	2547.740000	2548.130000	4000.000000	18000.000000	8000.000000	Trill	8.843222	20.018823	NaN	NaN	63.879861	0.000000
250	Spectrogram 1	1	2581.710000	2582.520000	4000.000000	18000.000000	8000.000000	Trill	10.059060	30.000000	NaN	NaN	115.799037	0.000000
251	Spectrogram 1	1	2621.770000	2621.810000	4000.000000	18000.000000	8000.000000	Trill	4.429843	11.127021	NaN	NaN	38.941109	0.000000
252	Spectrogram 1	1	2667.610000	2667.650000	4000.000000	18000.000000	8000.000000	Trill	5.595349	10.976670	NaN	NaN	62.729339	0.000000
253	Spectrogram 1	1	2698.980000	2699.590000	4000.000000	18000.000000	8000.000000	Trill	8.183941	21.894814	NaN	NaN	64.720406	0.000000
254	Spectrogram 1	1	2732.080000	2733.050000	4000.000000	18000.000000	8000.000000	Trill	4.639651	18.963098	NaN	NaN	47.319122	0.000000
255	Spectrogram 1	1	2753.330000	2754.450000	4000.000000	18000.000000	8000.000000	Phee	8.749544	30.000000	NaN	NaN	60.251093	0.000000
256	Spectrogram 1	1	2754.630000	2755.530000	4000.000000	18000.000000	8000.000000	Phee	8.654348	30.000000	NaN	NaN	54.069066	0.000000
257	Spectrogram 1	1	2797.990000	2798.080000	4000.000000	18000.000000	8000.000000	Trill	4.939092	10.243201	NaN	NaN	47.790145	0.000000
258	Spectrogram 1	1	2799.580000	2799.950000	4000.000000	18000.000000	8000.000000	Trill	8.580332	24.393438	NaN	NaN	71.266652	0.000000
259	Spectrogram 1	1	2832.670000	2833.160000	4000.000000	18000.000000	8000.000000	Trill	4.960561	18.075425	NaN	NaN	41.913046	0.000000
260	Spectrogram 1	1	2854.360000	2854.640000	4000.000000	18000.000000	8000.000000	Trill	8.530770	22.865309	NaN	NaN	56.176609	0.000000
261	Spectrogram 1	1	2866.490000	2866.750000	4000.000000	18000.000000	8000.000000	Trill	6.372433	18.007560	NaN	NaN	43.054183	0.000000
262	Spectrogram 1	1	2871.530000	2871.840000	4000.000000	18000.000000	8000.000000	Trill	8.383571	18.834867	NaN	NaN	66.036256	0.000000
263	Spectrogram 1	1	2891.840000	2893.000000	4000.000000	18000.000000	8000.000000	Trill	7.154656	26.504413	NaN	NaN	72.525467	0.000000
264	Spectrogram 1	1	2929.200000	2930.410000	4000.000000	18000.000000	8000.000000	Phee	8.595866	30.000000	NaN	NaN	49.222162	0.000000
265	Spectrogram 1	1	2930.570000	2931.500000	4000.000000	18000.000000	8000.000000	Phee	8.512403	26.666134	NaN	NaN	37.306722	0.000000
266	Spectrogram 1	1	2931.690000	2932.530000	4000.000000	18000.000000	8000.000000	Phee	8.142389	26.868714	NaN	NaN	34.631442	0.000000
267	Spectrogram 1	1	2955.970000	2956.770000	4000.000000	18000.000000	8000.000000	Phee	7.120000	29.439077	NaN	NaN	43.530253	0.000000
268	Spectrogram 1	1	2956.930000	2958.070000	4000.000000	18000.000000	8000.000000	Phee	6.784927	28.197502	NaN	NaN	50.101159	0.000000
269	Spectrogram 1	1	2958.330000	2959.220000	4000.000000	18000.000000	8000.000000	Phee	7.686570	30.000000	NaN	NaN	44.433850	0.000000
270	Spectrogram 1	1	2959.510000	2960.310000	4000.000000	18000.000000	8000.000000	Phee	7.360998	30.000000	NaN	NaN	42.818215	0.000000
271	Spectrogram 1	1	2960.430000	2961.260000	4000.000000	18000.000000	8000.000000	Phee	7.930915	30.000000	NaN	NaN	40.789643	0.000000
272	Spectrogram 1	1	2961.500000	2961.530000	4000.000000	18000.000000	8000.000000	Trill	6.080071	16.189534	NaN	NaN	54.939971	0.000000
273	Spectrogram 1	1	2967.910000	2968.250000	4000.000000	18000.000000	8000.000000	Trill	7.296326	25.072039	NaN	NaN	59.168185	0.000000
274	Spectrogram 1	1	2991.300000	2992.510000	4000.000000	18000.000000	8000.000000	Phee	9.151032	30.000000	NaN	NaN	46.506741	0.000000
275	Spectrogram 1	1	2992.750000	2993.960000	4000.000000	18000.000000	8000.000000	Phee	8.745072	30.000000	NaN	NaN	55.246368	0.000000
276	Spectrogram 1	1	2994.230000	2995.030000	4000.000000	18000.000000	8000.000000	Phee	8.044341	30.000000	NaN	NaN	31.374958	0.000000
277	Spectrogram 1	1	2995.240000	2996.060000	4000.000000	18000.000000	8000.000000	Phee	8.584849	30.000000	NaN	NaN	35.324508	0.000000
278	Spectrogram 1	1	3006.900000	3007.780000	4000.000000	18000.000000	8000.000000	Phee	10.551673	29.243689	NaN	NaN	37.215262	0.000000
279	Spectrogram 1	1	3008.850000	3009.690000	4000.000000	18000.000000	8000.000000	Phee	12.585915	30.000000	NaN	NaN	30.278323	0.000000
280	Spectrogram 1	1	3009.730000	3010.540000	4000.000000	18000.000000	8000.000000	Phee	12.042636	30.000000	NaN	NaN	32.652092	0.000000
281	Spectrogram 1	1	3010.620000	3011.430000	4000.000000	18000.000000	8000.000000	Phee	9.779772	30.000000	NaN	NaN	30.055726	0.000000
282	Spectrogram 1	1	3057.580000	3058.520000	4000.000000	18000.000000	8000.000000	Phee	9.893313	29.733920	NaN	NaN	29.745377	0.000000
283	Spectrogram 1	1	3060.690000	3061.520000	4000.000000	18000.000000	8000.000000	Phee	9.031883	28.133958	NaN	NaN	28.946282	0.000000
284	Spectrogram 1	1	3061.890000	3061.930000	4000.000000	18000.000000	8000.000000	Trill	8.122128	14.532165	NaN	NaN	66.310354	0.000000
285	Spectrogram 1	1	3120.750000	3120.770000	4000.000000	18000.000000	8000.000000	Twitter	4.045942	7.366456	NaN	NaN	38.057369	0.000000
286	Spectrogram 1	1	3120.820000	3120.860000	4000.000000	18000.000000	8000.000000	Trill	4.352750	8.685585	NaN	NaN	46.213559	0.000000
287	Spectrogram 1	1	3159.230000	3159.270000	4000.000000	18000.000000	8000.000000	Twitter	5.259201	28.980199	NaN	NaN	97.078407	0.000000
288	Spectrogram 1	1	3237.410000	3238.390000	4000.000000	18000.000000	8000.000000	Phee	9.213686	30.000000	NaN	NaN	38.133026	0.000000
289	Spectrogram 1	1	3238.590000	3239.500000	4000.000000	18000.000000	8000.000000	Phee	8.845137	30.000000	NaN	NaN	35.830232	0.000000
290	Spectrogram 1	1	3239.670000	3239.980000	4000.000000	18000.000000	8000.000000	Phee	7.514116	30.000000	NaN	NaN	30.009044	0.000000
291	Spectrogram 1	1	3240.010000	3240.520000	4000.000000	18000.000000	8000.000000	Phee	8.155022	27.389365	NaN	NaN	33.825725	0.000000
292	Spectrogram 1	1	3240.610000	3241.480000	4000.000000	18000.000000	8000.000000	Phee	8.327701	30.000000	NaN	NaN	38.999526	0.000000
293	Spectrogram 1	1	3274.620000	3274.930000	4000.000000	18000.000000	8000.000000	Trill	7.737542	22.931846	NaN	NaN	53.957612	0.000000
294	Spectrogram 1	1	3288.590000	3288.950000	4000.000000	18000.000000	8000.000000	Trill	6.750730	19.024131	NaN	NaN	53.264409	0.000000
295	Spectrogram 1	1	3322.770000	3323.340000	4000.000000	18000.000000	8000.000000	Trill	7.663584	22.662770	NaN	NaN	62.014129	0.000000
296	Spectrogram 1	1	3373.470000	3374.700000	4000.000000	18000.000000	8000.000000	Phee	12.808469	30.000000	NaN	NaN	59.111255	0.000000
297	Spectrogram 1	1	3374.950000	3375.920000	4000.000000	18000.000000	8000.000000	Phee	12.659305	30.000000	NaN	NaN	55.236951	0.000000
298	Spectrogram 1	1	3439.480000	3439.810000	4000.000000	18000.000000	8000.000000	Trill	14.180906	30.000000	NaN	NaN	103.882466	0.000000
299	Spectrogram 1	1	3453.580000	3453.790000	4000.000000	18000.000000	8000.000000	Trill	4.505756	10.375827	NaN	NaN	31.623336	0.000000
300	Spectrogram 1	1	3463.620000	3464.470000	4000.000000	18000.000000	8000.000000	Trillphee	14.940144	34.939168	NaN	NaN	144.095558	0.000000
301	Spectrogram 1	1	3484.370000	3485.560000	4000.000000	18000.000000	8000.000000	Trillphee	13.252850	28.704255	NaN	NaN	54.754303	0.000000
302	Spectrogram 1	1	3485.700000	3486.560000	4000.000000	18000.000000	8000.000000	Phee	18.896907	30.000000	NaN	NaN	38.007159	0.000000
303	Spectrogram 1	1	3486.630000	3487.510000	4000.000000	18000.000000	8000.000000	Phee	15.459652	30.000000	NaN	NaN	40.318946	0.000000
304	Spectrogram 1	1	3513.750000	3514.050000	4000.000000	18000.000000	8000.000000	Trill	17.451329	30.000000	NaN	NaN	127.079247	0.000000
305	Spectrogram 1	1	3526.520000	3526.890000	4000.000000	18000.000000	8000.000000	Trill	14.999138	29.264728	NaN	NaN	93.484595	0.000000
306	Spectrogram 1	1	3535.740000	3536.020000	4000.000000	18000.000000	8000.000000	Trill	15.834460	26.977549	NaN	NaN	118.462776	0.000000
307	Spectrogram 1	1	3548.640000	3548.680000	4000.000000	18000.000000	8000.000000	Trill	9.169363	10.368593	NaN	NaN	28.652684	0.000000
308	Spectrogram 1	1	3549.770000	3550.720000	4000.000000	18000.000000	8000.000000	Trillphee	18.374190	33.596898	NaN	NaN	99.663848	0.000000
309	Spectrogram 1	1	3559.560000	3560.520000	4000.000000	18000.000000	8000.000000	Phee	15.701264	30.000000	NaN	NaN	40.200787	0.000000
310	Spectrogram 1	1	3560.630000	3561.570000	4000.000000	18000.000000	8000.000000	Phee	15.772394	30.000000	NaN	NaN	35.640833	0.000000
311	Spectrogram 1	1	3561.710000	3562.550000	4000.000000	18000.000000	8000.000000	Phee	14.381642	30.000000	NaN	NaN	31.689258	0.000000
312	Spectrogram 1	1	3562.710000	3563.520000	4000.000000	18000.000000	8000.000000	Phee	16.968334	30.000000	NaN	NaN	38.115843	0.000000
313	Spectrogram 1	1	3593.770000	3594.400000	4000.000000	18000.000000	8000.000000	Trill	7.305029	18.395112	NaN	NaN	46.646639	0.000000
314	Spectrogram 1	1	3602.070000	3602.350000	4000.000000	18000.000000	8000.000000	Trill	10.772651	26.009553	NaN	NaN	79.457834	0.000000
315	Spectrogram 1	1	3610.220000	3610.550000	4000.000000	18000.000000	8000.000000	Trill	10.935578	25.923949	NaN	NaN	69.406237	0.000000
316	Spectrogram 1	1	3628.520000	3628.960000	4000.000000	18000.000000	8000.000000	Trill	14.346960	28.884512	NaN	NaN	110.589676	0.000000
317	Spectrogram 1	1	3629.810000	3629.840000	4000.000000	18000.000000	8000.000000	Sd-peep	4.079854	13.307514	NaN	NaN	72.167812	0.000000
318	Spectrogram 1	1	3645.520000	3646.370000	4000.000000	18000.000000	8000.000000	Trill	10.553662	24.365612	NaN	NaN	90.926818	0.000000
319	Spectrogram 1	1	3650.130000	3651.260000	4000.000000	18000.000000	8000.000000	Phee	12.093022	30.000000	NaN	NaN	48.758720	0.000000
320	Spectrogram 1	1	3651.440000	3652.420000	4000.000000	18000.000000	8000.000000	Phee	14.596080	30.000000	NaN	NaN	43.368569	0.000000
321	Spectrogram 1	1	3652.560000	3653.430000	4000.000000	18000.000000	8000.000000	Phee	13.492661	30.000000	NaN	NaN	43.227221	0.000000
322	Spectrogram 1	1	3658.950000	3659.980000	4000.000000	18000.000000	8000.000000	Phee	11.878506	30.000000	NaN	NaN	47.115286	0.000000
323	Spectrogram 1	1	3660.010000	3660.160000	4000.000000	18000.000000	8000.000000	Trill	11.834973	20.359561	NaN	NaN	72.090895	0.000000
324	Spectrogram 1	1	3660.360000	3661.230000	4000.000000	18000.000000	8000.000000	Phee	11.152297	30.000000	NaN	NaN	50.651186	0.000000
325	Spectrogram 1	1	3661.450000	3661.520000	4000.000000	18000.000000	8000.000000	Trill	11.717208	18.919124	NaN	NaN	54.765444	0.000000
326	Spectrogram 1	1	3661.800000	3662.620000	4000.000000	18000.000000	8000.000000	Phee	11.307912	30.000000	NaN	NaN	35.419631	0.000000
327	Spectrogram 1	1	3662.730000	3663.560000	4000.000000	18000.000000	8000.000000	Phee	11.419935	30.000000	NaN	NaN	35.363983	0.000000
328	Spectrogram 1	1	3663.610000	3664.540000	4000.000000	18000.000000	8000.000000	Phee	10.458396	30.000000	NaN	NaN	32.319437	0.000000
329	Spectrogram 1	1	3679.850000	3680.900000	4000.000000	18000.000000	8000.000000	Phee	12.205294	30.000000	NaN	NaN	47.297938	0.000000
330	Spectrogram 1	1	3681.050000	3682.280000	4000.000000	18000.000000	8000.000000	Phee	11.388042	30.000000	NaN	NaN	55.204353	0.000000
331	Spectrogram 1	1	3682.410000	3683.260000	4000.000000	18000.000000	8000.000000	Phee	11.322947	30.000000	NaN	NaN	34.534396	0.000000
332	Spectrogram 1	1	3683.440000	3684.300000	4000.000000	18000.000000	8000.000000	Phee	11.139423	30.000000	NaN	NaN	38.471835	0.000000
333	Spectrogram 1	1	3684.590000	3684.690000	4000.000000	18000.000000	8000.000000	Twitter	4.883027	19.717152	NaN	NaN	50.456544	0.000000
334	Spectrogram 1	1	3720.130000	3721.190000	4000.000000	18000.000000	8000.000000	Phee	12.647657	30.000000	NaN	NaN	46.490542	0.000000
335	Spectrogram 1	1	3721.400000	3722.310000	4000.000000	18000.000000	8000.000000	Phee	12.178643	30.000000	NaN	NaN	43.764914	0.000000
336	Spectrogram 1	1	3722.480000	3723.370000	4000.000000	18000.000000	8000.000000	Phee	12.075763	30.000000	NaN	NaN	38.598446	0.000000
337	Spectrogram 1	1	3723.560000	3724.450000	4000.000000	18000.000000	8000.000000	Phee	11.595477	30.000000	NaN	NaN	42.303449	0.000000
338	Spectrogram 1	1	3740.120000	3741.920000	4000.000000	18000.000000	8000.000000	Phee	11.936258	29.422147	NaN	NaN	33.264091	0.000000
339	Spectrogram 1	1	3742.000000	3742.850000	4000.000000	18000.000000	8000.000000	Phee	11.830577	30.000000	NaN	NaN	37.951845	0.000000
340	Spectrogram 1	1	3743.020000	3743.890000	4000.000000	18000.000000	8000.000000	Phee	11.778997	30.000000	NaN	NaN	36.537060	0.000000
341	Spectrogram 1	1	3744.030000	3744.860000	4000.000000	18000.000000	8000.000000	Phee	11.069049	29.466376	NaN	NaN	36.241624	0.000000
342	Spectrogram 1	1	3780.530000	3781.770000	4000.000000	18000.000000	8000.000000	Phee	10.861297	28.174312	NaN	NaN	48.143669	0.000000
343	Spectrogram 1	1	3782.000000	3782.910000	4000.000000	18000.000000	8000.000000	Phee	12.457189	30.000000	NaN	NaN	31.543744	0.000000
344	Spectrogram 1	1	3783.080000	3783.910000	4000.000000	18000.000000	8000.000000	Phee	12.294736	30.000000	NaN	NaN	32.093080	0.000000
345	Spectrogram 1	1	3784.090000	3784.960000	4000.000000	18000.000000	8000.000000	Phee	11.591244	30.000000	NaN	NaN	34.817864	0.000000
346	Spectrogram 1	1	3816.320000	3816.410000	4000.000000	18000.000000	8000.000000	Trill	5.471267	12.833661	NaN	NaN	68.072109	0.000000
347	Spectrogram 1	1	3838.240000	3839.210000	4000.000000	18000.000000	8000.000000	Phee	12.433240	29.360978	NaN	NaN	37.273228	0.000000
348	Spectrogram 1	1	3839.410000	3839.980000	4000.000000	18000.000000	8000.000000	Phee	12.322445	30.000000	NaN	NaN	28.804386	0.000000
349	Spectrogram 1	1	3840.010000	3840.310000	4000.000000	18000.000000	8000.000000	Phee	11.572147	27.700530	NaN	NaN	48.502954	0.000000
350	Spectrogram 1	1	3840.350000	3841.350000	4000.000000	18000.000000	8000.000000	Phee	10.362261	27.789562	NaN	NaN	28.575321	0.000000
351	Spectrogram 1	1	3862.950000	3863.870000	4000.000000	18000.000000	8000.000000	Trillphee	12.981486	30.259437	NaN	NaN	35.442846	0.000000
352	Spectrogram 1	1	3864.060000	3864.940000	4000.000000	18000.000000	8000.000000	Phee	11.925544	27.179215	NaN	NaN	28.180700	0.000000
353	Spectrogram 1	1	3865.000000	3865.870000	4000.000000	18000.000000	8000.000000	Phee	12.310047	28.613317	NaN	NaN	34.183402	0.000000
354	Spectrogram 1	1	3866.060000	3866.900000	4000.000000	18000.000000	8000.000000	Phee	11.640067	28.597523	NaN	NaN	33.337307	0.000000
355	Spectrogram 1	1	3907.440000	3908.430000	4000.000000	18000.000000	8000.000000	Phee	13.092468	30.000000	NaN	NaN	40.259409	0.000000
356	Spectrogram 1	1	3908.610000	3909.500000	4000.000000	18000.000000	8000.000000	Phee	12.155513	30.000000	NaN	NaN	35.848893	0.000000
357	Spectrogram 1	1	3909.660000	3910.510000	4000.000000	18000.000000	8000.000000	Phee	11.534512	30.000000	NaN	NaN	36.079256	0.000000
358	Spectrogram 1	1	3910.720000	3911.580000	4000.000000	18000.000000	8000.000000	Phee	11.725452	29.501461	NaN	NaN	34.154778	0.000000
359	Spectrogram 1	1	3951.840000	3953.710000	4000.000000	18000.000000	8000.000000	Phee	12.474277	29.632680	NaN	NaN	33.342918	0.000000
360	Spectrogram 1	1	3953.810000	3954.730000	4000.000000	18000.000000	8000.000000	Phee	12.398265	29.940817	NaN	NaN	33.978186	0.000000
361	Spectrogram 1	1	3954.850000	3955.750000	4000.000000	18000.000000	8000.000000	Phee	11.611097	27.782792	NaN	NaN	33.746517	0.000000
362	Spectrogram 1	1	4052.350000	4052.390000	4000.000000	18000.000000	8000.000000	Phee	11.474013	12.506856	NaN	NaN	36.929077	0.000000
363	Spectrogram 1	1	4072.560000	4073.020000	4000.000000	18000.000000	8000.000000	Trillphee	5.695956	23.941763	NaN	NaN	106.367505	0.000000
364	Spectrogram 1	1	4081.930000	4081.950000	4000.000000	18000.000000	8000.000000	Trill	8.922329	10.965476	NaN	NaN	30.296054	0.000000
365	Spectrogram 1	1	4082.920000	4083.220000	4000.000000	18000.000000	8000.000000	Trill	7.986536	19.625817	NaN	NaN	62.722113	0.000000
366	Spectrogram 1	1	4092.940000	4092.960000	4000.000000	18000.000000	8000.000000	Twitter	7.230358	7.895476	NaN	NaN	29.971886	0.000000
367	Spectrogram 1	1	4096.820000	4097.580000	4000.000000	18000.000000	8000.000000	Trill	10.693503	22.538578	NaN	NaN	93.283898	0.000000
368	Spectrogram 1	1	4130.650000	4131.680000	4000.000000	18000.000000	8000.000000	Trillphee	8.158186	27.226935	NaN	NaN	66.094665	0.000000
369	Spectrogram 1	1	4131.910000	4132.790000	4000.000000	18000.000000	8000.000000	Phee	9.162054	30.000000	NaN	NaN	51.117955	0.000000
370	Spectrogram 1	1	4144.090000	4144.120000	4000.000000	18000.000000	8000.000000	Trill	8.719371	12.891463	NaN	NaN	31.403334	0.000000
371	Spectrogram 1	1	4150.000000	4150.110000	4000.000000	18000.000000	8000.000000	Trillphee	9.324604	12.384006	NaN	NaN	29.847161	0.000000
372	Spectrogram 1	1	4157.070000	4158.050000	4000.000000	18000.000000	8000.000000	Phee	12.242287	27.925097	NaN	NaN	37.112025	0.000000
373	Spectrogram 1	1	4158.110000	4159.160000	4000.000000	18000.000000	8000.000000	Phee	12.088061	28.148659	NaN	NaN	35.632252	0.000000
374	Spectrogram 1	1	4159.310000	4160.240000	4000.000000	18000.000000	8000.000000	Phee	12.376281	27.991785	NaN	NaN	36.038592	0.000000
375	Spectrogram 1	1	4201.360000	4201.380000	4000.000000	18000.000000	8000.000000	Sd-peep	6.433801	10.115981	NaN	NaN	34.165744	0.000000
376	Spectrogram 1	1	4220.370000	4220.760000	4000.000000	18000.000000	8000.000000	Trill	4.379893	17.931971	NaN	NaN	33.152562	0.000000
377	Spectrogram 1	1	4226.900000	4227.650000	4000.000000	18000.000000	8000.000000	Trill	6.487276	23.768368	NaN	NaN	71.091584	0.000000
378	Spectrogram 1	1	4244.250000	4245.370000	4000.000000	18000.000000	8000.000000	Trill	6.424287	28.102768	NaN	NaN	72.645248	0.000000
379	Spectrogram 1	1	4305.690000	4306.610000	4000.000000	18000.000000	8000.000000	Trill	6.094875	21.569909	NaN	NaN	62.659937	0.000000
