Selection	View	Channel	Begin Time (s)	End Time (s)	Low Freq (Hz)	High Freq (Hz)	Max Freq (Hz)	Call Type	Energy Diff	Energy Par	Energy Diff (wl)	Energy Par (wl)	AHR	Exception
1	Spectrogram 1	1	51.400000	52.230000	4000.000000	18000.000000	8000.000000	Trill	8.909326	25.674182	NaN	NaN	79.954510	0.000000
2	Spectrogram 1	1	56.280000	56.650000	4000.000000	18000.000000	8000.000000	Trill	10.480777	19.722507	NaN	NaN	66.391298	0.000000
3	Spectrogram 1	1	63.440000	63.470000	4000.000000	18000.000000	8000.000000	Twitter	6.413975	8.011528	NaN	NaN	33.500189	0.000000
4	Spectrogram 1	1	65.420000	65.730000	4000.000000	18000.000000	8000.000000	Trill	19.380999	28.717778	NaN	NaN	129.212974	0.000000
5	Spectrogram 1	1	71.770000	71.840000	4000.000000	18000.000000	8000.000000	Trill	11.890995	12.821801	NaN	NaN	39.520776	0.000000
6	Spectrogram 1	1	73.250000	73.590000	4000.000000	18000.000000	8000.000000	Trill	11.427737	23.488983	NaN	NaN	67.296011	0.000000
7	Spectrogram 1	1	75.830000	76.170000	4000.000000	18000.000000	8000.000000	Trill	13.288847	26.152566	NaN	NaN	105.647202	0.000000
8	Spectrogram 1	1	80.040000	80.310000	4000.000000	18000.000000	8000.000000	Trill	15.710905	27.799577	NaN	NaN	104.847921	0.000000
9	Spectrogram 1	1	83.840000	84.250000	4000.000000	18000.000000	8000.000000	Trill	12.594302	24.504967	NaN	NaN	92.670197	0.000000
10	Spectrogram 1	1	88.730000	88.980000	4000.000000	18000.000000	8000.000000	Trill	11.189465	21.151521	NaN	NaN	86.904549	0.000000
11	Spectrogram 1	1	91.220000	91.700000	4000.000000	18000.000000	8000.000000	Trill	11.614663	24.127273	NaN	NaN	92.359806	0.000000
12	Spectrogram 1	1	93.600000	93.680000	4000.000000	18000.000000	8000.000000	Trill	4.715455	10.612721	NaN	NaN	36.029230	0.000000
13	Spectrogram 1	1	99.710000	100.010000	4000.000000	18000.000000	8000.000000	Trill	15.307698	26.181853	NaN	NaN	92.624479	0.000000
14	Spectrogram 1	1	111.070000	112.010000	4000.000000	18000.000000	8000.000000	Trillphee	13.300519	35.266714	NaN	NaN	120.530194	0.000000
15	Spectrogram 1	1	119.340000	119.660000	4000.000000	18000.000000	8000.000000	Trill	13.644763	26.544511	NaN	NaN	81.105687	0.000000
16	Spectrogram 1	1	129.790000	130.070000	4000.000000	18000.000000	8000.000000	Trill	9.635644	19.624153	NaN	NaN	77.523905	0.000000
17	Spectrogram 1	1	148.020000	148.340000	4000.000000	18000.000000	8000.000000	Trill	10.686948	21.416760	NaN	NaN	77.641230	0.000000
18	Spectrogram 1	1	158.620000	158.920000	4000.000000	18000.000000	8000.000000	Trill	11.601060	22.062364	NaN	NaN	81.891345	0.000000
19	Spectrogram 1	1	168.940000	169.180000	4000.000000	18000.000000	8000.000000	Trill	16.879073	26.832261	NaN	NaN	116.021169	0.000000
20	Spectrogram 1	1	175.690000	176.360000	4000.000000	18000.000000	8000.000000	Trill	14.163729	29.613940	NaN	NaN	134.311580	0.000000
21	Spectrogram 1	1	192.500000	192.840000	4000.000000	18000.000000	8000.000000	Trill	12.704764	25.125813	NaN	NaN	98.014144	0.000000
22	Spectrogram 1	1	219.500000	220.190000	4000.000000	18000.000000	8000.000000	Trill	11.550015	26.264212	NaN	NaN	117.518891	0.000000
23	Spectrogram 1	1	229.470000	230.310000	4000.000000	18000.000000	8000.000000	Phee	11.688015	30.000000	NaN	NaN	89.717342	0.000000
24	Spectrogram 1	1	230.600000	231.550000	4000.000000	18000.000000	8000.000000	Phee	12.605419	30.000000	NaN	NaN	54.648882	0.000000
25	Spectrogram 1	1	231.790000	232.760000	4000.000000	18000.000000	8000.000000	Phee	11.065246	28.587208	NaN	NaN	48.226883	0.000000
26	Spectrogram 1	1	248.310000	249.380000	4000.000000	18000.000000	8000.000000	Phee	12.173604	30.000000	NaN	NaN	44.789022	0.000000
27	Spectrogram 1	1	249.630000	250.560000	4000.000000	18000.000000	8000.000000	Phee	12.767537	30.000000	NaN	NaN	40.286132	0.000000
28	Spectrogram 1	1	250.740000	251.610000	4000.000000	18000.000000	8000.000000	Phee	12.510661	30.000000	NaN	NaN	37.517870	0.000000
29	Spectrogram 1	1	251.960000	252.960000	4000.000000	18000.000000	8000.000000	Phee	11.563890	29.086049	NaN	NaN	45.505692	0.000000
30	Spectrogram 1	1	263.880000	263.900000	4000.000000	18000.000000	8000.000000	Sd-peep	9.914435	11.269494	NaN	NaN	39.195346	0.000000
31	Spectrogram 1	1	277.990000	279.200000	4000.000000	18000.000000	8000.000000	Phee	12.544038	29.588096	NaN	NaN	50.179993	0.000000
32	Spectrogram 1	1	279.350000	280.260000	4000.000000	18000.000000	8000.000000	Phee	12.246685	30.000000	NaN	NaN	61.752406	0.000000
33	Spectrogram 1	1	280.300000	280.530000	4000.000000	18000.000000	8000.000000	Trill	15.940786	30.000000	NaN	NaN	162.235384	0.000000
34	Spectrogram 1	1	280.870000	281.730000	4000.000000	18000.000000	8000.000000	Phee	12.539730	30.000000	NaN	NaN	52.644160	0.000000
35	Spectrogram 1	1	282.050000	282.870000	4000.000000	18000.000000	8000.000000	Phee	11.330771	29.271958	NaN	NaN	38.439005	0.000000
36	Spectrogram 1	1	283.110000	284.160000	4000.000000	18000.000000	8000.000000	Phee	10.851054	27.555955	NaN	NaN	46.008490	0.000000
37	Spectrogram 1	1	325.150000	326.060000	4000.000000	18000.000000	8000.000000	Phee	11.835119	28.433475	NaN	NaN	36.225694	0.000000
38	Spectrogram 1	1	326.100000	326.440000	4000.000000	18000.000000	8000.000000	Trill	5.881354	16.234368	NaN	NaN	62.583857	0.000000
39	Spectrogram 1	1	326.680000	327.550000	4000.000000	18000.000000	8000.000000	Phee	14.669576	30.000000	NaN	NaN	35.390210	0.000000
40	Spectrogram 1	1	327.710000	328.530000	4000.000000	18000.000000	8000.000000	Phee	15.015494	30.000000	NaN	NaN	33.096757	0.000000
41	Spectrogram 1	1	328.640000	329.490000	4000.000000	18000.000000	8000.000000	Phee	14.397804	30.000000	NaN	NaN	39.575528	0.000000
42	Spectrogram 1	1	329.850000	329.880000	4000.000000	18000.000000	8000.000000	Trill	10.293615	17.122185	NaN	NaN	93.433895	0.000000
43	Spectrogram 1	1	342.860000	343.610000	4000.000000	18000.000000	8000.000000	Phee	12.996540	30.000000	NaN	NaN	37.821998	0.000000
44	Spectrogram 1	1	343.700000	343.790000	4000.000000	18000.000000	8000.000000	Twitter	9.521704	23.042017	NaN	NaN	93.169797	0.000000
45	Spectrogram 1	1	343.880000	344.010000	4000.000000	18000.000000	8000.000000	Trill	13.121751	21.987466	NaN	NaN	88.011940	0.000000
46	Spectrogram 1	1	344.220000	344.980000	4000.000000	18000.000000	8000.000000	Phee	15.632983	30.000000	NaN	NaN	33.576682	0.000000
47	Spectrogram 1	1	345.100000	345.880000	4000.000000	18000.000000	8000.000000	Phee	14.781952	30.000000	NaN	NaN	33.566832	0.000000
48	Spectrogram 1	1	345.960000	346.700000	4000.000000	18000.000000	8000.000000	Phee	13.547083	30.000000	NaN	NaN	37.419640	0.000000
49	Spectrogram 1	1	346.860000	347.690000	4000.000000	18000.000000	8000.000000	Phee	12.267800	29.866251	NaN	NaN	40.472330	0.000000
50	Spectrogram 1	1	347.810000	347.870000	4000.000000	18000.000000	8000.000000	Twitter	9.648130	24.260371	NaN	NaN	71.086781	0.000000
51	Spectrogram 1	1	347.910000	348.020000	4000.000000	18000.000000	8000.000000	Twitter	7.610584	22.401639	NaN	NaN	66.925417	0.000000
52	Spectrogram 1	1	348.080000	348.130000	4000.000000	18000.000000	8000.000000	Trill	11.503510	28.254895	NaN	NaN	85.105713	0.000000
53	Spectrogram 1	1	362.820000	362.840000	4000.000000	18000.000000	8000.000000	Sd-peep	7.106129	11.664540	NaN	NaN	29.604032	0.000000
54	Spectrogram 1	1	383.510000	384.540000	4000.000000	18000.000000	8000.000000	Phee	10.200081	24.756631	NaN	NaN	34.959613	0.000000
55	Spectrogram 1	1	384.760000	385.630000	4000.000000	18000.000000	8000.000000	Phee	11.912633	30.000000	NaN	NaN	55.558361	0.000000
56	Spectrogram 1	1	385.820000	385.940000	4000.000000	18000.000000	8000.000000	Trill	10.813150	16.875520	NaN	NaN	46.079337	0.000000
57	Spectrogram 1	1	386.260000	387.080000	4000.000000	18000.000000	8000.000000	Phee	12.164743	30.000000	NaN	NaN	38.370543	0.000000
58	Spectrogram 1	1	387.340000	388.220000	4000.000000	18000.000000	8000.000000	Phee	12.357661	29.418720	NaN	NaN	38.557183	0.000000
59	Spectrogram 1	1	388.450000	388.470000	4000.000000	18000.000000	8000.000000	Sd-peep	13.546249	14.783155	NaN	NaN	98.165446	0.000000
60	Spectrogram 1	1	414.480000	414.520000	4000.000000	18000.000000	8000.000000	Trill	4.124196	9.304708	NaN	NaN	49.398728	0.000000
61	Spectrogram 1	1	420.210000	420.230000	4000.000000	18000.000000	8000.000000	Twitter	6.424804	8.727872	NaN	NaN	35.892189	0.000000
62	Spectrogram 1	1	438.640000	439.550000	4000.000000	18000.000000	8000.000000	Phee	12.738706	30.000000	NaN	NaN	49.545529	0.000000
63	Spectrogram 1	1	439.600000	439.690000	4000.000000	18000.000000	8000.000000	Trill	12.617251	16.949124	NaN	NaN	47.071014	0.000000
64	Spectrogram 1	1	439.910000	440.730000	4000.000000	18000.000000	8000.000000	Phee	12.803885	30.000000	NaN	NaN	40.953551	0.000000
65	Spectrogram 1	1	440.800000	440.930000	4000.000000	18000.000000	8000.000000	Trill	14.253927	23.407312	NaN	NaN	92.165112	0.000000
66	Spectrogram 1	1	441.150000	442.010000	4000.000000	18000.000000	8000.000000	Phee	13.365876	30.000000	NaN	NaN	51.841795	0.000000
67	Spectrogram 1	1	442.210000	443.100000	4000.000000	18000.000000	8000.000000	Phee	13.140969	30.000000	NaN	NaN	44.640085	0.000000
68	Spectrogram 1	1	462.040000	462.090000	4000.000000	18000.000000	8000.000000	Twitter	8.211187	31.108716	NaN	NaN	49.594556	0.000000
69	Spectrogram 1	1	553.160000	553.480000	4000.000000	18000.000000	8000.000000	Trill	15.955201	29.386651	NaN	NaN	112.170878	0.000000
70	Spectrogram 1	1	561.870000	562.180000	4000.000000	18000.000000	8000.000000	Trill	10.741686	23.464111	NaN	NaN	74.724127	0.000000
71	Spectrogram 1	1	565.710000	566.100000	4000.000000	18000.000000	8000.000000	Trill	13.263862	25.059942	NaN	NaN	74.437332	0.000000
72	Spectrogram 1	1	569.240000	569.680000	4000.000000	18000.000000	8000.000000	Trill	13.040781	24.669296	NaN	NaN	69.441155	0.000000
73	Spectrogram 1	1	618.900000	619.200000	4000.000000	18000.000000	8000.000000	Trill	11.865849	24.258910	NaN	NaN	83.079142	0.000000
74	Spectrogram 1	1	633.690000	634.060000	4000.000000	18000.000000	8000.000000	Trill	15.464680	30.000000	NaN	NaN	112.118978	0.000000
75	Spectrogram 1	1	654.470000	654.490000	4000.000000	18000.000000	8000.000000	Sd-peep	5.732279	9.818060	NaN	NaN	34.739987	0.000000
76	Spectrogram 1	1	671.080000	671.740000	4000.000000	18000.000000	8000.000000	Trill	7.572440	17.896467	NaN	NaN	65.014010	0.000000
77	Spectrogram 1	1	673.190000	673.280000	4000.000000	18000.000000	8000.000000	Trill	9.480862	17.922503	NaN	NaN	58.584767	0.000000
78	Spectrogram 1	1	675.070000	675.100000	4000.000000	18000.000000	8000.000000	Trill	13.284396	14.679657	NaN	NaN	41.540441	0.000000
79	Spectrogram 1	1	676.610000	676.730000	4000.000000	18000.000000	8000.000000	Phee	7.010418	11.051875	NaN	NaN	33.056254	0.000000
80	Spectrogram 1	1	691.020000	691.460000	4000.000000	18000.000000	8000.000000	Trill	15.654566	25.902583	NaN	NaN	99.849096	0.000000
81	Spectrogram 1	1	725.480000	726.160000	4000.000000	18000.000000	8000.000000	Trill	11.341750	26.238905	NaN	NaN	75.324219	0.000000
82	Spectrogram 1	1	734.600000	734.920000	4000.000000	18000.000000	8000.000000	Trill	14.712323	23.923285	NaN	NaN	102.933104	0.000000
83	Spectrogram 1	1	739.270000	739.720000	4000.000000	18000.000000	8000.000000	Trill	14.384777	25.990642	NaN	NaN	99.361589	0.000000
84	Spectrogram 1	1	747.460000	748.630000	4000.000000	18000.000000	8000.000000	Phee	11.198077	27.670177	NaN	NaN	44.275225	0.000000
85	Spectrogram 1	1	748.880000	749.780000	4000.000000	18000.000000	8000.000000	Phee	12.595329	30.000000	NaN	NaN	44.886679	0.000000
86	Spectrogram 1	1	832.080000	832.370000	4000.000000	18000.000000	8000.000000	Phee	4.236006	23.747818	NaN	NaN	93.282742	0.000000
87	Spectrogram 1	1	832.620000	832.660000	4000.000000	18000.000000	8000.000000	Phee	5.664512	21.081475	NaN	NaN	91.715435	0.000000
88	Spectrogram 1	1	933.980000	934.830000	4000.000000	18000.000000	8000.000000	Trill	6.816541	24.799918	NaN	NaN	82.666922	0.000000
89	Spectrogram 1	1	941.440000	942.080000	4000.000000	18000.000000	8000.000000	Trill	12.301424	27.802984	NaN	NaN	113.715783	0.000000
90	Spectrogram 1	1	951.090000	951.690000	4000.000000	18000.000000	8000.000000	Trill	9.387830	26.111791	NaN	NaN	100.151787	0.000000
91	Spectrogram 1	1	963.040000	963.370000	4000.000000	18000.000000	8000.000000	Trill	10.697723	25.312024	NaN	NaN	72.866989	0.000000
92	Spectrogram 1	1	976.010000	976.370000	4000.000000	18000.000000	8000.000000	Trill	9.392834	21.809929	NaN	NaN	57.773386	0.000000
93	Spectrogram 1	1	983.170000	984.180000	4000.000000	18000.000000	8000.000000	Trillphee	9.870662	29.093686	NaN	NaN	75.132529	0.000000
94	Spectrogram 1	1	1003.450000	1003.530000	4000.000000	18000.000000	8000.000000	Trill	5.881290	11.116217	NaN	NaN	65.325036	0.000000
95	Spectrogram 1	1	1005.090000	1005.440000	4000.000000	18000.000000	8000.000000	Trill	4.297328	8.808563	NaN	NaN	50.119079	0.000000
96	Spectrogram 1	1	1006.470000	1006.500000	4000.000000	18000.000000	8000.000000	Trill	4.473734	9.595406	NaN	NaN	59.251693	0.000000
97	Spectrogram 1	1	1006.620000	1006.650000	4000.000000	18000.000000	8000.000000	Phee	5.787530	10.153074	NaN	NaN	54.602774	0.000000
98	Spectrogram 1	1	1006.950000	1006.990000	4000.000000	18000.000000	8000.000000	Trill	5.085538	8.355115	NaN	NaN	54.205391	0.000000
99	Spectrogram 1	1	1007.140000	1007.190000	4000.000000	18000.000000	8000.000000	Trill	5.414945	8.948558	NaN	NaN	55.159709	0.000000
100	Spectrogram 1	1	1013.040000	1013.410000	4000.000000	18000.000000	8000.000000	Trill	5.606111	19.791738	NaN	NaN	77.780224	0.000000
101	Spectrogram 1	1	1014.690000	1015.120000	4000.000000	18000.000000	8000.000000	Trill	7.358236	14.950319	NaN	NaN	38.043236	0.000000
102	Spectrogram 1	1	1021.880000	1022.200000	4000.000000	18000.000000	8000.000000	Trill	5.193478	8.838413	NaN	NaN	47.326731	0.000000
103	Spectrogram 1	1	1026.860000	1026.900000	4000.000000	18000.000000	8000.000000	Trill	4.128804	6.504193	NaN	NaN	33.168832	0.000000
104	Spectrogram 1	1	1028.670000	1029.730000	4000.000000	18000.000000	8000.000000	Phee	11.237897	30.000000	NaN	NaN	30.226231	0.000000
105	Spectrogram 1	1	1029.850000	1030.770000	4000.000000	18000.000000	8000.000000	Phee	11.084974	28.505668	NaN	NaN	30.568769	0.000000
106	Spectrogram 1	1	1030.810000	1031.650000	4000.000000	18000.000000	8000.000000	Phee	11.345431	29.763425	NaN	NaN	31.456308	0.000000
107	Spectrogram 1	1	1031.840000	1032.720000	4000.000000	18000.000000	8000.000000	Phee	11.133509	29.198846	NaN	NaN	38.286630	0.000000
108	Spectrogram 1	1	1060.300000	1060.590000	4000.000000	18000.000000	8000.000000	Trill	8.140470	22.016244	NaN	NaN	70.830395	0.000000
109	Spectrogram 1	1	1114.520000	1115.580000	4000.000000	18000.000000	8000.000000	Phee	9.978419	27.976269	NaN	NaN	28.712148	0.000000
110	Spectrogram 1	1	1116.640000	1117.500000	4000.000000	18000.000000	8000.000000	Phee	9.509163	29.416763	NaN	NaN	29.811274	0.000000
111	Spectrogram 1	1	1117.630000	1118.480000	4000.000000	18000.000000	8000.000000	Phee	8.109436	28.414756	NaN	NaN	31.807275	0.000000
112	Spectrogram 1	1	1183.790000	1184.010000	4000.000000	18000.000000	8000.000000	Trill	7.097112	16.980641	NaN	NaN	44.261412	0.000000
113	Spectrogram 1	1	1192.600000	1192.890000	4000.000000	18000.000000	8000.000000	Trill	5.012717	14.231572	NaN	NaN	49.572581	0.000000
114	Spectrogram 1	1	1208.210000	1208.330000	4000.000000	18000.000000	8000.000000	Trill	4.296780	15.693870	NaN	NaN	66.509698	0.000000
115	Spectrogram 1	1	1258.700000	1258.760000	4000.000000	18000.000000	8000.000000	Trill	5.406223	11.639306	NaN	NaN	40.135742	0.000000
116	Spectrogram 1	1	1261.990000	1262.280000	4000.000000	18000.000000	8000.000000	Trill	9.532603	21.811305	NaN	NaN	62.648429	0.000000
117	Spectrogram 1	1	1262.660000	1262.690000	4000.000000	18000.000000	8000.000000	Trill	12.240264	13.549495	NaN	NaN	33.038259	0.000000
118	Spectrogram 1	1	1263.140000	1263.170000	4000.000000	18000.000000	8000.000000	Phee	5.335674	8.102112	NaN	NaN	42.044262	0.000000
119	Spectrogram 1	1	1265.250000	1265.450000	4000.000000	18000.000000	8000.000000	Trill	10.123172	22.902231	NaN	NaN	47.608500	0.000000
120	Spectrogram 1	1	1269.890000	1269.920000	4000.000000	18000.000000	8000.000000	Trill	6.620508	7.443929	NaN	NaN	30.002162	0.000000
121	Spectrogram 1	1	1271.590000	1272.080000	4000.000000	18000.000000	8000.000000	Trill	10.069274	25.478242	NaN	NaN	75.263898	0.000000
122	Spectrogram 1	1	1292.480000	1292.540000	4000.000000	18000.000000	8000.000000	Trill	6.717592	11.393207	NaN	NaN	40.178596	0.000000
123	Spectrogram 1	1	1293.670000	1293.700000	4000.000000	18000.000000	8000.000000	Phee	7.245688	10.113226	NaN	NaN	29.782948	0.000000
124	Spectrogram 1	1	1298.310000	1298.870000	4000.000000	18000.000000	8000.000000	Trill	12.563510	29.233459	NaN	NaN	87.948184	0.000000
125	Spectrogram 1	1	1301.830000	1302.160000	4000.000000	18000.000000	8000.000000	Trill	9.798251	24.470366	NaN	NaN	60.845849	0.000000
126	Spectrogram 1	1	1309.230000	1309.660000	4000.000000	18000.000000	8000.000000	Trill	6.480439	18.530412	NaN	NaN	40.080985	0.000000
127	Spectrogram 1	1	1325.050000	1325.920000	4000.000000	18000.000000	8000.000000	Trill	4.654582	14.121598	NaN	NaN	48.857882	0.000000
128	Spectrogram 1	1	1331.410000	1331.720000	4000.000000	18000.000000	8000.000000	Trill	8.943789	19.209309	NaN	NaN	55.205407	0.000000
129	Spectrogram 1	1	1336.820000	1337.240000	4000.000000	18000.000000	8000.000000	Trill	9.220680	21.133568	NaN	NaN	57.377073	0.000000
130	Spectrogram 1	1	1341.540000	1341.580000	4000.000000	18000.000000	8000.000000	Trill	5.284699	9.669965	NaN	NaN	30.723211	0.000000
131	Spectrogram 1	1	1356.480000	1357.030000	4000.000000	18000.000000	8000.000000	Trill	4.514960	17.520867	NaN	NaN	36.481280	0.000000
132	Spectrogram 1	1	1367.130000	1367.530000	4000.000000	18000.000000	8000.000000	Trill	7.857490	21.383993	NaN	NaN	55.673147	0.000000
133	Spectrogram 1	1	1370.630000	1371.010000	4000.000000	18000.000000	8000.000000	Trill	7.770746	19.029229	NaN	NaN	51.093897	0.000000
134	Spectrogram 1	1	1385.560000	1385.870000	4000.000000	18000.000000	8000.000000	Trill	8.427397	19.076228	NaN	NaN	51.750722	0.000000
135	Spectrogram 1	1	1394.000000	1394.290000	4000.000000	18000.000000	8000.000000	Trill	9.876823	21.408616	NaN	NaN	75.699357	0.000000
136	Spectrogram 1	1	1416.350000	1417.040000	4000.000000	18000.000000	8000.000000	Trill	5.525617	21.639460	NaN	NaN	59.579561	0.000000
137	Spectrogram 1	1	1429.050000	1429.450000	4000.000000	18000.000000	8000.000000	Trill	8.850163	18.665972	NaN	NaN	51.501842	0.000000
138	Spectrogram 1	1	1439.360000	1439.680000	4000.000000	18000.000000	8000.000000	Trill	10.172827	21.091706	NaN	NaN	56.757732	0.000000
139	Spectrogram 1	1	1449.200000	1449.590000	4000.000000	18000.000000	8000.000000	Trill	8.276549	18.653868	NaN	NaN	43.550702	0.000000
140	Spectrogram 1	1	1461.750000	1462.080000	4000.000000	18000.000000	8000.000000	Trill	8.495852	22.405226	NaN	NaN	52.485048	0.000000
141	Spectrogram 1	1	1471.370000	1471.400000	4000.000000	18000.000000	8000.000000	Trill	5.176717	8.836546	NaN	NaN	55.402519	0.000000
142	Spectrogram 1	1	1475.780000	1476.220000	4000.000000	18000.000000	8000.000000	Trill	6.404052	19.034824	NaN	NaN	44.485662	0.000000
143	Spectrogram 1	1	1480.610000	1480.950000	4000.000000	18000.000000	8000.000000	Trill	7.773292	18.328778	NaN	NaN	46.279702	0.000000
144	Spectrogram 1	1	1485.850000	1486.260000	4000.000000	18000.000000	8000.000000	Trill	6.119689	15.185649	NaN	NaN	37.176292	0.000000
145	Spectrogram 1	1	1497.910000	1498.380000	4000.000000	18000.000000	8000.000000	Trill	4.556018	15.806715	NaN	NaN	44.195161	0.000000
146	Spectrogram 1	1	1506.920000	1507.710000	4000.000000	18000.000000	8000.000000	Trill	11.076534	22.710096	NaN	NaN	80.221108	0.000000
147	Spectrogram 1	1	1509.240000	1509.330000	4000.000000	18000.000000	8000.000000	Trill	5.480395	9.067365	NaN	NaN	31.486920	0.000000
148	Spectrogram 1	1	1540.600000	1541.320000	4000.000000	18000.000000	8000.000000	Trill	8.260025	23.327397	NaN	NaN	67.311609	0.000000
149	Spectrogram 1	1	1542.480000	1542.510000	4000.000000	18000.000000	8000.000000	Trill	11.105725	13.138867	NaN	NaN	34.968957	0.000000
150	Spectrogram 1	1	1546.830000	1546.870000	4000.000000	18000.000000	8000.000000	Trill	9.833683	13.750407	NaN	NaN	38.579706	0.000000
151	Spectrogram 1	1	1547.080000	1547.910000	4000.000000	18000.000000	8000.000000	Trill	7.059035	21.566956	NaN	NaN	76.591342	0.000000
152	Spectrogram 1	1	1549.080000	1549.220000	4000.000000	18000.000000	8000.000000	Trillphee	10.189802	11.376150	NaN	NaN	28.609606	0.000000
153	Spectrogram 1	1	1553.100000	1553.550000	4000.000000	18000.000000	8000.000000	Trill	15.337551	27.515569	NaN	NaN	77.984435	0.000000
154	Spectrogram 1	1	1571.540000	1571.920000	4000.000000	18000.000000	8000.000000	Trill	14.602308	25.058581	NaN	NaN	71.105267	0.000000
155	Spectrogram 1	1	1575.840000	1576.100000	4000.000000	18000.000000	8000.000000	Trill	14.921166	26.142990	NaN	NaN	105.760647	0.000000
156	Spectrogram 1	1	1585.830000	1586.180000	4000.000000	18000.000000	8000.000000	Trill	14.718751	27.750049	NaN	NaN	69.860452	0.000000
157	Spectrogram 1	1	1591.720000	1591.750000	4000.000000	18000.000000	8000.000000	Trill	4.070766	6.796980	NaN	NaN	38.489648	0.000000
158	Spectrogram 1	1	1593.640000	1593.990000	4000.000000	18000.000000	8000.000000	Trill	16.039751	27.859274	NaN	NaN	100.047559	0.000000
159	Spectrogram 1	1	1602.140000	1603.020000	4000.000000	18000.000000	8000.000000	Phee	16.750496	30.000000	NaN	NaN	48.597769	0.000000
160	Spectrogram 1	1	1603.100000	1603.930000	4000.000000	18000.000000	8000.000000	Phee	18.515389	30.000000	NaN	NaN	34.246592	0.000000
161	Spectrogram 1	1	1604.040000	1604.870000	4000.000000	18000.000000	8000.000000	Phee	16.828549	30.000000	NaN	NaN	40.233505	0.000000
162	Spectrogram 1	1	1604.950000	1605.670000	4000.000000	18000.000000	8000.000000	Phee	16.513478	30.000000	NaN	NaN	45.372235	0.000000
163	Spectrogram 1	1	1606.140000	1606.170000	4000.000000	18000.000000	8000.000000	Trill	4.495193	8.703946	NaN	NaN	45.054738	0.000000
164	Spectrogram 1	1	1613.280000	1614.100000	4000.000000	18000.000000	8000.000000	Phee	14.009273	30.000000	NaN	NaN	28.687085	0.000000
165	Spectrogram 1	1	1616.030000	1616.810000	4000.000000	18000.000000	8000.000000	Phee	13.669950	30.000000	NaN	NaN	28.371074	0.000000
166	Spectrogram 1	1	1616.900000	1617.690000	4000.000000	18000.000000	8000.000000	Phee	18.103266	30.000000	NaN	NaN	39.273178	0.000000
167	Spectrogram 1	1	1635.440000	1636.240000	4000.000000	18000.000000	8000.000000	Phee	11.049648	30.000000	NaN	NaN	29.704843	0.000000
168	Spectrogram 1	1	1636.290000	1636.370000	4000.000000	18000.000000	8000.000000	Trill	13.827480	16.352529	NaN	NaN	34.859260	0.000000
169	Spectrogram 1	1	1636.590000	1637.370000	4000.000000	18000.000000	8000.000000	Phee	14.007305	30.000000	NaN	NaN	29.526648	0.000000
170	Spectrogram 1	1	1637.520000	1638.310000	4000.000000	18000.000000	8000.000000	Phee	16.407276	30.000000	NaN	NaN	36.279023	0.000000
171	Spectrogram 1	1	1638.470000	1639.180000	4000.000000	18000.000000	8000.000000	Phee	14.748305	30.000000	NaN	NaN	35.173599	0.000000
172	Spectrogram 1	1	1639.360000	1640.160000	4000.000000	18000.000000	8000.000000	Phee	14.200444	28.903265	NaN	NaN	38.339641	0.000000
173	Spectrogram 1	1	1661.840000	1662.650000	4000.000000	18000.000000	8000.000000	Phee	15.410844	30.000000	NaN	NaN	31.711181	0.000000
174	Spectrogram 1	1	1663.680000	1664.480000	4000.000000	18000.000000	8000.000000	Phee	13.612433	30.000000	NaN	NaN	28.097306	0.000000
175	Spectrogram 1	1	1665.460000	1666.290000	4000.000000	18000.000000	8000.000000	Phee	16.870078	30.000000	NaN	NaN	35.759308	0.000000
176	Spectrogram 1	1	1666.400000	1666.640000	4000.000000	18000.000000	8000.000000	Twitter	9.227634	23.098137	NaN	NaN	69.612361	0.000000
177	Spectrogram 1	1	1731.500000	1732.470000	4000.000000	18000.000000	8000.000000	Phee	11.552803	28.705224	NaN	NaN	44.255713	0.000000
178	Spectrogram 1	1	1732.710000	1733.690000	4000.000000	18000.000000	8000.000000	Phee	12.806877	30.000000	NaN	NaN	57.214701	0.000000
179	Spectrogram 1	1	1733.990000	1734.740000	4000.000000	18000.000000	8000.000000	Phee	12.234161	30.000000	NaN	NaN	36.086906	0.000000
180	Spectrogram 1	1	1734.910000	1735.740000	4000.000000	18000.000000	8000.000000	Phee	11.740531	28.960480	NaN	NaN	38.640965	0.000000
181	Spectrogram 1	1	1736.110000	1736.150000	4000.000000	18000.000000	8000.000000	Trill	7.150378	16.123715	NaN	NaN	58.980085	0.000000
182	Spectrogram 1	1	1743.030000	1744.380000	4000.000000	18000.000000	8000.000000	Phee	11.124920	30.000000	NaN	NaN	69.489894	0.000000
183	Spectrogram 1	1	1744.590000	1745.580000	4000.000000	18000.000000	8000.000000	Phee	11.653634	30.000000	NaN	NaN	78.953337	0.000000
184	Spectrogram 1	1	1745.720000	1745.820000	4000.000000	18000.000000	8000.000000	Trill	11.785381	20.260311	NaN	NaN	62.847795	0.000000
185	Spectrogram 1	1	1746.090000	1746.870000	4000.000000	18000.000000	8000.000000	Phee	11.091893	27.751364	NaN	NaN	30.458843	0.000000
186	Spectrogram 1	1	1746.970000	1747.820000	4000.000000	18000.000000	8000.000000	Phee	11.703667	28.068702	NaN	NaN	37.411414	0.000000
187	Spectrogram 1	1	1748.000000	1748.330000	4000.000000	18000.000000	8000.000000	Trill	6.432356	20.454580	NaN	NaN	71.695606	0.000000
188	Spectrogram 1	1	1761.760000	1763.080000	4000.000000	18000.000000	8000.000000	Phee	11.748609	30.000000	NaN	NaN	62.838632	0.000000
189	Spectrogram 1	1	1763.290000	1764.320000	4000.000000	18000.000000	8000.000000	Phee	11.800265	30.000000	NaN	NaN	54.252940	0.000000
190	Spectrogram 1	1	1764.560000	1765.370000	4000.000000	18000.000000	8000.000000	Phee	12.304816	29.479789	NaN	NaN	33.179989	0.000000
191	Spectrogram 1	1	1765.500000	1766.350000	4000.000000	18000.000000	8000.000000	Phee	11.780796	28.905716	NaN	NaN	35.917922	0.000000
192	Spectrogram 1	1	1766.480000	1767.300000	4000.000000	18000.000000	8000.000000	Phee	11.276661	30.000000	NaN	NaN	37.429232	0.000000
193	Spectrogram 1	1	1815.560000	1815.620000	4000.000000	18000.000000	8000.000000	Trill	4.515091	7.016012	NaN	NaN	31.582172	0.000000
194	Spectrogram 1	1	1857.850000	1857.950000	4000.000000	18000.000000	8000.000000	Phee	4.434933	10.511891	NaN	NaN	51.242886	0.000000
195	Spectrogram 1	1	1875.410000	1875.610000	4000.000000	18000.000000	8000.000000	Trill	17.781277	26.582975	NaN	NaN	118.209953	0.000000
196	Spectrogram 1	1	1887.610000	1887.630000	4000.000000	18000.000000	8000.000000	Sd-peep	10.218124	9.927666	NaN	NaN	34.085544	0.000000
197	Spectrogram 1	1	1888.740000	1888.770000	4000.000000	18000.000000	8000.000000	Phee	9.367996	13.948930	NaN	NaN	29.146586	0.000000
198	Spectrogram 1	1	1890.070000	1890.100000	4000.000000	18000.000000	8000.000000	Phee	9.179547	13.931850	NaN	NaN	29.758751	0.000000
199	Spectrogram 1	1	1896.840000	1897.210000	4000.000000	18000.000000	8000.000000	Trill	16.298545	29.457464	NaN	NaN	120.563144	0.000000
200	Spectrogram 1	1	1908.050000	1908.500000	4000.000000	18000.000000	8000.000000	Trill	11.802367	24.780455	NaN	NaN	89.859463	0.000000
201	Spectrogram 1	1	1914.660000	1914.930000	4000.000000	18000.000000	8000.000000	Trill	11.646649	21.490597	NaN	NaN	74.581107	0.000000
202	Spectrogram 1	1	1948.960000	1949.220000	4000.000000	18000.000000	8000.000000	Trill	15.312882	27.400357	NaN	NaN	108.240901	0.000000
203	Spectrogram 1	1	1949.280000	1949.330000	4000.000000	18000.000000	8000.000000	Trill	7.419004	13.049206	NaN	NaN	62.933942	0.000000
204	Spectrogram 1	1	1954.900000	1955.570000	4000.000000	18000.000000	8000.000000	Trill	15.085407	25.447002	NaN	NaN	119.309018	0.000000
205	Spectrogram 1	1	1965.950000	1966.230000	4000.000000	18000.000000	8000.000000	Trill	13.162234	24.547393	NaN	NaN	99.046005	0.000000
206	Spectrogram 1	1	1970.100000	1970.400000	4000.000000	18000.000000	8000.000000	Trill	17.551644	26.672969	NaN	NaN	123.135139	0.000000
207	Spectrogram 1	1	1979.010000	1979.270000	4000.000000	18000.000000	8000.000000	Trill	13.013318	25.139758	NaN	NaN	108.154027	0.000000
208	Spectrogram 1	1	2015.400000	2015.790000	4000.000000	18000.000000	8000.000000	Trill	8.855253	21.400770	NaN	NaN	68.685913	0.000000
209	Spectrogram 1	1	2055.640000	2056.340000	4000.000000	18000.000000	8000.000000	Trill	13.228784	28.846674	NaN	NaN	114.205244	0.000000
210	Spectrogram 1	1	2059.810000	2059.830000	4000.000000	18000.000000	8000.000000	Trill	7.822282	9.010735	NaN	NaN	31.972011	0.000000
211	Spectrogram 1	1	2059.960000	2060.030000	4000.000000	18000.000000	8000.000000	Phee	6.973929	9.171121	NaN	NaN	32.104653	0.000000
212	Spectrogram 1	1	2060.350000	2060.390000	4000.000000	18000.000000	8000.000000	Trill	9.343584	12.273323	NaN	NaN	39.711430	0.000000
213	Spectrogram 1	1	2060.460000	2060.490000	4000.000000	18000.000000	8000.000000	Trill	9.628898	11.911535	NaN	NaN	31.032844	0.000000
214	Spectrogram 1	1	2060.550000	2060.580000	4000.000000	18000.000000	8000.000000	Trillphee	10.849324	11.167713	NaN	NaN	35.024769	0.000000
215	Spectrogram 1	1	2060.640000	2060.670000	4000.000000	18000.000000	8000.000000	Phee	11.275123	11.751881	NaN	NaN	32.882183	0.000000
216	Spectrogram 1	1	2060.840000	2060.860000	4000.000000	18000.000000	8000.000000	Trill	12.498723	11.856984	NaN	NaN	39.383499	0.000000
217	Spectrogram 1	1	2061.340000	2061.370000	4000.000000	18000.000000	8000.000000	Trill	10.747754	11.383499	NaN	NaN	35.216415	0.000000
218	Spectrogram 1	1	2079.990000	2080.290000	4000.000000	18000.000000	8000.000000	Trill	17.323383	25.709996	NaN	NaN	116.149304	0.000000
219	Spectrogram 1	1	2083.760000	2084.370000	4000.000000	18000.000000	8000.000000	Trill	10.940241	25.716143	NaN	NaN	107.506105	0.000000
220	Spectrogram 1	1	2090.280000	2090.620000	4000.000000	18000.000000	8000.000000	Trill	15.784263	27.403006	NaN	NaN	106.203899	0.000000
221	Spectrogram 1	1	2095.140000	2095.600000	4000.000000	18000.000000	8000.000000	Trill	11.390968	24.738042	NaN	NaN	101.476012	0.000000
222	Spectrogram 1	1	2214.940000	2214.960000	4000.000000	18000.000000	8000.000000	Trill	5.350397	7.192719	NaN	NaN	34.188785	0.000000
223	Spectrogram 1	1	2410.110000	2410.130000	4000.000000	18000.000000	8000.000000	Trill	6.468706	10.929280	NaN	NaN	30.598376	0.000000
224	Spectrogram 1	1	2410.390000	2410.420000	4000.000000	18000.000000	8000.000000	Trill	8.240121	14.262870	NaN	NaN	40.121796	0.000000
225	Spectrogram 1	1	2531.400000	2531.430000	4000.000000	18000.000000	8000.000000	Trill	5.413057	8.344839	NaN	NaN	45.443263	0.000000
226	Spectrogram 1	1	2539.560000	2539.580000	4000.000000	18000.000000	8000.000000	Sd-peep	8.108379	12.121815	NaN	NaN	36.527545	0.000000
227	Spectrogram 1	1	2542.410000	2542.440000	4000.000000	18000.000000	8000.000000	Trillphee	6.142311	8.743940	NaN	NaN	31.224122	0.000000
228	Spectrogram 1	1	2542.670000	2542.710000	4000.000000	18000.000000	8000.000000	Trillphee	6.074978	8.644549	NaN	NaN	29.693155	0.000000
229	Spectrogram 1	1	2548.970000	2548.990000	4000.000000	18000.000000	8000.000000	Sd-peep	8.829994	15.113814	NaN	NaN	37.766650	0.000000
230	Spectrogram 1	1	2556.220000	2556.250000	4000.000000	18000.000000	8000.000000	Phee	9.398532	11.814796	NaN	NaN	37.209469	0.000000
231	Spectrogram 1	1	2567.790000	2567.810000	4000.000000	18000.000000	8000.000000	Sd-peep	6.126252	10.149436	NaN	NaN	35.830386	0.000000
232	Spectrogram 1	1	2576.900000	2577.050000	4000.000000	18000.000000	8000.000000	Trill	5.735032	14.306037	NaN	NaN	44.660655	0.000000
233	Spectrogram 1	1	2581.110000	2581.150000	4000.000000	18000.000000	8000.000000	Trill	10.788994	14.833293	NaN	NaN	33.375418	0.000000
234	Spectrogram 1	1	2586.340000	2586.360000	4000.000000	18000.000000	8000.000000	Sd-peep	8.340412	10.684385	NaN	NaN	30.515400	0.000000
235	Spectrogram 1	1	2587.010000	2587.320000	4000.000000	18000.000000	8000.000000	Trill	14.199560	24.556957	NaN	NaN	94.744547	0.000000
236	Spectrogram 1	1	2591.100000	2591.130000	4000.000000	18000.000000	8000.000000	Trill	12.481048	13.357197	NaN	NaN	32.033141	0.000000
237	Spectrogram 1	1	2591.200000	2591.240000	4000.000000	18000.000000	8000.000000	Trill	11.527043	11.483974	NaN	NaN	36.422242	0.000000
238	Spectrogram 1	1	2591.530000	2591.570000	4000.000000	18000.000000	8000.000000	Phee	9.805320	10.947089	NaN	NaN	30.949398	0.000000
239	Spectrogram 1	1	2591.760000	2591.790000	4000.000000	18000.000000	8000.000000	Trill	13.968629	14.839544	NaN	NaN	39.675553	0.000000
240	Spectrogram 1	1	2592.090000	2592.130000	4000.000000	18000.000000	8000.000000	Trill	10.944729	12.878274	NaN	NaN	34.603583	0.000000
241	Spectrogram 1	1	2592.200000	2592.230000	4000.000000	18000.000000	8000.000000	Trill	11.900373	13.843542	NaN	NaN	32.466362	0.000000
242	Spectrogram 1	1	2592.310000	2592.340000	4000.000000	18000.000000	8000.000000	Trill	13.460925	13.959749	NaN	NaN	34.497885	0.000000
243	Spectrogram 1	1	2592.760000	2592.790000	4000.000000	18000.000000	8000.000000	Trill	13.314697	14.359617	NaN	NaN	41.389167	0.000000
244	Spectrogram 1	1	2592.860000	2592.890000	4000.000000	18000.000000	8000.000000	Phee	11.732228	12.570279	NaN	NaN	44.484720	0.000000
245	Spectrogram 1	1	2596.930000	2596.950000	4000.000000	18000.000000	8000.000000	Sd-peep	11.833023	12.436199	NaN	NaN	32.926135	0.000000
246	Spectrogram 1	1	2597.360000	2597.390000	4000.000000	18000.000000	8000.000000	Trill	9.381954	10.515435	NaN	NaN	33.776978	0.000000
247	Spectrogram 1	1	2597.480000	2597.510000	4000.000000	18000.000000	8000.000000	Sd-peep	10.745958	15.781900	NaN	NaN	30.242804	0.000000
248	Spectrogram 1	1	2597.680000	2597.720000	4000.000000	18000.000000	8000.000000	Trill	14.382957	16.507932	NaN	NaN	33.766163	0.000000
249	Spectrogram 1	1	2597.790000	2597.820000	4000.000000	18000.000000	8000.000000	Trill	13.055102	14.365054	NaN	NaN	31.490614	0.000000
250	Spectrogram 1	1	2598.210000	2598.250000	4000.000000	18000.000000	8000.000000	Trillphee	9.301349	12.625789	NaN	NaN	31.727055	0.000000
251	Spectrogram 1	1	2598.320000	2598.360000	4000.000000	18000.000000	8000.000000	Trill	9.394180	13.091350	NaN	NaN	28.890983	0.000000
252	Spectrogram 1	1	2601.320000	2601.620000	4000.000000	18000.000000	8000.000000	Trill	9.430304	19.341335	NaN	NaN	62.984455	0.000000
253	Spectrogram 1	1	2603.570000	2603.610000	4000.000000	18000.000000	8000.000000	Trill	11.763343	11.667658	NaN	NaN	37.095679	0.000000
254	Spectrogram 1	1	2603.700000	2603.730000	4000.000000	18000.000000	8000.000000	Phee	11.549678	13.674789	NaN	NaN	34.177396	0.000000
255	Spectrogram 1	1	2603.800000	2603.840000	4000.000000	18000.000000	8000.000000	Trill	9.699937	13.380570	NaN	NaN	29.013502	0.000000
256	Spectrogram 1	1	2603.910000	2603.940000	4000.000000	18000.000000	8000.000000	Phee	12.104701	13.292998	NaN	NaN	38.993760	0.000000
257	Spectrogram 1	1	2604.010000	2604.040000	4000.000000	18000.000000	8000.000000	Trill	12.547486	14.414667	NaN	NaN	37.851737	0.000000
258	Spectrogram 1	1	2604.120000	2604.150000	4000.000000	18000.000000	8000.000000	Trill	12.436731	13.887792	NaN	NaN	37.352013	0.000000
259	Spectrogram 1	1	2604.690000	2604.720000	4000.000000	18000.000000	8000.000000	Trill	11.324585	13.212018	NaN	NaN	30.136758	0.000000
260	Spectrogram 1	1	2604.900000	2604.930000	4000.000000	18000.000000	8000.000000	Trill	9.679912	13.003130	NaN	NaN	30.707307	0.000000
261	Spectrogram 1	1	2605.000000	2605.040000	4000.000000	18000.000000	8000.000000	Trill	9.694046	12.858575	NaN	NaN	34.004693	0.000000
262	Spectrogram 1	1	2605.100000	2605.140000	4000.000000	18000.000000	8000.000000	Phee	11.024287	13.120403	NaN	NaN	38.459439	0.000000
263	Spectrogram 1	1	2605.210000	2605.250000	4000.000000	18000.000000	8000.000000	Phee	10.956885	11.351863	NaN	NaN	34.977544	0.000000
264	Spectrogram 1	1	2605.310000	2605.350000	4000.000000	18000.000000	8000.000000	Trill	12.418230	12.729599	NaN	NaN	33.572550	0.000000
265	Spectrogram 1	1	2605.410000	2605.460000	4000.000000	18000.000000	8000.000000	Trill	10.922309	12.365541	NaN	NaN	34.129798	0.000000
266	Spectrogram 1	1	2605.630000	2605.660000	4000.000000	18000.000000	8000.000000	Phee	12.657582	15.451380	NaN	NaN	31.759479	0.000000
267	Spectrogram 1	1	2605.730000	2605.770000	4000.000000	18000.000000	8000.000000	Trillphee	12.362850	12.813132	NaN	NaN	34.565083	0.000000
268	Spectrogram 1	1	2605.950000	2605.980000	4000.000000	18000.000000	8000.000000	Phee	10.751423	11.446857	NaN	NaN	32.895301	0.000000
269	Spectrogram 1	1	2630.480000	2630.900000	4000.000000	18000.000000	8000.000000	Trill	4.007829	15.613632	NaN	NaN	43.367284	0.000000
270	Spectrogram 1	1	2634.630000	2635.340000	4000.000000	18000.000000	8000.000000	Trill	5.534543	17.872099	NaN	NaN	47.051260	0.000000
271	Spectrogram 1	1	2637.010000	2637.030000	4000.000000	18000.000000	8000.000000	Twitter	7.945086	10.260594	NaN	NaN	38.844965	0.000000
272	Spectrogram 1	1	2655.110000	2655.790000	4000.000000	18000.000000	8000.000000	Trill	16.066983	30.000000	NaN	NaN	151.704030	0.000000
273	Spectrogram 1	1	2663.290000	2663.880000	4000.000000	18000.000000	8000.000000	Trill	6.414907	19.098274	NaN	NaN	63.585840	0.000000
274	Spectrogram 1	1	2665.240000	2665.270000	4000.000000	18000.000000	8000.000000	Trill	4.972326	12.464072	NaN	NaN	72.339740	0.000000
275	Spectrogram 1	1	2667.500000	2667.520000	4000.000000	18000.000000	8000.000000	Twitter	6.584863	7.901521	NaN	NaN	30.755094	0.000000
276	Spectrogram 1	1	2691.850000	2691.940000	4000.000000	18000.000000	8000.000000	Trill	9.946227	14.142916	NaN	NaN	29.757080	0.000000
277	Spectrogram 1	1	2697.420000	2697.460000	4000.000000	18000.000000	8000.000000	Trill	10.662465	12.972433	NaN	NaN	45.379355	0.000000
278	Spectrogram 1	1	2697.850000	2698.390000	4000.000000	18000.000000	8000.000000	Trill	12.504542	24.263712	NaN	NaN	105.950144	0.000000
279	Spectrogram 1	1	2700.400000	2700.570000	4000.000000	18000.000000	8000.000000	Trillphee	6.024241	13.931119	NaN	NaN	29.869771	0.000000
280	Spectrogram 1	1	2708.020000	2708.420000	4000.000000	18000.000000	8000.000000	Trill	9.327691	23.720175	NaN	NaN	54.448909	0.000000
281	Spectrogram 1	1	2710.010000	2710.880000	4000.000000	18000.000000	8000.000000	Trill	8.145997	24.938614	NaN	NaN	79.599070	0.000000
282	Spectrogram 1	1	2716.710000	2717.100000	4000.000000	18000.000000	8000.000000	Trill	11.993086	24.857052	NaN	NaN	90.399324	0.000000
283	Spectrogram 1	1	2744.130000	2745.380000	4000.000000	18000.000000	8000.000000	Phee	12.601329	26.894640	NaN	NaN	51.755002	0.000000
284	Spectrogram 1	1	2745.570000	2746.470000	4000.000000	18000.000000	8000.000000	Phee	13.620124	30.000000	NaN	NaN	41.348712	0.000000
285	Spectrogram 1	1	2746.650000	2747.600000	4000.000000	18000.000000	8000.000000	Phee	14.081206	30.000000	NaN	NaN	48.178478	0.000000
286	Spectrogram 1	1	2789.780000	2789.830000	4000.000000	18000.000000	8000.000000	Trill	7.885006	9.824115	NaN	NaN	31.192845	0.000000
287	Spectrogram 1	1	2790.290000	2790.330000	4000.000000	18000.000000	8000.000000	Trill	4.092100	11.254048	NaN	NaN	33.235404	0.000000
288	Spectrogram 1	1	2790.930000	2791.260000	4000.000000	18000.000000	8000.000000	Trill	5.775403	15.393478	NaN	NaN	49.544149	0.000000
289	Spectrogram 1	1	2808.730000	2809.020000	4000.000000	18000.000000	8000.000000	Trill	10.830368	22.456780	NaN	NaN	75.215977	0.000000
290	Spectrogram 1	1	2812.480000	2812.580000	4000.000000	18000.000000	8000.000000	Trill	11.016157	13.714187	NaN	NaN	35.796887	0.000000
291	Spectrogram 1	1	2813.280000	2813.610000	4000.000000	18000.000000	8000.000000	Trill	10.242400	21.049538	NaN	NaN	84.983977	0.000000
292	Spectrogram 1	1	2856.760000	2857.060000	4000.000000	18000.000000	8000.000000	Trill	9.837416	22.056695	NaN	NaN	80.141068	0.000000
293	Spectrogram 1	1	2885.190000	2885.830000	4000.000000	18000.000000	8000.000000	Trill	9.273077	22.159054	NaN	NaN	95.056058	0.000000
294	Spectrogram 1	1	2889.310000	2889.660000	4000.000000	18000.000000	8000.000000	Trill	8.105169	16.577444	NaN	NaN	68.489186	0.000000
295	Spectrogram 1	1	2892.220000	2892.520000	4000.000000	18000.000000	8000.000000	Trill	9.768058	20.008410	NaN	NaN	70.019648	0.000000
296	Spectrogram 1	1	2903.640000	2903.940000	4000.000000	18000.000000	8000.000000	Trill	8.856680	16.276855	NaN	NaN	70.328571	0.000000
297	Spectrogram 1	1	2913.630000	2914.030000	4000.000000	18000.000000	8000.000000	Trill	10.109922	18.312060	NaN	NaN	85.873651	0.000000
298	Spectrogram 1	1	2939.100000	2939.130000	4000.000000	18000.000000	8000.000000	Trill	5.060047	6.960578	NaN	NaN	32.208480	0.000000
299	Spectrogram 1	1	2985.600000	2985.850000	4000.000000	18000.000000	8000.000000	Trill	9.209298	19.426671	NaN	NaN	83.169758	0.000000
300	Spectrogram 1	1	2995.550000	2995.910000	4000.000000	18000.000000	8000.000000	Trill	10.137556	24.124128	NaN	NaN	92.418597	0.000000
301	Spectrogram 1	1	3021.780000	3022.070000	4000.000000	18000.000000	8000.000000	Trill	9.891081	21.929208	NaN	NaN	72.236644	0.000000
302	Spectrogram 1	1	3213.860000	3214.030000	4000.000000	18000.000000	8000.000000	Trill	13.419770	21.360176	NaN	NaN	90.723656	0.000000
303	Spectrogram 1	1	3303.360000	3303.400000	4000.000000	18000.000000	8000.000000	Trillphee	11.026134	14.571618	NaN	NaN	34.412772	0.000000
304	Spectrogram 1	1	3309.790000	3309.850000	4000.000000	18000.000000	8000.000000	Trill	9.888173	10.986223	NaN	NaN	33.907885	0.000000
305	Spectrogram 1	1	3321.520000	3321.540000	4000.000000	18000.000000	8000.000000	Twitter	5.295114	9.193478	NaN	NaN	32.050892	0.000000
306	Spectrogram 1	1	3329.600000	3329.640000	4000.000000	18000.000000	8000.000000	Trill	8.396683	11.145415	NaN	NaN	33.476031	0.000000
307	Spectrogram 1	1	3337.290000	3337.340000	4000.000000	18000.000000	8000.000000	Phee	8.342424	11.327979	NaN	NaN	29.220738	0.000000
308	Spectrogram 1	1	3338.650000	3338.670000	4000.000000	18000.000000	8000.000000	Sd-peep	9.150375	12.020969	NaN	NaN	33.745476	0.000000
309	Spectrogram 1	1	3339.080000	3339.110000	4000.000000	18000.000000	8000.000000	Trill	7.295938	10.881318	NaN	NaN	32.488266	0.000000
310	Spectrogram 1	1	3341.700000	3341.890000	4000.000000	18000.000000	8000.000000	Trill	5.663918	14.558609	NaN	NaN	45.724012	0.000000
311	Spectrogram 1	1	3363.910000	3364.100000	4000.000000	18000.000000	8000.000000	Trill	5.636878	13.625443	NaN	NaN	42.726625	0.000000
312	Spectrogram 1	1	3370.320000	3370.560000	4000.000000	18000.000000	8000.000000	Trill	4.470671	16.607491	NaN	NaN	49.508198	0.000000
313	Spectrogram 1	1	3379.560000	3379.600000	4000.000000	18000.000000	8000.000000	Trillphee	12.423617	15.614940	NaN	NaN	29.774808	0.000000
314	Spectrogram 1	1	3534.150000	3534.170000	4000.000000	18000.000000	8000.000000	Trill	8.553476	11.799267	NaN	NaN	33.992961	0.000000
315	Spectrogram 1	1	3794.200000	3794.230000	4000.000000	18000.000000	8000.000000	Trillphee	9.054013	14.982500	NaN	NaN	33.658775	0.000000
316	Spectrogram 1	1	3795.570000	3795.600000	4000.000000	18000.000000	8000.000000	Phee	8.598643	12.815739	NaN	NaN	43.346978	0.000000
317	Spectrogram 1	1	3797.500000	3797.550000	4000.000000	18000.000000	8000.000000	Trill	4.904207	8.490995	NaN	NaN	32.659015	0.000000
318	Spectrogram 1	1	3818.800000	3818.890000	4000.000000	18000.000000	8000.000000	Trillphee	10.918480	17.317670	NaN	NaN	31.822205	0.000000
319	Spectrogram 1	1	3818.940000	3818.970000	4000.000000	18000.000000	8000.000000	Trill	12.677305	14.053887	NaN	NaN	32.195795	0.000000
320	Spectrogram 1	1	3883.800000	3883.830000	4000.000000	18000.000000	8000.000000	Phee	6.542074	11.156799	NaN	NaN	31.061040	0.000000
321	Spectrogram 1	1	3931.610000	3931.630000	4000.000000	18000.000000	8000.000000	Sd-peep	6.003885	8.869081	NaN	NaN	33.049292	0.000000
322	Spectrogram 1	1	3975.170000	3975.210000	4000.000000	18000.000000	8000.000000	Phee	9.269482	13.136137	NaN	NaN	38.385567	0.000000
323	Spectrogram 1	1	4040.840000	4040.860000	4000.000000	18000.000000	8000.000000	Sd-peep	7.301406	11.624848	NaN	NaN	30.323405	0.000000
324	Spectrogram 1	1	4041.380000	4041.400000	4000.000000	18000.000000	8000.000000	Sd-peep	7.624284	10.781881	NaN	NaN	32.371066	0.000000
325	Spectrogram 1	1	4041.590000	4041.610000	4000.000000	18000.000000	8000.000000	Sd-peep	8.724590	13.135742	NaN	NaN	39.374942	0.000000
326	Spectrogram 1	1	4042.630000	4042.650000	4000.000000	18000.000000	8000.000000	Sd-peep	8.173198	12.843441	NaN	NaN	34.064405	0.000000
327	Spectrogram 1	1	4042.840000	4042.860000	4000.000000	18000.000000	8000.000000	Trill	8.228052	11.274703	NaN	NaN	38.304636	0.000000
328	Spectrogram 1	1	4042.970000	4042.990000	4000.000000	18000.000000	8000.000000	Trill	6.394964	9.128772	NaN	NaN	30.443467	0.000000
329	Spectrogram 1	1	4043.290000	4043.310000	4000.000000	18000.000000	8000.000000	Sd-peep	7.162478	12.111219	NaN	NaN	39.270890	0.000000
330	Spectrogram 1	1	4043.840000	4043.860000	4000.000000	18000.000000	8000.000000	Trill	8.640539	11.646944	NaN	NaN	35.164989	0.000000
331	Spectrogram 1	1	4043.950000	4043.970000	4000.000000	18000.000000	8000.000000	Phee	8.542433	11.762948	NaN	NaN	34.445814	0.000000
332	Spectrogram 1	1	4044.160000	4044.180000	4000.000000	18000.000000	8000.000000	Trill	7.812509	11.616147	NaN	NaN	31.619287	0.000000
333	Spectrogram 1	1	4044.470000	4044.490000	4000.000000	18000.000000	8000.000000	Trill	7.554161	12.762162	NaN	NaN	32.728548	0.000000
334	Spectrogram 1	1	4045.070000	4045.090000	4000.000000	18000.000000	8000.000000	Sd-peep	6.828886	12.783443	NaN	NaN	31.314741	0.000000
335	Spectrogram 1	1	4045.360000	4045.380000	4000.000000	18000.000000	8000.000000	Trill	6.757681	11.814061	NaN	NaN	33.197987	0.000000
336	Spectrogram 1	1	4045.770000	4045.790000	4000.000000	18000.000000	8000.000000	Sd-peep	6.752820	10.366868	NaN	NaN	32.809451	0.000000
337	Spectrogram 1	1	4046.170000	4046.200000	4000.000000	18000.000000	8000.000000	Trill	5.917835	9.896428	NaN	NaN	29.967695	0.000000
338	Spectrogram 1	1	4046.470000	4046.490000	4000.000000	18000.000000	8000.000000	Sd-peep	8.679561	12.498443	NaN	NaN	38.612454	0.000000
339	Spectrogram 1	1	4046.570000	4046.590000	4000.000000	18000.000000	8000.000000	Trill	6.098992	10.778767	NaN	NaN	30.491540	0.000000
340	Spectrogram 1	1	4046.880000	4046.900000	4000.000000	18000.000000	8000.000000	Trill	7.076828	11.337449	NaN	NaN	39.478971	0.000000
341	Spectrogram 1	1	4055.780000	4055.860000	4000.000000	18000.000000	8000.000000	Trillphee	8.140935	11.218356	NaN	NaN	35.541507	0.000000
342	Spectrogram 1	1	4057.830000	4057.850000	4000.000000	18000.000000	8000.000000	Trill	9.527080	11.878013	NaN	NaN	35.303627	0.000000
343	Spectrogram 1	1	4077.310000	4077.350000	4000.000000	18000.000000	8000.000000	Trill	5.209158	8.826146	NaN	NaN	31.357868	0.000000
344	Spectrogram 1	1	4130.360000	4130.400000	4000.000000	18000.000000	8000.000000	Trill	9.134571	11.735117	NaN	NaN	29.368016	0.000000
345	Spectrogram 1	1	4140.880000	4140.900000	4000.000000	18000.000000	8000.000000	Twitter	6.233506	9.223939	NaN	NaN	30.687396	0.000000
346	Spectrogram 1	1	4249.490000	4249.520000	4000.000000	18000.000000	8000.000000	Trill	5.082406	8.312185	NaN	NaN	31.390409	0.000000
347	Spectrogram 1	1	4266.120000	4266.440000	4000.000000	18000.000000	8000.000000	Trill	10.584687	21.104128	NaN	NaN	81.341182	0.000000
348	Spectrogram 1	1	4273.540000	4273.570000	4000.000000	18000.000000	8000.000000	Phee	11.540956	12.436902	NaN	NaN	34.402275	0.000000
349	Spectrogram 1	1	4274.010000	4274.050000	4000.000000	18000.000000	8000.000000	Trill	12.335866	13.448637	NaN	NaN	37.040215	0.000000
350	Spectrogram 1	1	4274.120000	4274.170000	4000.000000	18000.000000	8000.000000	Trill	10.590263	12.542163	NaN	NaN	36.211570	0.000000
351	Spectrogram 1	1	4274.230000	4274.270000	4000.000000	18000.000000	8000.000000	Trill	12.577673	14.791431	NaN	NaN	35.673422	0.000000
352	Spectrogram 1	1	4274.440000	4274.480000	4000.000000	18000.000000	8000.000000	Phee	12.691664	14.948254	NaN	NaN	29.398016	0.000000
353	Spectrogram 1	1	4274.550000	4274.590000	4000.000000	18000.000000	8000.000000	Trillphee	11.442188	13.669128	NaN	NaN	31.523995	0.000000
354	Spectrogram 1	1	4275.840000	4275.870000	4000.000000	18000.000000	8000.000000	Phee	10.934677	11.292998	NaN	NaN	33.154931	0.000000
355	Spectrogram 1	1	4277.520000	4277.780000	4000.000000	18000.000000	8000.000000	Trill	8.833872	16.603552	NaN	NaN	51.312558	0.000000
356	Spectrogram 1	1	4280.380000	4280.410000	4000.000000	18000.000000	8000.000000	Trill	8.298570	10.521596	NaN	NaN	29.183071	0.000000
357	Spectrogram 1	1	4280.610000	4280.640000	4000.000000	18000.000000	8000.000000	Trill	9.105750	11.233034	NaN	NaN	31.441896	0.000000
358	Spectrogram 1	1	4280.820000	4280.850000	4000.000000	18000.000000	8000.000000	Phee	10.835471	14.256660	NaN	NaN	30.129463	0.000000
359	Spectrogram 1	1	4280.910000	4280.960000	4000.000000	18000.000000	8000.000000	Trillphee	8.022609	11.184530	NaN	NaN	29.429089	0.000000
360	Spectrogram 1	1	4281.030000	4281.070000	4000.000000	18000.000000	8000.000000	Trill	9.899871	12.234926	NaN	NaN	29.907820	0.000000
361	Spectrogram 1	1	4286.990000	4287.080000	4000.000000	18000.000000	8000.000000	Trill	10.165277	11.030456	NaN	NaN	28.734434	0.000000
362	Spectrogram 1	1	4298.490000	4298.840000	4000.000000	18000.000000	8000.000000	Trill	13.665393	23.126945	NaN	NaN	74.904059	0.000000
363	Spectrogram 1	1	4305.930000	4306.260000	4000.000000	18000.000000	8000.000000	Trill	11.311979	21.059659	NaN	NaN	74.248125	0.000000
364	Spectrogram 1	1	4354.490000	4354.590000	4000.000000	18000.000000	8000.000000	Phee	10.557908	11.462719	NaN	NaN	32.496768	0.000000
365	Spectrogram 1	1	4355.150000	4355.210000	4000.000000	18000.000000	8000.000000	Trillphee	9.913771	15.062699	NaN	NaN	28.510345	0.000000
366	Spectrogram 1	1	4355.710000	4355.740000	4000.000000	18000.000000	8000.000000	Trill	6.259494	11.760584	NaN	NaN	32.275385	0.000000
367	Spectrogram 1	1	4355.860000	4355.970000	4000.000000	18000.000000	8000.000000	Trill	6.784188	8.164980	NaN	NaN	30.240985	0.000000
368	Spectrogram 1	1	4441.190000	4441.230000	4000.000000	18000.000000	8000.000000	Trill	8.734235	11.874316	NaN	NaN	30.294514	0.000000
369	Spectrogram 1	1	4457.670000	4457.990000	4000.000000	18000.000000	8000.000000	Trill	15.026604	22.467981	NaN	NaN	110.422446	0.000000
370	Spectrogram 1	1	4460.390000	4460.710000	4000.000000	18000.000000	8000.000000	Trill	16.498723	22.647131	NaN	NaN	119.418076	0.000000
371	Spectrogram 1	1	4530.570000	4530.590000	4000.000000	18000.000000	8000.000000	Sd-peep	7.261252	10.446063	NaN	NaN	33.920116	0.000000
372	Spectrogram 1	1	4604.120000	4604.370000	4000.000000	18000.000000	8000.000000	Trill	9.449657	18.230244	NaN	NaN	74.360168	0.000000
373	Spectrogram 1	1	4769.060000	4769.270000	4000.000000	18000.000000	8000.000000	Trill	16.099266	22.497326	NaN	NaN	111.808539	0.000000
374	Spectrogram 1	1	4772.400000	4772.700000	4000.000000	18000.000000	8000.000000	Trill	10.446893	17.898716	NaN	NaN	71.276933	0.000000
375	Spectrogram 1	1	4786.780000	4787.090000	4000.000000	18000.000000	8000.000000	Trill	9.207087	18.171741	NaN	NaN	49.194673	0.000000
376	Spectrogram 1	1	4795.060000	4795.450000	4000.000000	18000.000000	8000.000000	Trill	12.105235	21.537480	NaN	NaN	69.248126	0.000000
377	Spectrogram 1	1	4801.280000	4801.340000	4000.000000	18000.000000	8000.000000	Trill	5.552464	10.235019	NaN	NaN	32.077435	0.000000
378	Spectrogram 1	1	4801.390000	4801.410000	4000.000000	18000.000000	8000.000000	Sd-peep	10.653100	12.420852	NaN	NaN	32.539464	0.000000
379	Spectrogram 1	1	4808.540000	4808.570000	4000.000000	18000.000000	8000.000000	Phee	4.584166	7.850919	NaN	NaN	34.537713	0.000000
380	Spectrogram 1	1	4816.230000	4816.620000	4000.000000	18000.000000	8000.000000	Trill	14.643928	24.046741	NaN	NaN	110.057405	0.000000
381	Spectrogram 1	1	4819.700000	4819.720000	4000.000000	18000.000000	8000.000000	Sd-peep	9.208020	11.992991	NaN	NaN	31.136506	0.000000
382	Spectrogram 1	1	4821.180000	4821.960000	4000.000000	18000.000000	8000.000000	Trill	7.161027	18.170415	NaN	NaN	45.562736	0.000000
383	Spectrogram 1	1	4828.340000	4828.370000	4000.000000	18000.000000	8000.000000	Trill	4.155136	8.451819	NaN	NaN	42.636189	0.000000
384	Spectrogram 1	1	4837.250000	4838.280000	4000.000000	18000.000000	8000.000000	Trill	8.445692	25.318264	NaN	NaN	59.183708	0.000000
385	Spectrogram 1	1	4838.660000	4839.980000	4000.000000	18000.000000	8000.000000	Trillphee	7.842035	25.733882	NaN	NaN	47.800111	0.000000
386	Spectrogram 1	1	4849.390000	4849.630000	4000.000000	18000.000000	8000.000000	Trill	6.019271	12.338936	NaN	NaN	45.061368	0.000000
387	Spectrogram 1	1	4860.990000	4861.010000	4000.000000	18000.000000	8000.000000	Sd-peep	13.166890	13.103029	NaN	NaN	34.033897	0.000000
388	Spectrogram 1	1	4863.230000	4863.490000	4000.000000	18000.000000	8000.000000	Trill	9.950301	20.297564	NaN	NaN	51.622188	0.000000
389	Spectrogram 1	1	4881.610000	4881.840000	4000.000000	18000.000000	8000.000000	Trill	13.605076	22.073428	NaN	NaN	75.113785	0.000000
390	Spectrogram 1	1	4884.810000	4885.630000	4000.000000	18000.000000	8000.000000	Trill	13.333136	23.946950	NaN	NaN	86.617552	0.000000
391	Spectrogram 1	1	4914.460000	4914.830000	4000.000000	18000.000000	8000.000000	Trill	6.001945	18.159236	NaN	NaN	55.555304	0.000000
