Selection	View	Channel	Begin Time (s)	End Time (s)	Low Freq (Hz)	High Freq (Hz)	Max Freq (Hz)	Call Type	Energy Diff	Energy Par	Energy Diff (wl)	Energy Par (wl)	AHR	Exception
1	Spectrogram 1	1	22.360000	23.150000	4000.000000	18000.000000	8000.000000	Trillphee	6.047445	14.134462	NaN	NaN	63.349560	0.000000
2	Spectrogram 1	1	23.380000	23.790000	4000.000000	18000.000000	8000.000000	Trillphee	8.055761	18.386580	NaN	NaN	85.025527	0.000000
3	Spectrogram 1	1	23.960000	24.080000	4000.000000	18000.000000	8000.000000	Trill	5.860975	14.574334	NaN	NaN	63.638758	0.000000
4	Spectrogram 1	1	24.300000	24.490000	4000.000000	18000.000000	8000.000000	Phee	6.287192	14.633531	NaN	NaN	62.985161	0.000000
5	Spectrogram 1	1	24.530000	24.970000	4000.000000	18000.000000	8000.000000	Trillphee	6.259335	17.191831	NaN	NaN	68.248568	0.000000
6	Spectrogram 1	1	809.310000	809.390000	4000.000000	18000.000000	8000.000000	Trill	6.477278	11.817999	NaN	NaN	40.919612	0.000000
7	Spectrogram 1	1	810.250000	810.280000	4000.000000	18000.000000	8000.000000	Twitter	7.940767	18.839880	NaN	NaN	45.781098	0.000000
8	Spectrogram 1	1	932.520000	932.660000	4000.000000	18000.000000	8000.000000	Trill	5.392022	9.650159	NaN	NaN	66.947616	0.000000
9	Spectrogram 1	1	1308.510000	1308.560000	4000.000000	18000.000000	8000.000000	Trill	5.439412	8.603792	NaN	NaN	35.658208	0.000000
10	Spectrogram 1	1	1319.380000	1319.670000	4000.000000	18000.000000	8000.000000	Trillphee	6.387525	13.941485	NaN	NaN	60.555268	0.000000
11	Spectrogram 1	1	1320.210000	1320.520000	4000.000000	18000.000000	8000.000000	Phee	6.700278	16.621764	NaN	NaN	66.910740	0.000000
12	Spectrogram 1	1	1320.760000	1320.920000	4000.000000	18000.000000	8000.000000	Trill	6.829680	11.026553	NaN	NaN	50.159436	0.000000
13	Spectrogram 1	1	1559.510000	1559.560000	4000.000000	18000.000000	8000.000000	Trill	7.633464	13.427142	NaN	NaN	57.842226	0.000000
14	Spectrogram 1	1	1560.010000	1560.920000	4000.000000	18000.000000	8000.000000	Trillphee	8.489168	16.224739	NaN	NaN	69.616204	0.000000
15	Spectrogram 1	1	1560.970000	1561.040000	4000.000000	18000.000000	8000.000000	Phee	8.142551	13.536525	NaN	NaN	68.351802	0.000000
16	Spectrogram 1	1	1561.190000	1561.270000	4000.000000	18000.000000	8000.000000	Trillphee	7.785488	14.104079	NaN	NaN	67.180890	0.000000
17	Spectrogram 1	1	1561.460000	1561.520000	4000.000000	18000.000000	8000.000000	Trill	5.060887	8.201957	NaN	NaN	60.026430	0.000000
18	Spectrogram 1	1	1844.780000	1844.860000	4000.000000	18000.000000	8000.000000	Phee	4.415585	23.474381	NaN	NaN	79.156646	0.000000
19	Spectrogram 1	1	2468.800000	2469.050000	4000.000000	18000.000000	8000.000000	Phee	5.140000	12.614479	NaN	NaN	58.650164	0.000000
20	Spectrogram 1	1	2469.160000	2469.380000	4000.000000	18000.000000	8000.000000	Trillphee	6.006190	14.583758	NaN	NaN	55.240661	0.000000
21	Spectrogram 1	1	3133.850000	3134.380000	4000.000000	18000.000000	8000.000000	Phee	7.405990	14.543408	NaN	NaN	70.070593	0.000000
22	Spectrogram 1	1	3134.510000	3135.820000	4000.000000	18000.000000	8000.000000	Phee	8.353093	17.032508	NaN	NaN	78.664353	0.000000
23	Spectrogram 1	1	3136.010000	3136.110000	4000.000000	18000.000000	8000.000000	Trill	7.720839	12.319024	NaN	NaN	66.874935	0.000000
24	Spectrogram 1	2	195.690000	195.710000	4000.000000	18000.000000	8000.000000	Tse	6.944633	17.848870	NaN	NaN	44.791271	0.000000
25	Spectrogram 1	2	195.930000	195.970000	4000.000000	18000.000000	8000.000000	Twitter	5.635709	15.509499	NaN	NaN	54.789740	0.000000
26	Spectrogram 1	2	199.540000	199.910000	4000.000000	18000.000000	8000.000000	Twitter	6.502232	15.632585	NaN	NaN	41.898162	0.000000
27	Spectrogram 1	2	483.030000	483.170000	4000.000000	18000.000000	8000.000000	Trill	5.149033	10.418706	NaN	NaN	37.702930	0.000000
28	Spectrogram 1	2	788.790000	789.270000	4000.000000	18000.000000	8000.000000	Trill	5.457117	11.156059	NaN	NaN	36.775004	0.000000
29	Spectrogram 1	2	791.270000	791.290000	4000.000000	18000.000000	8000.000000	Twitter	7.760500	16.190991	NaN	NaN	52.378546	0.000000
30	Spectrogram 1	2	1308.960000	1309.050000	4000.000000	18000.000000	8000.000000	Tse	5.925346	12.248173	NaN	NaN	39.543677	0.000000
31	Spectrogram 1	2	1309.090000	1310.080000	4000.000000	18000.000000	8000.000000	Twitter	6.272934	14.461959	NaN	NaN	39.100917	0.000000
32	Spectrogram 1	2	1545.550000	1545.590000	4000.000000	18000.000000	8000.000000	Trill	4.983963	8.892364	NaN	NaN	41.811989	0.000000
33	Spectrogram 1	2	1629.900000	1631.200000	4000.000000	18000.000000	8000.000000	Phee	6.329883	28.152197	NaN	NaN	67.468259	0.000000
34	Spectrogram 1	2	1631.560000	1632.740000	4000.000000	18000.000000	8000.000000	Phee	6.545973	29.309976	NaN	NaN	62.303595	0.000000
35	Spectrogram 1	2	1632.980000	1634.030000	4000.000000	18000.000000	8000.000000	Phee	5.915938	28.677755	NaN	NaN	61.430603	0.000000
36	Spectrogram 1	2	1654.650000	1654.710000	4000.000000	18000.000000	8000.000000	Twitter	5.456742	23.198718	NaN	NaN	73.091986	0.000000
37	Spectrogram 1	2	1654.720000	1655.160000	4000.000000	18000.000000	8000.000000	Phee	7.107414	31.533566	NaN	NaN	63.438470	0.000000
38	Spectrogram 1	2	1655.180000	1655.270000	4000.000000	18000.000000	8000.000000	Phee	8.453922	32.625187	NaN	NaN	64.244936	0.000000
39	Spectrogram 1	2	1655.340000	1655.420000	4000.000000	18000.000000	8000.000000	Phee	7.323832	32.702325	NaN	NaN	54.793450	0.000000
40	Spectrogram 1	2	1655.630000	1655.690000	4000.000000	18000.000000	8000.000000	Twitter	4.930735	23.811139	NaN	NaN	67.988313	0.000000
41	Spectrogram 1	2	1655.920000	1656.040000	4000.000000	18000.000000	8000.000000	Phee	5.668953	19.283118	NaN	NaN	71.876671	0.000000
42	Spectrogram 1	2	1656.320000	1657.360000	4000.000000	18000.000000	8000.000000	Phee	3.605436	27.659199	NaN	NaN	48.234283	0.000000
43	Spectrogram 1	2	1659.070000	1660.070000	4000.000000	18000.000000	8000.000000	Phee	4.401291	28.562458	NaN	NaN	56.446158	0.000000
44	Spectrogram 1	2	1676.250000	1676.350000	4000.000000	18000.000000	8000.000000	Phee	5.786411	25.907191	NaN	NaN	70.025886	0.000000
45	Spectrogram 1	2	1676.360000	1676.460000	4000.000000	18000.000000	8000.000000	Phee	4.902067	27.350383	NaN	NaN	55.351547	0.000000
46	Spectrogram 1	2	1676.490000	1676.630000	4000.000000	18000.000000	8000.000000	Phee	8.389777	32.406146	NaN	NaN	54.913525	0.000000
47	Spectrogram 1	2	1676.640000	1676.750000	4000.000000	18000.000000	8000.000000	Phee	9.186529	35.302841	NaN	NaN	53.106827	0.000000
48	Spectrogram 1	2	1676.790000	1676.840000	4000.000000	18000.000000	8000.000000	Phee	6.795794	30.718562	NaN	NaN	47.929693	0.000000
49	Spectrogram 1	2	1676.880000	1676.970000	4000.000000	18000.000000	8000.000000	Phee	7.428122	32.544728	NaN	NaN	53.914526	0.000000
50	Spectrogram 1	2	1678.070000	1679.040000	4000.000000	18000.000000	8000.000000	Phee	5.830350	27.830439	NaN	NaN	46.949114	0.000000
51	Spectrogram 1	2	1679.520000	1679.980000	4000.000000	18000.000000	8000.000000	Phee	6.942148	29.972187	NaN	NaN	54.173566	0.000000
52	Spectrogram 1	2	1680.010000	1680.520000	4000.000000	18000.000000	8000.000000	Phee	5.540529	27.546833	NaN	NaN	49.717147	0.000000
53	Spectrogram 1	2	1680.810000	1681.770000	4000.000000	18000.000000	8000.000000	Phee	6.585088	30.364511	NaN	NaN	58.320380	0.000000
54	Spectrogram 1	2	1699.460000	1700.400000	4000.000000	18000.000000	8000.000000	Phee	6.318580	29.277825	NaN	NaN	48.148572	0.000000
55	Spectrogram 1	2	1702.200000	1703.140000	4000.000000	18000.000000	8000.000000	Phee	5.436150	28.457683	NaN	NaN	50.696496	0.000000
56	Spectrogram 1	2	1703.310000	1704.310000	4000.000000	18000.000000	8000.000000	Phee	5.210425	27.847444	NaN	NaN	45.213039	0.000000
57	Spectrogram 1	2	1815.360000	1815.380000	4000.000000	18000.000000	8000.000000	Twitter	3.991088	11.884215	NaN	NaN	54.895958	0.000000
58	Spectrogram 1	2	1844.120000	1845.380000	4000.000000	18000.000000	8000.000000	Trillphee	5.164370	22.762182	NaN	NaN	78.180808	0.000000
59	Spectrogram 1	2	1863.550000	1863.620000	4000.000000	18000.000000	8000.000000	Trill	3.781447	13.901151	NaN	NaN	76.342988	0.000000
60	Spectrogram 1	2	1883.830000	1883.940000	4000.000000	18000.000000	8000.000000	Trill	4.519036	12.001706	NaN	NaN	47.298421	0.000000
61	Spectrogram 1	2	1884.480000	1884.730000	4000.000000	18000.000000	8000.000000	Trill	8.521688	14.575239	NaN	NaN	53.967839	0.000000
62	Spectrogram 1	2	1884.880000	1885.090000	4000.000000	18000.000000	8000.000000	Trill	7.282427	12.108782	NaN	NaN	54.643206	0.000000
63	Spectrogram 1	2	1888.190000	1888.400000	4000.000000	18000.000000	8000.000000	Trill	5.107061	14.237162	NaN	NaN	44.419170	0.000000
64	Spectrogram 1	2	1888.920000	1889.050000	4000.000000	18000.000000	8000.000000	Tse	7.224672	14.881927	NaN	NaN	66.404374	0.000000
65	Spectrogram 1	2	1892.940000	1892.980000	4000.000000	18000.000000	8000.000000	Twitter	5.759484	14.146533	NaN	NaN	57.119243	0.000000
66	Spectrogram 1	2	2361.750000	2361.780000	4000.000000	18000.000000	8000.000000	Twitter	8.748778	19.796675	NaN	NaN	56.076422	0.000000
67	Spectrogram 1	2	2363.900000	2364.400000	4000.000000	18000.000000	8000.000000	Trill	12.408316	20.712046	NaN	NaN	85.180003	0.000000
68	Spectrogram 1	2	2401.690000	2401.720000	4000.000000	18000.000000	8000.000000	Twitter	6.309290	16.177623	NaN	NaN	64.418736	0.000000
69	Spectrogram 1	2	2423.240000	2423.710000	4000.000000	18000.000000	8000.000000	Trill	4.939260	13.504735	NaN	NaN	42.058395	0.000000
70	Spectrogram 1	2	2427.670000	2427.710000	4000.000000	18000.000000	8000.000000	Twitter	7.133437	17.593118	NaN	NaN	49.223328	0.000000
71	Spectrogram 1	2	2522.570000	2522.710000	4000.000000	18000.000000	8000.000000	Trill	3.926028	11.321159	NaN	NaN	50.017212	0.000000
72	Spectrogram 1	2	2571.860000	2572.050000	4000.000000	18000.000000	8000.000000	Phee	5.827932	25.027230	NaN	NaN	79.918394	0.000000
73	Spectrogram 1	2	2572.060000	2572.510000	4000.000000	18000.000000	8000.000000	Phee	5.715028	31.569156	NaN	NaN	71.863311	0.000000
74	Spectrogram 1	2	2572.540000	2572.600000	4000.000000	18000.000000	8000.000000	Phee	7.287627	34.223510	NaN	NaN	57.733873	0.000000
75	Spectrogram 1	2	2572.620000	2572.820000	4000.000000	18000.000000	8000.000000	Phee	7.374654	33.954640	NaN	NaN	63.797812	0.000000
76	Spectrogram 1	2	2572.830000	2572.940000	4000.000000	18000.000000	8000.000000	Trill	5.056575	26.838969	NaN	NaN	62.719256	0.000000
77	Spectrogram 1	2	2573.390000	2574.480000	4000.000000	18000.000000	8000.000000	Phee	6.159502	29.405790	NaN	NaN	60.234140	0.000000
78	Spectrogram 1	2	2574.720000	2575.760000	4000.000000	18000.000000	8000.000000	Phee	6.491588	29.318906	NaN	NaN	61.311093	0.000000
79	Spectrogram 1	2	2586.220000	2587.180000	4000.000000	18000.000000	8000.000000	Phee	5.606539	28.662309	NaN	NaN	50.978592	0.000000
80	Spectrogram 1	2	2587.220000	2588.230000	4000.000000	18000.000000	8000.000000	Phee	5.181328	27.087653	NaN	NaN	47.159901	0.000000
81	Spectrogram 1	2	2588.590000	2589.640000	4000.000000	18000.000000	8000.000000	Phee	5.771324	28.031680	NaN	NaN	47.714944	0.000000
82	Spectrogram 1	2	2589.800000	2590.790000	4000.000000	18000.000000	8000.000000	Phee	4.995741	28.067506	NaN	NaN	47.809745	0.000000
83	Spectrogram 1	2	2598.540000	2598.560000	4000.000000	18000.000000	8000.000000	Twitter	6.273329	14.512332	NaN	NaN	47.230806	0.000000
84	Spectrogram 1	2	2598.760000	2598.780000	4000.000000	18000.000000	8000.000000	Tse	5.322071	12.541556	NaN	NaN	54.323807	0.000000
85	Spectrogram 1	2	2695.230000	2695.910000	4000.000000	18000.000000	8000.000000	Phee	3.481191	17.581323	NaN	NaN	64.336290	0.000000
86	Spectrogram 1	2	2744.320000	2744.920000	4000.000000	18000.000000	8000.000000	Trill	5.203952	11.106802	NaN	NaN	42.679756	0.000000
87	Spectrogram 1	2	2751.040000	2751.070000	4000.000000	18000.000000	8000.000000	Tse	5.036161	13.266412	NaN	NaN	55.143985	0.000000
88	Spectrogram 1	2	2760.060000	2760.100000	4000.000000	18000.000000	8000.000000	Twitter	7.205598	17.857136	NaN	NaN	50.181404	0.000000
89	Spectrogram 1	2	2760.180000	2760.220000	4000.000000	18000.000000	8000.000000	Twitter	5.645796	16.340479	NaN	NaN	53.997441	0.000000
90	Spectrogram 1	2	2760.510000	2760.540000	4000.000000	18000.000000	8000.000000	Twitter	6.763658	13.922323	NaN	NaN	61.025060	0.000000
91	Spectrogram 1	2	2785.290000	2786.310000	4000.000000	18000.000000	8000.000000	Phee	4.631409	27.945624	NaN	NaN	53.844031	0.000000
92	Spectrogram 1	2	2786.390000	2787.430000	4000.000000	18000.000000	8000.000000	Phee	5.349518	27.862982	NaN	NaN	44.500904	0.000000
93	Spectrogram 1	2	2787.740000	2787.850000	4000.000000	18000.000000	8000.000000	Phee	6.692866	32.617071	NaN	NaN	56.834902	0.000000
94	Spectrogram 1	2	2787.970000	2788.000000	4000.000000	18000.000000	8000.000000	Phee	4.457488	29.850706	NaN	NaN	45.644177	0.000000
95	Spectrogram 1	2	2788.290000	2788.540000	4000.000000	18000.000000	8000.000000	Phee	6.723426	34.140838	NaN	NaN	58.950470	0.000000
96	Spectrogram 1	2	2789.020000	2790.000000	4000.000000	18000.000000	8000.000000	Phee	4.359313	28.768955	NaN	NaN	58.046639	0.000000
97	Spectrogram 1	2	2803.570000	2804.580000	4000.000000	18000.000000	8000.000000	Phee	5.976729	28.869919	NaN	NaN	52.174771	0.000000
98	Spectrogram 1	2	2805.170000	2805.280000	4000.000000	18000.000000	8000.000000	Phee	4.084998	16.573263	NaN	NaN	70.127781	0.000000
99	Spectrogram 1	2	2805.590000	2806.570000	4000.000000	18000.000000	8000.000000	Phee	6.226916	30.474244	NaN	NaN	52.478577	0.000000
100	Spectrogram 1	2	2806.760000	2807.890000	4000.000000	18000.000000	8000.000000	Phee	4.809935	26.931936	NaN	NaN	46.922586	0.000000
101	Spectrogram 1	2	3002.350000	3002.470000	4000.000000	18000.000000	8000.000000	Phee	3.810147	10.956935	NaN	NaN	40.649698	0.000000
102	Spectrogram 1	2	3038.730000	3039.980000	4000.000000	18000.000000	8000.000000	Phee	7.206291	31.351476	NaN	NaN	78.033532	0.000000
103	Spectrogram 1	2	3040.010000	3040.560000	4000.000000	18000.000000	8000.000000	Phee	6.527435	30.155559	NaN	NaN	65.273249	0.000000
104	Spectrogram 1	2	3040.690000	3040.740000	4000.000000	18000.000000	8000.000000	P-peep	3.785041	7.311244	NaN	NaN	43.338628	0.000000
105	Spectrogram 1	2	3041.010000	3042.250000	4000.000000	18000.000000	8000.000000	Phee	5.919825	27.605060	NaN	NaN	77.096965	0.000000
106	Spectrogram 1	2	3042.360000	3042.470000	4000.000000	18000.000000	8000.000000	Trill	3.465198	11.608934	NaN	NaN	55.973196	0.000000
107	Spectrogram 1	2	3047.380000	3047.400000	4000.000000	18000.000000	8000.000000	Twitter	6.982710	16.107743	NaN	NaN	57.261086	0.000000
108	Spectrogram 1	2	3087.700000	3087.790000	4000.000000	18000.000000	8000.000000	Trill	4.374948	8.752037	NaN	NaN	37.063785	0.000000
109	Spectrogram 1	2	3174.290000	3174.550000	4000.000000	18000.000000	8000.000000	Trill	4.016584	11.222687	NaN	NaN	40.460774	0.000000
110	Spectrogram 1	2	3186.270000	3186.550000	4000.000000	18000.000000	8000.000000	Trill	4.884613	11.881715	NaN	NaN	46.821744	0.000000
111	Spectrogram 1	2	3197.580000	3199.440000	4000.000000	18000.000000	8000.000000	Phee	4.971842	28.535136	NaN	NaN	76.529751	0.000000
112	Spectrogram 1	2	3199.770000	3199.980000	4000.000000	18000.000000	8000.000000	Phee	5.478793	25.876934	NaN	NaN	85.731037	0.000000
113	Spectrogram 1	2	3200.010000	3201.110000	4000.000000	18000.000000	8000.000000	Phee	5.469150	29.035000	NaN	NaN	81.272548	0.000000
114	Spectrogram 1	2	3218.240000	3218.370000	4000.000000	18000.000000	8000.000000	Trillphee	5.181336	10.797896	NaN	NaN	41.965644	0.000000
115	Spectrogram 1	2	3220.540000	3220.610000	4000.000000	18000.000000	8000.000000	Trill	4.118889	9.756653	NaN	NaN	47.460380	0.000000
116	Spectrogram 1	2	3244.390000	3245.830000	4000.000000	18000.000000	8000.000000	Phee	5.371415	29.715332	NaN	NaN	75.284834	0.000000
117	Spectrogram 1	2	3246.490000	3246.580000	4000.000000	18000.000000	8000.000000	Twitter	5.869967	23.324530	NaN	NaN	75.750466	0.000000
118	Spectrogram 1	2	3246.590000	3246.790000	4000.000000	18000.000000	8000.000000	Phee	6.461163	30.338665	NaN	NaN	96.601270	0.000000
119	Spectrogram 1	2	3246.810000	3247.230000	4000.000000	18000.000000	8000.000000	Phee	6.799690	33.650154	NaN	NaN	87.351515	0.000000
120	Spectrogram 1	2	3247.250000	3247.290000	4000.000000	18000.000000	8000.000000	Phee	8.997991	35.960208	NaN	NaN	59.317644	0.000000
121	Spectrogram 1	2	3247.300000	3247.330000	4000.000000	18000.000000	8000.000000	Phee	8.941769	32.471288	NaN	NaN	63.153998	0.000000
122	Spectrogram 1	2	3247.380000	3247.410000	4000.000000	18000.000000	8000.000000	Phee	7.433070	29.758984	NaN	NaN	55.004111	0.000000
123	Spectrogram 1	2	3247.420000	3247.610000	4000.000000	18000.000000	8000.000000	Phee	8.097049	33.559209	NaN	NaN	76.630002	0.000000
124	Spectrogram 1	2	3248.010000	3249.040000	4000.000000	18000.000000	8000.000000	Phee	5.062605	25.034283	NaN	NaN	76.580845	0.000000
125	Spectrogram 1	2	3266.490000	3266.900000	4000.000000	18000.000000	8000.000000	Sd-peep	6.773129	14.458972	NaN	NaN	59.990940	0.000000
126	Spectrogram 1	2	3318.400000	3318.430000	4000.000000	18000.000000	8000.000000	Tse	6.067066	13.438799	NaN	NaN	52.166052	0.000000
127	Spectrogram 1	2	3320.200000	3320.280000	4000.000000	18000.000000	8000.000000	Trill	4.629329	9.995418	NaN	NaN	38.921269	0.000000
128	Spectrogram 1	2	3368.680000	3368.760000	4000.000000	18000.000000	8000.000000	Trill	4.390078	7.036826	NaN	NaN	36.763125	0.000000
129	Spectrogram 1	2	3384.150000	3385.810000	4000.000000	18000.000000	8000.000000	Phee	4.506393	26.407402	NaN	NaN	58.271955	0.000000
130	Spectrogram 1	2	3386.280000	3386.530000	4000.000000	18000.000000	8000.000000	Phee	4.707388	26.447537	NaN	NaN	71.684278	0.000000
131	Spectrogram 1	2	3386.590000	3386.910000	4000.000000	18000.000000	8000.000000	Phee	8.198287	36.056831	NaN	NaN	90.837395	0.000000
132	Spectrogram 1	2	3386.930000	3387.530000	4000.000000	18000.000000	8000.000000	Phee	6.407900	32.454441	NaN	NaN	76.703895	0.000000
133	Spectrogram 1	2	3402.250000	3402.290000	4000.000000	18000.000000	8000.000000	Trill	7.277251	11.365753	NaN	NaN	44.823703	0.000000
134	Spectrogram 1	3	11.130000	11.200000	4000.000000	18000.000000	8000.000000	Trill	4.443338	11.010136	NaN	NaN	47.831163	0.000000
135	Spectrogram 1	3	158.710000	159.300000	4000.000000	18000.000000	8000.000000	Trillphee	15.762528	24.579309	NaN	NaN	99.468549	0.000000
136	Spectrogram 1	3	159.400000	159.980000	4000.000000	18000.000000	8000.000000	Phee	15.830838	25.816965	NaN	NaN	114.390693	0.000000
137	Spectrogram 1	3	160.010000	160.090000	4000.000000	18000.000000	8000.000000	Trillphee	12.906663	21.116244	NaN	NaN	94.787129	0.000000
138	Spectrogram 1	3	160.210000	160.670000	4000.000000	18000.000000	8000.000000	Phee	14.801812	24.619508	NaN	NaN	114.230344	0.000000
139	Spectrogram 1	3	318.350000	318.390000	4000.000000	18000.000000	8000.000000	Trill	6.952956	9.757212	NaN	NaN	39.213205	0.000000
140	Spectrogram 1	3	606.250000	606.780000	4000.000000	18000.000000	8000.000000	Trill	5.383940	12.062282	NaN	NaN	53.899438	0.000000
141	Spectrogram 1	3	606.980000	607.390000	4000.000000	18000.000000	8000.000000	Trillphee	5.731977	12.926203	NaN	NaN	72.778346	0.000000
142	Spectrogram 1	3	607.550000	607.900000	4000.000000	18000.000000	8000.000000	Trillphee	5.832896	13.578418	NaN	NaN	74.689018	0.000000
143	Spectrogram 1	3	796.400000	796.420000	4000.000000	18000.000000	8000.000000	Tse	10.364838	20.231500	NaN	NaN	43.328798	0.000000
144	Spectrogram 1	3	796.650000	796.670000	4000.000000	18000.000000	8000.000000	Phee	14.552149	27.124185	NaN	NaN	51.299079	0.000000
145	Spectrogram 1	3	796.760000	796.790000	4000.000000	18000.000000	8000.000000	Twitter	12.332717	23.399036	NaN	NaN	52.434907	0.000000
146	Spectrogram 1	3	796.870000	796.900000	4000.000000	18000.000000	8000.000000	Twitter	10.859493	21.885516	NaN	NaN	65.578682	0.000000
147	Spectrogram 1	3	796.970000	797.010000	4000.000000	18000.000000	8000.000000	Trill	8.618931	15.155657	NaN	NaN	59.245190	0.000000
148	Spectrogram 1	3	797.080000	797.100000	4000.000000	18000.000000	8000.000000	Trill	8.328494	12.368004	NaN	NaN	62.120763	0.000000
149	Spectrogram 1	3	1311.140000	1311.480000	4000.000000	18000.000000	8000.000000	Trill	7.599098	12.473347	NaN	NaN	54.224188	0.000000
150	Spectrogram 1	3	1314.650000	1314.730000	4000.000000	18000.000000	8000.000000	Trill	8.017845	10.761803	NaN	NaN	45.756504	0.000000
151	Spectrogram 1	3	1314.940000	1315.000000	4000.000000	18000.000000	8000.000000	Trill	5.049086	10.253203	NaN	NaN	46.874580	0.000000
152	Spectrogram 1	3	1315.080000	1315.150000	4000.000000	18000.000000	8000.000000	Trill	4.554398	8.241948	NaN	NaN	42.324152	0.000000
153	Spectrogram 1	3	1315.230000	1315.260000	4000.000000	18000.000000	8000.000000	Trill	4.794429	7.903017	NaN	NaN	39.295811	0.000000
154	Spectrogram 1	3	1315.390000	1315.460000	4000.000000	18000.000000	8000.000000	Trill	4.746415	7.882384	NaN	NaN	49.906739	0.000000
155	Spectrogram 1	3	1349.460000	1349.700000	4000.000000	18000.000000	8000.000000	Trill	9.018227	12.563074	NaN	NaN	55.301376	0.000000
156	Spectrogram 1	3	1484.030000	1484.160000	4000.000000	18000.000000	8000.000000	Trill	9.614008	12.338337	NaN	NaN	54.859961	0.000000
157	Spectrogram 1	3	1552.030000	1552.130000	4000.000000	18000.000000	8000.000000	Trill	4.715047	7.503371	NaN	NaN	37.540553	0.000000
158	Spectrogram 1	3	1601.650000	1601.740000	4000.000000	18000.000000	8000.000000	Trill	7.182648	12.498571	NaN	NaN	44.953074	0.000000
159	Spectrogram 1	3	1650.740000	1651.330000	4000.000000	18000.000000	8000.000000	Trill	10.283519	15.038923	NaN	NaN	65.273014	0.000000
160	Spectrogram 1	3	1755.970000	1756.020000	4000.000000	18000.000000	8000.000000	Trill	6.040985	10.584909	NaN	NaN	36.492675	0.000000
161	Spectrogram 1	3	1759.030000	1759.430000	4000.000000	18000.000000	8000.000000	Trill	8.107512	11.046006	NaN	NaN	45.636858	0.000000
162	Spectrogram 1	3	1881.860000	1882.410000	4000.000000	18000.000000	8000.000000	Trill	6.473410	12.342313	NaN	NaN	46.003754	0.000000
163	Spectrogram 1	3	2351.450000	2351.880000	4000.000000	18000.000000	8000.000000	Trill	4.798877	9.433181	NaN	NaN	40.720360	0.000000
164	Spectrogram 1	3	2372.520000	2372.620000	4000.000000	18000.000000	8000.000000	Trill	5.231326	10.195886	NaN	NaN	45.046440	0.000000
165	Spectrogram 1	3	2421.730000	2422.170000	4000.000000	18000.000000	8000.000000	Trill	5.251647	9.610499	NaN	NaN	40.229570	0.000000
166	Spectrogram 1	3	2451.220000	2451.260000	4000.000000	18000.000000	8000.000000	Twitter	8.722727	21.517530	NaN	NaN	53.544550	0.000000
167	Spectrogram 1	3	2452.240000	2452.280000	4000.000000	18000.000000	8000.000000	Twitter	9.923543	18.806431	NaN	NaN	54.766512	0.000000
168	Spectrogram 1	3	2453.620000	2454.650000	4000.000000	18000.000000	8000.000000	Trill	9.000498	16.974314	NaN	NaN	67.847986	0.000000
169	Spectrogram 1	3	2489.380000	2490.060000	4000.000000	18000.000000	8000.000000	Phee	6.786525	23.835800	NaN	NaN	77.141648	0.000000
170	Spectrogram 1	3	2490.490000	2491.200000	4000.000000	18000.000000	8000.000000	Phee	6.018772	19.566162	NaN	NaN	58.281468	0.000000
171	Spectrogram 1	3	2593.900000	2594.260000	4000.000000	18000.000000	8000.000000	Trill	9.441524	18.645358	NaN	NaN	64.183369	0.000000
172	Spectrogram 1	3	2594.370000	2594.660000	4000.000000	18000.000000	8000.000000	Trill	8.567511	16.941137	NaN	NaN	57.619413	0.000000
173	Spectrogram 1	3	2610.900000	2611.460000	4000.000000	18000.000000	8000.000000	Trill	9.750239	17.039821	NaN	NaN	63.851513	0.000000
174	Spectrogram 1	3	2638.400000	2639.980000	4000.000000	18000.000000	8000.000000	Phee	13.129919	31.843840	NaN	NaN	112.264090	0.000000
175	Spectrogram 1	3	2640.010000	2640.330000	4000.000000	18000.000000	8000.000000	Phee	7.546595	20.553506	NaN	NaN	57.559158	0.000000
176	Spectrogram 1	3	2679.940000	2679.980000	4000.000000	18000.000000	8000.000000	Trill	11.848572	14.473338	NaN	NaN	34.962809	0.000000
177	Spectrogram 1	3	2760.880000	2760.910000	4000.000000	18000.000000	8000.000000	Twitter	10.446977	18.203879	NaN	NaN	61.025000	0.000000
178	Spectrogram 1	3	2761.010000	2761.030000	4000.000000	18000.000000	8000.000000	Tse	14.100221	22.904932	NaN	NaN	59.250605	0.000000
179	Spectrogram 1	3	2761.130000	2761.150000	4000.000000	18000.000000	8000.000000	Tse	13.950728	24.232046	NaN	NaN	58.254506	0.000000
180	Spectrogram 1	3	2761.250000	2761.280000	4000.000000	18000.000000	8000.000000	Twitter	12.825724	23.146423	NaN	NaN	55.283365	0.000000
181	Spectrogram 1	3	2761.370000	2761.400000	4000.000000	18000.000000	8000.000000	Twitter	15.138297	26.967263	NaN	NaN	54.661056	0.000000
182	Spectrogram 1	3	2761.490000	2761.520000	4000.000000	18000.000000	8000.000000	Twitter	12.599263	28.222318	NaN	NaN	46.355971	0.000000
183	Spectrogram 1	3	2761.610000	2761.630000	4000.000000	18000.000000	8000.000000	Twitter	14.828300	30.170146	NaN	NaN	52.475043	0.000000
184	Spectrogram 1	3	2761.730000	2761.760000	4000.000000	18000.000000	8000.000000	Twitter	14.397406	26.858947	NaN	NaN	54.755120	0.000000
185	Spectrogram 1	3	2761.840000	2761.870000	4000.000000	18000.000000	8000.000000	Twitter	9.989910	24.403176	NaN	NaN	58.080322	0.000000
186	Spectrogram 1	3	2820.200000	2820.880000	4000.000000	18000.000000	8000.000000	Trill	8.495575	15.234306	NaN	NaN	61.150078	0.000000
187	Spectrogram 1	3	2820.970000	2821.470000	4000.000000	18000.000000	8000.000000	Trillphee	7.297431	13.880681	NaN	NaN	64.911556	0.000000
188	Spectrogram 1	3	2821.640000	2822.020000	4000.000000	18000.000000	8000.000000	Phee	4.177251	10.612148	NaN	NaN	47.151799	0.000000
189	Spectrogram 1	3	3021.060000	3021.700000	4000.000000	18000.000000	8000.000000	Trill	12.018536	18.831873	NaN	NaN	78.522011	0.000000
190	Spectrogram 1	3	3106.050000	3106.100000	4000.000000	18000.000000	8000.000000	Trill	7.311734	16.278860	NaN	NaN	63.245612	0.000000
191	Spectrogram 1	3	3106.460000	3106.510000	4000.000000	18000.000000	8000.000000	P-peep	8.354435	20.133127	NaN	NaN	71.032771	0.000000
192	Spectrogram 1	3	3106.690000	3107.370000	4000.000000	18000.000000	8000.000000	Trillphee	10.337897	23.452206	NaN	NaN	79.871954	0.000000
193	Spectrogram 1	3	3107.510000	3107.980000	4000.000000	18000.000000	8000.000000	Phee	9.406845	19.626948	NaN	NaN	71.518450	0.000000
194	Spectrogram 1	3	3343.080000	3343.150000	4000.000000	18000.000000	8000.000000	Trill	11.963574	14.040193	NaN	NaN	52.180358	0.000000
195	Spectrogram 1	3	3438.020000	3438.190000	4000.000000	18000.000000	8000.000000	Trill	7.754958	9.325739	NaN	NaN	37.821394	0.000000
196	Spectrogram 1	3	3478.480000	3479.980000	4000.000000	18000.000000	8000.000000	Phee	14.224839	31.518337	NaN	NaN	124.518460	0.000000
197	Spectrogram 1	3	3480.010000	3480.180000	4000.000000	18000.000000	8000.000000	Trillphee	10.097158	22.444178	NaN	NaN	77.726085	0.000000
198	Spectrogram 1	4	69.630000	69.700000	4000.000000	18000.000000	8000.000000	Trill	4.745765	6.675257	NaN	NaN	38.314533	0.000000
199	Spectrogram 1	4	73.970000	74.090000	4000.000000	18000.000000	8000.000000	Trill	8.041820	10.253365	NaN	NaN	52.791512	0.000000
200	Spectrogram 1	4	152.720000	152.750000	4000.000000	18000.000000	8000.000000	Twitter	7.737498	21.776116	NaN	NaN	50.819636	0.000000
201	Spectrogram 1	4	152.870000	152.900000	4000.000000	18000.000000	8000.000000	Twitter	7.288283	20.643565	NaN	NaN	52.393251	0.000000
202	Spectrogram 1	4	163.640000	163.750000	4000.000000	18000.000000	8000.000000	Trill	6.230898	12.703788	NaN	NaN	51.308143	0.000000
203	Spectrogram 1	4	165.910000	166.010000	4000.000000	18000.000000	8000.000000	Trill	8.035735	10.891421	NaN	NaN	58.294956	0.000000
204	Spectrogram 1	4	168.390000	168.490000	4000.000000	18000.000000	8000.000000	Trill	5.464398	9.494346	NaN	NaN	39.230458	0.000000
205	Spectrogram 1	4	191.790000	191.830000	4000.000000	18000.000000	8000.000000	Twitter	11.622473	23.936055	NaN	NaN	60.891613	0.000000
206	Spectrogram 1	4	191.950000	191.990000	4000.000000	18000.000000	8000.000000	Twitter	11.661857	25.380251	NaN	NaN	52.641898	0.000000
207	Spectrogram 1	4	192.090000	192.130000	4000.000000	18000.000000	8000.000000	Twitter	12.751667	26.003415	NaN	NaN	56.236933	0.000000
208	Spectrogram 1	4	192.220000	192.270000	4000.000000	18000.000000	8000.000000	Twitter	11.330303	24.189616	NaN	NaN	58.574893	0.000000
209	Spectrogram 1	4	192.360000	192.410000	4000.000000	18000.000000	8000.000000	Twitter	11.596599	24.262307	NaN	NaN	61.782994	0.000000
210	Spectrogram 1	4	192.500000	192.560000	4000.000000	18000.000000	8000.000000	Twitter	10.508367	23.096438	NaN	NaN	57.725101	0.000000
211	Spectrogram 1	4	192.650000	192.710000	4000.000000	18000.000000	8000.000000	Twitter	10.654662	22.229601	NaN	NaN	69.357161	0.000000
212	Spectrogram 1	4	192.770000	192.840000	4000.000000	18000.000000	8000.000000	Twitter	5.499430	15.199702	NaN	NaN	61.634062	0.000000
213	Spectrogram 1	4	193.530000	193.560000	4000.000000	18000.000000	8000.000000	Twitter	10.063842	21.769664	NaN	NaN	49.702287	0.000000
214	Spectrogram 1	4	193.660000	193.700000	4000.000000	18000.000000	8000.000000	Twitter	10.536056	20.101059	NaN	NaN	57.867037	0.000000
215	Spectrogram 1	4	193.790000	193.830000	4000.000000	18000.000000	8000.000000	Twitter	9.893757	19.154022	NaN	NaN	57.785266	0.000000
216	Spectrogram 1	4	193.920000	193.960000	4000.000000	18000.000000	8000.000000	Twitter	8.566934	18.313184	NaN	NaN	59.153159	0.000000
217	Spectrogram 1	4	200.530000	200.840000	4000.000000	18000.000000	8000.000000	Trill	4.112050	9.211216	NaN	NaN	39.222205	0.000000
218	Spectrogram 1	4	201.590000	201.670000	4000.000000	18000.000000	8000.000000	Trill	6.371970	9.251338	NaN	NaN	42.648621	0.000000
219	Spectrogram 1	4	324.240000	324.360000	4000.000000	18000.000000	8000.000000	Trill	7.137095	9.353208	NaN	NaN	50.440921	0.000000
220	Spectrogram 1	4	407.280000	407.380000	4000.000000	18000.000000	8000.000000	Trill	7.795596	10.787362	NaN	NaN	51.742843	0.000000
221	Spectrogram 1	4	465.290000	465.390000	4000.000000	18000.000000	8000.000000	Trillphee	4.885935	10.266033	NaN	NaN	59.456064	0.000000
222	Spectrogram 1	4	470.390000	470.530000	4000.000000	18000.000000	8000.000000	Trill	8.164887	11.784956	NaN	NaN	63.515635	0.000000
223	Spectrogram 1	4	554.260000	554.350000	4000.000000	18000.000000	8000.000000	Trill	7.299618	8.648708	NaN	NaN	43.483258	0.000000
224	Spectrogram 1	4	595.350000	595.480000	4000.000000	18000.000000	8000.000000	Trill	6.526313	10.396651	NaN	NaN	56.867140	0.000000
225	Spectrogram 1	4	599.450000	599.530000	4000.000000	18000.000000	8000.000000	Trill	5.336285	8.739909	NaN	NaN	51.601219	0.000000
226	Spectrogram 1	4	601.760000	601.850000	4000.000000	18000.000000	8000.000000	Trill	7.266396	9.180954	NaN	NaN	48.161749	0.000000
227	Spectrogram 1	4	636.540000	636.650000	4000.000000	18000.000000	8000.000000	Trill	4.778934	8.307487	NaN	NaN	62.856081	0.000000
228	Spectrogram 1	4	786.200000	786.330000	4000.000000	18000.000000	8000.000000	Trill	6.222447	9.347207	NaN	NaN	45.624138	0.000000
229	Spectrogram 1	4	787.300000	787.660000	4000.000000	18000.000000	8000.000000	Trill	6.691385	8.989449	NaN	NaN	39.443905	0.000000
230	Spectrogram 1	4	789.680000	789.700000	4000.000000	18000.000000	8000.000000	Tse	5.373808	10.042549	NaN	NaN	55.581115	0.000000
231	Spectrogram 1	4	789.750000	789.780000	4000.000000	18000.000000	8000.000000	P-peep	7.532204	13.282397	NaN	NaN	56.628421	0.000000
232	Spectrogram 1	4	789.840000	789.870000	4000.000000	18000.000000	8000.000000	Twitter	13.557851	26.730377	NaN	NaN	54.290773	0.000000
233	Spectrogram 1	4	789.910000	789.940000	4000.000000	18000.000000	8000.000000	Twitter	7.271925	20.613632	NaN	NaN	47.134426	0.000000
234	Spectrogram 1	4	790.000000	790.020000	4000.000000	18000.000000	8000.000000	Twitter	11.627182	25.817885	NaN	NaN	46.022067	0.000000
235	Spectrogram 1	4	790.050000	790.070000	4000.000000	18000.000000	8000.000000	Twitter	7.406467	20.837431	NaN	NaN	49.216732	0.000000
236	Spectrogram 1	4	790.180000	790.220000	4000.000000	18000.000000	8000.000000	Twitter	5.649791	19.797629	NaN	NaN	49.074223	0.000000
237	Spectrogram 1	4	790.320000	790.350000	4000.000000	18000.000000	8000.000000	Twitter	5.143201	18.463700	NaN	NaN	49.774622	0.000000
238	Spectrogram 1	4	791.150000	791.280000	4000.000000	18000.000000	8000.000000	Trill	6.213894	9.546284	NaN	NaN	42.982267	0.000000
239	Spectrogram 1	4	797.680000	797.720000	4000.000000	18000.000000	8000.000000	Twitter	12.134165	21.534146	NaN	NaN	86.789391	0.000000
240	Spectrogram 1	4	797.830000	797.870000	4000.000000	18000.000000	8000.000000	Twitter	10.646814	18.285645	NaN	NaN	71.208370	0.000000
241	Spectrogram 1	4	797.950000	797.980000	4000.000000	18000.000000	8000.000000	Twitter	8.638941	13.609919	NaN	NaN	63.880561	0.000000
242	Spectrogram 1	4	812.710000	812.830000	4000.000000	18000.000000	8000.000000	Trill	8.492970	10.629495	NaN	NaN	46.080425	0.000000
243	Spectrogram 1	4	814.430000	815.030000	4000.000000	18000.000000	8000.000000	Phee	5.641384	11.429346	NaN	NaN	73.682702	0.000000
244	Spectrogram 1	4	908.440000	908.560000	4000.000000	18000.000000	8000.000000	Trill	6.026645	7.907323	NaN	NaN	43.109513	0.000000
245	Spectrogram 1	4	914.040000	914.190000	4000.000000	18000.000000	8000.000000	Phee	7.507966	18.668332	NaN	NaN	103.116385	0.000000
246	Spectrogram 1	4	1134.200000	1134.250000	4000.000000	18000.000000	8000.000000	Sd-peep	5.817934	8.166339	NaN	NaN	45.489547	0.000000
247	Spectrogram 1	4	1134.630000	1134.680000	4000.000000	18000.000000	8000.000000	Trill	6.391706	8.580867	NaN	NaN	48.265861	0.000000
248	Spectrogram 1	4	1134.860000	1134.900000	4000.000000	18000.000000	8000.000000	Trill	6.720958	8.339197	NaN	NaN	40.863048	0.000000
249	Spectrogram 1	4	1142.490000	1142.570000	4000.000000	18000.000000	8000.000000	Trill	5.132053	7.934157	NaN	NaN	44.159678	0.000000
250	Spectrogram 1	4	1144.340000	1144.440000	4000.000000	18000.000000	8000.000000	Trill	6.559011	9.169235	NaN	NaN	49.814253	0.000000
251	Spectrogram 1	4	1149.880000	1149.980000	4000.000000	18000.000000	8000.000000	Trill	7.769495	10.123615	NaN	NaN	50.900625	0.000000
252	Spectrogram 1	4	1150.080000	1150.670000	4000.000000	18000.000000	8000.000000	Trill	4.250115	6.646378	NaN	NaN	42.594902	0.000000
253	Spectrogram 1	4	1226.550000	1226.730000	4000.000000	18000.000000	8000.000000	Phee	6.209878	15.853208	NaN	NaN	80.620625	0.000000
254	Spectrogram 1	4	1246.390000	1246.580000	4000.000000	18000.000000	8000.000000	Trill	5.143294	6.914451	NaN	NaN	35.793307	0.000000
255	Spectrogram 1	4	1310.660000	1310.770000	4000.000000	18000.000000	8000.000000	Trill	6.126144	9.301471	NaN	NaN	49.760752	0.000000
256	Spectrogram 1	4	1322.730000	1322.840000	4000.000000	18000.000000	8000.000000	Trill	6.540230	8.853717	NaN	NaN	46.711937	0.000000
257	Spectrogram 1	4	1355.460000	1355.550000	4000.000000	18000.000000	8000.000000	Trill	6.362892	8.655785	NaN	NaN	50.137295	0.000000
258	Spectrogram 1	4	1360.460000	1360.480000	4000.000000	18000.000000	8000.000000	P-peep	7.679433	12.735992	NaN	NaN	52.718533	0.000000
259	Spectrogram 1	4	1360.610000	1360.640000	4000.000000	18000.000000	8000.000000	Twitter	7.550110	16.104172	NaN	NaN	52.775096	0.000000
260	Spectrogram 1	4	1360.760000	1360.790000	4000.000000	18000.000000	8000.000000	Twitter	6.432886	16.840642	NaN	NaN	51.334223	0.000000
261	Spectrogram 1	4	1360.900000	1360.930000	4000.000000	18000.000000	8000.000000	Twitter	7.352714	17.526338	NaN	NaN	62.003553	0.000000
262	Spectrogram 1	4	1361.030000	1361.070000	4000.000000	18000.000000	8000.000000	Trill	6.538219	14.960336	NaN	NaN	60.344326	0.000000
263	Spectrogram 1	4	1361.160000	1361.240000	4000.000000	18000.000000	8000.000000	Trill	4.605295	11.615299	NaN	NaN	48.530003	0.000000
264	Spectrogram 1	4	1373.030000	1373.110000	4000.000000	18000.000000	8000.000000	Trill	5.152035	8.506495	NaN	NaN	41.287016	0.000000
265	Spectrogram 1	4	1389.940000	1390.010000	4000.000000	18000.000000	8000.000000	Trill	5.476381	8.574724	NaN	NaN	37.595671	0.000000
266	Spectrogram 1	4	1390.050000	1390.090000	4000.000000	18000.000000	8000.000000	Twitter	12.076499	19.517945	NaN	NaN	67.459602	0.000000
267	Spectrogram 1	4	1390.200000	1390.240000	4000.000000	18000.000000	8000.000000	Twitter	8.182485	14.569655	NaN	NaN	62.985874	0.000000
268	Spectrogram 1	4	1391.260000	1391.300000	4000.000000	18000.000000	8000.000000	Twitter	11.519361	19.587335	NaN	NaN	64.885348	0.000000
269	Spectrogram 1	4	1391.390000	1391.430000	4000.000000	18000.000000	8000.000000	Twitter	10.715080	17.193787	NaN	NaN	65.804229	0.000000
270	Spectrogram 1	4	1391.520000	1391.550000	4000.000000	18000.000000	8000.000000	Trill	7.445971	10.688565	NaN	NaN	61.062791	0.000000
271	Spectrogram 1	4	1406.230000	1406.660000	4000.000000	18000.000000	8000.000000	Trill	3.855415	10.519290	NaN	NaN	49.228365	0.000000
272	Spectrogram 1	4	1415.400000	1415.540000	4000.000000	18000.000000	8000.000000	Trill	5.307629	7.972987	NaN	NaN	40.098900	0.000000
273	Spectrogram 1	4	1558.720000	1558.800000	4000.000000	18000.000000	8000.000000	Trill	6.313157	9.346205	NaN	NaN	53.053056	0.000000
274	Spectrogram 1	4	1634.220000	1634.260000	4000.000000	18000.000000	8000.000000	Twitter	10.149101	22.196617	NaN	NaN	54.735911	0.000000
275	Spectrogram 1	4	1634.370000	1634.390000	4000.000000	18000.000000	8000.000000	Twitter	12.497074	24.789268	NaN	NaN	56.383590	0.000000
276	Spectrogram 1	4	1634.510000	1634.550000	4000.000000	18000.000000	8000.000000	Twitter	11.167925	24.635037	NaN	NaN	51.870984	0.000000
277	Spectrogram 1	4	1634.660000	1634.690000	4000.000000	18000.000000	8000.000000	Twitter	11.020802	25.428826	NaN	NaN	51.059477	0.000000
278	Spectrogram 1	4	1634.800000	1634.840000	4000.000000	18000.000000	8000.000000	Twitter	10.125379	24.882992	NaN	NaN	53.668067	0.000000
279	Spectrogram 1	4	1634.950000	1634.980000	4000.000000	18000.000000	8000.000000	Twitter	9.287273	24.921183	NaN	NaN	58.078882	0.000000
280	Spectrogram 1	4	1635.030000	1635.060000	4000.000000	18000.000000	8000.000000	Twitter	8.392334	24.710849	NaN	NaN	53.805916	0.000000
281	Spectrogram 1	4	1635.090000	1635.120000	4000.000000	18000.000000	8000.000000	Twitter	6.028644	20.218532	NaN	NaN	49.193690	0.000000
282	Spectrogram 1	4	1635.170000	1635.210000	4000.000000	18000.000000	8000.000000	Twitter	8.921424	22.620703	NaN	NaN	61.940346	0.000000
283	Spectrogram 1	4	1635.320000	1635.370000	4000.000000	18000.000000	8000.000000	Twitter	9.294624	21.682387	NaN	NaN	66.389568	0.000000
284	Spectrogram 1	4	1635.490000	1635.530000	4000.000000	18000.000000	8000.000000	Twitter	6.661091	18.015020	NaN	NaN	51.009076	0.000000
285	Spectrogram 1	4	1647.550000	1647.590000	4000.000000	18000.000000	8000.000000	Twitter	7.358071	18.131353	NaN	NaN	53.246420	0.000000
286	Spectrogram 1	4	1647.700000	1647.730000	4000.000000	18000.000000	8000.000000	Twitter	6.547647	16.601284	NaN	NaN	50.513179	0.000000
287	Spectrogram 1	4	1647.850000	1647.890000	4000.000000	18000.000000	8000.000000	Twitter	7.905910	19.154382	NaN	NaN	54.890412	0.000000
288	Spectrogram 1	4	1648.000000	1648.040000	4000.000000	18000.000000	8000.000000	Twitter	7.554130	19.170002	NaN	NaN	56.883468	0.000000
289	Spectrogram 1	4	1648.150000	1648.190000	4000.000000	18000.000000	8000.000000	Twitter	6.856128	19.299761	NaN	NaN	56.351568	0.000000
290	Spectrogram 1	4	1648.290000	1648.330000	4000.000000	18000.000000	8000.000000	Twitter	6.251364	17.392127	NaN	NaN	53.031468	0.000000
291	Spectrogram 1	4	1648.430000	1648.470000	4000.000000	18000.000000	8000.000000	Twitter	6.333885	18.132732	NaN	NaN	59.462461	0.000000
292	Spectrogram 1	4	1648.560000	1648.600000	4000.000000	18000.000000	8000.000000	Twitter	5.371847	14.965479	NaN	NaN	60.660590	0.000000
293	Spectrogram 1	4	1653.340000	1653.470000	4000.000000	18000.000000	8000.000000	Trill	6.089664	8.809283	NaN	NaN	38.256833	0.000000
294	Spectrogram 1	4	1662.370000	1662.510000	4000.000000	18000.000000	8000.000000	Trill	4.996624	9.136587	NaN	NaN	48.468071	0.000000
295	Spectrogram 1	4	1692.080000	1692.150000	4000.000000	18000.000000	8000.000000	Trill	6.056532	9.983074	NaN	NaN	52.220281	0.000000
296	Spectrogram 1	4	1692.810000	1692.950000	4000.000000	18000.000000	8000.000000	Trill	4.657891	7.381721	NaN	NaN	37.344582	0.000000
297	Spectrogram 1	4	1764.050000	1764.080000	4000.000000	18000.000000	8000.000000	Twitter	10.703170	20.598625	NaN	NaN	60.214117	0.000000
298	Spectrogram 1	4	1764.200000	1764.230000	4000.000000	18000.000000	8000.000000	Twitter	9.156776	19.052556	NaN	NaN	53.137823	0.000000
299	Spectrogram 1	4	1764.350000	1764.380000	4000.000000	18000.000000	8000.000000	Twitter	11.509619	22.518689	NaN	NaN	61.872084	0.000000
300	Spectrogram 1	4	1764.490000	1764.520000	4000.000000	18000.000000	8000.000000	Twitter	10.497513	21.592669	NaN	NaN	63.533556	0.000000
301	Spectrogram 1	4	1764.620000	1764.670000	4000.000000	18000.000000	8000.000000	Twitter	7.801610	16.364288	NaN	NaN	60.045624	0.000000
302	Spectrogram 1	4	1787.890000	1787.970000	4000.000000	18000.000000	8000.000000	Trill	6.668005	12.081440	NaN	NaN	44.041842	0.000000
303	Spectrogram 1	4	1793.740000	1793.770000	4000.000000	18000.000000	8000.000000	Twitter	12.220623	20.248763	NaN	NaN	74.892494	0.000000
304	Spectrogram 1	4	1793.870000	1793.920000	4000.000000	18000.000000	8000.000000	Twitter	12.159298	21.352946	NaN	NaN	75.742151	0.000000
305	Spectrogram 1	4	1794.030000	1794.080000	4000.000000	18000.000000	8000.000000	Twitter	11.383766	19.810258	NaN	NaN	77.464005	0.000000
306	Spectrogram 1	4	1794.160000	1794.190000	4000.000000	18000.000000	8000.000000	Trill	7.018874	12.354311	NaN	NaN	59.178541	0.000000
307	Spectrogram 1	4	1795.120000	1795.290000	4000.000000	18000.000000	8000.000000	Trill	5.328838	9.372644	NaN	NaN	39.203221	0.000000
308	Spectrogram 1	4	1802.600000	1802.640000	4000.000000	18000.000000	8000.000000	Twitter	10.817256	23.535927	NaN	NaN	55.976641	0.000000
309	Spectrogram 1	4	1802.750000	1802.800000	4000.000000	18000.000000	8000.000000	Twitter	7.521140	21.285851	NaN	NaN	55.232474	0.000000
310	Spectrogram 1	4	1802.900000	1802.950000	4000.000000	18000.000000	8000.000000	Twitter	13.354441	24.034253	NaN	NaN	69.770201	0.000000
311	Spectrogram 1	4	1803.040000	1803.100000	4000.000000	18000.000000	8000.000000	Twitter	10.909964	21.492348	NaN	NaN	62.580731	0.000000
312	Spectrogram 1	4	1803.170000	1803.240000	4000.000000	18000.000000	8000.000000	Twitter	9.325715	18.675959	NaN	NaN	70.384389	0.000000
313	Spectrogram 1	4	1803.310000	1803.350000	4000.000000	18000.000000	8000.000000	Twitter	9.427993	17.126518	NaN	NaN	76.327261	0.000000
314	Spectrogram 1	4	1803.430000	1803.460000	4000.000000	18000.000000	8000.000000	Twitter	6.596039	10.804824	NaN	NaN	60.487510	0.000000
315	Spectrogram 1	4	1806.950000	1807.070000	4000.000000	18000.000000	8000.000000	Trill	5.454404	9.843906	NaN	NaN	45.102065	0.000000
316	Spectrogram 1	4	1818.450000	1818.640000	4000.000000	18000.000000	8000.000000	Trill	5.650627	9.468182	NaN	NaN	39.736770	0.000000
317	Spectrogram 1	4	1830.010000	1830.330000	4000.000000	18000.000000	8000.000000	Trill	4.354133	8.416433	NaN	NaN	53.788811	0.000000
318	Spectrogram 1	4	1838.740000	1838.820000	4000.000000	18000.000000	8000.000000	Tse	7.558067	13.009805	NaN	NaN	62.524242	0.000000
319	Spectrogram 1	4	1839.020000	1839.110000	4000.000000	18000.000000	8000.000000	Trill	5.627515	10.808749	NaN	NaN	53.977671	0.000000
320	Spectrogram 1	4	1840.010000	1840.090000	4000.000000	18000.000000	8000.000000	Sd-peep	7.858025	12.955318	NaN	NaN	89.651536	0.000000
321	Spectrogram 1	4	1846.600000	1847.230000	4000.000000	18000.000000	8000.000000	Trill	4.843564	10.369795	NaN	NaN	44.939761	0.000000
322	Spectrogram 1	4	1895.940000	1896.060000	4000.000000	18000.000000	8000.000000	Trill	5.984805	11.347865	NaN	NaN	45.512302	0.000000
323	Spectrogram 1	4	2137.210000	2137.300000	4000.000000	18000.000000	8000.000000	Trill	7.240894	10.920215	NaN	NaN	54.834478	0.000000
324	Spectrogram 1	4	2141.330000	2141.360000	4000.000000	18000.000000	8000.000000	Twitter	5.786532	18.086558	NaN	NaN	62.749297	0.000000
325	Spectrogram 1	4	2141.500000	2141.520000	4000.000000	18000.000000	8000.000000	Phee	6.016594	20.679534	NaN	NaN	51.603954	0.000000
326	Spectrogram 1	4	2141.660000	2141.680000	4000.000000	18000.000000	8000.000000	Phee	5.446573	20.192416	NaN	NaN	50.399755	0.000000
327	Spectrogram 1	4	2142.840000	2142.870000	4000.000000	18000.000000	8000.000000	Twitter	8.761432	20.179350	NaN	NaN	67.251794	0.000000
328	Spectrogram 1	4	2142.980000	2143.030000	4000.000000	18000.000000	8000.000000	Twitter	12.677766	23.081992	NaN	NaN	66.703264	0.000000
329	Spectrogram 1	4	2143.120000	2143.170000	4000.000000	18000.000000	8000.000000	Twitter	13.545936	23.462244	NaN	NaN	70.016118	0.000000
330	Spectrogram 1	4	2143.250000	2143.310000	4000.000000	18000.000000	8000.000000	Twitter	12.672260	21.184452	NaN	NaN	67.756101	0.000000
331	Spectrogram 1	4	2143.380000	2143.440000	4000.000000	18000.000000	8000.000000	Twitter	10.497993	16.229121	NaN	NaN	79.720757	0.000000
332	Spectrogram 1	4	2143.520000	2143.560000	4000.000000	18000.000000	8000.000000	Trill	6.508846	8.938049	NaN	NaN	43.958988	0.000000
333	Spectrogram 1	4	2148.960000	2149.050000	4000.000000	18000.000000	8000.000000	Trill	7.515996	13.769202	NaN	NaN	64.896976	0.000000
334	Spectrogram 1	4	2149.090000	2149.620000	4000.000000	18000.000000	8000.000000	Trill	7.425264	11.574348	NaN	NaN	65.073538	0.000000
335	Spectrogram 1	4	2149.830000	2150.460000	4000.000000	18000.000000	8000.000000	Phee	7.874911	15.108292	NaN	NaN	89.507540	0.000000
336	Spectrogram 1	4	2150.660000	2151.290000	4000.000000	18000.000000	8000.000000	Phee	6.489803	12.317984	NaN	NaN	74.997398	0.000000
337	Spectrogram 1	4	2264.410000	2264.470000	4000.000000	18000.000000	8000.000000	P-peep	6.077016	7.617061	NaN	NaN	49.205970	0.000000
338	Spectrogram 1	4	2268.060000	2268.150000	4000.000000	18000.000000	8000.000000	Trill	8.150587	11.587674	NaN	NaN	60.522118	0.000000
339	Spectrogram 1	4	2273.710000	2273.800000	4000.000000	18000.000000	8000.000000	Trill	7.123061	9.723898	NaN	NaN	50.382826	0.000000
340	Spectrogram 1	4	2278.970000	2279.090000	4000.000000	18000.000000	8000.000000	Trill	5.047811	8.125965	NaN	NaN	40.984752	0.000000
341	Spectrogram 1	4	2279.390000	2279.500000	4000.000000	18000.000000	8000.000000	Trill	5.490557	8.032018	NaN	NaN	39.462535	0.000000
342	Spectrogram 1	4	2326.810000	2326.900000	4000.000000	18000.000000	8000.000000	Trill	7.599481	13.005214	NaN	NaN	61.570773	0.000000
343	Spectrogram 1	4	2365.390000	2365.430000	4000.000000	18000.000000	8000.000000	Twitter	10.077199	19.693869	NaN	NaN	57.326415	0.000000
344	Spectrogram 1	4	2365.530000	2365.570000	4000.000000	18000.000000	8000.000000	Twitter	11.347248	20.828408	NaN	NaN	66.538588	0.000000
345	Spectrogram 1	4	2365.650000	2365.690000	4000.000000	18000.000000	8000.000000	Twitter	10.728934	17.819241	NaN	NaN	64.173357	0.000000
346	Spectrogram 1	4	2365.770000	2365.820000	4000.000000	18000.000000	8000.000000	Twitter	8.310718	14.261409	NaN	NaN	68.695529	0.000000
347	Spectrogram 1	4	2367.210000	2367.280000	4000.000000	18000.000000	8000.000000	Trill	5.559173	13.249195	NaN	NaN	61.889875	0.000000
348	Spectrogram 1	4	2367.930000	2367.980000	4000.000000	18000.000000	8000.000000	Trill	5.888253	12.266806	NaN	NaN	64.038770	0.000000
349	Spectrogram 1	4	2398.590000	2398.650000	4000.000000	18000.000000	8000.000000	Twitter	10.702338	20.183437	NaN	NaN	93.298452	0.000000
350	Spectrogram 1	4	2398.740000	2398.820000	4000.000000	18000.000000	8000.000000	Twitter	10.092766	19.004316	NaN	NaN	77.914116	0.000000
351	Spectrogram 1	4	2398.930000	2399.980000	4000.000000	18000.000000	8000.000000	Phee	10.058753	24.619784	NaN	NaN	117.410305	0.000000
352	Spectrogram 1	4	2400.010000	2400.360000	4000.000000	18000.000000	8000.000000	Phee	8.069491	20.106886	NaN	NaN	105.902046	0.000000
353	Spectrogram 1	4	2400.630000	2401.530000	4000.000000	18000.000000	8000.000000	Phee	8.040461	19.069842	NaN	NaN	90.176896	0.000000
354	Spectrogram 1	4	2449.070000	2449.110000	4000.000000	18000.000000	8000.000000	Twitter	8.066808	20.754970	NaN	NaN	50.241609	0.000000
355	Spectrogram 1	4	2449.230000	2449.260000	4000.000000	18000.000000	8000.000000	Twitter	7.474702	20.278695	NaN	NaN	49.343747	0.000000
356	Spectrogram 1	4	2449.390000	2449.420000	4000.000000	18000.000000	8000.000000	Twitter	6.732777	20.429941	NaN	NaN	53.152279	0.000000
357	Spectrogram 1	4	2449.530000	2449.570000	4000.000000	18000.000000	8000.000000	Twitter	6.682346	19.077242	NaN	NaN	53.328498	0.000000
358	Spectrogram 1	4	2449.680000	2449.720000	4000.000000	18000.000000	8000.000000	Twitter	6.397378	18.321336	NaN	NaN	57.977940	0.000000
359	Spectrogram 1	4	2455.940000	2455.970000	4000.000000	18000.000000	8000.000000	Twitter	7.494918	19.174542	NaN	NaN	54.525280	0.000000
360	Spectrogram 1	4	2456.080000	2456.120000	4000.000000	18000.000000	8000.000000	Twitter	11.678289	24.004417	NaN	NaN	73.908883	0.000000
361	Spectrogram 1	4	2456.230000	2456.270000	4000.000000	18000.000000	8000.000000	Twitter	12.076333	23.348802	NaN	NaN	65.891946	0.000000
362	Spectrogram 1	4	2456.360000	2456.410000	4000.000000	18000.000000	8000.000000	Twitter	10.601937	20.367501	NaN	NaN	60.574787	0.000000
363	Spectrogram 1	4	2456.490000	2456.550000	4000.000000	18000.000000	8000.000000	Twitter	7.839701	14.516370	NaN	NaN	63.830489	0.000000
364	Spectrogram 1	4	2492.550000	2492.590000	4000.000000	18000.000000	8000.000000	Twitter	11.573272	24.682382	NaN	NaN	70.626972	0.000000
365	Spectrogram 1	4	2492.690000	2492.740000	4000.000000	18000.000000	8000.000000	Twitter	8.909118	20.615331	NaN	NaN	54.507534	0.000000
366	Spectrogram 1	4	2492.830000	2492.890000	4000.000000	18000.000000	8000.000000	Twitter	9.201976	19.827383	NaN	NaN	56.743948	0.000000
367	Spectrogram 1	4	2492.960000	2493.040000	4000.000000	18000.000000	8000.000000	Twitter	8.178564	16.712267	NaN	NaN	74.337668	0.000000
368	Spectrogram 1	4	2501.100000	2501.210000	4000.000000	18000.000000	8000.000000	Trill	6.200446	11.653236	NaN	NaN	49.059621	0.000000
369	Spectrogram 1	4	2522.090000	2522.190000	4000.000000	18000.000000	8000.000000	Trill	4.914219	9.588961	NaN	NaN	41.067940	0.000000
370	Spectrogram 1	4	2576.280000	2576.320000	4000.000000	18000.000000	8000.000000	Twitter	11.814543	22.851251	NaN	NaN	80.496059	0.000000
371	Spectrogram 1	4	2576.450000	2576.500000	4000.000000	18000.000000	8000.000000	Twitter	11.994387	24.119594	NaN	NaN	62.801990	0.000000
372	Spectrogram 1	4	2576.610000	2576.660000	4000.000000	18000.000000	8000.000000	Twitter	13.365446	26.588319	NaN	NaN	72.903848	0.000000
373	Spectrogram 1	4	2576.740000	2576.800000	4000.000000	18000.000000	8000.000000	Twitter	10.982065	22.797590	NaN	NaN	68.551432	0.000000
374	Spectrogram 1	4	2576.880000	2576.950000	4000.000000	18000.000000	8000.000000	Twitter	9.713399	20.467970	NaN	NaN	67.934661	0.000000
375	Spectrogram 1	4	2577.010000	2577.070000	4000.000000	18000.000000	8000.000000	Twitter	7.516010	14.686023	NaN	NaN	71.614279	0.000000
376	Spectrogram 1	4	2579.700000	2581.110000	4000.000000	18000.000000	8000.000000	Phee	6.004958	16.293844	NaN	NaN	84.857024	0.000000
377	Spectrogram 1	4	2581.440000	2581.910000	4000.000000	18000.000000	8000.000000	Phee	7.517031	14.791785	NaN	NaN	92.877196	0.000000
378	Spectrogram 1	4	2591.500000	2591.520000	4000.000000	18000.000000	8000.000000	Twitter	8.384348	19.087059	NaN	NaN	67.099385	0.000000
379	Spectrogram 1	4	2591.610000	2591.640000	4000.000000	18000.000000	8000.000000	Twitter	11.070793	20.912670	NaN	NaN	67.146755	0.000000
380	Spectrogram 1	4	2591.750000	2591.790000	4000.000000	18000.000000	8000.000000	Twitter	10.543119	22.093149	NaN	NaN	56.729972	0.000000
381	Spectrogram 1	4	2591.890000	2591.930000	4000.000000	18000.000000	8000.000000	Twitter	11.118410	23.885080	NaN	NaN	57.685600	0.000000
382	Spectrogram 1	4	2592.040000	2592.080000	4000.000000	18000.000000	8000.000000	Twitter	10.766258	25.169581	NaN	NaN	52.253226	0.000000
383	Spectrogram 1	4	2592.300000	2592.360000	4000.000000	18000.000000	8000.000000	Twitter	7.475418	16.377915	NaN	NaN	53.875680	0.000000
384	Spectrogram 1	4	2594.760000	2594.800000	4000.000000	18000.000000	8000.000000	Twitter	8.699391	17.466117	NaN	NaN	56.849000	0.000000
385	Spectrogram 1	4	2594.910000	2594.960000	4000.000000	18000.000000	8000.000000	Twitter	7.548232	16.823080	NaN	NaN	55.569445	0.000000
386	Spectrogram 1	4	2595.070000	2595.120000	4000.000000	18000.000000	8000.000000	Twitter	6.811317	17.277602	NaN	NaN	53.924160	0.000000
387	Spectrogram 1	4	2595.220000	2595.270000	4000.000000	18000.000000	8000.000000	Twitter	6.250202	16.701175	NaN	NaN	54.859676	0.000000
388	Spectrogram 1	4	2595.370000	2595.420000	4000.000000	18000.000000	8000.000000	Twitter	5.694519	17.325700	NaN	NaN	58.613843	0.000000
389	Spectrogram 1	4	2599.810000	2599.950000	4000.000000	18000.000000	8000.000000	Trill	4.942227	9.674064	NaN	NaN	46.485356	0.000000
390	Spectrogram 1	4	2601.100000	2601.120000	4000.000000	18000.000000	8000.000000	Tse	6.013948	12.004387	NaN	NaN	55.725560	0.000000
391	Spectrogram 1	4	2605.310000	2605.380000	4000.000000	18000.000000	8000.000000	Trill	4.771813	11.279900	NaN	NaN	40.375715	0.000000
392	Spectrogram 1	4	2619.890000	2620.380000	4000.000000	18000.000000	8000.000000	Trill	4.728236	10.199654	NaN	NaN	42.533020	0.000000
393	Spectrogram 1	4	2620.570000	2620.680000	4000.000000	18000.000000	8000.000000	Trill	3.833149	7.415761	NaN	NaN	40.938861	0.000000
394	Spectrogram 1	4	2645.970000	2646.080000	4000.000000	18000.000000	8000.000000	Trill	3.826342	8.909002	NaN	NaN	45.179588	0.000000
395	Spectrogram 1	4	2698.120000	2698.150000	4000.000000	18000.000000	8000.000000	Twitter	11.538903	21.950045	NaN	NaN	83.422880	0.000000
396	Spectrogram 1	4	2698.270000	2698.310000	4000.000000	18000.000000	8000.000000	Twitter	9.200108	20.705319	NaN	NaN	59.381875	0.000000
397	Spectrogram 1	4	2714.330000	2714.370000	4000.000000	18000.000000	8000.000000	Twitter	10.601328	22.140425	NaN	NaN	62.001950	0.000000
398	Spectrogram 1	4	2714.490000	2714.530000	4000.000000	18000.000000	8000.000000	Twitter	11.905503	24.337556	NaN	NaN	67.629230	0.000000
399	Spectrogram 1	4	2714.630000	2714.680000	4000.000000	18000.000000	8000.000000	Twitter	12.017959	23.442019	NaN	NaN	63.791526	0.000000
400	Spectrogram 1	4	2714.770000	2714.820000	4000.000000	18000.000000	8000.000000	Twitter	12.654541	23.310962	NaN	NaN	64.956477	0.000000
401	Spectrogram 1	4	2714.900000	2714.960000	4000.000000	18000.000000	8000.000000	Twitter	8.915349	17.802660	NaN	NaN	58.960950	0.000000
402	Spectrogram 1	4	2761.440000	2761.470000	4000.000000	18000.000000	8000.000000	Twitter	6.871657	18.195661	NaN	NaN	50.736984	0.000000
403	Spectrogram 1	4	2761.780000	2761.810000	4000.000000	18000.000000	8000.000000	Twitter	6.602010	21.065092	NaN	NaN	47.535690	0.000000
404	Spectrogram 1	4	2761.920000	2761.960000	4000.000000	18000.000000	8000.000000	Twitter	7.900591	20.068324	NaN	NaN	53.296343	0.000000
405	Spectrogram 1	4	2762.070000	2762.100000	4000.000000	18000.000000	8000.000000	Twitter	5.913266	15.719896	NaN	NaN	53.955497	0.000000
406	Spectrogram 1	4	2762.230000	2762.280000	4000.000000	18000.000000	8000.000000	Twitter	7.723945	19.878076	NaN	NaN	58.150332	0.000000
407	Spectrogram 1	4	2762.380000	2762.440000	4000.000000	18000.000000	8000.000000	Twitter	6.965656	18.819876	NaN	NaN	51.585817	0.000000
408	Spectrogram 1	4	2762.540000	2762.580000	4000.000000	18000.000000	8000.000000	Twitter	6.132637	18.457551	NaN	NaN	54.835456	0.000000
409	Spectrogram 1	4	2762.680000	2762.730000	4000.000000	18000.000000	8000.000000	Twitter	6.339904	17.890784	NaN	NaN	58.744423	0.000000
410	Spectrogram 1	4	2770.610000	2770.650000	4000.000000	18000.000000	8000.000000	Trill	7.002882	16.525861	NaN	NaN	62.910168	0.000000
411	Spectrogram 1	4	2771.530000	2771.550000	4000.000000	18000.000000	8000.000000	Tse	10.960771	21.802580	NaN	NaN	66.371957	0.000000
412	Spectrogram 1	4	2771.680000	2771.720000	4000.000000	18000.000000	8000.000000	Twitter	11.904834	24.900779	NaN	NaN	76.409512	0.000000
413	Spectrogram 1	4	2771.830000	2771.880000	4000.000000	18000.000000	8000.000000	Twitter	9.896876	21.647164	NaN	NaN	60.686342	0.000000
414	Spectrogram 1	4	2771.980000	2772.030000	4000.000000	18000.000000	8000.000000	Twitter	11.440275	23.860100	NaN	NaN	65.271634	0.000000
415	Spectrogram 1	4	2772.120000	2772.180000	4000.000000	18000.000000	8000.000000	Twitter	10.122323	22.327118	NaN	NaN	61.904520	0.000000
416	Spectrogram 1	4	2772.250000	2772.330000	4000.000000	18000.000000	8000.000000	Twitter	8.928149	19.028565	NaN	NaN	76.986549	0.000000
417	Spectrogram 1	4	2772.400000	2772.460000	4000.000000	18000.000000	8000.000000	Twitter	6.517048	12.512816	NaN	NaN	60.414630	0.000000
418	Spectrogram 1	4	2808.310000	2808.340000	4000.000000	18000.000000	8000.000000	Twitter	10.731733	23.122670	NaN	NaN	59.485421	0.000000
419	Spectrogram 1	4	2808.460000	2808.500000	4000.000000	18000.000000	8000.000000	Twitter	11.199640	24.214922	NaN	NaN	63.987753	0.000000
420	Spectrogram 1	4	2808.600000	2808.640000	4000.000000	18000.000000	8000.000000	Twitter	12.305448	26.208498	NaN	NaN	55.897942	0.000000
421	Spectrogram 1	4	2808.730000	2808.770000	4000.000000	18000.000000	8000.000000	Twitter	11.820124	25.024174	NaN	NaN	55.439633	0.000000
422	Spectrogram 1	4	2808.860000	2808.900000	4000.000000	18000.000000	8000.000000	Twitter	9.589585	22.429985	NaN	NaN	57.438316	0.000000
423	Spectrogram 1	4	2808.990000	2809.040000	4000.000000	18000.000000	8000.000000	Twitter	9.558944	20.959281	NaN	NaN	74.710133	0.000000
424	Spectrogram 1	4	2859.250000	2859.280000	4000.000000	18000.000000	8000.000000	Twitter	7.594867	18.746090	NaN	NaN	53.219387	0.000000
425	Spectrogram 1	4	2859.420000	2859.460000	4000.000000	18000.000000	8000.000000	Twitter	7.580605	21.917605	NaN	NaN	54.301709	0.000000
426	Spectrogram 1	4	2859.570000	2859.610000	4000.000000	18000.000000	8000.000000	Twitter	7.396429	21.315680	NaN	NaN	56.697291	0.000000
427	Spectrogram 1	4	2859.720000	2859.770000	4000.000000	18000.000000	8000.000000	Twitter	7.623450	22.569038	NaN	NaN	58.863306	0.000000
428	Spectrogram 1	4	2859.880000	2859.920000	4000.000000	18000.000000	8000.000000	Twitter	8.111298	24.183798	NaN	NaN	63.231688	0.000000
429	Spectrogram 1	4	2860.030000	2860.080000	4000.000000	18000.000000	8000.000000	Twitter	7.391338	22.523476	NaN	NaN	60.673101	0.000000
430	Spectrogram 1	4	2860.190000	2860.240000	4000.000000	18000.000000	8000.000000	Twitter	7.902815	23.953004	NaN	NaN	60.580838	0.000000
431	Spectrogram 1	4	2860.340000	2860.390000	4000.000000	18000.000000	8000.000000	Twitter	7.404243	23.287846	NaN	NaN	63.120983	0.000000
432	Spectrogram 1	4	2860.500000	2860.540000	4000.000000	18000.000000	8000.000000	Twitter	7.327017	24.358462	NaN	NaN	61.326833	0.000000
433	Spectrogram 1	4	2860.640000	2860.710000	4000.000000	18000.000000	8000.000000	Twitter	5.642193	20.500826	NaN	NaN	72.182913	0.000000
434	Spectrogram 1	4	2860.780000	2860.850000	4000.000000	18000.000000	8000.000000	Twitter	5.089608	16.536530	NaN	NaN	68.520373	0.000000
435	Spectrogram 1	4	2862.690000	2862.770000	4000.000000	18000.000000	8000.000000	Trill	10.914389	14.400443	NaN	NaN	59.404653	0.000000
436	Spectrogram 1	4	2872.170000	2872.510000	4000.000000	18000.000000	8000.000000	Trill	4.228428	7.948808	NaN	NaN	55.903659	0.000000
437	Spectrogram 1	4	2872.980000	2873.090000	4000.000000	18000.000000	8000.000000	Trill	3.636581	6.790143	NaN	NaN	47.539145	0.000000
438	Spectrogram 1	4	2883.690000	2884.080000	4000.000000	18000.000000	8000.000000	Trill	4.960836	9.280524	NaN	NaN	40.552048	0.000000
439	Spectrogram 1	4	2884.800000	2884.920000	4000.000000	18000.000000	8000.000000	Trill	6.850874	12.964713	NaN	NaN	52.704043	0.000000
440	Spectrogram 1	4	2885.780000	2885.810000	4000.000000	18000.000000	8000.000000	Trill	8.358070	13.008032	NaN	NaN	64.244557	0.000000
441	Spectrogram 1	4	2886.070000	2886.120000	4000.000000	18000.000000	8000.000000	Twitter	8.404694	22.236870	NaN	NaN	67.675025	0.000000
442	Spectrogram 1	4	2887.870000	2887.930000	4000.000000	18000.000000	8000.000000	Tse	7.743636	16.486236	NaN	NaN	55.133957	0.000000
443	Spectrogram 1	4	2888.050000	2888.090000	4000.000000	18000.000000	8000.000000	Twitter	10.252705	25.334104	NaN	NaN	72.731763	0.000000
444	Spectrogram 1	4	2888.190000	2888.230000	4000.000000	18000.000000	8000.000000	Twitter	9.826414	22.419937	NaN	NaN	73.440607	0.000000
445	Spectrogram 1	4	2896.920000	2896.950000	4000.000000	18000.000000	8000.000000	Twitter	10.445649	21.308298	NaN	NaN	53.381353	0.000000
446	Spectrogram 1	4	2897.060000	2897.090000	4000.000000	18000.000000	8000.000000	Twitter	10.168450	22.651161	NaN	NaN	52.179621	0.000000
447	Spectrogram 1	4	2897.190000	2897.230000	4000.000000	18000.000000	8000.000000	Twitter	10.038176	22.429471	NaN	NaN	53.734654	0.000000
448	Spectrogram 1	4	2897.330000	2897.360000	4000.000000	18000.000000	8000.000000	Twitter	10.674905	22.575565	NaN	NaN	56.778323	0.000000
449	Spectrogram 1	4	2897.450000	2897.500000	4000.000000	18000.000000	8000.000000	Twitter	8.406144	18.743343	NaN	NaN	73.705302	0.000000
450	Spectrogram 1	4	2897.590000	2897.610000	4000.000000	18000.000000	8000.000000	Tse	6.395090	11.599511	NaN	NaN	51.621426	0.000000
451	Spectrogram 1	4	2905.380000	2905.400000	4000.000000	18000.000000	8000.000000	Twitter	6.484177	14.721594	NaN	NaN	44.671323	0.000000
452	Spectrogram 1	4	2905.500000	2905.520000	4000.000000	18000.000000	8000.000000	P-peep	7.446453	13.876238	NaN	NaN	52.650649	0.000000
453	Spectrogram 1	4	2905.640000	2905.670000	4000.000000	18000.000000	8000.000000	Twitter	7.840155	17.272053	NaN	NaN	59.297582	0.000000
454	Spectrogram 1	4	2905.780000	2905.810000	4000.000000	18000.000000	8000.000000	Twitter	8.115509	16.669812	NaN	NaN	65.777051	0.000000
455	Spectrogram 1	4	2905.920000	2905.960000	4000.000000	18000.000000	8000.000000	Twitter	7.634323	17.094413	NaN	NaN	69.383526	0.000000
456	Spectrogram 1	4	2906.060000	2906.100000	4000.000000	18000.000000	8000.000000	Twitter	7.639381	17.633242	NaN	NaN	68.282982	0.000000
457	Spectrogram 1	4	2906.200000	2906.240000	4000.000000	18000.000000	8000.000000	Twitter	7.832323	18.231491	NaN	NaN	63.251989	0.000000
458	Spectrogram 1	4	2906.330000	2906.380000	4000.000000	18000.000000	8000.000000	Twitter	7.596951	18.233538	NaN	NaN	65.511332	0.000000
459	Spectrogram 1	4	2906.460000	2906.510000	4000.000000	18000.000000	8000.000000	Twitter	7.127558	16.173549	NaN	NaN	63.631280	0.000000
460	Spectrogram 1	4	2906.580000	2906.630000	4000.000000	18000.000000	8000.000000	Trill	6.674204	14.914351	NaN	NaN	64.690813	0.000000
461	Spectrogram 1	4	2906.700000	2906.730000	4000.000000	18000.000000	8000.000000	Tse	7.203040	13.267857	NaN	NaN	68.607904	0.000000
462	Spectrogram 1	4	3004.000000	3004.430000	4000.000000	18000.000000	8000.000000	Twitter	4.604910	12.658902	NaN	NaN	41.330584	0.000000
463	Spectrogram 1	4	3010.140000	3010.240000	4000.000000	18000.000000	8000.000000	Trill	6.001980	9.175907	NaN	NaN	47.311936	0.000000
464	Spectrogram 1	4	3047.550000	3047.580000	4000.000000	18000.000000	8000.000000	Twitter	7.362186	18.738903	NaN	NaN	47.986490	0.000000
465	Spectrogram 1	4	3048.630000	3048.660000	4000.000000	18000.000000	8000.000000	Twitter	7.375452	21.673613	NaN	NaN	49.538410	0.000000
466	Spectrogram 1	4	3048.750000	3048.810000	4000.000000	18000.000000	8000.000000	Twitter	6.089942	17.653932	NaN	NaN	57.135941	0.000000
467	Spectrogram 1	4	3057.060000	3057.170000	4000.000000	18000.000000	8000.000000	Trill	6.618716	13.350564	NaN	NaN	54.377745	0.000000
468	Spectrogram 1	4	3097.030000	3097.350000	4000.000000	18000.000000	8000.000000	Trill	4.596573	9.660057	NaN	NaN	47.549103	0.000000
469	Spectrogram 1	4	3097.700000	3097.780000	4000.000000	18000.000000	8000.000000	Trill	8.259885	12.213475	NaN	NaN	52.255268	0.000000
470	Spectrogram 1	4	3105.960000	3106.010000	4000.000000	18000.000000	8000.000000	Twitter	8.711470	18.958420	NaN	NaN	69.150704	0.000000
471	Spectrogram 1	4	3106.090000	3106.140000	4000.000000	18000.000000	8000.000000	Twitter	10.082058	20.579668	NaN	NaN	72.879811	0.000000
472	Spectrogram 1	4	3106.230000	3106.280000	4000.000000	18000.000000	8000.000000	Twitter	10.204445	20.130745	NaN	NaN	60.532580	0.000000
473	Spectrogram 1	4	3109.380000	3109.970000	4000.000000	18000.000000	8000.000000	Trill	3.989213	9.319675	NaN	NaN	55.194074	0.000000
474	Spectrogram 1	4	3110.390000	3110.800000	4000.000000	18000.000000	8000.000000	Trill	5.203999	11.626081	NaN	NaN	64.474428	0.000000
475	Spectrogram 1	4	3201.450000	3201.500000	4000.000000	18000.000000	8000.000000	Twitter	12.375173	25.236417	NaN	NaN	70.955492	0.000000
476	Spectrogram 1	4	3201.610000	3201.660000	4000.000000	18000.000000	8000.000000	Twitter	12.507029	25.090392	NaN	NaN	56.799053	0.000000
477	Spectrogram 1	4	3201.770000	3201.820000	4000.000000	18000.000000	8000.000000	Twitter	12.920532	27.087826	NaN	NaN	54.223356	0.000000
478	Spectrogram 1	4	3201.930000	3201.980000	4000.000000	18000.000000	8000.000000	Twitter	12.377744	27.737154	NaN	NaN	51.532930	0.000000
479	Spectrogram 1	4	3202.090000	3202.140000	4000.000000	18000.000000	8000.000000	Twitter	11.744006	28.007684	NaN	NaN	51.769147	0.000000
480	Spectrogram 1	4	3202.240000	3202.290000	4000.000000	18000.000000	8000.000000	Twitter	11.110461	27.326202	NaN	NaN	53.619880	0.000000
481	Spectrogram 1	4	3202.400000	3202.460000	4000.000000	18000.000000	8000.000000	Twitter	11.483171	27.582159	NaN	NaN	55.061688	0.000000
482	Spectrogram 1	4	3202.550000	3202.620000	4000.000000	18000.000000	8000.000000	Twitter	10.433137	25.793347	NaN	NaN	55.145274	0.000000
483	Spectrogram 1	4	3202.700000	3202.790000	4000.000000	18000.000000	8000.000000	Twitter	7.422345	22.103001	NaN	NaN	62.371421	0.000000
484	Spectrogram 1	4	3202.980000	3203.010000	4000.000000	18000.000000	8000.000000	Tse	6.758641	14.898001	NaN	NaN	62.160354	0.000000
485	Spectrogram 1	4	3207.210000	3207.240000	4000.000000	18000.000000	8000.000000	Twitter	6.791697	16.598375	NaN	NaN	63.241911	0.000000
486	Spectrogram 1	4	3221.550000	3221.650000	4000.000000	18000.000000	8000.000000	Trill	8.303803	11.073236	NaN	NaN	47.955746	0.000000
487	Spectrogram 1	4	3251.340000	3251.450000	4000.000000	18000.000000	8000.000000	Trill	8.105311	12.833513	NaN	NaN	55.223382	0.000000
488	Spectrogram 1	4	3296.520000	3296.860000	4000.000000	18000.000000	8000.000000	Trill	7.203449	12.106541	NaN	NaN	51.782177	0.000000
489	Spectrogram 1	4	3297.340000	3297.370000	4000.000000	18000.000000	8000.000000	Tse	7.099471	14.542312	NaN	NaN	66.401666	0.000000
490	Spectrogram 1	4	3297.460000	3297.500000	4000.000000	18000.000000	8000.000000	Twitter	10.404437	20.352334	NaN	NaN	64.821529	0.000000
491	Spectrogram 1	4	3297.560000	3297.640000	4000.000000	18000.000000	8000.000000	Twitter	7.685774	17.964397	NaN	NaN	66.702840	0.000000
492	Spectrogram 1	4	3297.720000	3297.760000	4000.000000	18000.000000	8000.000000	Twitter	11.810195	21.791163	NaN	NaN	69.477287	0.000000
493	Spectrogram 1	4	3297.800000	3297.970000	4000.000000	18000.000000	8000.000000	Phee	6.717680	16.845408	NaN	NaN	69.678921	0.000000
494	Spectrogram 1	4	3298.470000	3298.490000	4000.000000	18000.000000	8000.000000	Tse	7.263081	13.266113	NaN	NaN	61.577455	0.000000
495	Spectrogram 1	4	3310.580000	3311.090000	4000.000000	18000.000000	8000.000000	Trill	4.154579	6.644639	NaN	NaN	52.916478	0.000000
496	Spectrogram 1	4	3311.450000	3311.860000	4000.000000	18000.000000	8000.000000	Trill	5.899330	9.583938	NaN	NaN	61.678609	0.000000
497	Spectrogram 1	4	3318.440000	3318.480000	4000.000000	18000.000000	8000.000000	Twitter	13.448891	25.964374	NaN	NaN	65.224476	0.000000
498	Spectrogram 1	4	3318.600000	3318.650000	4000.000000	18000.000000	8000.000000	Twitter	10.670109	24.523387	NaN	NaN	51.826236	0.000000
499	Spectrogram 1	4	3318.780000	3318.820000	4000.000000	18000.000000	8000.000000	Twitter	10.751737	24.853152	NaN	NaN	51.470906	0.000000
500	Spectrogram 1	4	3318.920000	3318.980000	4000.000000	18000.000000	8000.000000	Twitter	11.029116	24.558039	NaN	NaN	58.027569	0.000000
501	Spectrogram 1	4	3319.070000	3319.120000	4000.000000	18000.000000	8000.000000	Twitter	9.902722	23.211844	NaN	NaN	54.802264	0.000000
502	Spectrogram 1	4	3319.230000	3319.270000	4000.000000	18000.000000	8000.000000	Twitter	9.101907	21.807018	NaN	NaN	59.173615	0.000000
503	Spectrogram 1	4	3319.370000	3319.450000	4000.000000	18000.000000	8000.000000	Twitter	7.599762	16.423043	NaN	NaN	61.013585	0.000000
504	Spectrogram 1	4	3319.500000	3319.540000	4000.000000	18000.000000	8000.000000	Trill	7.566732	12.862576	NaN	NaN	66.055459	0.000000
505	Spectrogram 1	4	3331.090000	3331.720000	4000.000000	18000.000000	8000.000000	Trill	5.667866	11.121026	NaN	NaN	56.819746	0.000000
506	Spectrogram 1	4	3331.830000	3332.060000	4000.000000	18000.000000	8000.000000	Trill	5.039753	11.032036	NaN	NaN	69.074505	0.000000
507	Spectrogram 1	4	3332.170000	3332.290000	4000.000000	18000.000000	8000.000000	Trill	6.096611	11.953533	NaN	NaN	73.503073	0.000000
508	Spectrogram 1	4	3364.190000	3364.350000	4000.000000	18000.000000	8000.000000	Trill	6.827520	11.312032	NaN	NaN	50.108403	0.000000
509	Spectrogram 1	4	3373.520000	3373.660000	4000.000000	18000.000000	8000.000000	Trill	7.774874	11.624608	NaN	NaN	60.046832	0.000000
510	Spectrogram 1	4	3376.110000	3376.150000	4000.000000	18000.000000	8000.000000	Twitter	10.882411	22.420490	NaN	NaN	75.838340	0.000000
511	Spectrogram 1	4	3376.420000	3376.470000	4000.000000	18000.000000	8000.000000	Twitter	10.000170	20.183131	NaN	NaN	57.843849	0.000000
512	Spectrogram 1	4	3388.770000	3388.800000	4000.000000	18000.000000	8000.000000	Twitter	12.091415	25.139940	NaN	NaN	62.001060	0.000000
513	Spectrogram 1	4	3388.910000	3388.940000	4000.000000	18000.000000	8000.000000	Twitter	12.187456	25.695378	NaN	NaN	61.877130	0.000000
514	Spectrogram 1	4	3389.040000	3389.080000	4000.000000	18000.000000	8000.000000	Twitter	10.786593	23.776222	NaN	NaN	52.580678	0.000000
515	Spectrogram 1	4	3389.180000	3389.220000	4000.000000	18000.000000	8000.000000	Twitter	10.873480	22.880073	NaN	NaN	56.254825	0.000000
516	Spectrogram 1	4	3389.320000	3389.360000	4000.000000	18000.000000	8000.000000	Twitter	11.371825	24.363993	NaN	NaN	57.115854	0.000000
517	Spectrogram 1	4	3389.440000	3389.500000	4000.000000	18000.000000	8000.000000	Twitter	9.851721	21.041048	NaN	NaN	68.952374	0.000000
518	Spectrogram 1	4	3389.560000	3389.620000	4000.000000	18000.000000	8000.000000	Twitter	7.730228	17.026269	NaN	NaN	85.608634	0.000000
519	Spectrogram 1	4	3389.700000	3389.720000	4000.000000	18000.000000	8000.000000	Tse	8.852990	13.679621	NaN	NaN	74.314672	0.000000
520	Spectrogram 1	4	3398.660000	3398.850000	4000.000000	18000.000000	8000.000000	Trill	4.889542	7.929699	NaN	NaN	37.303082	0.000000
521	Spectrogram 1	4	3418.020000	3418.300000	4000.000000	18000.000000	8000.000000	Trill	4.047361	8.145890	NaN	NaN	37.318702	0.000000
522	Spectrogram 1	4	3446.510000	3446.540000	4000.000000	18000.000000	8000.000000	Twitter	11.182409	25.124271	NaN	NaN	65.488156	0.000000
523	Spectrogram 1	4	3446.660000	3446.710000	4000.000000	18000.000000	8000.000000	Twitter	10.865482	23.336283	NaN	NaN	62.114560	0.000000
524	Spectrogram 1	4	3446.830000	3446.880000	4000.000000	18000.000000	8000.000000	Twitter	12.191283	26.069796	NaN	NaN	63.424828	0.000000
525	Spectrogram 1	4	3446.980000	3447.040000	4000.000000	18000.000000	8000.000000	Twitter	10.734291	24.381491	NaN	NaN	57.877601	0.000000
526	Spectrogram 1	4	3447.130000	3447.190000	4000.000000	18000.000000	8000.000000	Twitter	10.314625	24.270261	NaN	NaN	62.236252	0.000000
527	Spectrogram 1	4	3447.570000	3447.640000	4000.000000	18000.000000	8000.000000	Twitter	7.848082	18.240981	NaN	NaN	57.733793	0.000000
528	Spectrogram 1	4	3447.710000	3447.770000	4000.000000	18000.000000	8000.000000	Twitter	8.152820	17.272261	NaN	NaN	68.113685	0.000000
529	Spectrogram 1	4	3448.260000	3448.290000	4000.000000	18000.000000	8000.000000	Twitter	10.614790	24.975207	NaN	NaN	60.540796	0.000000
530	Spectrogram 1	4	3448.930000	3448.990000	4000.000000	18000.000000	8000.000000	Twitter	7.633749	17.869533	NaN	NaN	65.868162	0.000000
531	Spectrogram 1	4	3449.060000	3449.110000	4000.000000	18000.000000	8000.000000	Tse	7.938447	14.243751	NaN	NaN	65.236934	0.000000
532	Spectrogram 1	4	3450.310000	3450.430000	4000.000000	18000.000000	8000.000000	Trill	4.723198	12.723173	NaN	NaN	47.553870	0.000000
533	Spectrogram 1	4	3450.490000	3450.520000	4000.000000	18000.000000	8000.000000	Tse	8.186463	16.404873	NaN	NaN	56.420529	0.000000
534	Spectrogram 1	4	3450.630000	3450.660000	4000.000000	18000.000000	8000.000000	Twitter	10.116552	19.776636	NaN	NaN	83.211302	0.000000
535	Spectrogram 1	4	3454.620000	3454.660000	4000.000000	18000.000000	8000.000000	Twitter	8.567725	18.564990	NaN	NaN	56.345421	0.000000
536	Spectrogram 1	4	3454.790000	3454.840000	4000.000000	18000.000000	8000.000000	Twitter	8.859799	20.362158	NaN	NaN	56.526535	0.000000
537	Spectrogram 1	4	3454.950000	3455.010000	4000.000000	18000.000000	8000.000000	Twitter	8.029136	19.775763	NaN	NaN	50.314739	0.000000
538	Spectrogram 1	4	3455.300000	3455.330000	4000.000000	18000.000000	8000.000000	Twitter	7.177848	20.334727	NaN	NaN	53.567346	0.000000
539	Spectrogram 1	4	3455.460000	3455.520000	4000.000000	18000.000000	8000.000000	Twitter	6.326825	18.655123	NaN	NaN	51.238028	0.000000
540	Spectrogram 1	4	3455.630000	3455.660000	4000.000000	18000.000000	8000.000000	Twitter	6.767739	19.280532	NaN	NaN	56.154992	0.000000
541	Spectrogram 1	4	3455.790000	3455.830000	4000.000000	18000.000000	8000.000000	Twitter	5.969033	19.353323	NaN	NaN	57.387118	0.000000
542	Spectrogram 1	4	3459.360000	3459.640000	4000.000000	18000.000000	8000.000000	Trill	6.040782	13.153018	NaN	NaN	48.490190	0.000000
543	Spectrogram 1	4	3460.760000	3461.500000	4000.000000	18000.000000	8000.000000	Phee	4.720819	15.034279	NaN	NaN	81.042080	0.000000
544	Spectrogram 1	4	3466.680000	3466.700000	4000.000000	18000.000000	8000.000000	Phee	10.688616	19.985325	NaN	NaN	55.538213	0.000000
545	Spectrogram 1	4	3466.810000	3466.840000	4000.000000	18000.000000	8000.000000	Twitter	9.117555	17.238098	NaN	NaN	70.818772	0.000000
546	Spectrogram 1	4	3471.820000	3471.910000	4000.000000	18000.000000	8000.000000	Trill	8.215020	12.053381	NaN	NaN	51.200600	0.000000
