Selection	View	Channel	Begin Time (s)	End Time (s)	Low Freq (Hz)	High Freq (Hz)	Max Freq (Hz)	Call Type	Energy Diff	Energy Par	Energy Diff (wl)	Energy Par (wl)	AHR	Exception
1	Spectrogram 1	5	57.410000	58.070000	4000.000000	18000.000000	8000.000000	Trill	3.754859	8.245713	1.099219	3.270680	49.874237	1.000000
2	Spectrogram 1	6	105.560000	106.130000	4000.000000	18000.000000	8000.000000	Trill	4.041111	6.690705	-2.625325	5.209390	39.439127	0.000000
3	Spectrogram 1	5	114.420000	115.050000	4000.000000	18000.000000	8000.000000	Trill	7.452559	8.594922	5.305436	2.052264	44.927719	0.000000
4	Spectrogram 1	5	121.160000	121.810000	4000.000000	18000.000000	8000.000000	Phee	6.687004	12.342310	6.941795	3.232611	80.741813	0.000000
5	Spectrogram 1	5	121.950000	122.370000	4000.000000	18000.000000	8000.000000	P-peep	5.870235	10.227666	7.450294	2.670948	60.181050	0.000000
6	Spectrogram 1	5	123.640000	125.640000	4000.000000	18000.000000	8000.000000	Trill	2.174110	15.000000	2.174178	4.903516	52.383533	2.000000
7	Spectrogram 1	6	152.110000	153.590000	4000.000000	18000.000000	8000.000000	Trill	3.440937	15.000000	-0.989100	4.216880	73.458776	1.000000
8	Spectrogram 1	5	169.580000	169.680000	4000.000000	18000.000000	8000.000000	Trill	5.350843	7.027793	1.162647	2.450020	42.721176	1.000000
9	Spectrogram 1	5	175.100000	175.320000	4000.000000	18000.000000	8000.000000	Trill	11.697827	15.000000	6.584659	5.259168	152.941235	0.000000
10	Spectrogram 1	5	198.310000	198.940000	4000.000000	18000.000000	8000.000000	Trill	8.923713	10.130209	1.780675	1.946367	62.589907	1.000000
11	Spectrogram 1	5	209.480000	211.520000	4000.000000	18000.000000	8000.000000	Phee	1.570061	15.000000	5.538138	6.734321	58.435987	0.000000
12	Spectrogram 1	5	214.190000	214.910000	4000.000000	18000.000000	8000.000000	Phee	6.566192	11.283868	7.276380	6.230517	67.603793	0.000000
13	Spectrogram 1	6	231.470000	232.460000	4000.000000	18000.000000	8000.000000	Phee	3.831673	9.872558	-4.712831	9.497243	59.073287	0.000000
14	Spectrogram 1	5	232.620000	232.850000	4000.000000	18000.000000	8000.000000	Phee	4.047394	6.397045	0.568748	3.555932	45.948873	1.000000
15	Spectrogram 1	6	295.560000	295.750000	4000.000000	18000.000000	8000.000000	Sd-peep	5.122670	13.451031	-1.709042	3.026816	72.176999	0.000000
16	Spectrogram 1	5	302.810000	302.850000	4000.000000	18000.000000	8000.000000	Twitter	2.634182	11.581616	4.914494	1.295619	54.527311	2.000000
17	Spectrogram 1	6	310.430000	310.540000	4000.000000	18000.000000	8000.000000	Trill	4.721090	6.510695	-0.268878	6.880135	50.538647	1.000000
18	Spectrogram 1	5	318.620000	319.200000	4000.000000	18000.000000	8000.000000	Trill	6.876859	8.975218	3.775871	5.669171	56.647976	0.000000
19	Spectrogram 1	5	437.310000	437.380000	4000.000000	18000.000000	8000.000000	Trill	4.063015	8.847690	3.272495	6.204130	50.915835	0.000000
20	Spectrogram 1	5	450.540000	450.880000	4000.000000	18000.000000	8000.000000	Trill	3.905325	5.470781	1.990279	1.897260	37.864084	1.000000
21	Spectrogram 1	5	470.690000	470.780000	4000.000000	18000.000000	8000.000000	Trill	3.535052	5.526440	1.038217	2.076360	38.871948	1.000000
22	Spectrogram 1	6	480.900000	480.980000	4000.000000	18000.000000	8000.000000	Trill	5.742451	6.976655	-1.596009	2.794668	50.688633	0.000000
23	Spectrogram 1	5	487.320000	487.410000	4000.000000	18000.000000	8000.000000	Trill	7.058639	8.496405	2.016714	3.565786	58.209552	0.000000
24	Spectrogram 1	5	496.440000	496.530000	4000.000000	18000.000000	8000.000000	Trill	6.737822	10.105976	0.504519	5.375447	60.331467	1.000000
25	Spectrogram 1	5	510.280000	510.560000	4000.000000	18000.000000	8000.000000	Trill	4.863344	6.087202	8.532136	1.563710	38.609429	0.000000
26	Spectrogram 1	5	618.740000	618.870000	4000.000000	18000.000000	8000.000000	Trill	4.610828	5.949657	1.583041	2.553149	37.853466	1.000000
27	Spectrogram 1	6	715.570000	715.800000	4000.000000	18000.000000	8000.000000	Trill	3.705221	10.373913	-1.823733	2.735875	63.564930	1.000000
28	Spectrogram 1	6	783.650000	784.030000	4000.000000	18000.000000	8000.000000	Trill	3.432149	15.000000	-3.880805	2.642502	81.076445	0.000000
29	Spectrogram 1	6	784.060000	784.870000	4000.000000	18000.000000	8000.000000	Trill	2.073436	13.383853	-2.902305	2.682230	54.938374	2.000000
30	Spectrogram 1	5	831.880000	832.290000	4000.000000	18000.000000	8000.000000	Trill	4.957293	6.973234	1.876275	3.851766	43.783096	0.000000
31	Spectrogram 1	6	848.300000	849.510000	4000.000000	18000.000000	8000.000000	Trill	3.427078	11.055639	-0.417063	2.908281	59.018509	1.000000
32	Spectrogram 1	5	856.640000	857.040000	4000.000000	18000.000000	8000.000000	Trill	11.942906	15.000000	4.492511	7.648402	129.659050	0.000000
33	Spectrogram 1	5	874.250000	874.520000	4000.000000	18000.000000	8000.000000	Twitter	4.771593	14.376887	1.247768	3.187018	47.935741	1.000000
34	Spectrogram 1	5	877.490000	877.980000	4000.000000	18000.000000	8000.000000	Trill	6.653436	11.473554	2.681110	3.363489	66.844766	0.000000
35	Spectrogram 1	5	891.550000	891.900000	4000.000000	18000.000000	8000.000000	Trill	4.819216	7.829639	4.327624	6.116261	51.862730	0.000000
36	Spectrogram 1	5	892.140000	892.170000	4000.000000	18000.000000	8000.000000	P-peep	4.993167	4.511956	3.669937	3.944473	51.152517	0.000000
37	Spectrogram 1	5	892.210000	892.430000	4000.000000	18000.000000	8000.000000	P-peep	8.936320	12.459211	11.264184	10.233086	105.130557	0.000000
38	Spectrogram 1	5	908.480000	908.920000	4000.000000	18000.000000	8000.000000	Trill	6.892161	8.226766	9.057959	1.617848	52.892835	0.000000
39	Spectrogram 1	6	952.860000	952.970000	4000.000000	18000.000000	8000.000000	Trill	4.225016	15.000000	-0.677499	4.628991	53.531386	1.000000
40	Spectrogram 1	6	953.030000	953.130000	4000.000000	18000.000000	8000.000000	Trill	2.301630	10.321333	-2.068965	4.565209	43.761921	2.000000
41	Spectrogram 1	6	985.420000	986.840000	4000.000000	18000.000000	8000.000000	Sd-peep	3.471920	20.840716	-3.042125	10.242653	89.245370	0.000000
42	Spectrogram 1	5	991.320000	991.900000	4000.000000	18000.000000	8000.000000	Trill	4.750486	11.870795	0.084865	3.098818	60.107741	1.000000
43	Spectrogram 1	6	995.360000	995.750000	4000.000000	18000.000000	8000.000000	Phee	3.600931	14.071282	-1.001519	4.202003	52.245329	1.000000
44	Spectrogram 1	6	999.700000	999.820000	4000.000000	18000.000000	8000.000000	Sd-peep	6.240388	14.484542	-0.205694	3.129137	89.538742	1.000000
45	Spectrogram 1	6	1062.840000	1063.000000	4000.000000	18000.000000	8000.000000	Sd-peep	5.696093	14.428290	-0.497244	2.677216	80.060089	1.000000
46	Spectrogram 1	6	1152.760000	1152.830000	4000.000000	18000.000000	8000.000000	Trill	2.761887	6.575807	-0.838181	4.737480	44.834477	1.000000
47	Spectrogram 1	5	1152.870000	1153.190000	4000.000000	18000.000000	8000.000000	P-peep	2.231124	5.901507	1.671367	4.790062	37.145356	2.000000
48	Spectrogram 1	5	1205.410000	1205.630000	4000.000000	18000.000000	8000.000000	Phee	3.408686	13.519283	1.193965	2.036085	64.947017	1.000000
49	Spectrogram 1	6	1213.710000	1213.810000	4000.000000	18000.000000	8000.000000	Phee	5.887115	15.000000	-1.777514	3.528341	89.054679	0.000000
50	Spectrogram 1	5	1239.380000	1239.510000	4000.000000	18000.000000	8000.000000	Sd-peep	3.822969	11.825183	0.473450	2.947017	62.682527	1.000000
51	Spectrogram 1	5	1316.620000	1316.690000	4000.000000	18000.000000	8000.000000	Trill	7.776070	7.471509	3.078418	7.475511	47.492168	0.000000
52	Spectrogram 1	5	1316.790000	1316.830000	4000.000000	18000.000000	8000.000000	Trill	4.965163	4.926770	2.240465	5.156196	41.105988	0.000000
53	Spectrogram 1	5	1391.190000	1391.280000	4000.000000	18000.000000	8000.000000	Trill	3.209111	3.643514	3.936465	4.130130	37.988562	0.000000
54	Spectrogram 1	5	1395.020000	1395.240000	4000.000000	18000.000000	8000.000000	Trill	2.309198	3.822378	4.269552	4.682536	33.122685	0.000000
55	Spectrogram 1	5	1395.280000	1395.500000	4000.000000	18000.000000	8000.000000	Phee	3.737096	3.937108	5.205013	5.227330	30.889233	0.000000
56	Spectrogram 1	5	1398.790000	1399.030000	4000.000000	18000.000000	8000.000000	Trill	4.881482	12.148124	2.757987	8.677517	71.484550	0.000000
57	Spectrogram 1	5	1400.560000	1400.680000	4000.000000	18000.000000	8000.000000	Trill	2.761822	6.048065	5.286133	5.169031	38.876153	0.000000
58	Spectrogram 1	5	1400.760000	1400.830000	4000.000000	18000.000000	8000.000000	Trill	3.278867	5.685092	5.071094	5.171612	38.905162	0.000000
59	Spectrogram 1	5	1400.900000	1400.980000	4000.000000	18000.000000	8000.000000	Trill	4.703350	7.460120	5.884312	5.645944	42.374481	0.000000
60	Spectrogram 1	5	1401.050000	1401.130000	4000.000000	18000.000000	8000.000000	Trill	4.003595	8.641942	7.249000	6.612699	46.106705	0.000000
61	Spectrogram 1	5	1401.190000	1401.270000	4000.000000	18000.000000	8000.000000	Trill	3.980104	8.590263	6.493336	7.032603	45.729417	0.000000
62	Spectrogram 1	5	1401.320000	1401.410000	4000.000000	18000.000000	8000.000000	Trill	4.550704	7.981492	6.592758	6.325271	46.339791	0.000000
63	Spectrogram 1	5	1401.440000	1401.540000	4000.000000	18000.000000	8000.000000	Trill	4.075126	6.196715	5.436730	5.845758	37.377820	0.000000
64	Spectrogram 1	5	1402.190000	1402.300000	4000.000000	18000.000000	8000.000000	P-peep	6.634691	17.759713	11.450138	15.198631	99.656203	0.000000
65	Spectrogram 1	5	1402.530000	1403.780000	4000.000000	18000.000000	8000.000000	Trill	4.425405	13.334816	4.564125	6.737937	75.170979	0.000000
66	Spectrogram 1	5	1403.990000	1404.040000	4000.000000	18000.000000	8000.000000	Trill	3.953617	5.429850	3.209142	3.675004	40.317544	0.000000
67	Spectrogram 1	5	1404.120000	1404.660000	4000.000000	18000.000000	8000.000000	Trill	3.873727	10.121360	4.098433	4.934252	52.823475	0.000000
68	Spectrogram 1	5	1405.130000	1405.320000	4000.000000	18000.000000	8000.000000	Trill	2.939371	6.493761	5.993025	6.436457	44.023962	0.000000
69	Spectrogram 1	5	1407.290000	1407.390000	4000.000000	18000.000000	8000.000000	Trill	1.642390	8.421978	1.789122	6.058129	54.562994	2.000000
70	Spectrogram 1	5	1407.650000	1407.740000	4000.000000	18000.000000	8000.000000	Trill	1.644311	8.248963	4.373769	6.747319	50.434161	0.000000
71	Spectrogram 1	5	1407.770000	1408.310000	4000.000000	18000.000000	8000.000000	Trill	1.292053	7.901281	3.214521	4.462545	42.512283	2.000000
72	Spectrogram 1	5	1408.870000	1408.950000	4000.000000	18000.000000	8000.000000	Phee	4.274882	6.877643	11.079298	12.560012	40.480133	0.000000
73	Spectrogram 1	5	1409.000000	1410.390000	4000.000000	18000.000000	8000.000000	Trill	2.806009	9.084496	4.031551	6.346936	48.611583	0.000000
74	Spectrogram 1	5	1411.010000	1412.060000	4000.000000	18000.000000	8000.000000	Trill	2.703366	10.268080	3.799135	5.757955	56.724117	0.000000
75	Spectrogram 1	5	1412.140000	1412.180000	4000.000000	18000.000000	8000.000000	P-peep	5.653454	5.273179	4.680297	4.198958	45.144785	0.000000
76	Spectrogram 1	5	1412.580000	1412.800000	4000.000000	18000.000000	8000.000000	Sd-peep	5.334028	12.391221	3.074142	5.825897	81.054684	0.000000
77	Spectrogram 1	5	1413.580000	1415.050000	4000.000000	18000.000000	8000.000000	Trill	3.600554	10.476965	5.823128	7.163677	45.698923	0.000000
78	Spectrogram 1	5	1415.080000	1415.130000	4000.000000	18000.000000	8000.000000	Trill	4.541587	9.403205	7.223778	8.255473	50.361771	0.000000
79	Spectrogram 1	6	1417.570000	1418.970000	4000.000000	18000.000000	8000.000000	Trillphee	1.394192	21.589922	-2.370343	9.146747	74.993839	2.000000
80	Spectrogram 1	5	1421.470000	1421.720000	4000.000000	18000.000000	8000.000000	Phee	6.501932	8.809655	7.523410	8.800089	52.654153	0.000000
81	Spectrogram 1	5	1422.500000	1422.740000	4000.000000	18000.000000	8000.000000	Trill	3.540724	8.423550	4.229385	4.960813	46.660899	0.000000
82	Spectrogram 1	5	1424.170000	1424.580000	4000.000000	18000.000000	8000.000000	Trill	4.152438	5.746651	5.312724	5.172943	37.958291	0.000000
83	Spectrogram 1	5	1424.790000	1424.930000	4000.000000	18000.000000	8000.000000	P-peep	3.561375	3.980707	4.420980	4.279158	38.159611	0.000000
84	Spectrogram 1	5	1426.000000	1426.900000	4000.000000	18000.000000	8000.000000	Trill	3.309459	10.419188	4.070834	7.118593	60.607573	0.000000
85	Spectrogram 1	5	1427.140000	1427.190000	4000.000000	18000.000000	8000.000000	Trill	2.329947	3.742658	8.104074	5.167003	35.505462	0.000000
86	Spectrogram 1	5	1429.690000	1429.890000	4000.000000	18000.000000	8000.000000	Sd-peep	5.170024	9.971393	5.171229	5.388523	62.648700	0.000000
87	Spectrogram 1	5	1436.190000	1436.280000	4000.000000	18000.000000	8000.000000	Trill	2.719688	5.967295	4.366195	4.582247	41.778045	0.000000
88	Spectrogram 1	5	1436.360000	1437.250000	4000.000000	18000.000000	8000.000000	Trill	6.115360	13.537320	2.795286	4.718862	88.865299	0.000000
89	Spectrogram 1	5	1438.610000	1438.790000	4000.000000	18000.000000	8000.000000	Phee	4.764367	15.000000	2.329357	3.898727	82.399726	0.000000
90	Spectrogram 1	6	1450.570000	1452.270000	4000.000000	18000.000000	8000.000000	Phee	1.286049	15.000000	-2.064604	10.161438	91.620564	2.000000
91	Spectrogram 1	5	1455.210000	1455.410000	4000.000000	18000.000000	8000.000000	Sd-peep	5.327154	13.521485	3.223330	4.552743	75.953824	0.000000
92	Spectrogram 1	5	1457.000000	1457.120000	4000.000000	18000.000000	8000.000000	Phee	4.764112	15.000000	2.337194	4.969476	93.327807	0.000000
93	Spectrogram 1	6	1503.800000	1504.000000	4000.000000	18000.000000	8000.000000	Trill	4.350889	15.000000	-1.182036	4.201943	84.587911	1.000000
94	Spectrogram 1	6	1511.700000	1511.880000	4000.000000	18000.000000	8000.000000	Phee	3.949670	15.000000	-0.734733	2.506143	69.517770	1.000000
95	Spectrogram 1	5	1546.570000	1546.680000	4000.000000	18000.000000	8000.000000	Sd-peep	6.425497	16.323268	0.980804	5.871050	103.013556	0.000000
96	Spectrogram 1	5	1558.350000	1558.770000	4000.000000	18000.000000	8000.000000	Trill	7.004836	8.727930	1.059655	7.766072	59.987191	0.000000
97	Spectrogram 1	5	1558.930000	1559.100000	4000.000000	18000.000000	8000.000000	Trill	5.722970	5.504944	0.719281	2.898079	35.700864	1.000000
98	Spectrogram 1	6	1561.980000	1562.090000	4000.000000	18000.000000	8000.000000	Phee	5.765095	15.000000	-1.809716	3.124324	100.880000	0.000000
99	Spectrogram 1	6	1768.610000	1768.670000	4000.000000	18000.000000	8000.000000	Phee	7.643534	15.000000	-1.535959	1.347135	97.723987	1.000000
100	Spectrogram 1	5	1838.030000	1838.110000	4000.000000	18000.000000	8000.000000	Sd-peep	8.347320	15.531408	2.107079	3.995114	115.637931	0.000000
101	Spectrogram 1	6	1839.820000	1839.910000	4000.000000	18000.000000	8000.000000	Tse	6.743705	17.693681	-1.731274	4.806901	98.875135	0.000000
102	Spectrogram 1	5	1851.680000	1851.770000	4000.000000	18000.000000	8000.000000	Trill	5.521342	7.118092	1.213924	3.081644	45.102123	1.000000
103	Spectrogram 1	6	2198.220000	2198.330000	4000.000000	18000.000000	8000.000000	Tse	3.331305	21.286126	-1.128762	2.322698	69.931340	1.000000
104	Spectrogram 1	6	2275.520000	2275.570000	4000.000000	18000.000000	8000.000000	Trill	6.741168	8.160369	-0.820609	2.667600	62.329192	1.000000
105	Spectrogram 1	5	2292.390000	2292.480000	4000.000000	18000.000000	8000.000000	Sd-peep	8.620382	11.634132	5.336763	7.508333	83.822580	0.000000
106	Spectrogram 1	5	2306.490000	2306.550000	4000.000000	18000.000000	8000.000000	Twitter	7.993929	14.758778	5.910429	4.370059	94.556132	0.000000
107	Spectrogram 1	6	2518.140000	2518.210000	4000.000000	18000.000000	8000.000000	Trill	9.070153	8.974263	-1.938997	5.676991	57.960517	0.000000
108	Spectrogram 1	6	2775.490000	2775.620000	4000.000000	18000.000000	8000.000000	Sd-peep	7.332224	12.929990	-0.897526	2.714211	81.944217	1.000000
109	Spectrogram 1	6	2777.320000	2777.370000	4000.000000	18000.000000	8000.000000	Sd-peep	8.707045	8.533084	-2.746425	5.255877	61.455852	0.000000
110	Spectrogram 1	6	2841.490000	2842.010000	4000.000000	18000.000000	8000.000000	Trill	6.266509	9.936392	-1.879494	7.075094	54.893142	0.000000
111	Spectrogram 1	6	2842.060000	2842.170000	4000.000000	18000.000000	8000.000000	Trill	3.926011	5.345085	-1.168366	3.007680	36.495637	1.000000
112	Spectrogram 1	5	2860.970000	2861.050000	4000.000000	18000.000000	8000.000000	Trill	6.886144	9.053856	0.405189	4.566010	65.617346	1.000000
113	Spectrogram 1	5	2862.060000	2862.280000	4000.000000	18000.000000	8000.000000	Trillphee	2.983102	7.691537	1.337973	4.034395	52.831458	1.000000
114	Spectrogram 1	5	2862.680000	2862.730000	4000.000000	18000.000000	8000.000000	P-peep	4.430317	5.328948	0.580331	2.599626	45.598157	1.000000
115	Spectrogram 1	6	2884.630000	2884.690000	4000.000000	18000.000000	8000.000000	Trill	6.873511	12.274199	-3.904878	11.411098	79.391855	0.000000
116	Spectrogram 1	6	2884.750000	2884.790000	4000.000000	18000.000000	8000.000000	Trill	5.204810	11.119005	-2.692405	7.885266	74.803093	0.000000
117	Spectrogram 1	6	2884.850000	2884.910000	4000.000000	18000.000000	8000.000000	Trill	5.775029	7.266966	-1.398839	4.138183	47.248491	0.000000
118	Spectrogram 1	6	2885.070000	2885.100000	4000.000000	18000.000000	8000.000000	P-peep	6.829844	7.759601	-0.533061	3.093269	54.523700	1.000000
119	Spectrogram 1	6	2885.290000	2885.350000	4000.000000	18000.000000	8000.000000	Trill	7.852091	10.261647	-1.370128	6.416687	76.720550	0.000000
120	Spectrogram 1	6	2885.620000	2885.880000	4000.000000	18000.000000	8000.000000	Phee	8.293174	13.016315	-3.906631	8.135428	100.111907	0.000000
121	Spectrogram 1	5	2895.860000	2895.950000	4000.000000	18000.000000	8000.000000	Trill	6.349548	8.367969	1.053455	6.142303	57.650466	0.000000
122	Spectrogram 1	5	2895.980000	2896.690000	4000.000000	18000.000000	8000.000000	Trill	5.567426	8.547618	2.602261	6.089930	58.116661	0.000000
123	Spectrogram 1	5	2896.930000	2897.270000	4000.000000	18000.000000	8000.000000	Phee	7.646275	12.575318	5.991452	10.549082	92.951338	0.000000
124	Spectrogram 1	6	3013.910000	3014.010000	4000.000000	18000.000000	8000.000000	Twitter	3.123478	8.507870	-1.008911	1.915671	42.252398	1.000000
125	Spectrogram 1	5	3016.840000	3016.890000	4000.000000	18000.000000	8000.000000	Tse	3.007426	17.313904	0.669408	5.482191	58.996114	1.000000
126	Spectrogram 1	6	3028.440000	3028.810000	4000.000000	18000.000000	8000.000000	Trill	8.497089	9.315536	-7.888452	9.965655	62.592605	0.000000
127	Spectrogram 1	6	3032.080000	3033.020000	4000.000000	18000.000000	8000.000000	Trill	9.234474	14.642405	-7.246183	14.310749	102.633305	0.000000
128	Spectrogram 1	6	3033.200000	3033.700000	4000.000000	18000.000000	8000.000000	P-peep	6.283249	11.568389	-4.653992	10.359543	78.810260	0.000000
129	Spectrogram 1	6	3127.130000	3127.230000	4000.000000	18000.000000	8000.000000	Trill	7.609659	12.229361	-4.412899	7.732305	81.925611	0.000000
130	Spectrogram 1	6	3127.650000	3127.680000	4000.000000	18000.000000	8000.000000	Trill	3.473915	4.906829	-2.401100	2.885607	43.026768	0.000000
131	Spectrogram 1	6	3158.860000	3159.610000	4000.000000	18000.000000	8000.000000	Trill	7.216405	9.312631	-4.220482	7.646064	68.945768	0.000000
132	Spectrogram 1	6	3159.880000	3160.180000	4000.000000	18000.000000	8000.000000	P-peep	6.536197	10.570797	-7.251439	12.632953	83.078029	0.000000
133	Spectrogram 1	6	3168.240000	3168.310000	4000.000000	18000.000000	8000.000000	P-peep	4.943095	9.324792	-1.875131	3.007030	61.299267	0.000000
134	Spectrogram 1	6	3168.490000	3168.540000	4000.000000	18000.000000	8000.000000	Sd-peep	2.772885	7.452492	-3.056513	2.815084	54.166069	0.000000
135	Spectrogram 1	6	3173.590000	3174.550000	4000.000000	18000.000000	8000.000000	Trill	12.076764	15.000000	-5.589164	13.170057	127.010977	0.000000
136	Spectrogram 1	6	3193.540000	3194.530000	4000.000000	18000.000000	8000.000000	Trill	3.388188	9.354507	-0.604009	2.283507	54.750439	1.000000
137	Spectrogram 1	6	3200.610000	3201.580000	4000.000000	18000.000000	8000.000000	Trill	11.423995	15.000000	-7.166295	16.663354	146.317140	0.000000
138	Spectrogram 1	5	3280.730000	3280.780000	4000.000000	18000.000000	8000.000000	Twitter	6.236720	12.091445	0.336855	4.023421	54.587580	1.000000
139	Spectrogram 1	5	3280.840000	3280.910000	4000.000000	18000.000000	8000.000000	Twitter	4.340659	10.365981	0.352075	3.572512	45.919293	1.000000
140	Spectrogram 1	5	3280.970000	3281.020000	4000.000000	18000.000000	8000.000000	Twitter	6.531891	10.871779	0.357094	3.463698	51.874611	1.000000
141	Spectrogram 1	5	3281.090000	3281.150000	4000.000000	18000.000000	8000.000000	Twitter	4.811774	9.299052	0.958397	3.227882	45.937284	1.000000
142	Spectrogram 1	5	3281.330000	3281.360000	4000.000000	18000.000000	8000.000000	Trillphee	4.966604	6.604222	1.220021	2.381888	43.316998	1.000000
143	Spectrogram 1	5	3282.730000	3282.850000	4000.000000	18000.000000	8000.000000	P-peep	2.774599	9.147804	0.301179	2.691028	51.930721	1.000000
144	Spectrogram 1	5	3283.040000	3283.080000	4000.000000	18000.000000	8000.000000	Twitter	5.273749	11.752105	0.540881	3.772913	45.980329	1.000000
145	Spectrogram 1	5	3283.170000	3283.210000	4000.000000	18000.000000	8000.000000	Trill	4.402109	7.497931	0.816538	2.201202	49.422947	1.000000
146	Spectrogram 1	5	3283.320000	3283.350000	4000.000000	18000.000000	8000.000000	P-peep	5.293825	11.100379	0.713297	3.455387	68.927263	1.000000
147	Spectrogram 1	5	3283.560000	3283.830000	4000.000000	18000.000000	8000.000000	Phee	5.795745	11.586616	0.320131	2.825881	82.557444	1.000000
148	Spectrogram 1	5	3283.960000	3284.600000	4000.000000	18000.000000	8000.000000	Phee	5.151188	12.317282	2.002340	5.799874	82.962418	0.000000
149	Spectrogram 1	6	3286.420000	3287.120000	4000.000000	18000.000000	8000.000000	Trill	4.163795	7.082317	-0.369324	4.546150	50.005268	1.000000
150	Spectrogram 1	5	3287.160000	3287.510000	4000.000000	18000.000000	8000.000000	Phee	3.023373	8.472425	1.181316	6.138675	49.745266	1.000000
151	Spectrogram 1	5	3398.870000	3398.930000	4000.000000	18000.000000	8000.000000	Twitter	5.547207	12.689950	0.455159	5.433689	56.968970	1.000000
152	Spectrogram 1	5	3399.000000	3399.200000	4000.000000	18000.000000	8000.000000	Twitter	4.567697	10.353426	0.084989	3.360751	43.916614	1.000000
153	Spectrogram 1	5	3399.260000	3399.660000	4000.000000	18000.000000	8000.000000	Trill	5.159916	9.563294	0.171600	2.768686	46.947341	1.000000
154	Spectrogram 1	5	3399.730000	3399.780000	4000.000000	18000.000000	8000.000000	P-peep	6.439256	9.093130	0.766180	2.636044	61.081967	1.000000
155	Spectrogram 1	5	3400.300000	3400.780000	4000.000000	18000.000000	8000.000000	Phee	3.870747	10.311981	2.336686	6.301524	57.483266	0.000000
156	Spectrogram 1	5	3400.950000	3401.020000	4000.000000	18000.000000	8000.000000	Trill	5.230555	5.502381	2.156600	3.154038	53.707949	0.000000
157	Spectrogram 1	6	3452.370000	3453.330000	4000.000000	18000.000000	8000.000000	Phee	7.109111	13.860441	-1.410494	9.704823	100.804856	0.000000
158	Spectrogram 1	5	3453.520000	3454.020000	4000.000000	18000.000000	8000.000000	Phee	8.679693	14.666767	0.445447	7.231388	113.905232	1.000000
159	Spectrogram 1	6	3460.860000	3461.120000	4000.000000	18000.000000	8000.000000	Trill	5.329042	10.105760	-2.589878	2.990330	65.610607	0.000000
160	Spectrogram 1	6	3464.010000	3464.120000	4000.000000	18000.000000	8000.000000	Trill	11.117218	15.000000	-1.914078	8.623868	122.750794	0.000000
161	Spectrogram 1	6	3464.390000	3464.460000	4000.000000	18000.000000	8000.000000	Twitter	4.739131	13.105228	-0.780106	4.626427	58.847739	0.000000
162	Spectrogram 1	6	3464.510000	3464.710000	4000.000000	18000.000000	8000.000000	Twitter	4.796305	12.081510	-0.455163	4.518769	49.246055	1.000000
163	Spectrogram 1	6	3464.760000	3465.150000	4000.000000	18000.000000	8000.000000	Trill	5.733294	11.858895	-0.524241	4.760244	61.798559	1.000000
164	Spectrogram 1	6	3471.430000	3471.540000	4000.000000	18000.000000	8000.000000	P-peep	7.404928	14.843988	-4.071545	9.586853	83.837816	0.000000
165	Spectrogram 1	6	3471.630000	3471.670000	4000.000000	18000.000000	8000.000000	Twitter	8.750524	18.603233	-3.974892	10.262630	87.129274	0.000000
166	Spectrogram 1	6	3471.760000	3471.810000	4000.000000	18000.000000	8000.000000	Twitter	7.188835	16.237113	-3.842653	9.609793	86.384951	0.000000
167	Spectrogram 1	6	3471.890000	3471.940000	4000.000000	18000.000000	8000.000000	Twitter	6.921287	16.640483	-3.549027	10.413034	67.076755	0.000000
168	Spectrogram 1	6	3472.010000	3472.210000	4000.000000	18000.000000	8000.000000	Trill	6.890219	13.980827	-3.093034	7.977447	84.704542	0.000000
169	Spectrogram 1	6	3472.280000	3473.420000	4000.000000	18000.000000	8000.000000	Phee	7.648189	15.000000	-1.649241	12.010219	162.834663	0.000000
170	Spectrogram 1	6	3473.580000	3473.790000	4000.000000	18000.000000	8000.000000	Trill	7.330539	12.518235	-6.719174	17.732189	90.506248	0.000000
171	Spectrogram 1	6	3554.740000	3554.870000	4000.000000	18000.000000	8000.000000	Phee	9.804232	15.000000	-7.687239	13.317618	128.229456	0.000000
172	Spectrogram 1	6	3564.780000	3564.850000	4000.000000	18000.000000	8000.000000	Twitter	4.893276	13.942220	-2.040507	3.463666	53.927963	0.000000
173	Spectrogram 1	6	3565.730000	3566.710000	4000.000000	18000.000000	8000.000000	Sd-peep	5.189668	14.410406	-1.484955	4.106986	77.890201	0.000000
174	Spectrogram 1	6	3590.970000	3591.070000	4000.000000	18000.000000	8000.000000	Trill	3.879808	14.762145	-3.899856	4.296567	72.923196	0.000000
175	Spectrogram 1	6	3592.600000	3592.660000	4000.000000	18000.000000	8000.000000	Sd-peep	1.889446	8.717516	-1.888657	3.996813	36.498199	2.000000
176	Spectrogram 1	6	3602.380000	3602.460000	4000.000000	18000.000000	8000.000000	Sd-peep	7.645303	9.460899	-1.919032	1.316814	48.690733	1.000000
177	Spectrogram 1	6	3615.580000	3616.100000	4000.000000	18000.000000	8000.000000	Twitter	4.943790	13.228592	-1.725880	2.366138	47.184493	1.000000
178	Spectrogram 1	5	3650.270000	3650.360000	4000.000000	18000.000000	8000.000000	Sd-peep	4.312066	12.582238	1.347583	3.700127	70.587721	0.000000
179	Spectrogram 1	6	3660.190000	3660.870000	4000.000000	18000.000000	8000.000000	Trill	9.780990	15.000000	-5.842738	15.099767	157.019503	0.000000
180	Spectrogram 1	6	3661.020000	3661.530000	4000.000000	18000.000000	8000.000000	Phee	8.757216	15.000000	-5.573610	17.549889	173.580518	0.000000
181	Spectrogram 1	6	3661.720000	3662.150000	4000.000000	18000.000000	8000.000000	Phee	11.076759	15.000000	-6.745621	18.954208	190.136883	0.000000
182	Spectrogram 1	6	3772.510000	3773.050000	4000.000000	18000.000000	8000.000000	Trill	12.252285	14.704363	-7.008561	10.767285	114.977114	0.000000
183	Spectrogram 1	6	3783.770000	3784.260000	4000.000000	18000.000000	8000.000000	Twitter	5.447228	11.661032	-1.312957	1.847385	48.272525	1.000000
184	Spectrogram 1	6	3804.720000	3805.790000	4000.000000	18000.000000	8000.000000	Twitter	3.729290	14.443848	-3.443739	2.100569	37.867469	0.000000
185	Spectrogram 1	6	3810.170000	3810.230000	4000.000000	18000.000000	8000.000000	Trill	7.751066	12.483277	-6.407277	9.069193	82.683337	0.000000
186	Spectrogram 1	6	3811.050000	3811.130000	4000.000000	18000.000000	8000.000000	Trill	5.007303	6.908886	-4.505864	9.207327	53.831246	0.000000
187	Spectrogram 1	6	3899.070000	3899.980000	4000.000000	18000.000000	8000.000000	Trill	1.846164	15.000000	-2.717084	5.778431	62.969299	0.000000
188	Spectrogram 1	5	4076.570000	4076.770000	4000.000000	18000.000000	8000.000000	Trill	5.468030	8.271222	3.337427	5.936292	46.368652	0.000000
189	Spectrogram 1	5	4076.870000	4076.920000	4000.000000	18000.000000	8000.000000	Trill	4.471734	4.873378	1.912250	3.836687	32.506050	0.000000
190	Spectrogram 1	5	4085.950000	4086.030000	4000.000000	18000.000000	8000.000000	Trill	4.101170	6.330973	2.667591	2.965203	42.503858	0.000000
191	Spectrogram 1	5	4086.080000	4086.150000	4000.000000	18000.000000	8000.000000	Trill	3.590327	6.115576	2.653528	3.260797	41.209461	0.000000
192	Spectrogram 1	5	4089.620000	4089.700000	4000.000000	18000.000000	8000.000000	Trill	3.821225	6.268215	1.542612	2.192225	39.014654	1.000000
193	Spectrogram 1	5	4089.740000	4090.350000	4000.000000	18000.000000	8000.000000	Trill	3.508064	5.752105	1.560958	1.929609	32.092606	1.000000
194	Spectrogram 1	5	4119.980000	4120.770000	4000.000000	18000.000000	8000.000000	Trill	6.179169	9.484639	3.588718	4.606631	55.337324	0.000000
195	Spectrogram 1	5	4283.320000	4283.860000	4000.000000	18000.000000	8000.000000	Trill	3.752337	5.786262	1.511982	2.179374	36.112263	1.000000
196	Spectrogram 1	5	4289.140000	4289.720000	4000.000000	18000.000000	8000.000000	Trill	6.000497	8.151819	2.725046	4.560286	51.244905	0.000000
197	Spectrogram 1	5	4296.450000	4296.850000	4000.000000	18000.000000	8000.000000	Trill	7.286770	9.153421	4.510693	3.543377	58.873631	0.000000
198	Spectrogram 1	5	4335.870000	4336.700000	4000.000000	18000.000000	8000.000000	Trill	3.763602	7.396495	2.047110	2.783579	44.889512	1.000000
199	Spectrogram 1	5	4371.580000	4374.020000	4000.000000	18000.000000	8000.000000	Trill	1.319432	15.000000	3.477548	7.072126	54.021758	0.000000
