Selection	View	Channel	Begin Time (s)	End Time (s)	Low Freq (Hz)	High Freq (Hz)	Max Freq (Hz)	Call Type	Energy Diff	Energy Par	Energy Diff (wl)	Energy Par (wl)	AHR	Exception
1	Spectrogram 1	1	17.310000	17.600000	4000.000000	18000.000000	8000.000000	Trillphee	4.228902	10.899182	NaN	NaN	34.300170	0.000000
2	Spectrogram 1	1	18.130000	18.150000	4000.000000	18000.000000	8000.000000	Sd-peep	11.142085	12.532259	NaN	NaN	28.190817	0.000000
3	Spectrogram 1	1	21.330000	21.780000	4000.000000	18000.000000	8000.000000	Trill	7.213813	16.230204	NaN	NaN	56.154343	0.000000
4	Spectrogram 1	1	28.710000	29.320000	4000.000000	18000.000000	8000.000000	Trill	9.298024	20.038455	NaN	NaN	75.007410	0.000000
5	Spectrogram 1	1	35.070000	35.130000	4000.000000	18000.000000	8000.000000	Trill	10.945483	12.504707	NaN	NaN	28.341273	0.000000
6	Spectrogram 1	1	63.890000	64.370000	4000.000000	18000.000000	8000.000000	Trill	6.843175	17.173815	NaN	NaN	67.191098	0.000000
7	Spectrogram 1	1	74.660000	74.700000	4000.000000	18000.000000	8000.000000	Trill	8.599003	12.577683	NaN	NaN	32.814847	0.000000
8	Spectrogram 1	1	74.750000	74.870000	4000.000000	18000.000000	8000.000000	Trillphee	6.086750	12.199967	NaN	NaN	43.180294	0.000000
9	Spectrogram 1	1	79.310000	80.080000	4000.000000	18000.000000	8000.000000	Trill	10.775065	25.360409	NaN	NaN	87.448541	0.000000
10	Spectrogram 1	1	88.890000	89.780000	4000.000000	18000.000000	8000.000000	Trill	12.957402	26.603888	NaN	NaN	103.306291	0.000000
11	Spectrogram 1	1	92.120000	92.640000	4000.000000	18000.000000	8000.000000	Trill	16.263041	28.653287	NaN	NaN	119.970332	0.000000
12	Spectrogram 1	1	120.840000	121.230000	4000.000000	18000.000000	8000.000000	Trill	6.735776	18.196270	NaN	NaN	66.451075	0.000000
13	Spectrogram 1	1	138.290000	138.820000	4000.000000	18000.000000	8000.000000	Trillphee	4.045775	13.960142	NaN	NaN	46.038761	0.000000
14	Spectrogram 1	1	179.640000	179.980000	4000.000000	18000.000000	8000.000000	Trill	4.344864	15.870597	NaN	NaN	46.882470	0.000000
15	Spectrogram 1	1	180.010000	180.060000	4000.000000	18000.000000	8000.000000	Trill	4.983487	10.890615	NaN	NaN	47.546368	0.000000
16	Spectrogram 1	1	223.100000	224.100000	4000.000000	18000.000000	8000.000000	Trill	11.603175	22.573879	NaN	NaN	90.198220	0.000000
17	Spectrogram 1	1	252.630000	253.350000	4000.000000	18000.000000	8000.000000	Trill	10.039244	21.890832	NaN	NaN	95.762273	0.000000
18	Spectrogram 1	1	262.270000	262.370000	4000.000000	18000.000000	8000.000000	Trill	9.971441	12.028297	NaN	NaN	30.139618	0.000000
19	Spectrogram 1	1	268.680000	268.740000	4000.000000	18000.000000	8000.000000	Trill	6.110813	8.807043	NaN	NaN	35.013475	0.000000
20	Spectrogram 1	1	280.870000	282.110000	4000.000000	18000.000000	8000.000000	Trill	9.322585	24.297502	NaN	NaN	99.306234	0.000000
21	Spectrogram 1	1	298.810000	299.190000	4000.000000	18000.000000	8000.000000	Trill	11.880966	23.792033	NaN	NaN	75.976932	0.000000
22	Spectrogram 1	1	301.970000	302.330000	4000.000000	18000.000000	8000.000000	Trill	12.885169	23.489452	NaN	NaN	85.809168	0.000000
23	Spectrogram 1	1	308.930000	309.300000	4000.000000	18000.000000	8000.000000	Trill	13.799060	25.318748	NaN	NaN	96.593451	0.000000
24	Spectrogram 1	1	321.480000	321.560000	4000.000000	18000.000000	8000.000000	Phee	4.724797	8.126635	NaN	NaN	32.086734	0.000000
25	Spectrogram 1	1	349.120000	349.150000	4000.000000	18000.000000	8000.000000	Sd-peep	9.635565	11.961122	NaN	NaN	30.269986	0.000000
26	Spectrogram 1	1	358.510000	358.870000	4000.000000	18000.000000	8000.000000	Trill	13.515336	23.754859	NaN	NaN	106.892922	0.000000
27	Spectrogram 1	1	361.540000	361.560000	4000.000000	18000.000000	8000.000000	Sd-peep	9.213530	10.982235	NaN	NaN	30.241068	0.000000
28	Spectrogram 1	1	399.910000	400.410000	4000.000000	18000.000000	8000.000000	Trill	10.869082	22.520613	NaN	NaN	80.785758	0.000000
29	Spectrogram 1	1	421.550000	422.020000	4000.000000	18000.000000	8000.000000	Trill	10.509058	21.651402	NaN	NaN	82.488048	0.000000
30	Spectrogram 1	1	440.100000	440.480000	4000.000000	18000.000000	8000.000000	Trill	18.563030	30.000000	NaN	NaN	124.444665	0.000000
31	Spectrogram 1	1	442.040000	442.060000	4000.000000	18000.000000	8000.000000	Sd-peep	6.451645	8.716274	NaN	NaN	34.511029	0.000000
32	Spectrogram 1	1	446.890000	446.920000	4000.000000	18000.000000	8000.000000	Trill	11.583579	12.281484	NaN	NaN	34.949959	0.000000
33	Spectrogram 1	1	447.120000	447.470000	4000.000000	18000.000000	8000.000000	Trill	15.810726	26.877313	NaN	NaN	124.773060	0.000000
34	Spectrogram 1	1	462.570000	462.750000	4000.000000	18000.000000	8000.000000	Trill	16.157721	26.269751	NaN	NaN	86.308543	0.000000
35	Spectrogram 1	1	463.710000	464.140000	4000.000000	18000.000000	8000.000000	Trill	16.552057	27.407747	NaN	NaN	129.237755	0.000000
36	Spectrogram 1	1	466.110000	466.160000	4000.000000	18000.000000	8000.000000	Phee	9.086519	10.962978	NaN	NaN	28.960875	0.000000
37	Spectrogram 1	1	466.220000	466.240000	4000.000000	18000.000000	8000.000000	Sd-peep	8.701405	9.549923	NaN	NaN	29.535672	0.000000
38	Spectrogram 1	1	485.390000	485.410000	4000.000000	18000.000000	8000.000000	Sd-peep	4.752911	9.517123	NaN	NaN	50.427480	0.000000
39	Spectrogram 1	1	494.510000	494.750000	4000.000000	18000.000000	8000.000000	Trill	7.407084	17.046111	NaN	NaN	69.225458	0.000000
40	Spectrogram 1	1	500.780000	501.110000	4000.000000	18000.000000	8000.000000	Trill	4.389442	16.587742	NaN	NaN	49.249706	0.000000
41	Spectrogram 1	1	508.380000	508.810000	4000.000000	18000.000000	8000.000000	Trill	4.298581	15.168084	NaN	NaN	46.720112	0.000000
42	Spectrogram 1	1	519.210000	519.370000	4000.000000	18000.000000	8000.000000	Trill	4.621963	17.422125	NaN	NaN	47.278569	0.000000
43	Spectrogram 1	1	526.120000	526.140000	4000.000000	18000.000000	8000.000000	Sd-peep	4.781043	8.544506	NaN	NaN	36.457284	0.000000
44	Spectrogram 1	1	533.330000	533.690000	4000.000000	18000.000000	8000.000000	Trill	5.828310	17.529712	NaN	NaN	55.086783	0.000000
45	Spectrogram 1	1	562.530000	562.740000	4000.000000	18000.000000	8000.000000	Trill	7.557220	18.017073	NaN	NaN	50.064313	0.000000
46	Spectrogram 1	1	573.540000	574.340000	4000.000000	18000.000000	8000.000000	Trill	4.327359	12.745360	NaN	NaN	43.526297	0.000000
47	Spectrogram 1	1	591.850000	593.550000	4000.000000	18000.000000	8000.000000	Trill	8.492920	29.618120	NaN	NaN	80.399048	0.000000
48	Spectrogram 1	1	615.120000	615.450000	4000.000000	18000.000000	8000.000000	Trill	7.045578	15.580112	NaN	NaN	55.817533	0.000000
49	Spectrogram 1	1	617.700000	617.760000	4000.000000	18000.000000	8000.000000	Trill	10.131149	11.373866	NaN	NaN	28.646132	0.000000
50	Spectrogram 1	1	628.580000	628.610000	4000.000000	18000.000000	8000.000000	Trill	5.660847	13.217151	NaN	NaN	54.454928	0.000000
51	Spectrogram 1	1	630.640000	630.840000	4000.000000	18000.000000	8000.000000	Trill	10.603085	19.184451	NaN	NaN	37.490742	0.000000
52	Spectrogram 1	1	642.750000	643.090000	4000.000000	18000.000000	8000.000000	Trill	6.438081	16.434474	NaN	NaN	52.784226	0.000000
53	Spectrogram 1	1	650.070000	650.120000	4000.000000	18000.000000	8000.000000	Trill	6.741988	11.005580	NaN	NaN	30.529186	0.000000
54	Spectrogram 1	1	659.360000	659.980000	4000.000000	18000.000000	8000.000000	Trillphee	4.034139	17.719783	NaN	NaN	59.832006	0.000000
55	Spectrogram 1	1	679.850000	680.130000	4000.000000	18000.000000	8000.000000	Trill	8.529375	18.431379	NaN	NaN	67.589526	0.000000
56	Spectrogram 1	1	682.200000	683.490000	4000.000000	18000.000000	8000.000000	Phee	8.683646	30.000000	NaN	NaN	72.355392	0.000000
57	Spectrogram 1	1	683.720000	684.590000	4000.000000	18000.000000	8000.000000	Trillphee	7.783047	30.853316	NaN	NaN	46.345483	0.000000
58	Spectrogram 1	1	712.820000	713.420000	4000.000000	18000.000000	8000.000000	Trill	10.784970	23.031789	NaN	NaN	95.006830	0.000000
59	Spectrogram 1	1	717.470000	717.730000	4000.000000	18000.000000	8000.000000	Trillphee	6.869548	13.052760	NaN	NaN	32.009818	0.000000
60	Spectrogram 1	1	718.770000	718.820000	4000.000000	18000.000000	8000.000000	Phee	5.899791	9.668777	NaN	NaN	32.340375	0.000000
61	Spectrogram 1	1	718.900000	718.990000	4000.000000	18000.000000	8000.000000	Phee	4.265594	8.099575	NaN	NaN	41.256326	0.000000
62	Spectrogram 1	1	720.840000	720.910000	4000.000000	18000.000000	8000.000000	Trill	4.253260	8.002191	NaN	NaN	45.029834	0.000000
63	Spectrogram 1	1	741.010000	741.100000	4000.000000	18000.000000	8000.000000	Twitter	5.227877	27.889489	NaN	NaN	45.404668	0.000000
64	Spectrogram 1	1	769.860000	770.080000	4000.000000	18000.000000	8000.000000	Trill	4.893893	14.693744	NaN	NaN	47.614211	0.000000
65	Spectrogram 1	1	785.700000	786.020000	4000.000000	18000.000000	8000.000000	Trill	4.619811	16.687972	NaN	NaN	37.808132	0.000000
66	Spectrogram 1	1	842.080000	842.410000	4000.000000	18000.000000	8000.000000	Trill	9.660768	18.516052	NaN	NaN	59.593044	0.000000
67	Spectrogram 1	1	849.830000	850.240000	4000.000000	18000.000000	8000.000000	Trill	7.266340	19.662477	NaN	NaN	50.448392	0.000000
68	Spectrogram 1	1	907.490000	907.620000	4000.000000	18000.000000	8000.000000	Trill	6.650943	11.851552	NaN	NaN	31.280072	0.000000
69	Spectrogram 1	1	916.000000	916.050000	4000.000000	18000.000000	8000.000000	Trill	4.669164	17.106690	NaN	NaN	73.188903	0.000000
70	Spectrogram 1	1	968.790000	969.380000	4000.000000	18000.000000	8000.000000	Trill	4.795464	16.837727	NaN	NaN	50.298062	0.000000
71	Spectrogram 1	1	995.810000	996.150000	4000.000000	18000.000000	8000.000000	Trill	7.221360	18.135772	NaN	NaN	58.734482	0.000000
72	Spectrogram 1	1	1097.640000	1097.670000	4000.000000	18000.000000	8000.000000	Phee	4.626934	9.037508	NaN	NaN	55.859581	0.000000
73	Spectrogram 1	1	1120.890000	1120.960000	4000.000000	18000.000000	8000.000000	Phee	4.560924	12.944334	NaN	NaN	63.513668	0.000000
74	Spectrogram 1	1	1126.600000	1126.970000	4000.000000	18000.000000	8000.000000	Trill	7.067176	14.115267	NaN	NaN	37.254981	0.000000
75	Spectrogram 1	1	1148.230000	1148.580000	4000.000000	18000.000000	8000.000000	Trill	5.463222	14.501296	NaN	NaN	40.261606	0.000000
76	Spectrogram 1	1	1159.280000	1159.640000	4000.000000	18000.000000	8000.000000	Trillphee	5.699993	14.478558	NaN	NaN	51.580562	0.000000
77	Spectrogram 1	1	1160.150000	1160.450000	4000.000000	18000.000000	8000.000000	Trill	4.887672	15.611345	NaN	NaN	53.623875	0.000000
78	Spectrogram 1	1	1286.310000	1287.020000	4000.000000	18000.000000	8000.000000	Trill	8.285976	19.402831	NaN	NaN	85.385828	0.000000
79	Spectrogram 1	1	1314.330000	1314.860000	4000.000000	18000.000000	8000.000000	Phee	4.059557	13.929584	NaN	NaN	39.481702	0.000000
80	Spectrogram 1	1	1317.510000	1317.530000	4000.000000	18000.000000	8000.000000	Sd-peep	5.600315	7.992884	NaN	NaN	29.998652	0.000000
81	Spectrogram 1	1	1317.800000	1318.850000	4000.000000	18000.000000	8000.000000	Phee	6.968355	20.034903	NaN	NaN	54.555760	0.000000
82	Spectrogram 1	1	1324.450000	1324.870000	4000.000000	18000.000000	8000.000000	Trill	8.130114	17.697978	NaN	NaN	50.313430	0.000000
83	Spectrogram 1	1	1331.560000	1332.090000	4000.000000	18000.000000	8000.000000	Trill	11.094944	21.346515	NaN	NaN	86.420136	0.000000
84	Spectrogram 1	1	1350.940000	1351.110000	4000.000000	18000.000000	8000.000000	Trill	5.372510	12.872793	NaN	NaN	33.279120	0.000000
85	Spectrogram 1	1	1365.820000	1366.470000	4000.000000	18000.000000	8000.000000	Phee	5.591626	16.733677	NaN	NaN	43.495288	0.000000
86	Spectrogram 1	1	1394.080000	1395.240000	4000.000000	18000.000000	8000.000000	Trill	7.163307	25.277814	NaN	NaN	105.902888	0.000000
87	Spectrogram 1	1	1409.560000	1409.840000	4000.000000	18000.000000	8000.000000	Trill	8.631531	17.425578	NaN	NaN	71.791096	0.000000
88	Spectrogram 1	1	1416.580000	1417.500000	4000.000000	18000.000000	8000.000000	Trill	12.066973	23.997805	NaN	NaN	85.948439	0.000000
89	Spectrogram 1	1	1420.390000	1420.550000	4000.000000	18000.000000	8000.000000	Trill	7.935784	11.492964	NaN	NaN	30.671958	0.000000
90	Spectrogram 1	1	1475.180000	1475.580000	4000.000000	18000.000000	8000.000000	Trill	6.378480	17.675280	NaN	NaN	54.245313	0.000000
91	Spectrogram 1	1	1500.600000	1500.790000	4000.000000	18000.000000	8000.000000	Phee	4.821230	9.994483	NaN	NaN	51.884112	0.000000
92	Spectrogram 1	1	1512.590000	1513.390000	4000.000000	18000.000000	8000.000000	Trill	5.610248	16.560334	NaN	NaN	49.528499	0.000000
93	Spectrogram 1	1	1516.340000	1516.660000	4000.000000	18000.000000	8000.000000	Trill	6.346629	16.490062	NaN	NaN	44.813151	0.000000
94	Spectrogram 1	1	1528.590000	1528.980000	4000.000000	18000.000000	8000.000000	Trill	6.082576	16.206560	NaN	NaN	50.296766	0.000000
95	Spectrogram 1	1	1553.570000	1553.970000	4000.000000	18000.000000	8000.000000	Trill	4.441044	14.993968	NaN	NaN	48.738840	0.000000
96	Spectrogram 1	1	1564.000000	1564.280000	4000.000000	18000.000000	8000.000000	Trill	4.956553	18.199360	NaN	NaN	50.500810	0.000000
97	Spectrogram 1	1	1606.070000	1606.640000	4000.000000	18000.000000	8000.000000	Trill	9.560946	21.812215	NaN	NaN	66.039071	0.000000
98	Spectrogram 1	1	1618.570000	1618.610000	4000.000000	18000.000000	8000.000000	Trill	13.934120	15.092512	NaN	NaN	29.413924	0.000000
99	Spectrogram 1	1	1619.560000	1619.860000	4000.000000	18000.000000	8000.000000	Trill	7.868843	15.624276	NaN	NaN	39.858867	0.000000
100	Spectrogram 1	1	1640.140000	1640.670000	4000.000000	18000.000000	8000.000000	Trill	5.050176	16.708384	NaN	NaN	51.485924	0.000000
101	Spectrogram 1	1	1702.700000	1703.050000	4000.000000	18000.000000	8000.000000	Trill	5.248866	13.557608	NaN	NaN	46.197348	0.000000
102	Spectrogram 1	1	1724.540000	1724.790000	4000.000000	18000.000000	8000.000000	Trill	6.896971	16.971840	NaN	NaN	38.372074	0.000000
103	Spectrogram 1	1	1736.540000	1736.830000	4000.000000	18000.000000	8000.000000	Trill	9.022296	22.617052	NaN	NaN	64.570084	0.000000
104	Spectrogram 1	1	1743.050000	1743.090000	4000.000000	18000.000000	8000.000000	Trill	6.636347	13.179046	NaN	NaN	31.902443	0.000000
105	Spectrogram 1	1	1753.490000	1754.470000	4000.000000	18000.000000	8000.000000	Trill	9.347285	20.838144	NaN	NaN	86.861253	0.000000
106	Spectrogram 1	1	1763.270000	1763.610000	4000.000000	18000.000000	8000.000000	Trill	7.252033	18.060452	NaN	NaN	42.540113	0.000000
107	Spectrogram 1	1	1772.480000	1773.290000	4000.000000	18000.000000	8000.000000	Trill	5.777261	15.172989	NaN	NaN	54.194457	0.000000
108	Spectrogram 1	1	1807.800000	1809.070000	4000.000000	18000.000000	8000.000000	Phee	9.128101	29.627910	NaN	NaN	51.937050	0.000000
109	Spectrogram 1	1	1809.320000	1810.210000	4000.000000	18000.000000	8000.000000	Phee	8.473961	30.000000	NaN	NaN	34.734768	0.000000
110	Spectrogram 1	1	1810.420000	1811.330000	4000.000000	18000.000000	8000.000000	Trillphee	9.180126	31.014135	NaN	NaN	49.309515	0.000000
111	Spectrogram 1	1	1849.950000	1850.360000	4000.000000	18000.000000	8000.000000	Trill	5.908710	17.301472	NaN	NaN	52.545628	0.000000
112	Spectrogram 1	1	1870.240000	1870.520000	4000.000000	18000.000000	8000.000000	Trill	6.010469	18.259676	NaN	NaN	51.395556	0.000000
113	Spectrogram 1	1	1891.800000	1891.830000	4000.000000	18000.000000	8000.000000	Trill	12.487896	13.156545	NaN	NaN	28.274269	0.000000
114	Spectrogram 1	1	1898.550000	1899.030000	4000.000000	18000.000000	8000.000000	Trill	12.234940	24.024836	NaN	NaN	74.882695	0.000000
115	Spectrogram 1	1	1931.410000	1931.460000	4000.000000	18000.000000	8000.000000	Trill	4.357966	16.581177	NaN	NaN	32.686186	0.000000
116	Spectrogram 1	1	1947.880000	1948.080000	4000.000000	18000.000000	8000.000000	Trillphee	4.811733	13.782780	NaN	NaN	46.661209	0.000000
117	Spectrogram 1	1	1948.130000	1948.700000	4000.000000	18000.000000	8000.000000	Trillphee	4.529117	13.873073	NaN	NaN	44.076066	0.000000
118	Spectrogram 1	1	1949.430000	1950.040000	4000.000000	18000.000000	8000.000000	Trill	13.574113	27.192476	NaN	NaN	93.560096	0.000000
119	Spectrogram 1	1	1954.490000	1954.770000	4000.000000	18000.000000	8000.000000	Trill	12.116754	24.957226	NaN	NaN	82.743814	0.000000
120	Spectrogram 1	1	1959.250000	1959.360000	4000.000000	18000.000000	8000.000000	Twitter	4.109133	25.195520	NaN	NaN	40.200453	0.000000
121	Spectrogram 1	1	1975.670000	1975.970000	4000.000000	18000.000000	8000.000000	Trill	5.316590	17.672459	NaN	NaN	34.841371	0.000000
122	Spectrogram 1	1	2002.340000	2002.430000	4000.000000	18000.000000	8000.000000	Trill	14.441626	16.362713	NaN	NaN	31.435284	0.000000
123	Spectrogram 1	1	2027.120000	2027.160000	4000.000000	18000.000000	8000.000000	Trill	6.158629	7.824149	NaN	NaN	32.634948	0.000000
124	Spectrogram 1	1	2051.640000	2051.710000	4000.000000	18000.000000	8000.000000	Phee	5.973219	7.325681	NaN	NaN	34.245163	0.000000
125	Spectrogram 1	1	2095.580000	2095.610000	4000.000000	18000.000000	8000.000000	Trill	6.794520	9.020468	NaN	NaN	33.001886	0.000000
126	Spectrogram 1	1	2104.340000	2104.360000	4000.000000	18000.000000	8000.000000	Sd-peep	4.110751	7.752572	NaN	NaN	33.335421	0.000000
127	Spectrogram 1	1	2117.890000	2118.190000	4000.000000	18000.000000	8000.000000	Trill	4.822584	17.571799	NaN	NaN	53.094225	0.000000
128	Spectrogram 1	1	2126.000000	2126.480000	4000.000000	18000.000000	8000.000000	Trill	4.487795	16.350047	NaN	NaN	42.310493	0.000000
129	Spectrogram 1	1	2128.860000	2129.200000	4000.000000	18000.000000	8000.000000	Trill	4.395048	13.628025	NaN	NaN	35.675685	0.000000
130	Spectrogram 1	1	2134.960000	2135.370000	4000.000000	18000.000000	8000.000000	Trill	5.879762	20.034350	NaN	NaN	51.375342	0.000000
131	Spectrogram 1	1	2150.790000	2151.630000	4000.000000	18000.000000	8000.000000	Trill	5.553927	16.693043	NaN	NaN	48.470125	0.000000
132	Spectrogram 1	1	2188.500000	2188.530000	4000.000000	18000.000000	8000.000000	Twitter	12.888460	15.397141	NaN	NaN	29.875996	0.000000
133	Spectrogram 1	1	2189.940000	2190.270000	4000.000000	18000.000000	8000.000000	Trillphee	4.406895	14.792179	NaN	NaN	42.713362	0.000000
134	Spectrogram 1	1	2197.450000	2197.740000	4000.000000	18000.000000	8000.000000	Trill	4.682718	18.913523	NaN	NaN	54.735775	0.000000
135	Spectrogram 1	1	2218.260000	2218.570000	4000.000000	18000.000000	8000.000000	Trill	6.830894	17.839049	NaN	NaN	44.851774	0.000000
136	Spectrogram 1	1	2243.430000	2244.240000	4000.000000	18000.000000	8000.000000	Trill	5.002670	17.299698	NaN	NaN	40.839341	0.000000
137	Spectrogram 1	1	2251.270000	2251.540000	4000.000000	18000.000000	8000.000000	Trill	5.164599	17.720291	NaN	NaN	48.085672	0.000000
138	Spectrogram 1	1	2260.570000	2260.920000	4000.000000	18000.000000	8000.000000	Trill	6.226693	18.518387	NaN	NaN	44.977749	0.000000
139	Spectrogram 1	1	2266.990000	2267.270000	4000.000000	18000.000000	8000.000000	Trill	4.985730	15.740007	NaN	NaN	49.547377	0.000000
140	Spectrogram 1	1	2271.380000	2271.440000	4000.000000	18000.000000	8000.000000	Phee	4.137616	10.817903	NaN	NaN	71.391907	0.000000
141	Spectrogram 1	1	2280.160000	2280.470000	4000.000000	18000.000000	8000.000000	Trill	4.495068	16.394667	NaN	NaN	44.283382	0.000000
142	Spectrogram 1	1	2282.090000	2282.180000	4000.000000	18000.000000	8000.000000	Twitter	4.868531	29.830250	NaN	NaN	48.096255	0.000000
143	Spectrogram 1	1	2299.360000	2299.500000	4000.000000	18000.000000	8000.000000	Trillphee	5.454105	8.915230	NaN	NaN	33.475563	0.000000
144	Spectrogram 1	1	2311.240000	2311.690000	4000.000000	18000.000000	8000.000000	Trill	5.879729	17.346745	NaN	NaN	42.957366	0.000000
145	Spectrogram 1	1	2330.180000	2330.540000	4000.000000	18000.000000	8000.000000	Trill	4.227122	13.636437	NaN	NaN	38.556694	0.000000
146	Spectrogram 1	1	2338.610000	2338.640000	4000.000000	18000.000000	8000.000000	Sd-peep	8.234923	12.551176	NaN	NaN	33.876423	0.000000
147	Spectrogram 1	1	2344.090000	2344.540000	4000.000000	18000.000000	8000.000000	Trill	9.241353	19.655341	NaN	NaN	63.004416	0.000000
148	Spectrogram 1	1	2348.880000	2348.930000	4000.000000	18000.000000	8000.000000	Trill	8.443384	9.550459	NaN	NaN	30.997963	0.000000
149	Spectrogram 1	1	2349.530000	2349.580000	4000.000000	18000.000000	8000.000000	Trill	13.229686	15.651956	NaN	NaN	33.006035	0.000000
150	Spectrogram 1	1	2351.930000	2351.960000	4000.000000	18000.000000	8000.000000	Trill	4.352762	6.929127	NaN	NaN	32.269055	0.000000
151	Spectrogram 1	1	2352.740000	2353.080000	4000.000000	18000.000000	8000.000000	Trill	9.700999	20.483848	NaN	NaN	65.438241	0.000000
152	Spectrogram 1	1	2363.340000	2363.670000	4000.000000	18000.000000	8000.000000	Trill	5.878831	17.478599	NaN	NaN	48.721021	0.000000
153	Spectrogram 1	1	2366.170000	2366.470000	4000.000000	18000.000000	8000.000000	Phee	4.670997	16.118256	NaN	NaN	51.101613	0.000000
154	Spectrogram 1	1	2419.050000	2419.470000	4000.000000	18000.000000	8000.000000	Trill	7.924441	19.925999	NaN	NaN	52.026769	0.000000
155	Spectrogram 1	1	2425.520000	2425.890000	4000.000000	18000.000000	8000.000000	Trill	8.381238	20.654060	NaN	NaN	63.803020	0.000000
156	Spectrogram 1	1	2433.800000	2434.040000	4000.000000	18000.000000	8000.000000	Trill	8.452272	21.041442	NaN	NaN	50.486433	0.000000
157	Spectrogram 1	1	2520.390000	2520.460000	4000.000000	18000.000000	8000.000000	Trill	4.198830	16.611494	NaN	NaN	33.630407	0.000000
158	Spectrogram 1	1	2553.010000	2553.260000	4000.000000	18000.000000	8000.000000	Trill	7.696364	21.426562	NaN	NaN	46.682746	0.000000
159	Spectrogram 1	1	2576.900000	2577.310000	4000.000000	18000.000000	8000.000000	Trill	4.650504	13.838149	NaN	NaN	37.278514	0.000000
160	Spectrogram 1	1	2592.790000	2593.020000	4000.000000	18000.000000	8000.000000	Trill	5.511567	16.326590	NaN	NaN	36.928568	0.000000
161	Spectrogram 1	1	2596.450000	2596.770000	4000.000000	18000.000000	8000.000000	Trill	5.276454	15.857814	NaN	NaN	39.485383	0.000000
162	Spectrogram 1	1	2652.170000	2652.490000	4000.000000	18000.000000	8000.000000	Trill	4.450496	17.037820	NaN	NaN	38.194702	0.000000
163	Spectrogram 1	1	2668.190000	2668.510000	4000.000000	18000.000000	8000.000000	Trill	6.193538	18.751555	NaN	NaN	46.247580	0.000000
164	Spectrogram 1	1	2690.800000	2691.340000	4000.000000	18000.000000	8000.000000	Trill	5.120471	15.581434	NaN	NaN	43.878351	0.000000
165	Spectrogram 1	1	2765.940000	2766.050000	4000.000000	18000.000000	8000.000000	Twitter	5.160225	26.477145	NaN	NaN	35.687542	0.000000
166	Spectrogram 1	1	2872.090000	2872.580000	4000.000000	18000.000000	8000.000000	Phee	4.520765	14.074404	NaN	NaN	31.409442	0.000000
167	Spectrogram 1	1	2898.340000	2899.450000	4000.000000	18000.000000	8000.000000	Trillphee	5.332484	19.022273	NaN	NaN	42.777062	0.000000
168	Spectrogram 1	1	2982.450000	2982.490000	4000.000000	18000.000000	8000.000000	Trill	6.903114	9.043924	NaN	NaN	31.812216	0.000000
169	Spectrogram 1	1	3017.110000	3018.300000	4000.000000	18000.000000	8000.000000	Twitter	6.875783	24.701190	NaN	NaN	44.795758	0.000000
170	Spectrogram 1	1	3026.470000	3026.490000	4000.000000	18000.000000	8000.000000	Sd-peep	9.483365	11.537414	NaN	NaN	33.987136	0.000000
171	Spectrogram 1	1	3038.220000	3038.820000	4000.000000	18000.000000	8000.000000	Trill	4.119507	14.183036	NaN	NaN	39.743158	0.000000
172	Spectrogram 1	1	3065.760000	3065.850000	4000.000000	18000.000000	8000.000000	Trill	8.496956	11.133312	NaN	NaN	29.317890	0.000000
173	Spectrogram 1	1	3091.750000	3093.080000	4000.000000	18000.000000	8000.000000	Trillphee	4.194363	21.144772	NaN	NaN	41.197598	0.000000
174	Spectrogram 1	1	3096.580000	3096.640000	4000.000000	18000.000000	8000.000000	Trill	4.549128	10.927633	NaN	NaN	37.313265	0.000000
175	Spectrogram 1	1	3104.080000	3104.470000	4000.000000	18000.000000	8000.000000	Trill	6.289153	18.716810	NaN	NaN	54.613215	0.000000
176	Spectrogram 1	1	3147.200000	3147.260000	4000.000000	18000.000000	8000.000000	Trill	6.489979	11.389886	NaN	NaN	30.874340	0.000000
177	Spectrogram 1	1	3163.910000	3163.970000	4000.000000	18000.000000	8000.000000	Phee	5.011746	8.332520	NaN	NaN	40.358683	0.000000
178	Spectrogram 1	1	3172.850000	3173.150000	4000.000000	18000.000000	8000.000000	Trill	15.864088	29.795145	NaN	NaN	110.872592	0.000000
179	Spectrogram 1	1	3178.870000	3178.980000	4000.000000	18000.000000	8000.000000	Twitter	8.872645	28.123258	NaN	NaN	57.059503	0.000000
180	Spectrogram 1	1	3179.040000	3179.980000	4000.000000	18000.000000	8000.000000	Twitter	8.711261	26.412246	NaN	NaN	38.339931	0.000000
181	Spectrogram 1	1	3183.310000	3183.960000	4000.000000	18000.000000	8000.000000	Trill	10.316398	22.905216	NaN	NaN	62.553829	0.000000
182	Spectrogram 1	1	3211.640000	3211.890000	4000.000000	18000.000000	8000.000000	Trill	9.424583	21.145632	NaN	NaN	35.951857	0.000000
183	Spectrogram 1	1	3234.830000	3234.860000	4000.000000	18000.000000	8000.000000	Phee	5.164318	9.556870	NaN	NaN	52.871232	0.000000
184	Spectrogram 1	1	3246.020000	3246.360000	4000.000000	18000.000000	8000.000000	Trill	10.691523	23.339371	NaN	NaN	76.184309	0.000000
185	Spectrogram 1	1	3254.580000	3254.910000	4000.000000	18000.000000	8000.000000	Trill	6.504462	16.643947	NaN	NaN	52.020722	0.000000
186	Spectrogram 1	1	3259.660000	3259.780000	4000.000000	18000.000000	8000.000000	Phee	4.760765	8.391901	NaN	NaN	39.823755	0.000000
187	Spectrogram 1	1	3261.190000	3261.270000	4000.000000	18000.000000	8000.000000	Trill	5.239437	17.402733	NaN	NaN	34.070678	0.000000
188	Spectrogram 1	1	3261.310000	3261.340000	4000.000000	18000.000000	8000.000000	Trill	5.410812	11.690413	NaN	NaN	33.775015	0.000000
189	Spectrogram 1	1	3261.900000	3262.750000	4000.000000	18000.000000	8000.000000	Trillphee	4.907010	11.739473	NaN	NaN	33.929041	0.000000
190	Spectrogram 1	1	3270.450000	3270.810000	4000.000000	18000.000000	8000.000000	Trill	5.327365	18.047748	NaN	NaN	43.793755	0.000000
191	Spectrogram 1	1	3293.340000	3295.300000	4000.000000	18000.000000	8000.000000	Trillphee	4.540972	21.992526	NaN	NaN	58.634606	0.000000
192	Spectrogram 1	1	3301.180000	3301.420000	4000.000000	18000.000000	8000.000000	Trill	7.530566	18.683836	NaN	NaN	36.115072	0.000000
193	Spectrogram 1	1	3306.960000	3307.380000	4000.000000	18000.000000	8000.000000	Trill	4.954555	18.287811	NaN	NaN	54.296073	0.000000
194	Spectrogram 1	1	3335.860000	3336.940000	4000.000000	18000.000000	8000.000000	Trill	8.364104	21.231040	NaN	NaN	81.196043	0.000000
195	Spectrogram 1	1	3349.040000	3349.430000	4000.000000	18000.000000	8000.000000	Trill	9.883590	22.310139	NaN	NaN	62.853601	0.000000
196	Spectrogram 1	1	3352.240000	3352.560000	4000.000000	18000.000000	8000.000000	Trill	7.259082	18.933881	NaN	NaN	47.277956	0.000000
197	Spectrogram 1	1	3355.230000	3355.280000	4000.000000	18000.000000	8000.000000	Trill	12.489118	14.907686	NaN	NaN	29.380286	0.000000
198	Spectrogram 1	1	3356.110000	3356.130000	4000.000000	18000.000000	8000.000000	Sd-peep	9.292516	11.698619	NaN	NaN	30.381516	0.000000
199	Spectrogram 1	1	3359.640000	3359.980000	4000.000000	18000.000000	8000.000000	Trill	11.861884	21.493576	NaN	NaN	82.097543	0.000000
200	Spectrogram 1	1	3371.360000	3372.260000	4000.000000	18000.000000	8000.000000	Phee	4.014545	19.987920	NaN	NaN	48.038889	0.000000
201	Spectrogram 1	1	3400.330000	3401.160000	4000.000000	18000.000000	8000.000000	Phee	6.718965	17.791069	NaN	NaN	30.854892	0.000000
202	Spectrogram 1	1	3401.410000	3401.450000	4000.000000	18000.000000	8000.000000	Trill	10.810374	12.079313	NaN	NaN	30.332497	0.000000
203	Spectrogram 1	1	3403.600000	3404.300000	4000.000000	18000.000000	8000.000000	Trill	4.528357	20.591115	NaN	NaN	33.782695	0.000000
204	Spectrogram 1	1	3413.610000	3413.970000	4000.000000	18000.000000	8000.000000	Trill	12.752408	24.353828	NaN	NaN	76.328383	0.000000
205	Spectrogram 1	1	3416.130000	3416.270000	4000.000000	18000.000000	8000.000000	Trill	9.623037	20.850210	NaN	NaN	52.075875	0.000000
206	Spectrogram 1	1	3428.310000	3428.400000	4000.000000	18000.000000	8000.000000	Trill	6.021964	16.490195	NaN	NaN	41.442063	0.000000
207	Spectrogram 1	1	3453.620000	3454.990000	4000.000000	18000.000000	8000.000000	Twitter	7.547742	29.973781	NaN	NaN	31.345167	0.000000
208	Spectrogram 1	1	3463.290000	3463.670000	4000.000000	18000.000000	8000.000000	Trill	4.233978	18.728135	NaN	NaN	35.774009	0.000000
209	Spectrogram 1	1	3502.960000	3503.340000	4000.000000	18000.000000	8000.000000	Trill	4.946688	19.455740	NaN	NaN	40.412713	0.000000
210	Spectrogram 1	1	3505.280000	3506.350000	4000.000000	18000.000000	8000.000000	Trill	4.141106	21.092633	NaN	NaN	33.462099	0.000000
211	Spectrogram 1	1	3506.390000	3506.420000	4000.000000	18000.000000	8000.000000	Trill	4.765572	12.552519	NaN	NaN	63.724825	0.000000
212	Spectrogram 1	1	3542.220000	3544.290000	4000.000000	18000.000000	8000.000000	Phee	4.651097	20.134457	NaN	NaN	45.299039	0.000000
213	Spectrogram 1	1	3546.150000	3546.560000	4000.000000	18000.000000	8000.000000	Trill	5.588733	19.485025	NaN	NaN	55.874726	0.000000
214	Spectrogram 1	1	3560.660000	3561.210000	4000.000000	18000.000000	8000.000000	Trill	9.362683	23.331644	NaN	NaN	74.209944	0.000000
215	Spectrogram 1	1	3566.860000	3567.100000	4000.000000	18000.000000	8000.000000	Trillphee	4.540889	12.548133	NaN	NaN	36.101694	0.000000
216	Spectrogram 1	1	3572.810000	3573.400000	4000.000000	18000.000000	8000.000000	Trill	15.415245	29.939702	NaN	NaN	98.320099	0.000000
217	Spectrogram 1	1	3573.990000	3574.470000	4000.000000	18000.000000	8000.000000	Trill	6.135320	19.906341	NaN	NaN	31.531761	0.000000
218	Spectrogram 1	1	3579.950000	3580.110000	4000.000000	18000.000000	8000.000000	Phee	6.481277	15.661210	NaN	NaN	46.863190	0.000000
219	Spectrogram 1	1	3588.580000	3588.620000	4000.000000	18000.000000	8000.000000	Twitter	4.056228	16.218087	NaN	NaN	40.498213	0.000000
220	Spectrogram 1	1	3595.920000	3596.220000	4000.000000	18000.000000	8000.000000	Trill	8.404133	19.619104	NaN	NaN	61.495451	0.000000
221	Spectrogram 1	1	3607.970000	3608.330000	4000.000000	18000.000000	8000.000000	Phee	5.175864	13.301135	NaN	NaN	39.919863	0.000000
222	Spectrogram 1	1	3609.720000	3609.820000	4000.000000	18000.000000	8000.000000	Trill	10.561114	20.535550	NaN	NaN	69.795943	0.000000
223	Spectrogram 1	1	3612.190000	3612.490000	4000.000000	18000.000000	8000.000000	Trill	15.270352	28.312729	NaN	NaN	115.521845	0.000000
224	Spectrogram 1	1	3618.700000	3618.720000	4000.000000	18000.000000	8000.000000	Sd-peep	4.152049	8.801857	NaN	NaN	49.407400	0.000000
225	Spectrogram 1	1	3621.780000	3622.170000	4000.000000	18000.000000	8000.000000	Trill	6.485164	14.449291	NaN	NaN	34.431761	0.000000
226	Spectrogram 1	1	3641.350000	3641.670000	4000.000000	18000.000000	8000.000000	Trill	15.603492	29.429524	NaN	NaN	93.018974	0.000000
227	Spectrogram 1	1	3642.640000	3643.000000	4000.000000	18000.000000	8000.000000	Trillphee	4.177369	28.685165	NaN	NaN	89.507905	0.000000
228	Spectrogram 1	1	3644.050000	3644.600000	4000.000000	18000.000000	8000.000000	Trill	6.973651	18.794925	NaN	NaN	43.399540	0.000000
229	Spectrogram 1	1	3646.390000	3646.510000	4000.000000	18000.000000	8000.000000	Trill	6.382059	9.033748	NaN	NaN	30.652853	0.000000
230	Spectrogram 1	1	3660.950000	3661.000000	4000.000000	18000.000000	8000.000000	Phee	6.124572	8.324916	NaN	NaN	35.780919	0.000000
231	Spectrogram 1	1	3664.990000	3665.340000	4000.000000	18000.000000	8000.000000	Trill	14.189634	26.382272	NaN	NaN	99.492637	0.000000
232	Spectrogram 1	1	3666.170000	3666.630000	4000.000000	18000.000000	8000.000000	Trill	9.834133	21.411661	NaN	NaN	79.988031	0.000000
233	Spectrogram 1	1	3671.570000	3671.980000	4000.000000	18000.000000	8000.000000	Trill	10.163465	21.734463	NaN	NaN	81.782657	0.000000
234	Spectrogram 1	1	3675.990000	3676.020000	4000.000000	18000.000000	8000.000000	Trill	7.612356	10.701072	NaN	NaN	30.447689	0.000000
235	Spectrogram 1	1	3677.040000	3677.070000	4000.000000	18000.000000	8000.000000	Phee	8.857278	12.173061	NaN	NaN	29.701515	0.000000
236	Spectrogram 1	1	3684.990000	3685.270000	4000.000000	18000.000000	8000.000000	Trill	15.063547	29.049696	NaN	NaN	93.206901	0.000000
237	Spectrogram 1	1	3688.110000	3688.390000	4000.000000	18000.000000	8000.000000	Trill	14.090361	27.676255	NaN	NaN	81.278859	0.000000
238	Spectrogram 1	1	3690.380000	3690.400000	4000.000000	18000.000000	8000.000000	Sd-peep	7.179627	9.349936	NaN	NaN	29.331951	0.000000
239	Spectrogram 1	1	3690.570000	3690.590000	4000.000000	18000.000000	8000.000000	Sd-peep	6.180460	9.092296	NaN	NaN	35.580642	0.000000
240	Spectrogram 1	1	3690.760000	3690.850000	4000.000000	18000.000000	8000.000000	Trill	9.795163	11.418951	NaN	NaN	31.276512	0.000000
241	Spectrogram 1	1	3696.010000	3696.060000	4000.000000	18000.000000	8000.000000	Trill	13.612508	14.268371	NaN	NaN	28.346161	0.000000
242	Spectrogram 1	1	3704.940000	3704.960000	4000.000000	18000.000000	8000.000000	Sd-peep	6.500985	8.757184	NaN	NaN	34.454003	0.000000
243	Spectrogram 1	1	3706.280000	3706.310000	4000.000000	18000.000000	8000.000000	Sd-peep	4.035461	7.751277	NaN	NaN	38.332993	0.000000
244	Spectrogram 1	1	3708.170000	3708.460000	4000.000000	18000.000000	8000.000000	Trill	10.805324	21.944303	NaN	NaN	70.968359	0.000000
245	Spectrogram 1	1	3725.910000	3726.220000	4000.000000	18000.000000	8000.000000	Trill	8.120214	18.999246	NaN	NaN	49.867828	0.000000
246	Spectrogram 1	1	3743.690000	3744.090000	4000.000000	18000.000000	8000.000000	Trill	8.796749	21.306455	NaN	NaN	63.191678	0.000000
247	Spectrogram 1	1	3766.450000	3766.800000	4000.000000	18000.000000	8000.000000	Trill	8.480058	19.896003	NaN	NaN	60.517211	0.000000
248	Spectrogram 1	1	3773.570000	3773.830000	4000.000000	18000.000000	8000.000000	Trill	8.526568	19.299231	NaN	NaN	53.930574	0.000000
249	Spectrogram 1	1	3781.400000	3781.570000	4000.000000	18000.000000	8000.000000	Trill	7.718667	18.578703	NaN	NaN	67.197254	0.000000
250	Spectrogram 1	1	3791.500000	3791.930000	4000.000000	18000.000000	8000.000000	Trill	5.885461	14.777633	NaN	NaN	49.991014	0.000000
251	Spectrogram 1	1	3799.020000	3799.330000	4000.000000	18000.000000	8000.000000	Trill	5.166964	19.234091	NaN	NaN	52.597242	0.000000
252	Spectrogram 1	1	3811.070000	3811.360000	4000.000000	18000.000000	8000.000000	Trill	9.455192	20.835754	NaN	NaN	70.621227	0.000000
253	Spectrogram 1	1	3829.960000	3830.340000	4000.000000	18000.000000	8000.000000	Trill	14.800183	22.930996	NaN	NaN	98.838042	0.000000
254	Spectrogram 1	1	3831.990000	3833.060000	4000.000000	18000.000000	8000.000000	Trill	10.526981	26.132633	NaN	NaN	105.381375	0.000000
255	Spectrogram 1	1	3837.900000	3838.320000	4000.000000	18000.000000	8000.000000	Trill	11.414324	26.668004	NaN	NaN	54.962288	0.000000
256	Spectrogram 1	1	3839.320000	3839.890000	4000.000000	18000.000000	8000.000000	Trill	11.587054	21.982950	NaN	NaN	89.184692	0.000000
257	Spectrogram 1	1	3848.950000	3849.190000	4000.000000	18000.000000	8000.000000	Trill	5.270767	15.257806	NaN	NaN	43.150805	0.000000
258	Spectrogram 1	1	3856.310000	3856.680000	4000.000000	18000.000000	8000.000000	Trill	5.401085	16.348531	NaN	NaN	47.461896	0.000000
259	Spectrogram 1	1	3869.990000	3870.540000	4000.000000	18000.000000	8000.000000	Phee	4.166286	13.122525	NaN	NaN	46.758395	0.000000
260	Spectrogram 1	1	3871.110000	3871.630000	4000.000000	18000.000000	8000.000000	Trill	14.572367	27.631586	NaN	NaN	110.553225	0.000000
261	Spectrogram 1	1	3882.050000	3882.400000	4000.000000	18000.000000	8000.000000	Trill	14.419359	27.760583	NaN	NaN	107.803465	0.000000
262	Spectrogram 1	1	3890.630000	3890.660000	4000.000000	18000.000000	8000.000000	Sd-peep	9.079644	10.935615	NaN	NaN	29.131255	0.000000
263	Spectrogram 1	1	3901.330000	3901.580000	4000.000000	18000.000000	8000.000000	Phee	6.647363	18.036225	NaN	NaN	73.600571	0.000000
264	Spectrogram 1	1	3902.520000	3902.840000	4000.000000	18000.000000	8000.000000	Trill	15.414603	28.418696	NaN	NaN	89.358805	0.000000
265	Spectrogram 1	1	3921.170000	3921.480000	4000.000000	18000.000000	8000.000000	Trill	7.028962	19.492290	NaN	NaN	46.555164	0.000000
266	Spectrogram 1	1	3938.510000	3939.040000	4000.000000	18000.000000	8000.000000	Trill	5.773135	19.477050	NaN	NaN	35.496184	0.000000
267	Spectrogram 1	1	3946.610000	3947.030000	4000.000000	18000.000000	8000.000000	Trill	12.871233	23.922091	NaN	NaN	75.813644	0.000000
268	Spectrogram 1	1	3951.710000	3952.000000	4000.000000	18000.000000	8000.000000	Trill	11.215924	23.065224	NaN	NaN	70.704531	0.000000
269	Spectrogram 1	1	3956.080000	3956.110000	4000.000000	18000.000000	8000.000000	Trill	4.766946	8.597465	NaN	NaN	31.166781	0.000000
270	Spectrogram 1	1	3972.620000	3972.960000	4000.000000	18000.000000	8000.000000	Trill	7.162000	15.678947	NaN	NaN	38.140253	0.000000
271	Spectrogram 1	1	3975.640000	3976.200000	4000.000000	18000.000000	8000.000000	Trill	4.451668	14.832551	NaN	NaN	44.785317	0.000000
272	Spectrogram 1	1	3989.450000	3989.720000	4000.000000	18000.000000	8000.000000	Trill	9.922427	22.840277	NaN	NaN	64.619182	0.000000
273	Spectrogram 1	1	3992.710000	3993.050000	4000.000000	18000.000000	8000.000000	Trill	8.400365	20.716701	NaN	NaN	61.231899	0.000000
274	Spectrogram 1	1	3996.170000	3996.260000	4000.000000	18000.000000	8000.000000	Trillphee	8.607240	11.986246	NaN	NaN	29.423146	0.000000
275	Spectrogram 1	1	4008.310000	4009.220000	4000.000000	18000.000000	8000.000000	Trill	13.406651	29.718836	NaN	NaN	109.398665	0.000000
276	Spectrogram 1	1	4009.320000	4009.830000	4000.000000	18000.000000	8000.000000	Trill	12.273335	28.884789	NaN	NaN	108.198850	0.000000
277	Spectrogram 1	1	4009.940000	4010.000000	4000.000000	18000.000000	8000.000000	Trill	11.103218	19.765696	NaN	NaN	124.971289	0.000000
