Selection	View	Channel	Begin Time (s)	End Time (s)	Low Freq (Hz)	High Freq (Hz)	Max Freq (Hz)	Call Type	Energy Diff	Energy Par	Energy Diff (wl)	Energy Par (wl)	AHR	Exception
1	Spectrogram 1	1	24.920000	25.300000	4000.000000	18000.000000	8000.000000	Trill	14.294012	24.628823	NaN	NaN	70.147707	0.000000
2	Spectrogram 1	1	39.570000	40.030000	4000.000000	18000.000000	8000.000000	Trillphee	4.292703	11.867466	NaN	NaN	33.915295	0.000000
3	Spectrogram 1	1	55.240000	55.580000	4000.000000	18000.000000	8000.000000	Trill	15.019255	30.000000	NaN	NaN	86.794035	0.000000
4	Spectrogram 1	1	57.850000	58.270000	4000.000000	18000.000000	8000.000000	Trill	15.957392	29.132988	NaN	NaN	119.159921	0.000000
5	Spectrogram 1	1	65.660000	65.950000	4000.000000	18000.000000	8000.000000	Trill	4.156553	16.287599	NaN	NaN	42.680284	0.000000
6	Spectrogram 1	1	81.060000	81.530000	4000.000000	18000.000000	8000.000000	Trill	11.056380	23.133443	NaN	NaN	57.705885	0.000000
7	Spectrogram 1	1	91.570000	91.880000	4000.000000	18000.000000	8000.000000	Trill	10.797295	23.243245	NaN	NaN	60.978032	0.000000
8	Spectrogram 1	1	139.900000	140.810000	4000.000000	18000.000000	8000.000000	Trill	8.941049	24.659317	NaN	NaN	49.305318	0.000000
9	Spectrogram 1	1	144.710000	144.830000	4000.000000	18000.000000	8000.000000	Twitter	9.249239	27.429150	NaN	NaN	48.226487	0.000000
10	Spectrogram 1	1	144.880000	146.230000	4000.000000	18000.000000	8000.000000	Twitter	8.276433	27.677977	NaN	NaN	33.515472	0.000000
11	Spectrogram 1	1	159.180000	159.620000	4000.000000	18000.000000	8000.000000	Trill	14.409398	27.531900	NaN	NaN	95.737198	0.000000
12	Spectrogram 1	1	181.700000	181.790000	4000.000000	18000.000000	8000.000000	Trill	12.212134	17.240633	NaN	NaN	32.583399	0.000000
13	Spectrogram 1	1	182.870000	183.410000	4000.000000	18000.000000	8000.000000	Trill	7.946810	17.278027	NaN	NaN	61.477390	0.000000
14	Spectrogram 1	1	197.120000	197.190000	4000.000000	18000.000000	8000.000000	Phee	4.106985	11.942238	NaN	NaN	42.191877	0.000000
15	Spectrogram 1	1	223.620000	223.680000	4000.000000	18000.000000	8000.000000	Phee	4.096519	9.730696	NaN	NaN	36.332703	0.000000
16	Spectrogram 1	1	260.250000	261.340000	4000.000000	18000.000000	8000.000000	Trillphee	12.382693	28.043613	NaN	NaN	53.359768	0.000000
17	Spectrogram 1	1	261.670000	262.650000	4000.000000	18000.000000	8000.000000	Phee	12.399507	28.551151	NaN	NaN	40.268624	0.000000
18	Spectrogram 1	1	262.880000	263.760000	4000.000000	18000.000000	8000.000000	Trillphee	11.133283	26.710018	NaN	NaN	40.286787	0.000000
19	Spectrogram 1	1	277.950000	278.120000	4000.000000	18000.000000	8000.000000	Trill	5.549193	12.373974	NaN	NaN	33.822502	0.000000
20	Spectrogram 1	1	308.870000	309.210000	4000.000000	18000.000000	8000.000000	Trill	13.348436	27.034051	NaN	NaN	77.487052	0.000000
21	Spectrogram 1	1	354.050000	355.360000	4000.000000	18000.000000	8000.000000	Trill	9.734260	27.308686	NaN	NaN	73.003484	0.000000
22	Spectrogram 1	1	404.390000	404.940000	4000.000000	18000.000000	8000.000000	Trill	6.120451	18.424101	NaN	NaN	40.003710	0.000000
23	Spectrogram 1	1	416.710000	416.960000	4000.000000	18000.000000	8000.000000	Trill	7.475651	20.226958	NaN	NaN	47.156670	0.000000
24	Spectrogram 1	1	423.090000	423.360000	4000.000000	18000.000000	8000.000000	Trill	4.372187	15.238672	NaN	NaN	69.104730	0.000000
25	Spectrogram 1	1	428.830000	428.870000	4000.000000	18000.000000	8000.000000	Trillphee	4.206497	20.633754	NaN	NaN	102.085921	0.000000
26	Spectrogram 1	1	441.780000	441.930000	4000.000000	18000.000000	8000.000000	Trill	4.236858	10.324439	NaN	NaN	32.943219	0.000000
27	Spectrogram 1	1	478.270000	478.300000	4000.000000	18000.000000	8000.000000	Trill	10.040380	11.533402	NaN	NaN	30.240928	0.000000
28	Spectrogram 1	1	483.770000	484.120000	4000.000000	18000.000000	8000.000000	Trill	15.726485	28.620637	NaN	NaN	121.219439	0.000000
29	Spectrogram 1	1	490.160000	490.380000	4000.000000	18000.000000	8000.000000	Trill	7.756664	17.765401	NaN	NaN	56.983218	0.000000
30	Spectrogram 1	1	493.270000	493.490000	4000.000000	18000.000000	8000.000000	Trill	4.178286	17.097872	NaN	NaN	78.568454	0.000000
31	Spectrogram 1	1	494.580000	494.710000	4000.000000	18000.000000	8000.000000	Twitter	10.568578	29.768526	NaN	NaN	77.327006	0.000000
32	Spectrogram 1	1	494.790000	495.940000	4000.000000	18000.000000	8000.000000	Twitter	7.174937	23.409852	NaN	NaN	36.865331	0.000000
33	Spectrogram 1	1	538.780000	539.040000	4000.000000	18000.000000	8000.000000	Trill	5.714366	16.621098	NaN	NaN	48.270261	0.000000
34	Spectrogram 1	1	555.060000	555.580000	4000.000000	18000.000000	8000.000000	Trillphee	4.525566	19.689598	NaN	NaN	55.979203	0.000000
35	Spectrogram 1	1	559.700000	560.090000	4000.000000	18000.000000	8000.000000	Trill	18.097500	30.000000	NaN	NaN	137.938551	0.000000
36	Spectrogram 1	1	561.730000	562.720000	4000.000000	18000.000000	8000.000000	Trill	16.938683	30.000000	NaN	NaN	149.962459	0.000000
37	Spectrogram 1	1	587.970000	588.300000	4000.000000	18000.000000	8000.000000	Trill	9.229345	20.051031	NaN	NaN	64.371402	0.000000
38	Spectrogram 1	1	594.610000	594.970000	4000.000000	18000.000000	8000.000000	Trill	10.483855	23.315877	NaN	NaN	57.520358	0.000000
39	Spectrogram 1	1	596.990000	597.240000	4000.000000	18000.000000	8000.000000	Trillphee	4.208305	15.087153	NaN	NaN	46.927308	0.000000
40	Spectrogram 1	1	598.790000	599.170000	4000.000000	18000.000000	8000.000000	Trill	12.140243	25.255203	NaN	NaN	71.770049	0.000000
41	Spectrogram 1	1	600.080000	600.470000	4000.000000	18000.000000	8000.000000	Trill	11.923588	23.563761	NaN	NaN	77.407460	0.000000
42	Spectrogram 1	1	634.870000	635.560000	4000.000000	18000.000000	8000.000000	Trillphee	4.369965	18.251737	NaN	NaN	46.239041	0.000000
43	Spectrogram 1	1	641.580000	641.600000	4000.000000	18000.000000	8000.000000	Sd-peep	13.291338	12.748271	NaN	NaN	32.165926	0.000000
44	Spectrogram 1	1	652.600000	652.860000	4000.000000	18000.000000	8000.000000	Trill	13.385550	25.231818	NaN	NaN	83.738652	0.000000
45	Spectrogram 1	1	664.810000	665.710000	4000.000000	18000.000000	8000.000000	Trill	11.588920	23.715097	NaN	NaN	82.449993	0.000000
46	Spectrogram 1	1	683.850000	684.320000	4000.000000	18000.000000	8000.000000	Phee	4.072643	14.049126	NaN	NaN	69.993051	0.000000
47	Spectrogram 1	1	686.910000	687.860000	4000.000000	18000.000000	8000.000000	Trillphee	4.164703	29.193414	NaN	NaN	42.522799	0.000000
48	Spectrogram 1	1	688.170000	689.090000	4000.000000	18000.000000	8000.000000	Phee	5.547203	29.274259	NaN	NaN	41.332992	0.000000
49	Spectrogram 1	1	689.240000	690.180000	4000.000000	18000.000000	8000.000000	Phee	6.323386	29.291671	NaN	NaN	49.106826	0.000000
50	Spectrogram 1	1	701.080000	702.310000	4000.000000	18000.000000	8000.000000	Phee	11.359893	30.000000	NaN	NaN	38.987725	0.000000
51	Spectrogram 1	1	702.640000	703.540000	4000.000000	18000.000000	8000.000000	Phee	12.037267	30.000000	NaN	NaN	32.975809	0.000000
52	Spectrogram 1	1	703.720000	704.630000	4000.000000	18000.000000	8000.000000	Phee	12.441011	30.000000	NaN	NaN	36.607822	0.000000
53	Spectrogram 1	1	748.570000	748.590000	4000.000000	18000.000000	8000.000000	Sd-peep	4.555530	11.830226	NaN	NaN	46.190521	0.000000
54	Spectrogram 1	1	766.360000	766.750000	4000.000000	18000.000000	8000.000000	Trill	4.137708	21.750684	NaN	NaN	39.285821	0.000000
55	Spectrogram 1	1	782.670000	782.890000	4000.000000	18000.000000	8000.000000	Phee	5.947974	19.590900	NaN	NaN	103.778871	0.000000
56	Spectrogram 1	1	787.070000	787.920000	4000.000000	18000.000000	8000.000000	Phee	4.292284	28.874731	NaN	NaN	34.869309	0.000000
57	Spectrogram 1	1	819.300000	820.310000	4000.000000	18000.000000	8000.000000	Phee	4.467571	27.534127	NaN	NaN	33.205119	0.000000
58	Spectrogram 1	1	885.380000	885.870000	4000.000000	18000.000000	8000.000000	Trill	12.011731	23.361829	NaN	NaN	70.632440	0.000000
59	Spectrogram 1	1	887.310000	887.440000	4000.000000	18000.000000	8000.000000	Twitter	9.227683	28.151738	NaN	NaN	50.339783	0.000000
60	Spectrogram 1	1	887.490000	888.820000	4000.000000	18000.000000	8000.000000	Twitter	7.737336	25.723486	NaN	NaN	33.522558	0.000000
61	Spectrogram 1	1	902.360000	902.380000	4000.000000	18000.000000	8000.000000	Sd-peep	5.360167	13.366468	NaN	NaN	88.430482	0.000000
62	Spectrogram 1	1	902.900000	903.870000	4000.000000	18000.000000	8000.000000	Trill	12.617733	30.000000	NaN	NaN	43.371831	0.000000
63	Spectrogram 1	1	903.950000	903.990000	4000.000000	18000.000000	8000.000000	Trill	12.168905	17.331991	NaN	NaN	34.118870	0.000000
64	Spectrogram 1	1	904.210000	905.190000	4000.000000	18000.000000	8000.000000	Trill	13.429155	29.201114	NaN	NaN	39.895007	0.000000
65	Spectrogram 1	1	905.540000	906.440000	4000.000000	18000.000000	8000.000000	Trill	13.016110	27.679456	NaN	NaN	43.042440	0.000000
66	Spectrogram 1	1	963.390000	965.250000	4000.000000	18000.000000	8000.000000	Twitter	9.829834	31.261814	NaN	NaN	36.578506	0.000000
67	Spectrogram 1	1	965.630000	966.520000	4000.000000	18000.000000	8000.000000	Phee	16.778158	30.000000	NaN	NaN	34.345269	0.000000
68	Spectrogram 1	1	966.760000	967.690000	4000.000000	18000.000000	8000.000000	Phee	17.117749	30.000000	NaN	NaN	35.484968	0.000000
69	Spectrogram 1	1	976.360000	976.380000	4000.000000	18000.000000	8000.000000	Sd-peep	5.869216	8.860594	NaN	NaN	39.120663	0.000000
70	Spectrogram 1	1	982.790000	983.780000	4000.000000	18000.000000	8000.000000	Phee	14.123221	30.000000	NaN	NaN	39.218331	0.000000
71	Spectrogram 1	1	984.190000	985.090000	4000.000000	18000.000000	8000.000000	Phee	16.405005	30.000000	NaN	NaN	31.672464	0.000000
72	Spectrogram 1	1	994.550000	994.710000	4000.000000	18000.000000	8000.000000	Trill	6.657887	30.000000	NaN	NaN	130.010907	0.000000
73	Spectrogram 1	1	1014.060000	1014.130000	4000.000000	18000.000000	8000.000000	Trill	11.017013	10.852619	NaN	NaN	28.301413	0.000000
74	Spectrogram 1	1	1020.020000	1020.120000	4000.000000	18000.000000	8000.000000	Trillphee	4.580273	17.356008	NaN	NaN	86.527127	0.000000
75	Spectrogram 1	1	1023.120000	1024.710000	4000.000000	18000.000000	8000.000000	Trill	12.283318	27.934931	NaN	NaN	46.728809	0.000000
76	Spectrogram 1	1	1024.950000	1025.840000	4000.000000	18000.000000	8000.000000	Phee	13.968883	28.464419	NaN	NaN	39.096193	0.000000
77	Spectrogram 1	1	1089.850000	1090.090000	4000.000000	18000.000000	8000.000000	Trill	5.693455	15.613247	NaN	NaN	41.366484	0.000000
78	Spectrogram 1	1	1120.720000	1120.760000	4000.000000	18000.000000	8000.000000	Trill	11.999614	14.351192	NaN	NaN	35.240582	0.000000
79	Spectrogram 1	1	1122.610000	1123.010000	4000.000000	18000.000000	8000.000000	Trill	8.728636	20.416591	NaN	NaN	67.950498	0.000000
80	Spectrogram 1	1	1155.820000	1156.250000	4000.000000	18000.000000	8000.000000	Trill	12.468677	25.426617	NaN	NaN	85.387449	0.000000
81	Spectrogram 1	1	1178.900000	1179.900000	4000.000000	18000.000000	8000.000000	Phee	13.208788	30.000000	NaN	NaN	35.633997	0.000000
82	Spectrogram 1	1	1180.130000	1181.050000	4000.000000	18000.000000	8000.000000	Phee	12.268655	30.000000	NaN	NaN	28.843735	0.000000
83	Spectrogram 1	1	1181.260000	1182.180000	4000.000000	18000.000000	8000.000000	Phee	15.872304	30.000000	NaN	NaN	32.712297	0.000000
84	Spectrogram 1	1	1265.240000	1265.560000	4000.000000	18000.000000	8000.000000	Trill	5.333327	16.776039	NaN	NaN	46.460642	0.000000
85	Spectrogram 1	1	1316.810000	1317.460000	4000.000000	18000.000000	8000.000000	Trill	5.015058	30.000000	NaN	NaN	74.029126	0.000000
86	Spectrogram 1	1	1336.060000	1336.100000	4000.000000	18000.000000	8000.000000	Sd-peep	6.849756	10.475059	NaN	NaN	37.863307	0.000000
87	Spectrogram 1	1	1336.180000	1336.200000	4000.000000	18000.000000	8000.000000	Sd-peep	6.410434	10.547262	NaN	NaN	33.812551	0.000000
88	Spectrogram 1	1	1364.350000	1364.730000	4000.000000	18000.000000	8000.000000	Trill	18.822563	30.000000	NaN	NaN	121.449154	0.000000
89	Spectrogram 1	1	1367.640000	1368.140000	4000.000000	18000.000000	8000.000000	Trill	6.126443	19.155785	NaN	NaN	57.589792	0.000000
90	Spectrogram 1	1	1373.820000	1373.850000	4000.000000	18000.000000	8000.000000	Trill	8.388390	9.798035	NaN	NaN	35.175239	0.000000
91	Spectrogram 1	1	1382.270000	1382.320000	4000.000000	18000.000000	8000.000000	Trill	7.322462	19.958600	NaN	NaN	64.338316	0.000000
92	Spectrogram 1	1	1384.340000	1384.610000	4000.000000	18000.000000	8000.000000	Trill	18.251307	30.000000	NaN	NaN	131.523676	0.000000
93	Spectrogram 1	1	1390.810000	1390.850000	4000.000000	18000.000000	8000.000000	Sd-peep	4.559096	10.948070	NaN	NaN	100.386820	0.000000
94	Spectrogram 1	1	1401.980000	1402.130000	4000.000000	18000.000000	8000.000000	Phee	4.952383	27.251279	NaN	NaN	99.083970	0.000000
95	Spectrogram 1	1	1403.240000	1403.670000	4000.000000	18000.000000	8000.000000	Trill	14.101141	26.327227	NaN	NaN	99.087105	0.000000
96	Spectrogram 1	1	1405.590000	1406.020000	4000.000000	18000.000000	8000.000000	Trill	13.589673	28.216120	NaN	NaN	71.499453	0.000000
97	Spectrogram 1	1	1439.860000	1439.890000	4000.000000	18000.000000	8000.000000	Sd-peep	5.901679	19.984609	NaN	NaN	56.577232	0.000000
98	Spectrogram 1	1	1444.840000	1444.860000	4000.000000	18000.000000	8000.000000	Sd-peep	4.306907	10.145951	NaN	NaN	33.354632	0.000000
99	Spectrogram 1	1	1465.880000	1465.940000	4000.000000	18000.000000	8000.000000	Trill	4.363469	17.592714	NaN	NaN	34.299076	0.000000
100	Spectrogram 1	1	1481.120000	1481.390000	4000.000000	18000.000000	8000.000000	Trill	5.894054	17.962276	NaN	NaN	46.957233	0.000000
101	Spectrogram 1	1	1512.990000	1513.280000	4000.000000	18000.000000	8000.000000	Trill	4.715323	17.364892	NaN	NaN	44.760104	0.000000
102	Spectrogram 1	1	1517.390000	1517.490000	4000.000000	18000.000000	8000.000000	Trill	8.677382	15.627088	NaN	NaN	28.844308	0.000000
103	Spectrogram 1	1	1553.200000	1554.240000	4000.000000	18000.000000	8000.000000	Phee	4.096778	27.492641	NaN	NaN	80.639412	0.000000
104	Spectrogram 1	1	1565.180000	1565.240000	4000.000000	18000.000000	8000.000000	Phee	5.835859	19.488318	NaN	NaN	45.242182	0.000000
105	Spectrogram 1	1	1580.570000	1581.770000	4000.000000	18000.000000	8000.000000	Trill	7.196066	29.863285	NaN	NaN	70.781993	0.000000
106	Spectrogram 1	1	1582.070000	1583.020000	4000.000000	18000.000000	8000.000000	Trill	5.528346	25.032444	NaN	NaN	37.696569	0.000000
107	Spectrogram 1	1	1621.820000	1621.850000	4000.000000	18000.000000	8000.000000	Sd-peep	5.591209	17.997797	NaN	NaN	30.310415	0.000000
108	Spectrogram 1	1	1653.660000	1653.950000	4000.000000	18000.000000	8000.000000	Trill	10.653077	22.990522	NaN	NaN	58.871563	0.000000
109	Spectrogram 1	1	1674.440000	1674.460000	4000.000000	18000.000000	8000.000000	Sd-peep	5.949087	16.601669	NaN	NaN	39.269469	0.000000
110	Spectrogram 1	1	1678.300000	1678.360000	4000.000000	18000.000000	8000.000000	Trill	7.205449	17.816143	NaN	NaN	31.155276	0.000000
111	Spectrogram 1	1	1681.800000	1682.130000	4000.000000	18000.000000	8000.000000	Phee	4.347178	30.000000	NaN	NaN	91.242412	0.000000
112	Spectrogram 1	1	1689.340000	1689.380000	4000.000000	18000.000000	8000.000000	Trill	4.158339	9.785969	NaN	NaN	47.842032	0.000000
113	Spectrogram 1	1	1709.290000	1709.310000	4000.000000	18000.000000	8000.000000	Sd-peep	4.262600	14.474173	NaN	NaN	43.247261	0.000000
114	Spectrogram 1	1	1750.320000	1751.550000	4000.000000	18000.000000	8000.000000	Trillphee	20.783799	37.939368	NaN	NaN	56.734004	0.000000
115	Spectrogram 1	1	1751.860000	1752.960000	4000.000000	18000.000000	8000.000000	Phee	10.838726	30.000000	NaN	NaN	28.728811	0.000000
116	Spectrogram 1	1	1755.700000	1755.740000	4000.000000	18000.000000	8000.000000	Sd-peep	4.230004	12.084970	NaN	NaN	42.964254	0.000000
117	Spectrogram 1	1	1756.060000	1756.110000	4000.000000	18000.000000	8000.000000	Trill	5.302415	21.810174	NaN	NaN	40.209043	0.000000
118	Spectrogram 1	1	1794.650000	1794.740000	4000.000000	18000.000000	8000.000000	Trill	4.494717	13.926679	NaN	NaN	31.321228	0.000000
119	Spectrogram 1	1	1797.950000	1799.020000	4000.000000	18000.000000	8000.000000	Trillphee	5.291989	25.921929	NaN	NaN	38.286755	0.000000
120	Spectrogram 1	1	1808.120000	1808.160000	4000.000000	18000.000000	8000.000000	Phee	4.788187	22.876885	NaN	NaN	39.793062	0.000000
121	Spectrogram 1	1	1821.020000	1821.190000	4000.000000	18000.000000	8000.000000	Trill	5.009390	16.314555	NaN	NaN	36.230478	0.000000
122	Spectrogram 1	1	1821.810000	1821.850000	4000.000000	18000.000000	8000.000000	Trill	5.856042	20.559812	NaN	NaN	38.660556	0.000000
123	Spectrogram 1	1	1827.850000	1827.890000	4000.000000	18000.000000	8000.000000	Phee	6.075987	24.067194	NaN	NaN	47.429525	0.000000
124	Spectrogram 1	1	1829.630000	1829.650000	4000.000000	18000.000000	8000.000000	Sd-peep	5.519133	7.230757	NaN	NaN	31.466662	0.000000
125	Spectrogram 1	1	1835.660000	1836.940000	4000.000000	18000.000000	8000.000000	Twitter	9.182554	26.734787	NaN	NaN	35.205428	0.000000
126	Spectrogram 1	1	1841.870000	1841.920000	4000.000000	18000.000000	8000.000000	Phee	5.477010	21.673791	NaN	NaN	47.419097	0.000000
127	Spectrogram 1	1	1848.570000	1848.600000	4000.000000	18000.000000	8000.000000	Phee	5.211006	17.856889	NaN	NaN	45.695060	0.000000
128	Spectrogram 1	1	1863.090000	1863.120000	4000.000000	18000.000000	8000.000000	Trill	5.139185	8.884909	NaN	NaN	32.480292	0.000000
129	Spectrogram 1	1	1864.660000	1865.980000	4000.000000	18000.000000	8000.000000	Phee	12.729880	30.000000	NaN	NaN	34.209508	0.000000
130	Spectrogram 1	1	1866.180000	1867.170000	4000.000000	18000.000000	8000.000000	Phee	12.613734	30.000000	NaN	NaN	31.543138	0.000000
131	Spectrogram 1	1	1867.340000	1868.220000	4000.000000	18000.000000	8000.000000	Phee	16.664833	30.000000	NaN	NaN	33.018278	0.000000
132	Spectrogram 1	1	1882.880000	1882.930000	4000.000000	18000.000000	8000.000000	Phee	4.785117	20.776061	NaN	NaN	58.044458	0.000000
133	Spectrogram 1	1	1883.980000	1884.010000	4000.000000	18000.000000	8000.000000	Phee	6.249144	20.805430	NaN	NaN	62.317280	0.000000
134	Spectrogram 1	1	1912.920000	1912.970000	4000.000000	18000.000000	8000.000000	Phee	4.373378	21.810112	NaN	NaN	40.249953	0.000000
135	Spectrogram 1	1	1921.840000	1921.890000	4000.000000	18000.000000	8000.000000	Phee	6.264516	21.390826	NaN	NaN	54.159387	0.000000
136	Spectrogram 1	1	1932.110000	1932.150000	4000.000000	18000.000000	8000.000000	Trill	5.235868	18.042387	NaN	NaN	92.266812	0.000000
137	Spectrogram 1	1	1932.250000	1932.460000	4000.000000	18000.000000	8000.000000	Trill	4.947475	20.475542	NaN	NaN	98.982509	0.000000
138	Spectrogram 1	1	1946.250000	1946.360000	4000.000000	18000.000000	8000.000000	Trill	4.524370	14.454482	NaN	NaN	35.214827	0.000000
139	Spectrogram 1	1	1949.370000	1949.680000	4000.000000	18000.000000	8000.000000	Trill	17.968142	30.000000	NaN	NaN	112.554569	0.000000
140	Spectrogram 1	1	1951.990000	1952.030000	4000.000000	18000.000000	8000.000000	Sd-peep	4.940565	22.012401	NaN	NaN	46.141796	0.000000
141	Spectrogram 1	1	1961.260000	1961.560000	4000.000000	18000.000000	8000.000000	Trill	5.724092	18.063333	NaN	NaN	55.055538	0.000000
142	Spectrogram 1	1	1972.280000	1972.590000	4000.000000	18000.000000	8000.000000	Trill	18.501857	30.000000	NaN	NaN	131.098763	0.000000
143	Spectrogram 1	1	1984.710000	1985.690000	4000.000000	18000.000000	8000.000000	Trillphee	4.499256	28.516720	NaN	NaN	40.375260	0.000000
144	Spectrogram 1	1	1985.940000	1986.900000	4000.000000	18000.000000	8000.000000	Phee	5.692102	28.213030	NaN	NaN	33.993843	0.000000
145	Spectrogram 1	1	1987.080000	1987.960000	4000.000000	18000.000000	8000.000000	Phee	4.250336	27.526659	NaN	NaN	32.111368	0.000000
146	Spectrogram 1	1	1988.230000	1989.070000	4000.000000	18000.000000	8000.000000	Trillphee	4.419700	28.012900	NaN	NaN	36.565945	0.000000
147	Spectrogram 1	1	1989.610000	1989.680000	4000.000000	18000.000000	8000.000000	Trill	6.020636	20.382082	NaN	NaN	47.533376	0.000000
148	Spectrogram 1	1	2017.360000	2017.390000	4000.000000	18000.000000	8000.000000	Twitter	4.192004	17.248044	NaN	NaN	33.188295	0.000000
149	Spectrogram 1	1	2031.540000	2031.600000	4000.000000	18000.000000	8000.000000	Phee	4.533221	18.745923	NaN	NaN	50.941437	0.000000
150	Spectrogram 1	1	2032.830000	2032.880000	4000.000000	18000.000000	8000.000000	Sd-peep	6.156741	23.405982	NaN	NaN	58.159766	0.000000
151	Spectrogram 1	1	2042.930000	2042.970000	4000.000000	18000.000000	8000.000000	Sd-peep	5.201120	24.180576	NaN	NaN	51.452153	0.000000
152	Spectrogram 1	1	2048.790000	2048.820000	4000.000000	18000.000000	8000.000000	Phee	5.401864	17.529217	NaN	NaN	36.911200	0.000000
153	Spectrogram 1	1	2059.010000	2059.350000	4000.000000	18000.000000	8000.000000	Trill	10.712652	25.875014	NaN	NaN	85.766304	0.000000
154	Spectrogram 1	1	2060.080000	2061.210000	4000.000000	18000.000000	8000.000000	Phee	12.952413	30.000000	NaN	NaN	52.084263	0.000000
155	Spectrogram 1	1	2061.250000	2061.370000	4000.000000	18000.000000	8000.000000	Phee	13.573751	25.753094	NaN	NaN	94.961505	0.000000
156	Spectrogram 1	1	2061.610000	2062.530000	4000.000000	18000.000000	8000.000000	Phee	14.004280	30.000000	NaN	NaN	49.585663	0.000000
157	Spectrogram 1	1	2062.790000	2063.680000	4000.000000	18000.000000	8000.000000	Phee	13.290422	29.946869	NaN	NaN	37.751055	0.000000
158	Spectrogram 1	1	2063.830000	2064.760000	4000.000000	18000.000000	8000.000000	Phee	12.198150	29.563078	NaN	NaN	34.593306	0.000000
159	Spectrogram 1	1	2065.090000	2065.140000	4000.000000	18000.000000	8000.000000	Phee	5.871140	23.178318	NaN	NaN	36.926299	0.000000
160	Spectrogram 1	1	2088.340000	2088.870000	4000.000000	18000.000000	8000.000000	Trill	12.263672	26.941715	NaN	NaN	89.245971	0.000000
161	Spectrogram 1	1	2127.600000	2127.740000	4000.000000	18000.000000	8000.000000	Sd-peep	12.847027	27.141853	NaN	NaN	32.730703	0.000000
162	Spectrogram 1	1	2127.820000	2127.920000	4000.000000	18000.000000	8000.000000	Sd-peep	16.848618	32.123779	NaN	NaN	97.341432	0.000000
163	Spectrogram 1	1	2128.030000	2128.150000	4000.000000	18000.000000	8000.000000	Sd-peep	14.520667	26.849999	NaN	NaN	91.597946	0.000000
164	Spectrogram 1	1	2128.260000	2128.380000	4000.000000	18000.000000	8000.000000	Sd-peep	16.994743	29.929467	NaN	NaN	102.187985	0.000000
165	Spectrogram 1	1	2128.540000	2128.660000	4000.000000	18000.000000	8000.000000	Sd-peep	15.199634	28.265142	NaN	NaN	84.430901	0.000000
166	Spectrogram 1	1	2128.740000	2128.840000	4000.000000	18000.000000	8000.000000	Trill	11.778858	18.945941	NaN	NaN	95.379452	0.000000
167	Spectrogram 1	1	2129.000000	2129.120000	4000.000000	18000.000000	8000.000000	Sd-peep	13.669857	27.560545	NaN	NaN	56.526377	0.000000
168	Spectrogram 1	1	2132.150000	2132.240000	4000.000000	18000.000000	8000.000000	Trill	4.244451	9.083408	NaN	NaN	72.743717	0.000000
169	Spectrogram 1	1	2132.380000	2132.410000	4000.000000	18000.000000	8000.000000	Trill	5.447605	8.032016	NaN	NaN	56.879485	0.000000
170	Spectrogram 1	1	2132.630000	2132.660000	4000.000000	18000.000000	8000.000000	Phee	4.728607	7.433651	NaN	NaN	31.333516	0.000000
171	Spectrogram 1	1	2132.930000	2133.020000	4000.000000	18000.000000	8000.000000	Sd-peep	16.834968	30.034508	NaN	NaN	71.967792	0.000000
172	Spectrogram 1	1	2133.230000	2134.580000	4000.000000	18000.000000	8000.000000	Trill	14.227999	30.000000	NaN	NaN	108.335097	0.000000
173	Spectrogram 1	1	2134.750000	2135.200000	4000.000000	18000.000000	8000.000000	Trill	13.131414	30.000000	NaN	NaN	130.065410	0.000000
174	Spectrogram 1	1	2135.310000	2135.720000	4000.000000	18000.000000	8000.000000	Trill	13.667819	30.000000	NaN	NaN	137.780395	0.000000
175	Spectrogram 1	1	2135.860000	2135.940000	4000.000000	18000.000000	8000.000000	Trill	15.007224	23.435770	NaN	NaN	144.371191	0.000000
176	Spectrogram 1	1	2140.640000	2141.710000	4000.000000	18000.000000	8000.000000	Trill	10.852189	23.648704	NaN	NaN	63.986847	0.000000
177	Spectrogram 1	1	2149.420000	2149.540000	4000.000000	18000.000000	8000.000000	Sd-peep	7.384409	25.981093	NaN	NaN	53.742660	0.000000
178	Spectrogram 1	1	2166.650000	2166.740000	4000.000000	18000.000000	8000.000000	Sd-peep	10.112258	27.305855	NaN	NaN	82.329332	0.000000
179	Spectrogram 1	1	2167.140000	2167.260000	4000.000000	18000.000000	8000.000000	Sd-peep	7.611270	22.423214	NaN	NaN	49.855314	0.000000
180	Spectrogram 1	1	2168.780000	2169.160000	4000.000000	18000.000000	8000.000000	Phee	4.121394	24.768569	NaN	NaN	71.487686	0.000000
181	Spectrogram 1	1	2197.570000	2197.720000	4000.000000	18000.000000	8000.000000	Phee	4.719112	12.912818	NaN	NaN	44.037660	0.000000
182	Spectrogram 1	1	2296.350000	2296.380000	4000.000000	18000.000000	8000.000000	Sd-peep	4.819079	20.489267	NaN	NaN	49.192540	0.000000
183	Spectrogram 1	1	2299.640000	2299.670000	4000.000000	18000.000000	8000.000000	Sd-peep	6.281561	23.211061	NaN	NaN	51.531099	0.000000
184	Spectrogram 1	1	2304.740000	2304.930000	4000.000000	18000.000000	8000.000000	Phee	4.995452	11.187050	NaN	NaN	63.201827	0.000000
185	Spectrogram 1	1	2305.170000	2305.200000	4000.000000	18000.000000	8000.000000	Sd-peep	4.900143	21.201198	NaN	NaN	44.550287	0.000000
186	Spectrogram 1	1	2328.690000	2328.710000	4000.000000	18000.000000	8000.000000	Sd-peep	6.127191	7.444180	NaN	NaN	30.212350	0.000000
187	Spectrogram 1	1	2355.840000	2355.890000	4000.000000	18000.000000	8000.000000	Phee	6.110493	21.227164	NaN	NaN	51.569298	0.000000
188	Spectrogram 1	1	2357.740000	2357.800000	4000.000000	18000.000000	8000.000000	Phee	6.583656	20.454473	NaN	NaN	54.481010	0.000000
189	Spectrogram 1	1	2365.810000	2365.850000	4000.000000	18000.000000	8000.000000	Sd-peep	4.573437	20.558336	NaN	NaN	48.501294	0.000000
190	Spectrogram 1	1	2372.160000	2373.040000	4000.000000	18000.000000	8000.000000	Phee	4.083426	28.272568	NaN	NaN	34.526227	0.000000
191	Spectrogram 1	1	2374.370000	2375.250000	4000.000000	18000.000000	8000.000000	Phee	4.390114	27.227853	NaN	NaN	34.150846	0.000000
192	Spectrogram 1	1	2424.020000	2424.070000	4000.000000	18000.000000	8000.000000	Phee	4.477272	19.507827	NaN	NaN	38.742670	0.000000
193	Spectrogram 1	1	2426.180000	2426.240000	4000.000000	18000.000000	8000.000000	Sd-peep	4.843564	23.039979	NaN	NaN	63.769653	0.000000
194	Spectrogram 1	1	2430.100000	2430.140000	4000.000000	18000.000000	8000.000000	Sd-peep	7.355966	20.716291	NaN	NaN	59.134801	0.000000
195	Spectrogram 1	1	2440.960000	2441.020000	4000.000000	18000.000000	8000.000000	Phee	5.860689	22.469642	NaN	NaN	54.560825	0.000000
196	Spectrogram 1	1	2471.110000	2471.150000	4000.000000	18000.000000	8000.000000	Trillphee	4.130319	9.301306	NaN	NaN	68.105999	0.000000
197	Spectrogram 1	1	2471.830000	2471.870000	4000.000000	18000.000000	8000.000000	Phee	6.271678	20.048523	NaN	NaN	50.485154	0.000000
198	Spectrogram 1	1	2488.350000	2488.450000	4000.000000	18000.000000	8000.000000	Trill	6.701211	18.857389	NaN	NaN	38.135016	0.000000
199	Spectrogram 1	1	2497.320000	2497.350000	4000.000000	18000.000000	8000.000000	Sd-peep	4.440642	23.231611	NaN	NaN	46.315839	0.000000
200	Spectrogram 1	1	2506.690000	2506.730000	4000.000000	18000.000000	8000.000000	Phee	5.563653	18.734855	NaN	NaN	35.789025	0.000000
201	Spectrogram 1	1	2507.730000	2507.760000	4000.000000	18000.000000	8000.000000	Phee	7.337959	19.898013	NaN	NaN	55.943557	0.000000
202	Spectrogram 1	1	2518.570000	2518.600000	4000.000000	18000.000000	8000.000000	Trill	4.591685	15.545575	NaN	NaN	37.259760	0.000000
203	Spectrogram 1	1	2551.450000	2551.530000	4000.000000	18000.000000	8000.000000	Trill	4.382271	17.661763	NaN	NaN	43.846140	0.000000
204	Spectrogram 1	1	2568.290000	2568.360000	4000.000000	18000.000000	8000.000000	Phee	5.104757	19.010941	NaN	NaN	41.110511	0.000000
205	Spectrogram 1	1	2600.280000	2600.320000	4000.000000	18000.000000	8000.000000	Trill	6.193968	11.538133	NaN	NaN	31.901353	0.000000
206	Spectrogram 1	1	2617.650000	2617.680000	4000.000000	18000.000000	8000.000000	Sd-peep	5.210207	20.570380	NaN	NaN	46.298593	0.000000
207	Spectrogram 1	1	2621.490000	2623.230000	4000.000000	18000.000000	8000.000000	Trillphee	4.362743	26.326929	NaN	NaN	87.755897	0.000000
208	Spectrogram 1	1	2628.010000	2628.810000	4000.000000	18000.000000	8000.000000	Trillphee	4.864873	27.306053	NaN	NaN	51.539991	0.000000
209	Spectrogram 1	1	2651.060000	2651.090000	4000.000000	18000.000000	8000.000000	Phee	5.707649	17.830131	NaN	NaN	40.073601	0.000000
210	Spectrogram 1	1	2659.440000	2660.330000	4000.000000	18000.000000	8000.000000	Phee	7.837618	28.846999	NaN	NaN	37.180531	0.000000
211	Spectrogram 1	1	2660.610000	2660.670000	4000.000000	18000.000000	8000.000000	Trill	6.203711	13.242596	NaN	NaN	29.885736	0.000000
212	Spectrogram 1	1	2660.870000	2661.820000	4000.000000	18000.000000	8000.000000	Phee	7.812667	29.343888	NaN	NaN	37.344894	0.000000
213	Spectrogram 1	1	2662.040000	2662.900000	4000.000000	18000.000000	8000.000000	Phee	7.750101	30.000000	NaN	NaN	33.737914	0.000000
214	Spectrogram 1	1	2663.140000	2663.970000	4000.000000	18000.000000	8000.000000	Phee	8.526340	30.000000	NaN	NaN	37.501098	0.000000
215	Spectrogram 1	1	2664.270000	2665.140000	4000.000000	18000.000000	8000.000000	Phee	9.418756	28.912329	NaN	NaN	42.617265	0.000000
216	Spectrogram 1	1	2676.370000	2677.190000	4000.000000	18000.000000	8000.000000	Phee	12.217998	30.000000	NaN	NaN	43.395095	0.000000
217	Spectrogram 1	1	2677.390000	2677.820000	4000.000000	18000.000000	8000.000000	Phee	10.282552	24.965168	NaN	NaN	79.432653	0.000000
218	Spectrogram 1	1	2678.040000	2678.900000	4000.000000	18000.000000	8000.000000	Phee	13.893900	30.000000	NaN	NaN	36.553462	0.000000
219	Spectrogram 1	1	2679.110000	2679.940000	4000.000000	18000.000000	8000.000000	Phee	13.614232	29.429388	NaN	NaN	34.132424	0.000000
220	Spectrogram 1	1	2680.100000	2680.970000	4000.000000	18000.000000	8000.000000	Phee	12.406050	30.000000	NaN	NaN	37.975697	0.000000
221	Spectrogram 1	1	2685.220000	2685.260000	4000.000000	18000.000000	8000.000000	Sd-peep	6.163464	22.444055	NaN	NaN	71.164283	0.000000
222	Spectrogram 1	1	2741.810000	2741.840000	4000.000000	18000.000000	8000.000000	Sd-peep	5.395716	17.580858	NaN	NaN	93.402039	0.000000
223	Spectrogram 1	1	2761.210000	2761.230000	4000.000000	18000.000000	8000.000000	Sd-peep	8.420706	10.002359	NaN	NaN	29.928230	0.000000
224	Spectrogram 1	1	2777.750000	2777.770000	4000.000000	18000.000000	8000.000000	Sd-peep	5.494325	10.868499	NaN	NaN	34.923490	0.000000
225	Spectrogram 1	1	2779.050000	2780.230000	4000.000000	18000.000000	8000.000000	Trill	5.857339	27.163250	NaN	NaN	79.731614	0.000000
226	Spectrogram 1	1	2802.070000	2802.120000	4000.000000	18000.000000	8000.000000	Trillphee	4.434055	9.724601	NaN	NaN	33.060506	0.000000
227	Spectrogram 1	1	2805.620000	2805.660000	4000.000000	18000.000000	8000.000000	Sd-peep	4.167681	20.177884	NaN	NaN	41.066271	0.000000
228	Spectrogram 1	1	2812.320000	2812.370000	4000.000000	18000.000000	8000.000000	Phee	6.298488	21.144867	NaN	NaN	49.438794	0.000000
229	Spectrogram 1	1	2816.550000	2816.600000	4000.000000	18000.000000	8000.000000	Phee	5.302043	15.500559	NaN	NaN	49.478644	0.000000
230	Spectrogram 1	1	2878.690000	2878.820000	4000.000000	18000.000000	8000.000000	Phee	10.478229	14.614374	NaN	NaN	52.403681	0.000000
231	Spectrogram 1	1	2878.910000	2878.960000	4000.000000	18000.000000	8000.000000	Trill	8.656820	13.491045	NaN	NaN	41.893127	0.000000
232	Spectrogram 1	1	2879.090000	2879.820000	4000.000000	18000.000000	8000.000000	Trill	13.426226	30.000000	NaN	NaN	132.489901	0.000000
233	Spectrogram 1	1	2879.950000	2879.980000	4000.000000	18000.000000	8000.000000	Trill	8.973733	18.302281	NaN	NaN	114.224838	0.000000
234	Spectrogram 1	1	2880.010000	2880.580000	4000.000000	18000.000000	8000.000000	Trill	13.410574	30.000000	NaN	NaN	158.480454	0.000000
235	Spectrogram 1	1	2880.720000	2880.900000	4000.000000	18000.000000	8000.000000	Trill	12.994930	25.687213	NaN	NaN	154.545786	0.000000
236	Spectrogram 1	1	2892.940000	2894.140000	4000.000000	18000.000000	8000.000000	Phee	12.931676	30.000000	NaN	NaN	31.975186	0.000000
237	Spectrogram 1	1	2894.300000	2895.330000	4000.000000	18000.000000	8000.000000	Phee	12.286435	30.000000	NaN	NaN	28.420248	0.000000
238	Spectrogram 1	1	2901.180000	2901.230000	4000.000000	18000.000000	8000.000000	Phee	6.760454	7.918150	NaN	NaN	34.680486	0.000000
239	Spectrogram 1	1	2914.760000	2914.780000	4000.000000	18000.000000	8000.000000	Sd-peep	4.961944	8.129946	NaN	NaN	35.960777	0.000000
240	Spectrogram 1	1	2915.800000	2915.870000	4000.000000	18000.000000	8000.000000	Trill	6.552633	9.506337	NaN	NaN	32.474921	0.000000
241	Spectrogram 1	1	2923.220000	2924.020000	4000.000000	18000.000000	8000.000000	Trill	13.235826	30.000000	NaN	NaN	158.704483	0.000000
242	Spectrogram 1	1	2929.060000	2930.100000	4000.000000	18000.000000	8000.000000	Phee	15.892720	30.000000	NaN	NaN	33.113736	0.000000
243	Spectrogram 1	1	2930.370000	2931.290000	4000.000000	18000.000000	8000.000000	Phee	12.854944	30.000000	NaN	NaN	39.024920	0.000000
244	Spectrogram 1	1	2931.490000	2932.380000	4000.000000	18000.000000	8000.000000	Phee	13.460979	30.000000	NaN	NaN	41.423744	0.000000
245	Spectrogram 1	1	2937.040000	2937.080000	4000.000000	18000.000000	8000.000000	Trill	5.595569	8.359174	NaN	NaN	36.085820	0.000000
246	Spectrogram 1	1	2939.340000	2939.980000	4000.000000	18000.000000	8000.000000	Sd-peep	9.376511	26.998050	NaN	NaN	58.634642	0.000000
247	Spectrogram 1	1	2940.010000	2940.200000	4000.000000	18000.000000	8000.000000	Trill	9.907601	20.952158	NaN	NaN	54.443577	0.000000
248	Spectrogram 1	1	2940.260000	2940.770000	4000.000000	18000.000000	8000.000000	Trill	9.255000	21.551802	NaN	NaN	71.394178	0.000000
249	Spectrogram 1	1	2941.040000	2941.200000	4000.000000	18000.000000	8000.000000	Sd-peep	6.511794	19.486847	NaN	NaN	39.192372	0.000000
250	Spectrogram 1	1	2942.870000	2943.010000	4000.000000	18000.000000	8000.000000	Sd-peep	9.299196	28.553456	NaN	NaN	41.294608	0.000000
251	Spectrogram 1	1	2945.200000	2945.330000	4000.000000	18000.000000	8000.000000	Sd-peep	7.076563	26.152273	NaN	NaN	41.094961	0.000000
252	Spectrogram 1	1	2945.520000	2945.620000	4000.000000	18000.000000	8000.000000	Sd-peep	11.335455	21.258617	NaN	NaN	85.318432	0.000000
253	Spectrogram 1	1	2958.430000	2958.510000	4000.000000	18000.000000	8000.000000	Sd-peep	16.496864	31.716317	NaN	NaN	71.552118	0.000000
254	Spectrogram 1	1	2958.590000	2958.700000	4000.000000	18000.000000	8000.000000	Trill	12.660638	21.583219	NaN	NaN	70.218876	0.000000
255	Spectrogram 1	1	2960.380000	2960.400000	4000.000000	18000.000000	8000.000000	Sd-peep	5.336555	7.898029	NaN	NaN	49.802751	0.000000
256	Spectrogram 1	1	2961.200000	2961.220000	4000.000000	18000.000000	8000.000000	Sd-peep	7.085959	8.908258	NaN	NaN	39.356732	0.000000
257	Spectrogram 1	1	2961.880000	2961.980000	4000.000000	18000.000000	8000.000000	Sd-peep	13.128983	29.159429	NaN	NaN	76.716364	0.000000
258	Spectrogram 1	1	2962.020000	2962.250000	4000.000000	18000.000000	8000.000000	Sd-peep	14.001775	26.991156	NaN	NaN	84.529381	0.000000
259	Spectrogram 1	1	2962.340000	2962.490000	4000.000000	18000.000000	8000.000000	Sd-peep	14.942551	26.397270	NaN	NaN	84.733244	0.000000
260	Spectrogram 1	1	2962.660000	2962.780000	4000.000000	18000.000000	8000.000000	Sd-peep	16.470587	26.891997	NaN	NaN	65.934119	0.000000
261	Spectrogram 1	1	2966.790000	2966.900000	4000.000000	18000.000000	8000.000000	Twitter	15.731247	30.474266	NaN	NaN	55.749077	0.000000
262	Spectrogram 1	1	2966.980000	2967.090000	4000.000000	18000.000000	8000.000000	Sd-peep	16.643840	28.722157	NaN	NaN	99.967617	0.000000
263	Spectrogram 1	1	2967.210000	2967.330000	4000.000000	18000.000000	8000.000000	Sd-peep	14.891833	25.048610	NaN	NaN	82.497310	0.000000
264	Spectrogram 1	1	2967.370000	2967.480000	4000.000000	18000.000000	8000.000000	Sd-peep	12.935142	22.054331	NaN	NaN	53.591031	0.000000
265	Spectrogram 1	1	2970.020000	2970.040000	4000.000000	18000.000000	8000.000000	Sd-peep	5.585833	7.960828	NaN	NaN	46.729278	0.000000
266	Spectrogram 1	1	2970.290000	2970.310000	4000.000000	18000.000000	8000.000000	Sd-peep	4.352524	7.415061	NaN	NaN	33.864128	0.000000
267	Spectrogram 1	1	2986.190000	2986.210000	4000.000000	18000.000000	8000.000000	Sd-peep	7.076220	9.463250	NaN	NaN	41.672340	0.000000
268	Spectrogram 1	1	2989.460000	2989.490000	4000.000000	18000.000000	8000.000000	Trill	5.981632	7.326489	NaN	NaN	36.755812	0.000000
269	Spectrogram 1	1	2989.760000	2989.780000	4000.000000	18000.000000	8000.000000	Sd-peep	10.951913	11.083530	NaN	NaN	31.192675	0.000000
270	Spectrogram 1	1	2989.920000	2989.950000	4000.000000	18000.000000	8000.000000	Trill	4.170849	7.578943	NaN	NaN	32.997893	0.000000
271	Spectrogram 1	1	2990.370000	2990.400000	4000.000000	18000.000000	8000.000000	Sd-peep	10.767258	11.487621	NaN	NaN	31.963857	0.000000
272	Spectrogram 1	1	3004.090000	3004.150000	4000.000000	18000.000000	8000.000000	Trill	5.072793	6.826359	NaN	NaN	31.195130	0.000000
273	Spectrogram 1	1	3013.730000	3013.820000	4000.000000	18000.000000	8000.000000	Sd-peep	14.762136	32.636482	NaN	NaN	94.854669	0.000000
274	Spectrogram 1	1	3013.900000	3013.990000	4000.000000	18000.000000	8000.000000	Sd-peep	18.738070	30.996171	NaN	NaN	101.662144	0.000000
275	Spectrogram 1	1	3018.640000	3018.670000	4000.000000	18000.000000	8000.000000	Trill	6.708747	8.519097	NaN	NaN	32.870074	0.000000
276	Spectrogram 1	1	3022.500000	3022.580000	4000.000000	18000.000000	8000.000000	Phee	6.978636	10.690099	NaN	NaN	33.325664	0.000000
277	Spectrogram 1	1	3023.770000	3023.840000	4000.000000	18000.000000	8000.000000	Trillphee	7.342109	10.841318	NaN	NaN	33.479057	0.000000
278	Spectrogram 1	1	3038.460000	3038.950000	4000.000000	18000.000000	8000.000000	Trill	4.284039	16.368507	NaN	NaN	49.690882	0.000000
279	Spectrogram 1	1	3046.440000	3046.540000	4000.000000	18000.000000	8000.000000	Twitter	4.890860	26.790057	NaN	NaN	46.601276	0.000000
280	Spectrogram 1	1	3090.820000	3091.200000	4000.000000	18000.000000	8000.000000	Trill	4.353961	15.575382	NaN	NaN	51.246147	0.000000
281	Spectrogram 1	1	3114.640000	3115.730000	4000.000000	18000.000000	8000.000000	Trillphee	4.844199	26.947093	NaN	NaN	51.017261	0.000000
282	Spectrogram 1	1	3160.070000	3160.110000	4000.000000	18000.000000	8000.000000	Trill	4.726686	11.236085	NaN	NaN	30.924758	0.000000
283	Spectrogram 1	1	3253.060000	3253.160000	4000.000000	18000.000000	8000.000000	Phee	4.645467	17.358504	NaN	NaN	33.642848	0.000000
284	Spectrogram 1	1	3297.790000	3298.080000	4000.000000	18000.000000	8000.000000	Trill	16.461619	29.045098	NaN	NaN	117.753134	0.000000
285	Spectrogram 1	1	3298.710000	3298.990000	4000.000000	18000.000000	8000.000000	Trillphee	5.640335	13.392538	NaN	NaN	95.716080	0.000000
286	Spectrogram 1	1	3315.910000	3315.960000	4000.000000	18000.000000	8000.000000	Trillphee	4.205082	11.015300	NaN	NaN	49.675480	0.000000
287	Spectrogram 1	1	3329.180000	3329.490000	4000.000000	18000.000000	8000.000000	Trill	13.950966	26.123337	NaN	NaN	82.422891	0.000000
288	Spectrogram 1	1	3340.020000	3340.170000	4000.000000	18000.000000	8000.000000	Trill	5.920701	14.637209	NaN	NaN	41.216273	0.000000
289	Spectrogram 1	1	3347.600000	3347.880000	4000.000000	18000.000000	8000.000000	Trill	8.059749	17.539719	NaN	NaN	47.924313	0.000000
290	Spectrogram 1	1	3474.960000	3475.290000	4000.000000	18000.000000	8000.000000	Trill	4.856565	15.362545	NaN	NaN	47.570264	0.000000
291	Spectrogram 1	1	3496.750000	3496.780000	4000.000000	18000.000000	8000.000000	Phee	4.029077	8.794177	NaN	NaN	45.108328	0.000000
292	Spectrogram 1	1	3497.340000	3497.600000	4000.000000	18000.000000	8000.000000	Trillphee	4.117095	11.999831	NaN	NaN	66.253332	0.000000
293	Spectrogram 1	1	3502.680000	3502.700000	4000.000000	18000.000000	8000.000000	Sd-peep	4.744431	8.952037	NaN	NaN	47.048912	0.000000
294	Spectrogram 1	1	3509.540000	3509.730000	4000.000000	18000.000000	8000.000000	Trill	4.753284	11.385272	NaN	NaN	55.290834	0.000000
295	Spectrogram 1	1	3548.020000	3549.400000	4000.000000	18000.000000	8000.000000	Trill	4.575260	28.634203	NaN	NaN	81.862394	0.000000
296	Spectrogram 1	1	3568.420000	3569.770000	4000.000000	18000.000000	8000.000000	Trill	12.686078	30.000000	NaN	NaN	106.089293	0.000000
297	Spectrogram 1	1	3571.520000	3571.660000	4000.000000	18000.000000	8000.000000	Phee	4.552527	19.651045	NaN	NaN	79.640107	0.000000
298	Spectrogram 1	1	3590.020000	3591.120000	4000.000000	18000.000000	8000.000000	Trill	4.126432	22.445089	NaN	NaN	55.323737	0.000000
299	Spectrogram 1	1	3626.080000	3627.190000	4000.000000	18000.000000	8000.000000	Trill	5.247394	18.775023	NaN	NaN	47.697231	0.000000
300	Spectrogram 1	1	3639.460000	3640.700000	4000.000000	18000.000000	8000.000000	Trillphee	12.572911	30.066483	NaN	NaN	59.266741	0.000000
301	Spectrogram 1	1	3640.940000	3641.920000	4000.000000	18000.000000	8000.000000	Phee	13.270950	30.000000	NaN	NaN	49.940230	0.000000
302	Spectrogram 1	1	3665.950000	3666.430000	4000.000000	18000.000000	8000.000000	Trill	5.062782	15.414491	NaN	NaN	37.155160	0.000000
303	Spectrogram 1	1	3669.580000	3669.860000	4000.000000	18000.000000	8000.000000	Trillphee	4.128633	19.376171	NaN	NaN	83.852817	0.000000
304	Spectrogram 1	1	3670.100000	3670.270000	4000.000000	18000.000000	8000.000000	Trillphee	4.251186	17.135636	NaN	NaN	55.692355	0.000000
305	Spectrogram 1	1	3704.990000	3705.790000	4000.000000	18000.000000	8000.000000	Trill	5.922115	21.735563	NaN	NaN	79.252363	0.000000
306	Spectrogram 1	1	3716.860000	3717.260000	4000.000000	18000.000000	8000.000000	Trill	6.147156	16.945477	NaN	NaN	49.067428	0.000000
307	Spectrogram 1	1	3741.470000	3741.490000	4000.000000	18000.000000	8000.000000	Sd-peep	4.447473	10.411627	NaN	NaN	34.722397	0.000000
308	Spectrogram 1	1	3760.930000	3760.990000	4000.000000	18000.000000	8000.000000	Phee	4.011682	10.023404	NaN	NaN	62.691963	0.000000
309	Spectrogram 1	1	3771.780000	3772.130000	4000.000000	18000.000000	8000.000000	Trill	4.829920	15.058376	NaN	NaN	35.199320	0.000000
310	Spectrogram 1	1	3803.480000	3803.540000	4000.000000	18000.000000	8000.000000	Trillphee	6.255821	8.610757	NaN	NaN	31.983634	0.000000
311	Spectrogram 1	1	3842.770000	3842.810000	4000.000000	18000.000000	8000.000000	Trill	5.004543	12.291716	NaN	NaN	33.770123	0.000000
312	Spectrogram 1	1	3885.540000	3885.630000	4000.000000	18000.000000	8000.000000	Phee	5.413362	28.791663	NaN	NaN	114.130226	0.000000
313	Spectrogram 1	1	3901.900000	3902.170000	4000.000000	18000.000000	8000.000000	Trill	5.809367	16.732471	NaN	NaN	57.102063	0.000000
314	Spectrogram 1	1	3933.850000	3934.160000	4000.000000	18000.000000	8000.000000	Trill	6.678599	18.076268	NaN	NaN	56.257296	0.000000
315	Spectrogram 1	1	3943.480000	3943.900000	4000.000000	18000.000000	8000.000000	Phee	5.370654	18.527677	NaN	NaN	76.720804	0.000000
316	Spectrogram 1	1	3944.080000	3944.360000	4000.000000	18000.000000	8000.000000	Phee	4.832176	22.879549	NaN	NaN	91.723254	0.000000
317	Spectrogram 1	1	3992.640000	3992.710000	4000.000000	18000.000000	8000.000000	Phee	4.669811	16.843776	NaN	NaN	91.411868	0.000000
318	Spectrogram 1	1	4009.810000	4010.190000	4000.000000	18000.000000	8000.000000	Trill	4.966857	13.950953	NaN	NaN	41.910092	0.000000
319	Spectrogram 1	1	4102.350000	4102.420000	4000.000000	18000.000000	8000.000000	Trill	7.349114	17.282448	NaN	NaN	101.882047	0.000000
320	Spectrogram 1	1	4138.580000	4138.600000	4000.000000	18000.000000	8000.000000	Sd-peep	4.576912	19.271344	NaN	NaN	37.759690	0.000000
321	Spectrogram 1	1	4144.040000	4144.460000	4000.000000	18000.000000	8000.000000	Phee	6.648301	15.836802	NaN	NaN	88.455445	0.000000
322	Spectrogram 1	1	4148.490000	4148.840000	4000.000000	18000.000000	8000.000000	Trill	4.190628	14.597793	NaN	NaN	45.914998	0.000000
323	Spectrogram 1	1	4159.180000	4159.200000	4000.000000	18000.000000	8000.000000	Sd-peep	4.076845	17.049420	NaN	NaN	47.637375	0.000000
324	Spectrogram 1	1	4286.480000	4286.760000	4000.000000	18000.000000	8000.000000	Trillphee	4.034577	14.636567	NaN	NaN	39.244032	0.000000
