Selection	View	Channel	Begin Time (s)	End Time (s)	Low Freq (Hz)	High Freq (Hz)	Max Freq (Hz)	Call Type	Energy Diff	Energy Par	Energy Diff (wl)	Energy Par (wl)	AHR	Exception
1	Spectrogram 1	5	2.130000	2.220000	4000.000000	18000.000000	8000.000000	Trill	4.857332	9.708325	1.972499	4.071430	44.602057	0.000000
2	Spectrogram 1	6	17.080000	17.110000	4000.000000	18000.000000	8000.000000	Sd-peep	8.802463	9.577596	-1.971988	0.927684	32.388733	1.000000
3	Spectrogram 1	6	36.970000	37.120000	4000.000000	18000.000000	8000.000000	Trill	3.884701	6.827845	-2.927465	4.285838	43.545191	0.000000
4	Spectrogram 1	5	37.420000	37.600000	4000.000000	18000.000000	8000.000000	Twitter	11.852177	18.567784	1.312575	2.905108	114.530788	1.000000
5	Spectrogram 1	5	56.630000	56.690000	4000.000000	18000.000000	8000.000000	Tse	9.120039	16.763550	2.587151	3.858826	89.339852	0.000000
6	Spectrogram 1	5	71.380000	71.420000	4000.000000	18000.000000	8000.000000	Tse	7.576387	13.951766	1.493704	3.486855	77.082785	0.000000
7	Spectrogram 1	6	93.660000	93.700000	4000.000000	18000.000000	8000.000000	Phee	1.724684	29.936080	-2.063084	17.056270	62.892830	2.000000
8	Spectrogram 1	5	93.850000	93.940000	4000.000000	18000.000000	8000.000000	Phee	4.238330	32.224947	2.128178	14.796234	69.084207	0.000000
9	Spectrogram 1	6	94.160000	94.270000	4000.000000	18000.000000	8000.000000	Phee	2.665084	34.984742	-4.121744	14.303733	75.487208	0.000000
10	Spectrogram 1	5	94.340000	94.380000	4000.000000	18000.000000	8000.000000	Phee	1.651716	20.933041	2.250646	9.335288	57.475596	2.000000
11	Spectrogram 1	5	107.900000	107.980000	4000.000000	18000.000000	8000.000000	Trill	6.283346	13.414383	2.422950	4.559766	68.663707	0.000000
12	Spectrogram 1	5	140.680000	140.740000	4000.000000	18000.000000	8000.000000	P-peep	2.782087	6.540765	3.273106	4.064259	33.540881	0.000000
13	Spectrogram 1	5	157.120000	157.140000	4000.000000	18000.000000	8000.000000	Tse	1.101997	12.052108	4.047327	6.385301	58.391938	0.000000
14	Spectrogram 1	6	211.570000	211.600000	4000.000000	18000.000000	8000.000000	Trill	8.695402	9.521649	-5.966872	-0.491024	31.495773	1.000000
15	Spectrogram 1	5	231.260000	231.710000	4000.000000	18000.000000	8000.000000	Trill	4.096336	8.862960	3.121838	4.760229	42.030855	0.000000
16	Spectrogram 1	5	238.520000	238.730000	4000.000000	18000.000000	8000.000000	Trill	4.150290	8.244790	4.836811	4.310626	43.481758	0.000000
17	Spectrogram 1	5	240.440000	240.490000	4000.000000	18000.000000	8000.000000	Trill	7.051415	8.931841	0.528337	2.217581	39.809595	1.000000
18	Spectrogram 1	5	248.620000	248.720000	4000.000000	18000.000000	8000.000000	Trill	9.427709	13.838859	0.776277	2.464550	51.122912	1.000000
19	Spectrogram 1	5	279.110000	279.190000	4000.000000	18000.000000	8000.000000	Trill	7.712573	10.004736	0.409700	2.641331	28.980910	1.000000
20	Spectrogram 1	6	405.950000	405.980000	4000.000000	18000.000000	8000.000000	Trill	6.544466	7.403421	-4.819271	1.231228	32.970970	0.000000
21	Spectrogram 1	5	408.920000	409.130000	4000.000000	18000.000000	8000.000000	Trill	10.029493	12.175816	2.408580	1.407926	36.782706	1.000000
22	Spectrogram 1	5	428.820000	429.150000	4000.000000	18000.000000	8000.000000	Trillphee	3.621525	6.917528	4.209990	2.361400	34.715682	0.000000
23	Spectrogram 1	5	440.970000	441.060000	4000.000000	18000.000000	8000.000000	Sd-peep	9.774223	11.319329	0.927787	2.509995	29.745947	1.000000
24	Spectrogram 1	5	477.260000	477.630000	4000.000000	18000.000000	8000.000000	Trill	4.554746	8.838920	5.037680	6.257673	37.829174	0.000000
25	Spectrogram 1	5	503.690000	504.330000	4000.000000	18000.000000	8000.000000	Trill	5.531393	11.249383	2.450948	3.980904	55.599325	0.000000
26	Spectrogram 1	5	535.230000	535.260000	4000.000000	18000.000000	8000.000000	Twitter	8.538812	18.990576	1.149564	3.370241	51.619124	1.000000
27	Spectrogram 1	6	535.380000	535.410000	4000.000000	18000.000000	8000.000000	Twitter	8.427365	18.183174	-0.076668	3.327431	52.146828	1.000000
28	Spectrogram 1	5	535.520000	535.560000	4000.000000	18000.000000	8000.000000	Twitter	8.161942	16.610125	0.937063	3.659276	52.425144	1.000000
29	Spectrogram 1	5	535.810000	535.840000	4000.000000	18000.000000	8000.000000	Twitter	8.139596	17.392814	1.417033	3.955486	54.355671	1.000000
30	Spectrogram 1	5	542.850000	542.910000	4000.000000	18000.000000	8000.000000	Trill	7.831714	12.019826	0.441812	2.463986	46.643951	1.000000
31	Spectrogram 1	5	615.140000	615.720000	4000.000000	18000.000000	8000.000000	Trill	8.004562	12.373197	2.899552	4.435810	65.422533	0.000000
32	Spectrogram 1	6	615.800000	615.860000	4000.000000	18000.000000	8000.000000	Sd-peep	6.889229	12.485467	-5.061272	0.226000	77.691729	0.000000
33	Spectrogram 1	6	660.770000	660.800000	4000.000000	18000.000000	8000.000000	Twitter	9.996163	18.743059	-0.055732	4.408659	55.180334	1.000000
34	Spectrogram 1	5	660.910000	660.940000	4000.000000	18000.000000	8000.000000	Twitter	7.976244	14.341159	2.805277	3.287475	52.260358	1.000000
35	Spectrogram 1	5	664.140000	664.680000	4000.000000	18000.000000	8000.000000	Trill	9.398028	13.757170	1.142072	2.915102	80.492961	1.000000
36	Spectrogram 1	5	664.890000	664.910000	4000.000000	18000.000000	8000.000000	Tse	6.526843	14.839497	2.504417	3.000671	60.663455	0.000000
37	Spectrogram 1	5	665.360000	665.380000	4000.000000	18000.000000	8000.000000	Sd-peep	7.304606	13.673463	1.848419	0.352342	49.437786	1.000000
38	Spectrogram 1	6	667.980000	668.010000	4000.000000	18000.000000	8000.000000	Tse	9.577520	14.148085	-3.099315	0.734627	69.123240	1.000000
39	Spectrogram 1	6	668.120000	668.170000	4000.000000	18000.000000	8000.000000	Twitter	8.087739	16.212128	-1.466485	0.993917	54.647992	1.000000
40	Spectrogram 1	6	673.540000	673.740000	4000.000000	18000.000000	8000.000000	Trill	7.610088	11.217954	-0.010782	2.351769	65.913293	1.000000
41	Spectrogram 1	6	673.810000	673.980000	4000.000000	18000.000000	8000.000000	Trill	8.349243	11.732786	-0.316503	1.872312	70.783771	1.000000
42	Spectrogram 1	6	678.660000	678.700000	4000.000000	18000.000000	8000.000000	Trillphee	9.270383	11.867805	-1.039763	-2.300274	45.026223	1.000000
43	Spectrogram 1	5	705.910000	706.590000	4000.000000	18000.000000	8000.000000	Trill	-0.446991	9.024589	7.169208	4.329703	38.735976	2.000000
44	Spectrogram 1	5	707.310000	707.350000	4000.000000	18000.000000	8000.000000	Twitter	7.001093	16.477481	0.638152	5.582393	59.814657	1.000000
45	Spectrogram 1	6	707.480000	707.510000	4000.000000	18000.000000	8000.000000	Twitter	8.578320	19.340504	-1.139034	5.821897	65.440498	1.000000
46	Spectrogram 1	5	707.640000	707.680000	4000.000000	18000.000000	8000.000000	Twitter	7.755181	18.102868	0.280391	3.999900	56.974134	1.000000
47	Spectrogram 1	5	718.490000	718.970000	4000.000000	18000.000000	8000.000000	Trill	5.511440	10.545384	3.048929	3.917908	47.110289	0.000000
48	Spectrogram 1	6	722.010000	722.070000	4000.000000	18000.000000	8000.000000	Trill	7.586990	10.797980	-1.794094	1.912358	65.680028	1.000000
49	Spectrogram 1	6	724.020000	725.250000	4000.000000	18000.000000	8000.000000	Phee	-1.610321	23.637431	-2.102595	13.274177	37.484454	2.000000
50	Spectrogram 1	5	726.200000	726.230000	4000.000000	18000.000000	8000.000000	Twitter	-0.023478	24.057049	9.693274	12.016900	59.388724	0.000000
51	Spectrogram 1	5	726.250000	726.290000	4000.000000	18000.000000	8000.000000	Twitter	0.590909	18.770263	11.448104	8.611126	52.613876	0.000000
52	Spectrogram 1	5	726.300000	726.330000	4000.000000	18000.000000	8000.000000	Trill	2.842031	15.226187	5.134411	5.232452	56.114130	0.000000
53	Spectrogram 1	5	726.520000	726.760000	4000.000000	18000.000000	8000.000000	Trill	-0.993382	15.996081	6.064789	7.967822	43.968851	2.000000
54	Spectrogram 1	5	727.280000	727.310000	4000.000000	18000.000000	8000.000000	Twitter	-3.606189	18.732632	5.049133	9.571040	53.074956	2.000000
55	Spectrogram 1	5	727.330000	727.400000	4000.000000	18000.000000	8000.000000	Phee	-1.529367	24.618380	4.735217	13.755321	51.367218	2.000000
56	Spectrogram 1	5	727.880000	727.940000	4000.000000	18000.000000	8000.000000	Phee	-1.343949	30.306122	3.051904	14.266937	42.971341	2.000000
57	Spectrogram 1	5	730.130000	730.160000	4000.000000	18000.000000	8000.000000	Twitter	9.750584	19.044391	2.519520	4.215549	47.013570	1.000000
58	Spectrogram 1	5	730.260000	730.300000	4000.000000	18000.000000	8000.000000	Twitter	7.446256	16.779544	1.132423	5.003274	54.656431	1.000000
59	Spectrogram 1	6	739.050000	739.980000	4000.000000	18000.000000	8000.000000	Phee	-2.398724	22.433429	-4.939161	11.231316	34.867093	2.000000
60	Spectrogram 1	6	741.280000	742.420000	4000.000000	18000.000000	8000.000000	Phee	-0.814954	21.808801	-2.953207	11.160979	35.260169	2.000000
61	Spectrogram 1	6	742.530000	743.560000	4000.000000	18000.000000	8000.000000	Phee	-0.809485	23.855465	-6.418345	12.359287	38.644314	2.000000
62	Spectrogram 1	5	759.860000	759.940000	4000.000000	18000.000000	8000.000000	Phee	-0.190049	26.535797	5.956002	18.725418	56.331649	0.000000
63	Spectrogram 1	5	760.010000	760.710000	4000.000000	18000.000000	8000.000000	Phee	-2.534543	25.147484	2.444432	13.136716	34.291356	2.000000
64	Spectrogram 1	6	763.360000	764.360000	4000.000000	18000.000000	8000.000000	Phee	-0.119905	22.180527	-6.295444	9.034969	33.762938	0.000000
65	Spectrogram 1	6	764.400000	765.380000	4000.000000	18000.000000	8000.000000	Phee	-0.167580	23.558057	-5.167046	9.725069	41.598183	0.000000
66	Spectrogram 1	5	778.640000	779.590000	4000.000000	18000.000000	8000.000000	Phee	-1.501811	23.892276	2.645548	9.269051	41.247349	2.000000
67	Spectrogram 1	5	815.340000	815.800000	4000.000000	18000.000000	8000.000000	Trill	3.052393	7.906518	3.916809	5.088183	34.516264	0.000000
68	Spectrogram 1	6	831.550000	832.680000	4000.000000	18000.000000	8000.000000	Phee	-2.200129	23.772725	-3.837099	11.894914	38.638292	2.000000
69	Spectrogram 1	6	833.290000	835.550000	4000.000000	18000.000000	8000.000000	Phee	-1.980569	23.008446	-4.286080	12.500559	35.247543	2.000000
70	Spectrogram 1	5	841.490000	841.560000	4000.000000	18000.000000	8000.000000	Trill	8.836471	14.229129	0.497899	2.506713	79.745989	1.000000
71	Spectrogram 1	5	841.600000	841.670000	4000.000000	18000.000000	8000.000000	P-peep	8.092472	13.143833	1.995325	3.172821	78.970557	0.000000
72	Spectrogram 1	5	844.180000	844.200000	4000.000000	18000.000000	8000.000000	Phee	-1.204124	28.774422	3.713968	5.765925	42.563158	2.000000
73	Spectrogram 1	6	844.390000	844.410000	4000.000000	18000.000000	8000.000000	Phee	1.272954	34.608823	-3.608703	12.563265	42.565573	0.000000
74	Spectrogram 1	6	854.980000	855.010000	4000.000000	18000.000000	8000.000000	Twitter	6.995682	19.928079	-2.724731	4.821714	58.681895	1.000000
75	Spectrogram 1	5	855.130000	855.160000	4000.000000	18000.000000	8000.000000	Twitter	8.362396	18.953152	0.229201	3.469120	57.736410	1.000000
76	Spectrogram 1	5	855.280000	855.310000	4000.000000	18000.000000	8000.000000	Twitter	9.096134	21.427601	0.332461	2.860103	59.553845	1.000000
77	Spectrogram 1	5	855.420000	855.450000	4000.000000	18000.000000	8000.000000	Twitter	8.606411	19.006623	1.744332	4.240142	50.719415	1.000000
78	Spectrogram 1	5	855.560000	855.600000	4000.000000	18000.000000	8000.000000	Twitter	7.929807	18.760975	1.353904	4.392740	57.958580	1.000000
79	Spectrogram 1	5	855.830000	855.870000	4000.000000	18000.000000	8000.000000	Trill	6.470633	16.018855	1.420674	4.056157	55.128869	0.000000
80	Spectrogram 1	5	862.630000	862.810000	4000.000000	18000.000000	8000.000000	Phee	5.377671	14.295034	3.051081	6.337462	71.653899	0.000000
81	Spectrogram 1	6	863.060000	863.140000	4000.000000	18000.000000	8000.000000	Trillphee	4.538992	9.847841	-2.134308	3.874811	56.652331	0.000000
82	Spectrogram 1	6	863.330000	863.420000	4000.000000	18000.000000	8000.000000	Trillphee	7.777337	14.583541	-0.100073	4.667207	68.909077	1.000000
83	Spectrogram 1	5	863.570000	863.630000	4000.000000	18000.000000	8000.000000	P-peep	6.116801	15.039602	5.388218	8.270984	74.043535	0.000000
84	Spectrogram 1	6	879.580000	879.980000	4000.000000	18000.000000	8000.000000	Phee	0.299168	25.090534	-2.516904	9.908733	41.457177	2.000000
85	Spectrogram 1	5	882.860000	883.490000	4000.000000	18000.000000	8000.000000	Trillphee	10.445214	20.179982	1.900870	3.962625	106.983950	0.000000
86	Spectrogram 1	5	897.910000	898.930000	4000.000000	18000.000000	8000.000000	Trillphee	4.952457	15.642926	2.910623	6.640019	63.346564	0.000000
87	Spectrogram 1	5	909.310000	909.730000	4000.000000	18000.000000	8000.000000	Trillphee	2.281807	9.281555	4.699097	7.324040	48.880757	0.000000
88	Spectrogram 1	6	913.000000	913.390000	4000.000000	18000.000000	8000.000000	Trillphee	6.280155	10.821533	-2.105823	6.754546	48.627988	0.000000
89	Spectrogram 1	5	941.550000	941.920000	4000.000000	18000.000000	8000.000000	Trillphee	11.769481	19.261492	0.406747	0.648296	109.113172	1.000000
90	Spectrogram 1	5	942.030000	942.140000	4000.000000	18000.000000	8000.000000	Trillphee	10.047780	19.305600	0.831609	3.309576	113.219042	1.000000
91	Spectrogram 1	5	958.600000	958.630000	4000.000000	18000.000000	8000.000000	Trillphee	0.206604	5.270820	3.680792	5.749470	39.321475	2.000000
92	Spectrogram 1	5	974.460000	976.110000	4000.000000	18000.000000	8000.000000	Phee	4.846792	24.259141	0.839086	5.914790	83.812860	0.000000
93	Spectrogram 1	5	999.080000	999.260000	4000.000000	18000.000000	8000.000000	Trillphee	4.250452	11.416909	5.841607	2.732820	60.713562	0.000000
94	Spectrogram 1	5	1011.710000	1011.750000	4000.000000	18000.000000	8000.000000	Trill	3.991360	10.518915	1.236541	6.189624	62.073170	0.000000
95	Spectrogram 1	5	1012.460000	1012.490000	4000.000000	18000.000000	8000.000000	Tse	5.151786	12.076562	1.911407	4.059923	73.217975	0.000000
96	Spectrogram 1	6	1149.120000	1149.180000	4000.000000	18000.000000	8000.000000	Phee	1.535332	22.365692	-9.372162	20.903383	41.652472	0.000000
97	Spectrogram 1	6	1149.240000	1149.300000	4000.000000	18000.000000	8000.000000	Phee	3.125768	29.741123	-10.733805	17.952097	48.677879	0.000000
98	Spectrogram 1	6	1149.340000	1150.000000	4000.000000	18000.000000	8000.000000	Phee	0.095759	22.159350	-5.034653	14.192432	36.840665	0.000000
99	Spectrogram 1	5	1152.760000	1152.780000	4000.000000	18000.000000	8000.000000	Twitter	8.175892	21.376292	6.505189	7.890339	51.751886	0.000000
100	Spectrogram 1	5	1152.910000	1152.950000	4000.000000	18000.000000	8000.000000	Twitter	8.725172	19.896087	4.193179	7.537150	50.312242	0.000000
101	Spectrogram 1	5	1153.070000	1153.100000	4000.000000	18000.000000	8000.000000	Twitter	7.714977	20.079982	3.032446	7.809583	51.853701	0.000000
102	Spectrogram 1	5	1153.380000	1153.420000	4000.000000	18000.000000	8000.000000	Twitter	7.715101	18.891337	6.680165	5.035918	51.010228	0.000000
103	Spectrogram 1	5	1153.540000	1153.570000	4000.000000	18000.000000	8000.000000	Twitter	8.136172	18.411147	6.205999	-0.753096	52.120745	1.000000
104	Spectrogram 1	5	1153.830000	1153.930000	4000.000000	18000.000000	8000.000000	Twitter	6.424165	17.765040	3.632143	4.549508	59.743081	0.000000
105	Spectrogram 1	5	1154.370000	1154.490000	4000.000000	18000.000000	8000.000000	Phee	3.969336	19.814414	3.169170	7.501828	67.121583	0.000000
106	Spectrogram 1	5	1154.540000	1154.930000	4000.000000	18000.000000	8000.000000	Trill	7.175366	21.349517	1.142502	2.567532	82.811162	1.000000
107	Spectrogram 1	5	1154.940000	1155.240000	4000.000000	18000.000000	8000.000000	Phee	5.838480	20.186626	1.334139	6.678448	85.937591	0.000000
108	Spectrogram 1	5	1156.230000	1156.280000	4000.000000	18000.000000	8000.000000	Trill	6.960100	12.705309	0.406617	2.524911	73.806956	1.000000
109	Spectrogram 1	5	1165.950000	1166.260000	4000.000000	18000.000000	8000.000000	Phee	1.527927	23.547662	4.983520	20.257527	52.953871	0.000000
110	Spectrogram 1	5	1166.330000	1166.780000	4000.000000	18000.000000	8000.000000	Phee	-0.858648	25.287602	1.697975	14.849788	48.403391	2.000000
111	Spectrogram 1	6	1166.870000	1166.970000	4000.000000	18000.000000	8000.000000	Phee	-3.934405	25.946216	-2.450701	15.077435	42.730853	2.000000
112	Spectrogram 1	5	1168.050000	1168.600000	4000.000000	18000.000000	8000.000000	Phee	-2.648024	21.434602	3.157674	13.576287	49.266184	2.000000
113	Spectrogram 1	5	1168.650000	1168.790000	4000.000000	18000.000000	8000.000000	Phee	1.797994	25.158786	8.293326	20.267598	53.495473	0.000000
114	Spectrogram 1	5	1170.300000	1170.330000	4000.000000	18000.000000	8000.000000	Twitter	9.802473	22.178718	1.024756	7.562467	67.463234	0.000000
115	Spectrogram 1	6	1170.470000	1170.500000	4000.000000	18000.000000	8000.000000	Twitter	9.039542	22.037652	-1.375887	9.157337	54.815876	0.000000
116	Spectrogram 1	6	1170.630000	1170.680000	4000.000000	18000.000000	8000.000000	Twitter	9.114131	20.839367	-0.710204	8.848244	51.179462	0.000000
117	Spectrogram 1	6	1170.800000	1170.840000	4000.000000	18000.000000	8000.000000	Twitter	8.653398	22.223698	-1.341981	10.213044	55.207889	0.000000
118	Spectrogram 1	6	1170.960000	1171.010000	4000.000000	18000.000000	8000.000000	Twitter	9.266031	22.409734	-0.592619	8.540451	66.178666	0.000000
119	Spectrogram 1	6	1171.110000	1171.180000	4000.000000	18000.000000	8000.000000	Twitter	7.100187	19.056413	-1.074731	6.749662	66.399111	1.000000
120	Spectrogram 1	5	1173.400000	1174.260000	4000.000000	18000.000000	8000.000000	Phee	8.075312	22.641295	2.421350	8.397952	108.004775	0.000000
121	Spectrogram 1	5	1181.000000	1181.250000	4000.000000	18000.000000	8000.000000	Trill	7.747001	11.736763	1.672596	3.207784	63.467844	0.000000
122	Spectrogram 1	5	1192.870000	1193.320000	4000.000000	18000.000000	8000.000000	Trillphee	5.206130	11.376093	6.155882	9.012954	55.457434	0.000000
123	Spectrogram 1	5	1203.950000	1204.300000	4000.000000	18000.000000	8000.000000	Phee	0.687299	24.799995	3.370930	12.276545	59.614741	2.000000
124	Spectrogram 1	5	1204.350000	1205.750000	4000.000000	18000.000000	8000.000000	Phee	-0.865512	28.832612	1.930620	14.877665	57.515684	2.000000
125	Spectrogram 1	5	1205.810000	1206.100000	4000.000000	18000.000000	8000.000000	Phee	-0.146699	16.448686	2.710994	8.091915	42.745645	2.000000
126	Spectrogram 1	5	1206.410000	1207.960000	4000.000000	18000.000000	8000.000000	Phee	0.990054	27.042374	2.716933	13.207280	66.337497	2.000000
127	Spectrogram 1	6	1223.210000	1224.140000	4000.000000	18000.000000	8000.000000	Phee	-2.315921	27.694578	-3.187008	14.794743	49.798914	2.000000
128	Spectrogram 1	6	1225.560000	1225.950000	4000.000000	18000.000000	8000.000000	Phee	-1.079292	18.777996	-1.679135	9.424499	41.064350	2.000000
129	Spectrogram 1	6	1227.750000	1227.770000	4000.000000	18000.000000	8000.000000	Tse	11.477140	21.149878	-1.773973	6.019152	45.237446	0.000000
130	Spectrogram 1	6	1228.040000	1228.060000	4000.000000	18000.000000	8000.000000	Twitter	10.128619	22.276273	-1.730353	7.302396	41.708647	0.000000
131	Spectrogram 1	5	1228.290000	1228.330000	4000.000000	18000.000000	8000.000000	Twitter	9.808485	21.081419	2.477850	8.264861	49.227075	0.000000
132	Spectrogram 1	5	1231.170000	1231.290000	4000.000000	18000.000000	8000.000000	Trill	7.289685	12.651623	1.469631	2.940222	44.160049	0.000000
133	Spectrogram 1	5	1248.290000	1248.330000	4000.000000	18000.000000	8000.000000	Tse	7.818725	24.342017	10.501351	18.433489	96.336493	0.000000
134	Spectrogram 1	5	1248.420000	1248.460000	4000.000000	18000.000000	8000.000000	Tse	4.401936	13.148518	7.795229	12.195747	40.581809	0.000000
135	Spectrogram 1	5	1249.030000	1249.050000	4000.000000	18000.000000	8000.000000	Phee	7.488444	21.840454	10.963889	20.102626	66.288121	0.000000
136	Spectrogram 1	5	1260.250000	1260.270000	4000.000000	18000.000000	8000.000000	Tse	8.192577	18.603506	3.006096	12.200241	52.410297	0.000000
137	Spectrogram 1	5	1260.370000	1260.400000	4000.000000	18000.000000	8000.000000	Twitter	7.583442	19.768997	2.701464	10.804889	53.375832	0.000000
138	Spectrogram 1	5	1260.480000	1260.510000	4000.000000	18000.000000	8000.000000	Twitter	7.799569	18.481168	2.796218	8.000344	63.751853	0.000000
139	Spectrogram 1	5	1269.690000	1270.440000	4000.000000	18000.000000	8000.000000	Phee	7.901970	19.781872	1.359648	5.013565	103.290444	0.000000
140	Spectrogram 1	6	1284.720000	1284.820000	4000.000000	18000.000000	8000.000000	Trillphee	2.953813	6.605868	-6.907700	10.185330	40.048130	0.000000
141	Spectrogram 1	6	1284.880000	1285.280000	4000.000000	18000.000000	8000.000000	Trillphee	3.879625	11.133063	-7.470472	13.043313	54.737413	0.000000
142	Spectrogram 1	6	1285.320000	1285.390000	4000.000000	18000.000000	8000.000000	Phee	0.452500	5.394095	-2.581705	8.019410	31.001971	2.000000
143	Spectrogram 1	5	1296.280000	1296.350000	4000.000000	18000.000000	8000.000000	Trillphee	3.762834	12.289668	6.378709	9.062782	54.266087	0.000000
144	Spectrogram 1	5	1296.430000	1297.220000	4000.000000	18000.000000	8000.000000	Trillphee	4.201391	11.014349	2.091065	6.587372	61.119599	0.000000
145	Spectrogram 1	5	1302.450000	1303.910000	4000.000000	18000.000000	8000.000000	Trillphee	8.285402	19.960102	0.353799	5.728076	102.016621	0.000000
146	Spectrogram 1	5	1308.870000	1309.190000	4000.000000	18000.000000	8000.000000	Trill	15.670449	19.934736	3.431029	5.144056	132.900821	0.000000
147	Spectrogram 1	5	1309.280000	1309.590000	4000.000000	18000.000000	8000.000000	Phee	11.599495	17.559932	3.025701	5.031430	115.026326	0.000000
148	Spectrogram 1	5	1309.630000	1309.720000	4000.000000	18000.000000	8000.000000	P-peep	12.089378	18.522522	2.790414	4.818876	123.938871	0.000000
149	Spectrogram 1	5	1322.990000	1323.020000	4000.000000	18000.000000	8000.000000	Trill	7.761317	8.370078	3.296774	4.129949	28.197967	0.000000
150	Spectrogram 1	5	1330.830000	1330.990000	4000.000000	18000.000000	8000.000000	Trill	7.361974	11.767008	4.511756	5.805984	65.879635	0.000000
151	Spectrogram 1	5	1331.080000	1331.190000	4000.000000	18000.000000	8000.000000	Phee	6.486108	10.499613	3.712172	3.322498	60.838336	0.000000
152	Spectrogram 1	5	1331.290000	1331.630000	4000.000000	18000.000000	8000.000000	Phee	15.221531	23.484022	7.173475	10.490227	146.196868	0.000000
153	Spectrogram 1	6	1346.360000	1346.450000	4000.000000	18000.000000	8000.000000	Trillphee	1.298176	4.948192	-5.799004	8.230712	30.857964	0.000000
154	Spectrogram 1	6	1349.880000	1349.920000	4000.000000	18000.000000	8000.000000	Sd-peep	3.110753	11.115859	-2.796928	9.417128	56.581804	0.000000
155	Spectrogram 1	5	1354.440000	1354.570000	4000.000000	18000.000000	8000.000000	Phee	5.939322	13.232828	2.632795	3.522049	75.884575	0.000000
156	Spectrogram 1	5	1372.930000	1374.140000	4000.000000	18000.000000	8000.000000	Trillphee	5.018847	16.677081	0.958387	5.581286	76.232248	0.000000
157	Spectrogram 1	5	1381.490000	1382.410000	4000.000000	18000.000000	8000.000000	Trillphee	2.944236	15.653622	3.824747	8.821146	65.400475	0.000000
158	Spectrogram 1	5	1425.890000	1425.960000	4000.000000	18000.000000	8000.000000	P-peep	2.376467	11.106437	9.275422	12.892178	55.204753	0.000000
159	Spectrogram 1	5	1426.120000	1426.200000	4000.000000	18000.000000	8000.000000	Trillphee	2.071364	9.952920	5.688114	12.431164	46.546306	0.000000
160	Spectrogram 1	5	1426.300000	1426.550000	4000.000000	18000.000000	8000.000000	P-peep	2.217331	6.834384	4.358177	6.692554	41.210381	0.000000
161	Spectrogram 1	5	1426.600000	1426.740000	4000.000000	18000.000000	8000.000000	Phee	0.729577	5.840335	4.396704	7.499407	29.622577	0.000000
162	Spectrogram 1	5	1427.080000	1427.160000	4000.000000	18000.000000	8000.000000	Trill	2.074026	12.071080	5.730447	11.036305	48.516125	0.000000
163	Spectrogram 1	5	1443.520000	1443.550000	4000.000000	18000.000000	8000.000000	Twitter	8.024884	16.190971	1.757068	2.835084	66.970094	1.000000
164	Spectrogram 1	5	1443.690000	1443.730000	4000.000000	18000.000000	8000.000000	Twitter	8.307953	19.058666	4.660981	9.052771	58.430906	0.000000
165	Spectrogram 1	5	1443.850000	1443.880000	4000.000000	18000.000000	8000.000000	Twitter	7.680534	17.358033	3.694426	7.856420	56.470115	0.000000
166	Spectrogram 1	5	1444.000000	1444.060000	4000.000000	18000.000000	8000.000000	Twitter	9.180607	21.530147	2.618095	8.442179	56.259069	0.000000
167	Spectrogram 1	5	1444.140000	1444.270000	4000.000000	18000.000000	8000.000000	Twitter	7.344743	18.735144	1.357500	5.920631	56.773872	1.000000
168	Spectrogram 1	5	1444.290000	1444.430000	4000.000000	18000.000000	8000.000000	Twitter	7.832402	19.787831	2.586751	6.790516	63.892629	0.000000
169	Spectrogram 1	5	1444.450000	1444.650000	4000.000000	18000.000000	8000.000000	Phee	7.289393	21.304043	1.843212	5.637906	77.927322	0.000000
170	Spectrogram 1	5	1444.670000	1444.780000	4000.000000	18000.000000	8000.000000	Phee	3.441130	17.059846	2.914296	7.096104	66.348001	0.000000
171	Spectrogram 1	5	1444.790000	1444.850000	4000.000000	18000.000000	8000.000000	Phee	3.386783	16.510046	2.927984	8.353501	64.296329	0.000000
172	Spectrogram 1	5	1444.860000	1445.050000	4000.000000	18000.000000	8000.000000	Phee	6.280904	20.766526	1.749424	8.800521	77.342353	0.000000
173	Spectrogram 1	5	1445.060000	1445.630000	4000.000000	18000.000000	8000.000000	Phee	7.355786	21.882034	4.133051	8.541291	97.682859	0.000000
174	Spectrogram 1	5	1445.780000	1445.980000	4000.000000	18000.000000	8000.000000	Phee	3.216021	14.131819	2.517879	5.558613	60.726090	0.000000
175	Spectrogram 1	5	1446.000000	1446.800000	4000.000000	18000.000000	8000.000000	Phee	5.393736	15.832960	2.112498	5.144930	70.206707	0.000000
176	Spectrogram 1	5	1459.040000	1459.750000	4000.000000	18000.000000	8000.000000	Trillphee	6.537286	14.302480	2.474825	4.158175	80.192868	0.000000
177	Spectrogram 1	5	1464.780000	1465.780000	4000.000000	18000.000000	8000.000000	Trillphee	6.376742	15.602770	5.028184	9.421126	83.941806	0.000000
178	Spectrogram 1	5	1467.650000	1468.230000	4000.000000	18000.000000	8000.000000	Phee	-5.869262	23.203434	1.703108	14.701018	34.316888	2.000000
179	Spectrogram 1	6	1468.520000	1468.570000	4000.000000	18000.000000	8000.000000	Phee	0.444023	22.617472	-4.654320	18.810221	50.030985	0.000000
180	Spectrogram 1	6	1469.760000	1471.450000	4000.000000	18000.000000	8000.000000	Phee	-0.996387	25.350923	-1.971246	13.527964	51.334272	2.000000
181	Spectrogram 1	6	1490.000000	1490.610000	4000.000000	18000.000000	8000.000000	Phee	-1.954248	25.138005	-3.085912	17.266428	43.059176	2.000000
182	Spectrogram 1	5	1492.320000	1492.750000	4000.000000	18000.000000	8000.000000	Phee	-1.291980	24.863239	2.267898	14.043652	42.531255	2.000000
183	Spectrogram 1	5	1494.780000	1494.910000	4000.000000	18000.000000	8000.000000	Trill	5.352060	8.900801	2.456534	4.710703	51.509696	0.000000
184	Spectrogram 1	5	1518.850000	1519.980000	4000.000000	18000.000000	8000.000000	Trillphee	6.538420	14.303106	1.196817	3.675264	81.608470	0.000000
185	Spectrogram 1	5	1548.320000	1549.520000	4000.000000	18000.000000	8000.000000	Phee	-3.318380	22.866234	5.259726	11.564332	39.284543	2.000000
186	Spectrogram 1	5	1549.740000	1550.770000	4000.000000	18000.000000	8000.000000	Phee	-1.349438	25.857419	3.251897	11.560018	47.367742	2.000000
187	Spectrogram 1	6	1550.950000	1551.960000	4000.000000	18000.000000	8000.000000	Phee	-2.830757	23.711089	-3.051478	11.908064	42.846738	2.000000
188	Spectrogram 1	5	1561.430000	1561.620000	4000.000000	18000.000000	8000.000000	Trill	5.834551	10.002673	7.611776	1.768108	56.435081	0.000000
189	Spectrogram 1	6	1564.090000	1565.070000	4000.000000	18000.000000	8000.000000	Phee	-2.783387	22.786354	-2.222883	11.277382	34.353239	2.000000
190	Spectrogram 1	5	1607.120000	1607.200000	4000.000000	18000.000000	8000.000000	Trillphee	1.359544	5.435195	3.232664	5.857209	36.377313	2.000000
191	Spectrogram 1	6	1615.820000	1617.420000	4000.000000	18000.000000	8000.000000	Phee	-2.023664	19.927907	-2.129689	11.795569	40.713367	2.000000
192	Spectrogram 1	6	1625.720000	1625.760000	4000.000000	18000.000000	8000.000000	Trill	5.585647	7.410350	-7.237126	2.188777	41.755925	0.000000
193	Spectrogram 1	5	1639.890000	1639.920000	4000.000000	18000.000000	8000.000000	Twitter	8.202807	17.880012	0.807335	6.695234	68.233128	1.000000
194	Spectrogram 1	5	1640.060000	1640.090000	4000.000000	18000.000000	8000.000000	Twitter	9.192500	19.891734	1.502144	6.167027	71.318337	1.000000
195	Spectrogram 1	6	1640.210000	1640.240000	4000.000000	18000.000000	8000.000000	Twitter	9.142533	20.087244	-0.659512	1.449661	53.311447	1.000000
196	Spectrogram 1	6	1652.690000	1653.850000	4000.000000	18000.000000	8000.000000	Phee	-2.064197	23.051989	-5.122341	16.335216	37.504894	2.000000
197	Spectrogram 1	6	1654.230000	1654.270000	4000.000000	18000.000000	8000.000000	Phee	2.971039	31.528018	-3.913138	18.371910	62.852634	0.000000
198	Spectrogram 1	6	1654.350000	1654.420000	4000.000000	18000.000000	8000.000000	Phee	-0.111449	30.508218	-7.462479	17.256636	52.019365	0.000000
199	Spectrogram 1	6	1654.470000	1654.510000	4000.000000	18000.000000	8000.000000	Phee	0.295805	31.603625	-8.206364	18.783642	49.490283	0.000000
200	Spectrogram 1	6	1654.520000	1654.540000	4000.000000	18000.000000	8000.000000	Phee	1.855894	35.685805	-6.291770	16.630211	53.069843	0.000000
201	Spectrogram 1	6	1655.380000	1656.490000	4000.000000	18000.000000	8000.000000	Phee	-1.181459	24.876940	-2.908611	15.526856	44.109850	2.000000
202	Spectrogram 1	6	1670.980000	1672.400000	4000.000000	18000.000000	8000.000000	Phee	-0.228774	23.887449	-1.812169	14.010342	52.143022	2.000000
203	Spectrogram 1	5	1703.220000	1703.530000	4000.000000	18000.000000	8000.000000	Trillphee	2.415200	7.211738	5.314056	8.359705	40.103907	0.000000
204	Spectrogram 1	5	1708.890000	1708.970000	4000.000000	18000.000000	8000.000000	Sd-peep	3.619600	5.774627	6.138829	7.017117	28.344013	0.000000
205	Spectrogram 1	5	1718.780000	1718.840000	4000.000000	18000.000000	8000.000000	Trill	3.472714	9.023643	2.729705	3.911079	48.573569	0.000000
206	Spectrogram 1	5	1734.610000	1734.630000	4000.000000	18000.000000	8000.000000	Tse	10.219822	21.978830	2.761377	3.437242	54.483457	0.000000
207	Spectrogram 1	5	1735.020000	1735.040000	4000.000000	18000.000000	8000.000000	Twitter	8.788050	20.229303	5.209328	2.908964	49.770863	1.000000
208	Spectrogram 1	6	1735.150000	1735.180000	4000.000000	18000.000000	8000.000000	Twitter	8.286023	20.310958	-1.985720	5.284230	49.877439	1.000000
209	Spectrogram 1	5	1750.450000	1750.470000	4000.000000	18000.000000	8000.000000	P-peep	8.259932	16.959409	1.502457	3.057948	56.466053	0.000000
210	Spectrogram 1	5	1750.570000	1750.590000	4000.000000	18000.000000	8000.000000	Tse	9.161386	15.734658	3.534930	4.495866	53.841449	0.000000
211	Spectrogram 1	5	1776.560000	1777.170000	4000.000000	18000.000000	8000.000000	Phee	0.566574	19.104865	1.743449	10.050168	46.740885	2.000000
212	Spectrogram 1	5	1777.540000	1777.650000	4000.000000	18000.000000	8000.000000	Phee	2.130145	29.172656	1.970375	9.396395	57.862397	0.000000
213	Spectrogram 1	5	1778.140000	1778.390000	4000.000000	18000.000000	8000.000000	Phee	5.930414	34.251272	2.911766	14.328590	108.262434	0.000000
214	Spectrogram 1	5	1779.820000	1779.850000	4000.000000	18000.000000	8000.000000	Twitter	10.658741	20.723618	4.203257	3.781923	64.337333	1.000000
215	Spectrogram 1	5	1779.990000	1780.020000	4000.000000	18000.000000	8000.000000	Twitter	9.735194	23.352809	5.777948	6.193363	56.366871	0.000000
216	Spectrogram 1	5	1780.130000	1780.180000	4000.000000	18000.000000	8000.000000	Twitter	9.016895	20.019607	4.703221	6.787774	47.689815	0.000000
217	Spectrogram 1	5	1780.450000	1780.480000	4000.000000	18000.000000	8000.000000	Twitter	7.373997	19.672284	2.840962	7.351074	48.319399	0.000000
218	Spectrogram 1	5	1780.570000	1780.590000	4000.000000	18000.000000	8000.000000	Twitter	7.580798	15.969712	1.879353	1.059736	54.678380	1.000000
219	Spectrogram 1	5	1780.650000	1780.900000	4000.000000	18000.000000	8000.000000	Phee	5.309764	18.053191	1.466534	4.541998	73.101379	0.000000
220	Spectrogram 1	5	1780.920000	1780.960000	4000.000000	18000.000000	8000.000000	Trill	2.427881	15.095583	2.411020	7.513155	53.069833	0.000000
221	Spectrogram 1	5	1781.020000	1781.310000	4000.000000	18000.000000	8000.000000	Phee	4.600199	20.086629	1.418309	5.631838	77.390387	0.000000
222	Spectrogram 1	5	1781.330000	1781.510000	4000.000000	18000.000000	8000.000000	Trillphee	5.442334	15.397142	2.433763	6.320789	66.677881	0.000000
223	Spectrogram 1	6	1828.260000	1828.350000	4000.000000	18000.000000	8000.000000	Phee	1.544915	25.108504	-3.782604	17.268490	62.457778	0.000000
224	Spectrogram 1	6	1828.440000	1828.550000	4000.000000	18000.000000	8000.000000	Phee	-1.111205	23.701905	-2.953843	17.722609	45.190689	2.000000
225	Spectrogram 1	6	1828.610000	1828.700000	4000.000000	18000.000000	8000.000000	Phee	2.427569	29.176652	-3.275704	14.860102	57.502125	0.000000
226	Spectrogram 1	6	1829.160000	1829.410000	4000.000000	18000.000000	8000.000000	Phee	4.219276	24.477631	-3.261531	5.076255	79.850627	0.000000
227	Spectrogram 1	5	1835.560000	1836.060000	4000.000000	18000.000000	8000.000000	Phee	5.022567	12.768209	2.162531	3.168378	64.772805	0.000000
228	Spectrogram 1	5	1860.590000	1861.010000	4000.000000	18000.000000	8000.000000	Trillphee	0.927171	7.777141	3.188605	6.245180	32.334630	2.000000
229	Spectrogram 1	5	1885.530000	1886.470000	4000.000000	18000.000000	8000.000000	Trillphee	2.888012	8.966647	5.873771	8.597241	45.881780	0.000000
230	Spectrogram 1	5	1895.530000	1895.600000	4000.000000	18000.000000	8000.000000	Trillphee	8.018311	12.027359	0.313053	1.982307	79.032443	1.000000
231	Spectrogram 1	6	1895.650000	1895.940000	4000.000000	18000.000000	8000.000000	Trillphee	7.932185	12.784664	-0.315826	1.194768	78.484551	1.000000
232	Spectrogram 1	5	1896.100000	1896.250000	4000.000000	18000.000000	8000.000000	Trillphee	8.905618	15.566058	2.074957	3.168824	102.140597	0.000000
233	Spectrogram 1	5	1904.110000	1904.170000	4000.000000	18000.000000	8000.000000	Trill	6.709246	10.779454	4.908062	5.736729	72.141534	0.000000
234	Spectrogram 1	5	1904.260000	1904.440000	4000.000000	18000.000000	8000.000000	Trillphee	12.248210	20.846945	3.304763	5.872549	103.239454	0.000000
235	Spectrogram 1	5	1904.570000	1904.790000	4000.000000	18000.000000	8000.000000	Phee	11.438111	20.101008	6.274500	9.766373	104.516302	0.000000
236	Spectrogram 1	5	1904.980000	1905.150000	4000.000000	18000.000000	8000.000000	Trill	6.678360	13.282516	3.685793	5.689254	67.738511	0.000000
237	Spectrogram 1	5	1916.210000	1916.450000	4000.000000	18000.000000	8000.000000	Phee	16.406538	26.286841	3.954061	7.074549	168.184476	0.000000
238	Spectrogram 1	5	1916.560000	1916.670000	4000.000000	18000.000000	8000.000000	P-peep	11.797465	22.040418	1.026421	2.991923	135.351799	1.000000
239	Spectrogram 1	5	1916.820000	1916.930000	4000.000000	18000.000000	8000.000000	P-peep	10.255661	14.019330	1.145629	2.532909	87.947102	1.000000
240	Spectrogram 1	5	1917.020000	1917.080000	4000.000000	18000.000000	8000.000000	Sd-peep	14.165343	21.034858	1.321051	1.500647	129.697550	1.000000
241	Spectrogram 1	5	1917.180000	1917.240000	4000.000000	18000.000000	8000.000000	Sd-peep	12.341195	19.630486	2.358580	3.717320	128.933148	0.000000
242	Spectrogram 1	5	1965.460000	1966.430000	4000.000000	18000.000000	8000.000000	Phee	0.109893	19.312506	2.094544	9.417834	53.283153	2.000000
243	Spectrogram 1	6	1976.730000	1977.130000	4000.000000	18000.000000	8000.000000	Phee	-0.248813	20.434474	-2.806571	6.351193	51.290427	2.000000
244	Spectrogram 1	5	1978.190000	1978.430000	4000.000000	18000.000000	8000.000000	Phee	-3.664945	24.301559	1.874929	9.332247	32.176472	2.000000
245	Spectrogram 1	6	1981.510000	1981.570000	4000.000000	18000.000000	8000.000000	Trillphee	2.862471	8.838644	-3.816603	10.580338	52.707854	0.000000
246	Spectrogram 1	6	1981.680000	1981.710000	4000.000000	18000.000000	8000.000000	P-peep	0.713751	8.633623	-3.448281	10.931230	49.138148	0.000000
247	Spectrogram 1	6	2034.410000	2035.090000	4000.000000	18000.000000	8000.000000	Phee	-0.557449	19.894564	-2.000076	12.191237	35.276225	2.000000
248	Spectrogram 1	6	2047.230000	2047.270000	4000.000000	18000.000000	8000.000000	Phee	1.030567	27.730088	-2.738644	18.919418	55.727223	2.000000
249	Spectrogram 1	6	2047.280000	2047.320000	4000.000000	18000.000000	8000.000000	Phee	-2.921389	25.558765	-6.177150	19.096067	47.037007	2.000000
250	Spectrogram 1	6	2047.970000	2047.990000	4000.000000	18000.000000	8000.000000	Phee	2.165600	29.024960	-5.696618	6.647596	52.507541	0.000000
251	Spectrogram 1	5	2048.210000	2048.240000	4000.000000	18000.000000	8000.000000	Phee	2.535499	32.393137	2.205906	15.187628	71.025933	0.000000
252	Spectrogram 1	5	2048.390000	2048.420000	4000.000000	18000.000000	8000.000000	Phee	0.883216	31.708812	3.847505	20.390044	53.394666	0.000000
253	Spectrogram 1	5	2048.430000	2048.500000	4000.000000	18000.000000	8000.000000	Phee	0.486353	25.613734	2.046400	10.398224	54.941903	2.000000
254	Spectrogram 1	5	2048.590000	2048.640000	4000.000000	18000.000000	8000.000000	Trill	5.283835	17.016395	1.463338	4.223507	64.034400	0.000000
255	Spectrogram 1	5	2085.200000	2086.670000	4000.000000	18000.000000	8000.000000	Phee	-0.553250	24.625888	2.212225	13.048799	55.321021	2.000000
256	Spectrogram 1	5	2103.660000	2103.680000	4000.000000	18000.000000	8000.000000	Tse	8.860581	14.612068	3.022328	1.822732	51.588359	0.000000
257	Spectrogram 1	5	2103.780000	2103.810000	4000.000000	18000.000000	8000.000000	Twitter	7.817528	17.564676	1.518878	3.236605	48.282624	1.000000
258	Spectrogram 1	5	2103.920000	2103.960000	4000.000000	18000.000000	8000.000000	Twitter	8.195092	17.625422	2.070357	-0.053653	45.816817	1.000000
259	Spectrogram 1	5	2104.050000	2104.090000	4000.000000	18000.000000	8000.000000	Twitter	8.239074	16.437290	1.694448	3.075818	53.528644	1.000000
260	Spectrogram 1	6	2140.430000	2141.040000	4000.000000	18000.000000	8000.000000	Phee	3.432045	18.087759	-3.814751	7.209485	60.636075	0.000000
261	Spectrogram 1	5	2150.530000	2150.630000	4000.000000	18000.000000	8000.000000	Trill	0.110089	6.127611	4.940961	11.028635	35.521861	0.000000
262	Spectrogram 1	5	2150.680000	2150.720000	4000.000000	18000.000000	8000.000000	Trill	2.099788	6.937874	4.089977	9.930467	39.730727	0.000000
263	Spectrogram 1	5	2169.600000	2170.180000	4000.000000	18000.000000	8000.000000	Phee	3.349266	11.561850	2.049269	6.372132	56.465395	0.000000
264	Spectrogram 1	6	2206.360000	2206.390000	4000.000000	18000.000000	8000.000000	Twitter	8.394067	18.736226	-1.128936	2.622090	54.079308	1.000000
265	Spectrogram 1	6	2206.490000	2206.540000	4000.000000	18000.000000	8000.000000	Twitter	8.596408	17.621867	-0.863618	2.776886	60.640836	1.000000
266	Spectrogram 1	5	2206.620000	2206.670000	4000.000000	18000.000000	8000.000000	Twitter	7.994054	12.212260	1.241484	1.444837	68.317018	1.000000
267	Spectrogram 1	6	2274.970000	2275.000000	4000.000000	18000.000000	8000.000000	Twitter	8.691991	19.437755	-0.328318	3.000187	48.617897	1.000000
268	Spectrogram 1	6	2275.320000	2275.350000	4000.000000	18000.000000	8000.000000	Twitter	9.725915	18.914660	-2.323204	4.858869	52.734757	1.000000
269	Spectrogram 1	5	2277.700000	2277.790000	4000.000000	18000.000000	8000.000000	Trillphee	4.439981	11.028214	3.803477	6.373052	62.701914	0.000000
270	Spectrogram 1	6	2307.100000	2307.260000	4000.000000	18000.000000	8000.000000	Trillphee	5.440368	11.513607	-2.495962	3.222666	53.531752	0.000000
271	Spectrogram 1	6	2307.390000	2307.550000	4000.000000	18000.000000	8000.000000	Trillphee	4.245635	13.773762	-1.279934	5.499450	63.137448	0.000000
272	Spectrogram 1	5	2307.700000	2307.910000	4000.000000	18000.000000	8000.000000	P-peep	4.956286	10.552213	2.065721	4.005965	63.668402	0.000000
273	Spectrogram 1	5	2349.810000	2350.600000	4000.000000	18000.000000	8000.000000	Phee	-0.307910	18.450970	4.107537	11.377934	49.143116	2.000000
274	Spectrogram 1	5	2350.640000	2350.870000	4000.000000	18000.000000	8000.000000	Phee	1.093037	22.235313	3.480321	12.546591	52.309979	0.000000
275	Spectrogram 1	5	2350.960000	2351.010000	4000.000000	18000.000000	8000.000000	Phee	1.319341	22.512577	7.791592	21.255279	41.833320	0.000000
276	Spectrogram 1	6	2351.050000	2351.360000	4000.000000	18000.000000	8000.000000	Phee	1.087787	25.429678	-2.663646	8.946629	64.388367	2.000000
277	Spectrogram 1	5	2355.110000	2355.650000	4000.000000	18000.000000	8000.000000	Trillphee	7.800131	17.315936	7.818002	10.579437	95.660832	0.000000
278	Spectrogram 1	5	2355.700000	2356.150000	4000.000000	18000.000000	8000.000000	Trillphee	6.903144	15.531133	5.206420	7.304046	86.866493	0.000000
279	Spectrogram 1	5	2359.140000	2359.640000	4000.000000	18000.000000	8000.000000	Phee	2.075055	26.978188	4.087820	13.343033	66.846915	0.000000
280	Spectrogram 1	5	2359.690000	2359.980000	4000.000000	18000.000000	8000.000000	Phee	0.357692	23.985796	7.908081	11.572299	46.116683	0.000000
281	Spectrogram 1	5	2360.010000	2360.400000	4000.000000	18000.000000	8000.000000	Phee	0.289521	18.405852	6.624347	6.316195	51.803832	2.000000
282	Spectrogram 1	5	2360.670000	2361.040000	4000.000000	18000.000000	8000.000000	Phee	0.647923	19.309855	6.951562	5.942828	53.841457	0.000000
283	Spectrogram 1	5	2361.290000	2361.720000	4000.000000	18000.000000	8000.000000	Phee	-5.707796	25.552719	4.965553	10.803231	41.158689	2.000000
284	Spectrogram 1	5	2361.750000	2362.190000	4000.000000	18000.000000	8000.000000	Phee	4.999529	24.230920	3.687107	5.898301	89.377910	0.000000
285	Spectrogram 1	6	2362.520000	2362.540000	4000.000000	18000.000000	8000.000000	Tse	9.524624	17.571239	-2.190742	4.478894	48.084785	0.000000
286	Spectrogram 1	6	2368.890000	2370.010000	4000.000000	18000.000000	8000.000000	Phee	6.542466	19.302093	-1.224566	7.240016	77.150746	0.000000
287	Spectrogram 1	6	2370.640000	2370.980000	4000.000000	18000.000000	8000.000000	Phee	5.474818	13.908428	-1.459282	5.093493	64.236924	0.000000
288	Spectrogram 1	5	2420.780000	2421.080000	4000.000000	18000.000000	8000.000000	Trill	1.925384	8.058144	5.023469	7.416631	37.890072	0.000000
289	Spectrogram 1	6	2432.110000	2432.160000	4000.000000	18000.000000	8000.000000	Phee	-2.397107	25.337495	-4.939878	14.689509	28.192166	2.000000
290	Spectrogram 1	5	2432.370000	2433.450000	4000.000000	18000.000000	8000.000000	Phee	-0.963129	25.642562	2.438900	15.644404	44.375169	2.000000
291	Spectrogram 1	5	2433.990000	2434.860000	4000.000000	18000.000000	8000.000000	Phee	-0.273122	16.934350	3.701124	11.101833	39.254462	2.000000
292	Spectrogram 1	5	2435.190000	2435.270000	4000.000000	18000.000000	8000.000000	Trill	-3.435828	16.844485	2.964781	9.022441	39.363181	2.000000
293	Spectrogram 1	5	2435.310000	2435.540000	4000.000000	18000.000000	8000.000000	Phee	1.131469	13.259315	4.221712	6.292223	47.058993	0.000000
294	Spectrogram 1	5	2436.120000	2436.140000	4000.000000	18000.000000	8000.000000	Twitter	7.249244	17.269394	3.342871	5.203094	44.750970	0.000000
295	Spectrogram 1	5	2436.260000	2436.280000	4000.000000	18000.000000	8000.000000	Sd-peep	5.681304	14.538700	2.724836	5.923206	55.287120	0.000000
296	Spectrogram 1	5	2437.080000	2437.120000	4000.000000	18000.000000	8000.000000	Twitter	8.973716	18.388832	2.830938	7.393158	54.149025	0.000000
297	Spectrogram 1	5	2437.240000	2437.280000	4000.000000	18000.000000	8000.000000	Twitter	10.492001	20.409198	6.720447	8.611579	48.796924	0.000000
298	Spectrogram 1	5	2437.540000	2437.560000	4000.000000	18000.000000	8000.000000	Twitter	8.311883	21.308142	1.571817	8.371026	44.913551	0.000000
299	Spectrogram 1	5	2437.670000	2437.700000	4000.000000	18000.000000	8000.000000	Twitter	8.981381	20.208258	2.732877	7.840158	47.993092	0.000000
300	Spectrogram 1	5	2437.800000	2437.850000	4000.000000	18000.000000	8000.000000	Twitter	8.280309	17.513935	2.965600	6.141730	49.900992	0.000000
301	Spectrogram 1	5	2437.940000	2438.000000	4000.000000	18000.000000	8000.000000	Twitter	7.244638	15.019452	1.986733	4.433487	56.502557	1.000000
302	Spectrogram 1	5	2440.380000	2440.400000	4000.000000	18000.000000	8000.000000	Tse	7.694666	18.203797	1.450990	3.562188	55.036682	0.000000
303	Spectrogram 1	5	2440.510000	2440.530000	4000.000000	18000.000000	8000.000000	Tse	6.970998	15.935346	0.970256	3.236991	51.733950	1.000000
304	Spectrogram 1	5	2440.640000	2440.670000	4000.000000	18000.000000	8000.000000	Twitter	8.082676	17.467286	6.316738	3.883634	55.730356	0.000000
305	Spectrogram 1	6	2466.550000	2467.310000	4000.000000	18000.000000	8000.000000	Phee	-1.168719	23.263402	-1.790446	13.642371	46.350583	2.000000
306	Spectrogram 1	5	2468.010000	2468.170000	4000.000000	18000.000000	8000.000000	Phee	1.236757	30.135768	3.701314	7.664767	69.393077	0.000000
307	Spectrogram 1	5	2468.260000	2468.710000	4000.000000	18000.000000	8000.000000	Phee	6.898773	32.823263	2.261186	9.533535	101.581441	0.000000
308	Spectrogram 1	5	2487.720000	2488.770000	4000.000000	18000.000000	8000.000000	Phee	6.320834	16.329944	3.258191	6.016160	75.120997	0.000000
309	Spectrogram 1	5	2492.360000	2493.470000	4000.000000	18000.000000	8000.000000	Trillphee	9.876946	18.920507	2.761242	2.558796	106.563854	0.000000
310	Spectrogram 1	5	2519.680000	2519.870000	4000.000000	18000.000000	8000.000000	Trill	11.173880	16.040963	0.882366	2.282188	100.380992	1.000000
311	Spectrogram 1	5	2542.130000	2543.170000	4000.000000	18000.000000	8000.000000	Phee	9.679167	18.080968	4.737437	7.861588	100.433258	0.000000
312	Spectrogram 1	1	610.210000	610.240000	4000.000000	18000.000000	8000.000000	Twitter	6.764514	19.836990	NaN	NaN	59.796295	0.000000
313	Spectrogram 1	1	611.090000	611.120000	4000.000000	18000.000000	8000.000000	Twitter	8.256196	21.521743	NaN	NaN	60.903930	0.000000
314	Spectrogram 1	1	1375.470000	1376.380000	4000.000000	18000.000000	8000.000000	Phee	4.812203	15.916594	NaN	NaN	61.698084	0.000000
315	Spectrogram 1	1	1390.550000	1390.570000	4000.000000	18000.000000	8000.000000	Twitter	10.618315	26.221552	NaN	NaN	43.342709	0.000000
316	Spectrogram 1	1	1390.650000	1390.680000	4000.000000	18000.000000	8000.000000	Twitter	9.843004	23.812628	NaN	NaN	57.424300	0.000000
317	Spectrogram 1	1	1390.740000	1390.780000	4000.000000	18000.000000	8000.000000	Twitter	6.702143	21.692338	NaN	NaN	59.368524	0.000000
318	Spectrogram 1	1	1390.840000	1390.880000	4000.000000	18000.000000	8000.000000	Twitter	5.891922	18.970761	NaN	NaN	64.152809	0.000000
319	Spectrogram 1	1	1599.490000	1599.780000	4000.000000	18000.000000	8000.000000	Phee	14.684758	27.029779	NaN	NaN	138.790322	0.000000
320	Spectrogram 1	1	1599.860000	1599.980000	4000.000000	18000.000000	8000.000000	Phee	18.497472	34.481988	NaN	NaN	188.635510	0.000000
321	Spectrogram 1	1	1600.010000	1601.250000	4000.000000	18000.000000	8000.000000	Phee	18.593770	33.361365	NaN	NaN	185.346697	0.000000
322	Spectrogram 1	1	1601.370000	1601.490000	4000.000000	18000.000000	8000.000000	Trill	8.251604	14.336839	NaN	NaN	87.442309	0.000000
323	Spectrogram 1	1	1738.250000	1738.310000	4000.000000	18000.000000	8000.000000	Phee	4.804367	19.367336	NaN	NaN	66.425997	0.000000
324	Spectrogram 1	1	1739.110000	1739.860000	4000.000000	18000.000000	8000.000000	Phee	4.855812	15.955899	NaN	NaN	58.607404	0.000000
325	Spectrogram 1	1	2184.210000	2184.290000	4000.000000	18000.000000	8000.000000	Phee	9.148208	18.905668	NaN	NaN	83.067933	0.000000
326	Spectrogram 1	1	2361.140000	2361.570000	4000.000000	18000.000000	8000.000000	Phee	6.418917	31.012459	NaN	NaN	99.936599	0.000000
327	Spectrogram 1	2	37.520000	37.960000	4000.000000	18000.000000	8000.000000	Trill	5.093084	9.358301	NaN	NaN	45.934604	0.000000
328	Spectrogram 1	2	93.480000	93.660000	4000.000000	18000.000000	8000.000000	Phee	6.245534	33.365971	NaN	NaN	55.961241	0.000000
329	Spectrogram 1	2	93.820000	93.890000	4000.000000	18000.000000	8000.000000	Phee	8.297492	38.407458	NaN	NaN	63.597089	0.000000
330	Spectrogram 1	2	94.140000	94.270000	4000.000000	18000.000000	8000.000000	Phee	6.330284	35.295953	NaN	NaN	67.896108	0.000000
331	Spectrogram 1	2	94.760000	95.860000	4000.000000	18000.000000	8000.000000	Phee	4.454353	29.636730	NaN	NaN	49.204207	0.000000
332	Spectrogram 1	2	659.580000	660.200000	4000.000000	18000.000000	8000.000000	Trill	5.517411	13.555820	NaN	NaN	45.708799	0.000000
333	Spectrogram 1	2	704.200000	704.530000	4000.000000	18000.000000	8000.000000	Phee	5.139591	15.627591	NaN	NaN	78.431231	0.000000
334	Spectrogram 1	2	728.770000	728.840000	4000.000000	18000.000000	8000.000000	Phee	6.974633	38.104108	NaN	NaN	57.396956	0.000000
335	Spectrogram 1	2	728.880000	728.960000	4000.000000	18000.000000	8000.000000	Phee	4.892161	33.321426	NaN	NaN	51.724600	0.000000
336	Spectrogram 1	2	729.130000	729.180000	4000.000000	18000.000000	8000.000000	Phee	5.649735	34.779482	NaN	NaN	47.330447	0.000000
337	Spectrogram 1	2	759.930000	759.970000	4000.000000	18000.000000	8000.000000	Phee	7.106213	32.939005	NaN	NaN	49.963697	0.000000
338	Spectrogram 1	2	760.010000	760.940000	4000.000000	18000.000000	8000.000000	Phee	4.632523	23.622715	NaN	NaN	37.166408	0.000000
339	Spectrogram 1	2	764.650000	764.730000	4000.000000	18000.000000	8000.000000	Phee	5.438900	34.219029	NaN	NaN	49.055162	0.000000
340	Spectrogram 1	2	765.110000	765.140000	4000.000000	18000.000000	8000.000000	Phee	6.169632	35.886758	NaN	NaN	49.736031	0.000000
341	Spectrogram 1	2	780.910000	780.980000	4000.000000	18000.000000	8000.000000	Phee	4.881178	32.125385	NaN	NaN	59.235123	0.000000
342	Spectrogram 1	2	781.110000	781.170000	4000.000000	18000.000000	8000.000000	Phee	7.430588	36.947699	NaN	NaN	62.502495	0.000000
343	Spectrogram 1	2	781.250000	781.270000	4000.000000	18000.000000	8000.000000	Phee	4.498515	28.937614	NaN	NaN	47.524754	0.000000
344	Spectrogram 1	2	781.370000	781.400000	4000.000000	18000.000000	8000.000000	Phee	5.774596	36.104779	NaN	NaN	47.527006	0.000000
345	Spectrogram 1	2	781.420000	781.470000	4000.000000	18000.000000	8000.000000	Phee	6.598518	37.557983	NaN	NaN	55.772390	0.000000
346	Spectrogram 1	2	831.570000	832.600000	4000.000000	18000.000000	8000.000000	Phee	5.230970	28.606535	NaN	NaN	43.421931	0.000000
347	Spectrogram 1	2	833.280000	834.330000	4000.000000	18000.000000	8000.000000	Phee	5.224502	27.491377	NaN	NaN	43.534716	0.000000
348	Spectrogram 1	2	834.410000	835.510000	4000.000000	18000.000000	8000.000000	Phee	6.119326	27.870464	NaN	NaN	44.491527	0.000000
349	Spectrogram 1	2	843.980000	844.930000	4000.000000	18000.000000	8000.000000	Phee	4.650115	27.796821	NaN	NaN	42.470836	0.000000
350	Spectrogram 1	2	845.330000	846.210000	4000.000000	18000.000000	8000.000000	Phee	4.711061	28.339092	NaN	NaN	38.303032	0.000000
351	Spectrogram 1	2	847.510000	848.540000	4000.000000	18000.000000	8000.000000	Phee	4.496653	27.258293	NaN	NaN	46.425401	0.000000
352	Spectrogram 1	2	879.560000	879.980000	4000.000000	18000.000000	8000.000000	Phee	4.878291	29.382039	NaN	NaN	55.303376	0.000000
353	Spectrogram 1	2	1376.420000	1376.600000	4000.000000	18000.000000	8000.000000	Phee	5.889971	16.036966	NaN	NaN	71.273737	0.000000
354	Spectrogram 1	2	1393.220000	1393.340000	4000.000000	18000.000000	8000.000000	P-peep	3.542397	9.541013	NaN	NaN	56.365483	0.000000
355	Spectrogram 1	2	1467.600000	1468.540000	4000.000000	18000.000000	8000.000000	Phee	5.155750	29.460935	NaN	NaN	61.782680	0.000000
356	Spectrogram 1	2	1489.980000	1490.940000	4000.000000	18000.000000	8000.000000	Phee	4.176424	30.111614	NaN	NaN	65.857762	0.000000
357	Spectrogram 1	2	1548.310000	1548.420000	4000.000000	18000.000000	8000.000000	Phee	7.336106	26.286448	NaN	NaN	76.514594	0.000000
358	Spectrogram 1	2	1548.430000	1548.510000	4000.000000	18000.000000	8000.000000	Phee	5.761844	29.277045	NaN	NaN	80.164900	0.000000
359	Spectrogram 1	2	1548.520000	1548.720000	4000.000000	18000.000000	8000.000000	Phee	6.616601	33.519898	NaN	NaN	71.977522	0.000000
360	Spectrogram 1	2	1548.760000	1548.800000	4000.000000	18000.000000	8000.000000	Phee	5.936910	31.317156	NaN	NaN	51.206916	0.000000
361	Spectrogram 1	2	1548.870000	1548.940000	4000.000000	18000.000000	8000.000000	Phee	6.711816	30.673051	NaN	NaN	55.007687	0.000000
362	Spectrogram 1	2	1548.950000	1548.980000	4000.000000	18000.000000	8000.000000	Phee	6.828085	31.815221	NaN	NaN	52.352780	0.000000
363	Spectrogram 1	2	1549.000000	1549.050000	4000.000000	18000.000000	8000.000000	Phee	6.793081	33.539102	NaN	NaN	52.277041	0.000000
364	Spectrogram 1	2	1549.060000	1549.120000	4000.000000	18000.000000	8000.000000	Phee	6.168765	31.149387	NaN	NaN	48.045123	0.000000
365	Spectrogram 1	2	1549.140000	1549.160000	4000.000000	18000.000000	8000.000000	Tse	4.617801	26.314488	NaN	NaN	47.612904	0.000000
366	Spectrogram 1	2	1549.710000	1549.950000	4000.000000	18000.000000	8000.000000	Phee	6.378401	29.433525	NaN	NaN	60.527029	0.000000
367	Spectrogram 1	2	1549.960000	1550.110000	4000.000000	18000.000000	8000.000000	Phee	6.408575	33.234591	NaN	NaN	46.760132	0.000000
368	Spectrogram 1	2	1550.120000	1550.150000	4000.000000	18000.000000	8000.000000	Phee	8.589433	33.406997	NaN	NaN	52.196947	0.000000
369	Spectrogram 1	2	1550.160000	1550.210000	4000.000000	18000.000000	8000.000000	Phee	6.367194	33.239859	NaN	NaN	51.489795	0.000000
370	Spectrogram 1	2	1550.290000	1550.320000	4000.000000	18000.000000	8000.000000	Phee	6.345665	34.685862	NaN	NaN	41.426192	0.000000
371	Spectrogram 1	2	1550.330000	1550.370000	4000.000000	18000.000000	8000.000000	Phee	8.454085	34.575506	NaN	NaN	49.008932	0.000000
372	Spectrogram 1	2	1550.450000	1550.480000	4000.000000	18000.000000	8000.000000	Phee	6.518390	34.674626	NaN	NaN	49.396077	0.000000
373	Spectrogram 1	2	1550.490000	1550.530000	4000.000000	18000.000000	8000.000000	Phee	6.873134	32.867912	NaN	NaN	53.259521	0.000000
374	Spectrogram 1	2	1550.940000	1551.910000	4000.000000	18000.000000	8000.000000	Phee	6.496709	30.608141	NaN	NaN	59.006140	0.000000
375	Spectrogram 1	2	1581.400000	1581.650000	4000.000000	18000.000000	8000.000000	Trill	7.681204	16.584813	NaN	NaN	61.040006	0.000000
376	Spectrogram 1	2	1581.880000	1581.910000	4000.000000	18000.000000	8000.000000	Twitter	10.447069	23.912576	NaN	NaN	49.875617	0.000000
377	Spectrogram 1	2	1582.020000	1582.050000	4000.000000	18000.000000	8000.000000	Twitter	10.392282	25.907833	NaN	NaN	51.497696	0.000000
378	Spectrogram 1	2	1582.150000	1582.190000	4000.000000	18000.000000	8000.000000	Twitter	9.425743	24.739338	NaN	NaN	55.726356	0.000000
379	Spectrogram 1	2	1582.290000	1582.330000	4000.000000	18000.000000	8000.000000	Twitter	10.916544	26.720204	NaN	NaN	64.388094	0.000000
380	Spectrogram 1	2	1582.410000	1582.470000	4000.000000	18000.000000	8000.000000	Twitter	8.126522	20.546607	NaN	NaN	65.850889	0.000000
381	Spectrogram 1	2	1582.540000	1582.580000	4000.000000	18000.000000	8000.000000	Twitter	7.762783	18.660422	NaN	NaN	80.478879	0.000000
382	Spectrogram 1	2	1584.120000	1584.530000	4000.000000	18000.000000	8000.000000	Trill	8.025979	13.789210	NaN	NaN	62.118378	0.000000
383	Spectrogram 1	2	1611.500000	1613.110000	4000.000000	18000.000000	8000.000000	Phee	3.527423	27.519474	NaN	NaN	64.622106	0.000000
384	Spectrogram 1	2	1654.190000	1654.240000	4000.000000	18000.000000	8000.000000	Phee	3.675682	32.142057	NaN	NaN	48.394239	0.000000
385	Spectrogram 1	2	1654.350000	1654.380000	4000.000000	18000.000000	8000.000000	Phee	6.611820	34.172562	NaN	NaN	56.772812	0.000000
386	Spectrogram 1	2	1668.860000	1669.670000	4000.000000	18000.000000	8000.000000	Phee	4.268783	28.366616	NaN	NaN	54.306457	0.000000
387	Spectrogram 1	2	1974.900000	1975.400000	4000.000000	18000.000000	8000.000000	Trill	9.775865	18.152332	NaN	NaN	71.816221	0.000000
388	Spectrogram 1	2	1975.550000	1975.880000	4000.000000	18000.000000	8000.000000	Trill	7.816996	15.569427	NaN	NaN	75.108348	0.000000
389	Spectrogram 1	2	2033.680000	2035.030000	4000.000000	18000.000000	8000.000000	Phee	5.544927	29.930194	NaN	NaN	62.301070	0.000000
390	Spectrogram 1	2	2035.830000	2036.530000	4000.000000	18000.000000	8000.000000	Phee	5.167721	27.957934	NaN	NaN	60.940332	0.000000
391	Spectrogram 1	2	2058.360000	2058.650000	4000.000000	18000.000000	8000.000000	Trill	4.866447	9.733144	NaN	NaN	37.644398	0.000000
392	Spectrogram 1	2	2198.090000	2198.370000	4000.000000	18000.000000	8000.000000	Trill	5.160082	12.169264	NaN	NaN	38.984474	0.000000
393	Spectrogram 1	2	2273.680000	2273.710000	4000.000000	18000.000000	8000.000000	Twitter	6.596579	25.559407	NaN	NaN	49.224288	0.000000
394	Spectrogram 1	2	2273.930000	2273.970000	4000.000000	18000.000000	8000.000000	Twitter	6.036648	21.797605	NaN	NaN	49.105970	0.000000
395	Spectrogram 1	2	2277.750000	2277.800000	4000.000000	18000.000000	8000.000000	Trillphee	4.801445	8.902728	NaN	NaN	36.199114	0.000000
396	Spectrogram 1	2	2312.530000	2312.570000	4000.000000	18000.000000	8000.000000	P-peep	4.272174	6.883079	NaN	NaN	39.068588	0.000000
397	Spectrogram 1	2	2352.260000	2352.900000	4000.000000	18000.000000	8000.000000	Phee	4.641422	19.914983	NaN	NaN	68.524339	0.000000
