Selection	View	Channel	Begin Time (s)	End Time (s)	Low Freq (Hz)	High Freq (Hz)	Max Freq (Hz)	Call Type	Energy Diff	Energy Par	Energy Diff (wl)	Energy Par (wl)	AHR	Exception
1	Spectrogram 1	1	5.910000	6.750000	4000.000000	18000.000000	8000.000000	Trill	6.007960	18.959674	NaN	NaN	71.154151	0.000000
2	Spectrogram 1	1	8.090000	8.190000	4000.000000	18000.000000	8000.000000	Twitter	4.245354	25.044235	NaN	NaN	50.543340	0.000000
3	Spectrogram 1	1	62.610000	62.630000	4000.000000	18000.000000	8000.000000	Sd-peep	4.257475	7.984402	NaN	NaN	49.356358	0.000000
4	Spectrogram 1	1	97.500000	99.380000	4000.000000	18000.000000	8000.000000	Trill	5.230647	27.030110	NaN	NaN	73.951192	0.000000
5	Spectrogram 1	1	99.520000	100.740000	4000.000000	18000.000000	8000.000000	Trill	5.324224	23.567884	NaN	NaN	56.599265	0.000000
6	Spectrogram 1	1	113.990000	114.020000	4000.000000	18000.000000	8000.000000	Trill	4.258232	14.703750	NaN	NaN	53.519832	0.000000
7	Spectrogram 1	1	163.100000	163.140000	4000.000000	18000.000000	8000.000000	Trill	10.582510	11.880156	NaN	NaN	33.806008	0.000000
8	Spectrogram 1	1	207.000000	207.360000	4000.000000	18000.000000	8000.000000	Trill	4.631580	14.078134	NaN	NaN	50.154142	0.000000
9	Spectrogram 1	1	253.600000	254.230000	4000.000000	18000.000000	8000.000000	Trill	6.741511	15.067675	NaN	NaN	72.401198	0.000000
10	Spectrogram 1	1	263.820000	263.840000	4000.000000	18000.000000	8000.000000	Sd-peep	6.018848	7.797250	NaN	NaN	55.091716	0.000000
11	Spectrogram 1	1	270.520000	271.290000	4000.000000	18000.000000	8000.000000	Phee	5.492234	15.611951	NaN	NaN	79.906513	0.000000
12	Spectrogram 1	1	303.910000	303.960000	4000.000000	18000.000000	8000.000000	Phee	4.026238	8.384659	NaN	NaN	38.777682	0.000000
13	Spectrogram 1	1	313.720000	314.010000	4000.000000	18000.000000	8000.000000	Trill	4.123030	11.916503	NaN	NaN	51.640787	0.000000
14	Spectrogram 1	1	347.510000	347.540000	4000.000000	18000.000000	8000.000000	Trill	6.270873	12.000581	NaN	NaN	38.026163	0.000000
15	Spectrogram 1	1	348.010000	348.040000	4000.000000	18000.000000	8000.000000	Trill	4.628338	10.435667	NaN	NaN	38.337915	0.000000
16	Spectrogram 1	1	348.540000	348.570000	4000.000000	18000.000000	8000.000000	Twitter	8.193470	10.001516	NaN	NaN	33.681845	0.000000
17	Spectrogram 1	1	355.780000	355.810000	4000.000000	18000.000000	8000.000000	Trill	9.919579	12.222475	NaN	NaN	30.355052	0.000000
18	Spectrogram 1	1	359.330000	359.360000	4000.000000	18000.000000	8000.000000	Trill	7.687666	11.885246	NaN	NaN	33.153984	0.000000
19	Spectrogram 1	1	368.590000	368.620000	4000.000000	18000.000000	8000.000000	Sd-peep	5.054825	18.433371	NaN	NaN	92.259617	0.000000
20	Spectrogram 1	1	376.940000	376.980000	4000.000000	18000.000000	8000.000000	Trill	9.818034	12.512019	NaN	NaN	52.076112	0.000000
21	Spectrogram 1	1	377.920000	379.030000	4000.000000	18000.000000	8000.000000	Phee	11.976444	29.954924	NaN	NaN	60.416543	0.000000
22	Spectrogram 1	1	399.890000	400.550000	4000.000000	18000.000000	8000.000000	Trill	10.937696	28.892630	NaN	NaN	68.811244	0.000000
23	Spectrogram 1	1	400.760000	401.370000	4000.000000	18000.000000	8000.000000	Trill	11.392583	30.000000	NaN	NaN	72.676517	0.000000
24	Spectrogram 1	1	401.500000	402.110000	4000.000000	18000.000000	8000.000000	Trill	13.235755	30.000000	NaN	NaN	100.251537	0.000000
25	Spectrogram 1	1	402.210000	402.740000	4000.000000	18000.000000	8000.000000	Trill	13.558257	30.000000	NaN	NaN	118.669482	0.000000
26	Spectrogram 1	1	414.720000	414.740000	4000.000000	18000.000000	8000.000000	Sd-peep	4.205184	12.720876	NaN	NaN	34.389488	0.000000
27	Spectrogram 1	1	426.310000	426.340000	4000.000000	18000.000000	8000.000000	Trill	4.057487	17.366260	NaN	NaN	73.756167	0.000000
28	Spectrogram 1	1	430.990000	431.090000	4000.000000	18000.000000	8000.000000	Trill	8.254482	14.497369	NaN	NaN	29.423566	0.000000
29	Spectrogram 1	1	434.090000	434.160000	4000.000000	18000.000000	8000.000000	Trill	7.503010	15.197403	NaN	NaN	29.392559	0.000000
30	Spectrogram 1	1	437.600000	438.710000	4000.000000	18000.000000	8000.000000	Trillphee	4.780938	18.299556	NaN	NaN	83.752598	0.000000
31	Spectrogram 1	1	451.940000	451.990000	4000.000000	18000.000000	8000.000000	Trill	4.120171	10.573318	NaN	NaN	54.513760	0.000000
32	Spectrogram 1	1	458.750000	458.790000	4000.000000	18000.000000	8000.000000	Trill	6.462216	6.618491	NaN	NaN	30.291315	0.000000
33	Spectrogram 1	1	486.870000	488.280000	4000.000000	18000.000000	8000.000000	Trill	9.705755	30.000000	NaN	NaN	101.395657	0.000000
34	Spectrogram 1	1	488.440000	489.130000	4000.000000	18000.000000	8000.000000	Trill	10.986398	29.130304	NaN	NaN	100.908368	0.000000
35	Spectrogram 1	1	491.400000	491.460000	4000.000000	18000.000000	8000.000000	Trill	5.781196	15.311231	NaN	NaN	44.149981	0.000000
36	Spectrogram 1	1	499.660000	499.680000	4000.000000	18000.000000	8000.000000	Sd-peep	5.949175	11.889347	NaN	NaN	46.729765	0.000000
37	Spectrogram 1	1	499.720000	501.210000	4000.000000	18000.000000	8000.000000	Twitter	8.015110	25.129972	NaN	NaN	40.207597	0.000000
38	Spectrogram 1	1	511.450000	511.490000	4000.000000	18000.000000	8000.000000	Sd-peep	6.391149	18.001718	NaN	NaN	100.082395	0.000000
39	Spectrogram 1	1	514.120000	514.140000	4000.000000	18000.000000	8000.000000	Sd-peep	4.808485	13.037800	NaN	NaN	40.496268	0.000000
40	Spectrogram 1	1	525.820000	525.970000	4000.000000	18000.000000	8000.000000	Trillphee	4.327352	11.869912	NaN	NaN	31.819545	0.000000
41	Spectrogram 1	1	527.630000	527.990000	4000.000000	18000.000000	8000.000000	Phee	4.028192	11.308099	NaN	NaN	74.818423	0.000000
42	Spectrogram 1	1	529.450000	530.600000	4000.000000	18000.000000	8000.000000	Trill	7.297327	25.438573	NaN	NaN	62.439675	0.000000
43	Spectrogram 1	1	530.710000	531.240000	4000.000000	18000.000000	8000.000000	Trill	13.420125	30.000000	NaN	NaN	99.200521	0.000000
44	Spectrogram 1	1	531.310000	531.820000	4000.000000	18000.000000	8000.000000	Trill	10.755689	30.000000	NaN	NaN	104.594613	0.000000
45	Spectrogram 1	1	531.910000	532.080000	4000.000000	18000.000000	8000.000000	Trill	14.739378	28.306558	NaN	NaN	180.487647	0.000000
46	Spectrogram 1	1	557.950000	558.190000	4000.000000	18000.000000	8000.000000	Trillphee	4.482228	10.450669	NaN	NaN	51.863928	0.000000
47	Spectrogram 1	1	568.540000	568.690000	4000.000000	18000.000000	8000.000000	Trillphee	4.120697	18.241354	NaN	NaN	78.329077	0.000000
48	Spectrogram 1	1	607.710000	607.860000	4000.000000	18000.000000	8000.000000	Phee	4.220958	10.591641	NaN	NaN	43.872936	0.000000
49	Spectrogram 1	1	609.790000	609.920000	4000.000000	18000.000000	8000.000000	Trillphee	4.805293	21.000010	NaN	NaN	86.449985	0.000000
50	Spectrogram 1	1	611.730000	611.790000	4000.000000	18000.000000	8000.000000	Sd-peep	4.423913	22.096695	NaN	NaN	82.274172	0.000000
51	Spectrogram 1	1	612.860000	613.060000	4000.000000	18000.000000	8000.000000	Phee	4.406770	10.824686	NaN	NaN	41.167486	0.000000
52	Spectrogram 1	1	620.310000	620.340000	4000.000000	18000.000000	8000.000000	Trill	4.523852	11.914721	NaN	NaN	35.219000	0.000000
53	Spectrogram 1	1	637.190000	637.210000	4000.000000	18000.000000	8000.000000	Sd-peep	4.755803	18.015455	NaN	NaN	97.112112	0.000000
54	Spectrogram 1	1	637.290000	637.320000	4000.000000	18000.000000	8000.000000	Sd-peep	4.003781	12.285250	NaN	NaN	50.129754	0.000000
55	Spectrogram 1	1	696.400000	696.450000	4000.000000	18000.000000	8000.000000	Phee	4.080295	6.566662	NaN	NaN	48.769821	0.000000
56	Spectrogram 1	1	748.970000	748.990000	4000.000000	18000.000000	8000.000000	Sd-peep	4.982075	5.749084	NaN	NaN	45.071622	0.000000
57	Spectrogram 1	1	770.110000	770.130000	4000.000000	18000.000000	8000.000000	Sd-peep	4.318336	13.406708	NaN	NaN	56.767489	0.000000
58	Spectrogram 1	1	772.080000	772.130000	4000.000000	18000.000000	8000.000000	Trillphee	4.042841	14.894587	NaN	NaN	68.767245	0.000000
59	Spectrogram 1	1	776.760000	776.790000	4000.000000	18000.000000	8000.000000	Sd-peep	4.065963	12.516793	NaN	NaN	55.198842	0.000000
60	Spectrogram 1	1	778.910000	778.960000	4000.000000	18000.000000	8000.000000	Trillphee	5.259852	13.684114	NaN	NaN	60.947726	0.000000
61	Spectrogram 1	1	780.180000	780.200000	4000.000000	18000.000000	8000.000000	Sd-peep	4.231102	13.519023	NaN	NaN	47.343039	0.000000
62	Spectrogram 1	1	838.650000	838.690000	4000.000000	18000.000000	8000.000000	Sd-peep	4.107262	6.453366	NaN	NaN	48.647122	0.000000
63	Spectrogram 1	1	918.730000	918.790000	4000.000000	18000.000000	8000.000000	Trill	5.174707	17.395051	NaN	NaN	54.603864	0.000000
64	Spectrogram 1	1	978.240000	978.290000	4000.000000	18000.000000	8000.000000	Trill	4.918358	13.337493	NaN	NaN	34.353894	0.000000
65	Spectrogram 1	1	1047.910000	1048.010000	4000.000000	18000.000000	8000.000000	Trillphee	4.707254	13.707914	NaN	NaN	50.905360	0.000000
66	Spectrogram 1	1	1058.720000	1058.750000	4000.000000	18000.000000	8000.000000	Twitter	6.701079	18.350228	NaN	NaN	72.584578	0.000000
67	Spectrogram 1	1	1092.990000	1093.070000	4000.000000	18000.000000	8000.000000	Phee	4.396200	10.149255	NaN	NaN	59.551487	0.000000
68	Spectrogram 1	1	1116.330000	1116.350000	4000.000000	18000.000000	8000.000000	Sd-peep	4.017071	6.326834	NaN	NaN	50.498982	0.000000
69	Spectrogram 1	1	1126.870000	1126.890000	4000.000000	18000.000000	8000.000000	Sd-peep	4.537415	7.969963	NaN	NaN	37.922532	0.000000
70	Spectrogram 1	1	1168.880000	1168.930000	4000.000000	18000.000000	8000.000000	Trillphee	4.401969	9.548831	NaN	NaN	57.736647	0.000000
71	Spectrogram 1	1	1205.200000	1205.240000	4000.000000	18000.000000	8000.000000	Trillphee	4.867733	10.238408	NaN	NaN	41.910552	0.000000
72	Spectrogram 1	1	1223.090000	1223.110000	4000.000000	18000.000000	8000.000000	Sd-peep	5.633996	10.506478	NaN	NaN	34.881072	0.000000
73	Spectrogram 1	1	1225.430000	1225.460000	4000.000000	18000.000000	8000.000000	Twitter	5.383453	7.458479	NaN	NaN	53.240081	0.000000
74	Spectrogram 1	1	1232.050000	1232.080000	4000.000000	18000.000000	8000.000000	Trill	5.264806	9.385857	NaN	NaN	51.691634	0.000000
75	Spectrogram 1	1	1237.260000	1237.300000	4000.000000	18000.000000	8000.000000	Phee	4.445995	12.680693	NaN	NaN	48.260413	0.000000
76	Spectrogram 1	1	1239.990000	1240.020000	4000.000000	18000.000000	8000.000000	Sd-peep	5.504444	16.195965	NaN	NaN	61.259056	0.000000
77	Spectrogram 1	1	1240.180000	1240.210000	4000.000000	18000.000000	8000.000000	Sd-peep	4.957733	14.731862	NaN	NaN	79.093962	0.000000
78	Spectrogram 1	1	1255.410000	1255.750000	4000.000000	18000.000000	8000.000000	Phee	4.509384	12.655305	NaN	NaN	63.503974	0.000000
79	Spectrogram 1	1	1259.250000	1259.620000	4000.000000	18000.000000	8000.000000	Trillphee	4.888723	10.833892	NaN	NaN	37.604889	0.000000
80	Spectrogram 1	1	1306.100000	1307.420000	4000.000000	18000.000000	8000.000000	Trill	6.250329	26.702153	NaN	NaN	94.655902	0.000000
81	Spectrogram 1	1	1338.840000	1338.870000	4000.000000	18000.000000	8000.000000	Trill	5.527093	7.893175	NaN	NaN	31.285169	0.000000
82	Spectrogram 1	1	1342.120000	1342.260000	4000.000000	18000.000000	8000.000000	Phee	5.363793	18.797635	NaN	NaN	91.748670	0.000000
83	Spectrogram 1	1	1350.520000	1350.570000	4000.000000	18000.000000	8000.000000	Phee	4.098949	17.114815	NaN	NaN	76.395201	0.000000
84	Spectrogram 1	1	1359.680000	1359.710000	4000.000000	18000.000000	8000.000000	Sd-peep	4.304842	14.304338	NaN	NaN	35.223773	0.000000
85	Spectrogram 1	1	1362.160000	1362.520000	4000.000000	18000.000000	8000.000000	Trillphee	4.508275	12.195755	NaN	NaN	32.320272	0.000000
86	Spectrogram 1	1	1392.440000	1392.620000	4000.000000	18000.000000	8000.000000	Phee	4.143522	10.362263	NaN	NaN	46.350987	0.000000
87	Spectrogram 1	1	1405.800000	1405.820000	4000.000000	18000.000000	8000.000000	Sd-peep	4.463004	6.315182	NaN	NaN	32.028669	0.000000
88	Spectrogram 1	1	1427.970000	1427.990000	4000.000000	18000.000000	8000.000000	Sd-peep	5.700861	11.796199	NaN	NaN	67.916399	0.000000
89	Spectrogram 1	1	1459.280000	1459.490000	4000.000000	18000.000000	8000.000000	Trillphee	5.516283	15.384571	NaN	NaN	31.744734	0.000000
90	Spectrogram 1	1	1463.450000	1463.470000	4000.000000	18000.000000	8000.000000	Sd-peep	4.474825	8.976721	NaN	NaN	43.808787	0.000000
91	Spectrogram 1	1	1483.730000	1484.200000	4000.000000	18000.000000	8000.000000	Trill	16.200601	28.814135	NaN	NaN	130.479815	0.000000
92	Spectrogram 1	1	1493.910000	1494.470000	4000.000000	18000.000000	8000.000000	Trill	7.854643	19.619322	NaN	NaN	70.452488	0.000000
93	Spectrogram 1	1	1501.690000	1501.710000	4000.000000	18000.000000	8000.000000	Sd-peep	9.717305	10.622157	NaN	NaN	49.354699	0.000000
94	Spectrogram 1	1	1502.600000	1502.810000	4000.000000	18000.000000	8000.000000	Trillphee	4.512172	11.113908	NaN	NaN	31.742004	0.000000
95	Spectrogram 1	1	1515.660000	1515.770000	4000.000000	18000.000000	8000.000000	Phee	6.233781	11.655744	NaN	NaN	79.653253	0.000000
96	Spectrogram 1	1	1534.110000	1534.770000	4000.000000	18000.000000	8000.000000	Trill	15.107615	25.941931	NaN	NaN	132.985556	0.000000
97	Spectrogram 1	1	1538.330000	1538.410000	4000.000000	18000.000000	8000.000000	Trill	8.923633	12.050622	NaN	NaN	35.082826	0.000000
98	Spectrogram 1	1	1544.640000	1544.770000	4000.000000	18000.000000	8000.000000	Trillphee	6.206481	9.811136	NaN	NaN	46.881852	0.000000
99	Spectrogram 1	1	1548.510000	1548.540000	4000.000000	18000.000000	8000.000000	Trill	7.417647	8.895099	NaN	NaN	31.589392	0.000000
100	Spectrogram 1	1	1548.610000	1548.630000	4000.000000	18000.000000	8000.000000	Sd-peep	7.121233	8.729265	NaN	NaN	33.673073	0.000000
101	Spectrogram 1	1	1548.710000	1548.840000	4000.000000	18000.000000	8000.000000	Trillphee	4.562596	9.340524	NaN	NaN	39.711997	0.000000
102	Spectrogram 1	1	1548.900000	1549.440000	4000.000000	18000.000000	8000.000000	Trillphee	5.336002	15.629747	NaN	NaN	67.187486	0.000000
103	Spectrogram 1	1	1550.600000	1550.630000	4000.000000	18000.000000	8000.000000	Trill	8.933992	10.119930	NaN	NaN	29.860357	0.000000
104	Spectrogram 1	1	1550.990000	1551.040000	4000.000000	18000.000000	8000.000000	Trill	7.975382	8.239803	NaN	NaN	32.309061	0.000000
105	Spectrogram 1	1	1557.190000	1557.220000	4000.000000	18000.000000	8000.000000	Sd-peep	5.322426	6.498648	NaN	NaN	30.423669	0.000000
106	Spectrogram 1	1	1560.640000	1560.680000	4000.000000	18000.000000	8000.000000	Trill	6.267988	17.341456	NaN	NaN	99.355227	0.000000
107	Spectrogram 1	1	1561.100000	1563.210000	4000.000000	18000.000000	8000.000000	Trill	8.337622	28.729656	NaN	NaN	59.408414	0.000000
108	Spectrogram 1	1	1563.320000	1564.000000	4000.000000	18000.000000	8000.000000	Trill	9.774019	29.017036	NaN	NaN	77.794864	0.000000
109	Spectrogram 1	1	1576.310000	1577.270000	4000.000000	18000.000000	8000.000000	Trillphee	4.590624	17.253576	NaN	NaN	60.269633	0.000000
110	Spectrogram 1	1	1583.290000	1585.230000	4000.000000	18000.000000	8000.000000	Twitter	6.365661	23.756445	NaN	NaN	32.799363	0.000000
111	Spectrogram 1	1	1591.460000	1591.650000	4000.000000	18000.000000	8000.000000	Trillphee	4.557096	11.936576	NaN	NaN	33.169562	0.000000
112	Spectrogram 1	1	1609.390000	1609.500000	4000.000000	18000.000000	8000.000000	Trillphee	7.134945	10.774849	NaN	NaN	29.683918	0.000000
113	Spectrogram 1	1	1614.190000	1614.230000	4000.000000	18000.000000	8000.000000	Trill	8.063316	9.412953	NaN	NaN	34.116432	0.000000
114	Spectrogram 1	1	1616.320000	1616.440000	4000.000000	18000.000000	8000.000000	Trillphee	5.439841	8.578420	NaN	NaN	31.333359	0.000000
115	Spectrogram 1	1	1618.890000	1618.930000	4000.000000	18000.000000	8000.000000	Trill	5.319820	6.636615	NaN	NaN	30.569965	0.000000
116	Spectrogram 1	1	1618.990000	1619.050000	4000.000000	18000.000000	8000.000000	Trill	11.653632	11.316453	NaN	NaN	28.492986	0.000000
117	Spectrogram 1	1	1625.030000	1625.080000	4000.000000	18000.000000	8000.000000	Trill	8.315401	8.859272	NaN	NaN	44.417231	0.000000
118	Spectrogram 1	1	1643.650000	1643.680000	4000.000000	18000.000000	8000.000000	Sd-peep	5.231010	10.011900	NaN	NaN	39.142995	0.000000
119	Spectrogram 1	1	1646.880000	1647.060000	4000.000000	18000.000000	8000.000000	Trillphee	4.381840	8.575885	NaN	NaN	42.008271	0.000000
120	Spectrogram 1	1	1647.830000	1647.900000	4000.000000	18000.000000	8000.000000	Trill	8.272196	7.941988	NaN	NaN	31.880324	0.000000
121	Spectrogram 1	1	1654.960000	1655.560000	4000.000000	18000.000000	8000.000000	Trill	4.134156	18.447688	NaN	NaN	52.423861	0.000000
122	Spectrogram 1	1	1655.690000	1656.180000	4000.000000	18000.000000	8000.000000	Trill	6.640914	21.890455	NaN	NaN	38.312584	0.000000
123	Spectrogram 1	1	1656.220000	1656.930000	4000.000000	18000.000000	8000.000000	Trill	8.795632	30.000000	NaN	NaN	84.343220	0.000000
124	Spectrogram 1	1	1657.050000	1657.670000	4000.000000	18000.000000	8000.000000	Trill	11.518192	30.000000	NaN	NaN	83.003600	0.000000
125	Spectrogram 1	1	1662.970000	1664.280000	4000.000000	18000.000000	8000.000000	Trill	6.455909	28.006536	NaN	NaN	37.389876	0.000000
126	Spectrogram 1	1	1667.060000	1667.160000	4000.000000	18000.000000	8000.000000	Sd-peep	12.209880	26.289046	NaN	NaN	43.938450	0.000000
127	Spectrogram 1	1	1667.270000	1667.900000	4000.000000	18000.000000	8000.000000	Trill	14.498548	30.000000	NaN	NaN	125.827171	0.000000
128	Spectrogram 1	1	1667.960000	1669.000000	4000.000000	18000.000000	8000.000000	Trill	13.084429	30.000000	NaN	NaN	69.340178	0.000000
129	Spectrogram 1	1	1669.110000	1669.540000	4000.000000	18000.000000	8000.000000	Trill	15.356725	30.000000	NaN	NaN	111.799235	0.000000
130	Spectrogram 1	1	1681.910000	1682.000000	4000.000000	18000.000000	8000.000000	Twitter	13.302085	31.347261	NaN	NaN	59.241938	0.000000
131	Spectrogram 1	1	1682.070000	1683.380000	4000.000000	18000.000000	8000.000000	Twitter	7.145812	23.285281	NaN	NaN	29.567287	0.000000
132	Spectrogram 1	1	1692.370000	1692.400000	4000.000000	18000.000000	8000.000000	Trill	8.374209	11.528268	NaN	NaN	34.318279	0.000000
133	Spectrogram 1	1	1717.860000	1718.100000	4000.000000	18000.000000	8000.000000	Trill	8.446669	23.748945	NaN	NaN	85.553611	0.000000
134	Spectrogram 1	1	1718.140000	1719.320000	4000.000000	18000.000000	8000.000000	Twitter	6.168682	23.565766	NaN	NaN	30.781651	0.000000
135	Spectrogram 1	1	1719.380000	1719.430000	4000.000000	18000.000000	8000.000000	Trill	9.477784	16.044419	NaN	NaN	88.373849	0.000000
136	Spectrogram 1	1	1723.880000	1723.910000	4000.000000	18000.000000	8000.000000	Trill	10.796226	14.167336	NaN	NaN	33.614529	0.000000
137	Spectrogram 1	1	1731.200000	1731.360000	4000.000000	18000.000000	8000.000000	Phee	5.756483	10.376990	NaN	NaN	32.557890	0.000000
138	Spectrogram 1	1	1732.860000	1732.900000	4000.000000	18000.000000	8000.000000	Trill	7.469652	12.264029	NaN	NaN	29.107351	0.000000
139	Spectrogram 1	1	1745.350000	1745.650000	4000.000000	18000.000000	8000.000000	Trill	5.970733	16.961352	NaN	NaN	61.247070	0.000000
140	Spectrogram 1	1	1747.330000	1747.490000	4000.000000	18000.000000	8000.000000	Phee	4.822160	11.763353	NaN	NaN	74.326996	0.000000
141	Spectrogram 1	1	1750.350000	1750.390000	4000.000000	18000.000000	8000.000000	Trill	5.356512	13.185582	NaN	NaN	30.558797	0.000000
142	Spectrogram 1	1	1771.440000	1771.870000	4000.000000	18000.000000	8000.000000	Trillphee	6.343166	18.174165	NaN	NaN	50.559063	0.000000
143	Spectrogram 1	1	1775.110000	1775.300000	4000.000000	18000.000000	8000.000000	Trill	8.453644	11.915517	NaN	NaN	29.416152	0.000000
144	Spectrogram 1	1	1778.390000	1778.880000	4000.000000	18000.000000	8000.000000	Trill	16.518240	29.502197	NaN	NaN	99.499404	0.000000
145	Spectrogram 1	1	1783.220000	1783.680000	4000.000000	18000.000000	8000.000000	Trill	11.913886	22.277374	NaN	NaN	74.746535	0.000000
146	Spectrogram 1	1	1788.980000	1790.150000	4000.000000	18000.000000	8000.000000	Trill	9.441829	30.000000	NaN	NaN	70.558650	0.000000
147	Spectrogram 1	1	1790.270000	1790.840000	4000.000000	18000.000000	8000.000000	Trill	9.607052	30.000000	NaN	NaN	82.511229	0.000000
148	Spectrogram 1	1	1790.970000	1791.520000	4000.000000	18000.000000	8000.000000	Trill	9.483907	30.000000	NaN	NaN	86.555993	0.000000
149	Spectrogram 1	1	1791.620000	1792.150000	4000.000000	18000.000000	8000.000000	Trill	9.230644	30.000000	NaN	NaN	91.945204	0.000000
150	Spectrogram 1	1	1814.080000	1814.410000	4000.000000	18000.000000	8000.000000	Trillphee	6.465357	28.852154	NaN	NaN	107.957122	0.000000
151	Spectrogram 1	1	1822.530000	1822.650000	4000.000000	18000.000000	8000.000000	Phee	4.683918	13.721154	NaN	NaN	34.936519	0.000000
152	Spectrogram 1	1	1833.300000	1833.860000	4000.000000	18000.000000	8000.000000	Trill	16.541747	29.385815	NaN	NaN	128.017635	0.000000
153	Spectrogram 1	1	1861.450000	1861.560000	4000.000000	18000.000000	8000.000000	Trill	5.703509	9.937558	NaN	NaN	49.443024	0.000000
154	Spectrogram 1	1	1881.640000	1881.790000	4000.000000	18000.000000	8000.000000	Trillphee	4.162184	11.932059	NaN	NaN	36.478261	0.000000
155	Spectrogram 1	1	1891.410000	1891.510000	4000.000000	18000.000000	8000.000000	Twitter	10.078962	30.866612	NaN	NaN	82.088905	0.000000
156	Spectrogram 1	1	1891.580000	1892.770000	4000.000000	18000.000000	8000.000000	Twitter	6.624435	22.612689	NaN	NaN	34.161197	0.000000
157	Spectrogram 1	1	1897.780000	1897.810000	4000.000000	18000.000000	8000.000000	Trill	8.654107	10.884352	NaN	NaN	33.015407	0.000000
158	Spectrogram 1	1	1914.200000	1914.290000	4000.000000	18000.000000	8000.000000	Trillphee	4.649224	8.641427	NaN	NaN	77.278365	0.000000
159	Spectrogram 1	1	1915.370000	1915.410000	4000.000000	18000.000000	8000.000000	Trill	4.539956	7.941772	NaN	NaN	77.455721	0.000000
160	Spectrogram 1	1	1916.760000	1916.780000	4000.000000	18000.000000	8000.000000	Sd-peep	4.031792	9.020894	NaN	NaN	66.406798	0.000000
161	Spectrogram 1	1	1918.690000	1919.150000	4000.000000	18000.000000	8000.000000	Trill	5.852165	25.814703	NaN	NaN	74.812640	0.000000
162	Spectrogram 1	1	1919.280000	1919.730000	4000.000000	18000.000000	8000.000000	Trill	5.013355	26.919520	NaN	NaN	90.063926	0.000000
163	Spectrogram 1	1	1919.870000	1919.980000	4000.000000	18000.000000	8000.000000	Trill	4.961574	20.673093	NaN	NaN	78.876345	0.000000
164	Spectrogram 1	1	1920.010000	1920.310000	4000.000000	18000.000000	8000.000000	Trill	7.116993	27.033281	NaN	NaN	109.914242	0.000000
165	Spectrogram 1	1	1924.640000	1924.760000	4000.000000	18000.000000	8000.000000	Trillphee	11.224770	27.248454	NaN	NaN	168.923646	0.000000
166	Spectrogram 1	1	1926.260000	1926.310000	4000.000000	18000.000000	8000.000000	Trill	8.058006	11.717566	NaN	NaN	29.754128	0.000000
167	Spectrogram 1	1	1927.560000	1927.590000	4000.000000	18000.000000	8000.000000	Trill	7.399931	7.259469	NaN	NaN	32.114540	0.000000
168	Spectrogram 1	1	1928.400000	1929.240000	4000.000000	18000.000000	8000.000000	Trill	16.958228	30.000000	NaN	NaN	187.024591	0.000000
169	Spectrogram 1	1	1930.300000	1930.400000	4000.000000	18000.000000	8000.000000	Twitter	12.820765	28.257866	NaN	NaN	71.088709	0.000000
170	Spectrogram 1	1	1930.470000	1931.540000	4000.000000	18000.000000	8000.000000	Twitter	9.101642	23.277386	NaN	NaN	43.523804	0.000000
171	Spectrogram 1	1	1931.820000	1931.850000	4000.000000	18000.000000	8000.000000	Trill	5.803875	17.353047	NaN	NaN	59.582177	0.000000
172	Spectrogram 1	1	1931.910000	1932.050000	4000.000000	18000.000000	8000.000000	Phee	5.643892	18.349015	NaN	NaN	83.856236	0.000000
173	Spectrogram 1	1	1932.880000	1933.640000	4000.000000	18000.000000	8000.000000	Trill	16.461773	30.000000	NaN	NaN	168.830512	0.000000
174	Spectrogram 1	1	1939.570000	1940.680000	4000.000000	18000.000000	8000.000000	Trill	5.042291	20.294661	NaN	NaN	34.055676	0.000000
175	Spectrogram 1	1	1940.730000	1940.820000	4000.000000	18000.000000	8000.000000	Sd-peep	9.771486	25.800845	NaN	NaN	40.684623	0.000000
176	Spectrogram 1	1	1940.940000	1941.050000	4000.000000	18000.000000	8000.000000	Trill	11.184522	25.360798	NaN	NaN	62.866453	0.000000
177	Spectrogram 1	1	1941.180000	1941.290000	4000.000000	18000.000000	8000.000000	Trill	8.524139	20.911031	NaN	NaN	42.580325	0.000000
178	Spectrogram 1	1	1941.340000	1941.720000	4000.000000	18000.000000	8000.000000	Trill	9.880216	24.597848	NaN	NaN	56.632315	0.000000
179	Spectrogram 1	1	1942.090000	1942.120000	4000.000000	18000.000000	8000.000000	Phee	4.619667	9.278554	NaN	NaN	59.535260	0.000000
180	Spectrogram 1	1	1946.140000	1946.840000	4000.000000	18000.000000	8000.000000	Trill	12.607550	26.257363	NaN	NaN	118.776282	0.000000
181	Spectrogram 1	1	1965.110000	1965.200000	4000.000000	18000.000000	8000.000000	Phee	4.332462	8.037079	NaN	NaN	54.000552	0.000000
182	Spectrogram 1	1	1984.370000	1984.920000	4000.000000	18000.000000	8000.000000	Trillphee	5.654220	21.237048	NaN	NaN	51.403791	0.000000
183	Spectrogram 1	1	1988.150000	1990.060000	4000.000000	18000.000000	8000.000000	Trill	4.860610	21.946178	NaN	NaN	31.141269	0.000000
184	Spectrogram 1	1	1990.100000	1990.230000	4000.000000	18000.000000	8000.000000	Trill	6.535852	21.796960	NaN	NaN	31.333507	0.000000
185	Spectrogram 1	1	1990.990000	1993.340000	4000.000000	18000.000000	8000.000000	Trill	9.853382	27.435622	NaN	NaN	58.991017	0.000000
186	Spectrogram 1	1	1993.410000	1993.980000	4000.000000	18000.000000	8000.000000	Trill	14.840665	30.000000	NaN	NaN	105.270780	0.000000
187	Spectrogram 1	1	1995.930000	1997.700000	4000.000000	18000.000000	8000.000000	Trill	7.503798	25.599965	NaN	NaN	63.067207	0.000000
188	Spectrogram 1	1	1997.870000	1998.630000	4000.000000	18000.000000	8000.000000	Trill	9.830381	30.000000	NaN	NaN	76.163112	0.000000
189	Spectrogram 1	1	1998.720000	1999.320000	4000.000000	18000.000000	8000.000000	Trill	10.983235	30.000000	NaN	NaN	93.218231	0.000000
190	Spectrogram 1	1	1999.380000	1999.600000	4000.000000	18000.000000	8000.000000	Trill	11.526864	30.000000	NaN	NaN	173.445035	0.000000
191	Spectrogram 1	1	2000.370000	2002.800000	4000.000000	18000.000000	8000.000000	Trill	8.450011	30.000000	NaN	NaN	61.257226	0.000000
192	Spectrogram 1	1	2004.530000	2006.350000	4000.000000	18000.000000	8000.000000	Trill	8.310984	30.000000	NaN	NaN	41.643986	0.000000
193	Spectrogram 1	1	2006.900000	2008.490000	4000.000000	18000.000000	8000.000000	Trill	8.625036	27.047341	NaN	NaN	53.869439	0.000000
194	Spectrogram 1	1	2008.600000	2008.710000	4000.000000	18000.000000	8000.000000	Sd-peep	6.201790	19.589231	NaN	NaN	35.539380	0.000000
195	Spectrogram 1	1	2010.390000	2010.500000	4000.000000	18000.000000	8000.000000	Sd-peep	6.992865	23.067047	NaN	NaN	45.625712	0.000000
196	Spectrogram 1	1	2010.540000	2010.620000	4000.000000	18000.000000	8000.000000	Sd-peep	9.074734	19.992000	NaN	NaN	67.871174	0.000000
197	Spectrogram 1	1	2016.480000	2016.750000	4000.000000	18000.000000	8000.000000	Trill	4.307623	14.190206	NaN	NaN	35.901645	0.000000
198	Spectrogram 1	1	2021.480000	2022.140000	4000.000000	18000.000000	8000.000000	Trillphee	4.278454	27.229689	NaN	NaN	92.051020	0.000000
199	Spectrogram 1	1	2022.220000	2022.500000	4000.000000	18000.000000	8000.000000	Trillphee	5.283157	17.860079	NaN	NaN	31.012084	0.000000
200	Spectrogram 1	1	2026.090000	2026.170000	4000.000000	18000.000000	8000.000000	Twitter	12.399079	34.161764	NaN	NaN	92.061791	0.000000
201	Spectrogram 1	1	2026.260000	2027.720000	4000.000000	18000.000000	8000.000000	Twitter	7.334960	25.155483	NaN	NaN	40.244742	0.000000
202	Spectrogram 1	1	2029.650000	2029.720000	4000.000000	18000.000000	8000.000000	Sd-peep	9.876687	15.424199	NaN	NaN	31.801373	0.000000
203	Spectrogram 1	1	2029.800000	2029.910000	4000.000000	18000.000000	8000.000000	Sd-peep	7.667660	19.499655	NaN	NaN	43.269948	0.000000
204	Spectrogram 1	1	2029.950000	2030.110000	4000.000000	18000.000000	8000.000000	Trill	5.887551	17.698129	NaN	NaN	61.850870	0.000000
205	Spectrogram 1	1	2030.150000	2030.890000	4000.000000	18000.000000	8000.000000	Trill	9.725608	30.000000	NaN	NaN	104.247800	0.000000
206	Spectrogram 1	1	2030.990000	2031.550000	4000.000000	18000.000000	8000.000000	Trill	9.978516	30.000000	NaN	NaN	84.252729	0.000000
207	Spectrogram 1	1	2031.700000	2032.260000	4000.000000	18000.000000	8000.000000	Trill	9.921723	30.000000	NaN	NaN	96.688966	0.000000
208	Spectrogram 1	1	2032.430000	2032.510000	4000.000000	18000.000000	8000.000000	Trill	10.531008	24.171963	NaN	NaN	137.540497	0.000000
209	Spectrogram 1	1	2033.810000	2034.100000	4000.000000	18000.000000	8000.000000	Sd-peep	8.529784	23.269587	NaN	NaN	47.640708	0.000000
210	Spectrogram 1	1	2034.190000	2034.240000	4000.000000	18000.000000	8000.000000	Trillphee	10.865668	15.918028	NaN	NaN	54.589865	0.000000
211	Spectrogram 1	1	2034.330000	2035.090000	4000.000000	18000.000000	8000.000000	Trill	11.520088	30.000000	NaN	NaN	99.321637	0.000000
212	Spectrogram 1	1	2035.210000	2035.820000	4000.000000	18000.000000	8000.000000	Trill	9.201164	28.925955	NaN	NaN	78.482512	0.000000
213	Spectrogram 1	1	2035.900000	2036.500000	4000.000000	18000.000000	8000.000000	Trill	8.742888	30.000000	NaN	NaN	88.820368	0.000000
214	Spectrogram 1	1	2036.590000	2037.110000	4000.000000	18000.000000	8000.000000	Trill	10.383429	30.000000	NaN	NaN	120.618664	0.000000
215	Spectrogram 1	1	2037.220000	2037.290000	4000.000000	18000.000000	8000.000000	Trill	10.106799	24.369867	NaN	NaN	149.403538	0.000000
216	Spectrogram 1	1	2039.010000	2039.980000	4000.000000	18000.000000	8000.000000	Sd-peep	9.938702	30.746687	NaN	NaN	41.984327	0.000000
217	Spectrogram 1	1	2040.010000	2040.710000	4000.000000	18000.000000	8000.000000	Trill	8.094944	24.273235	NaN	NaN	44.242696	0.000000
218	Spectrogram 1	1	2040.860000	2040.940000	4000.000000	18000.000000	8000.000000	Sd-peep	9.442014	23.978961	NaN	NaN	44.483605	0.000000
219	Spectrogram 1	1	2041.740000	2042.220000	4000.000000	18000.000000	8000.000000	Trill	8.807276	21.662291	NaN	NaN	48.981601	0.000000
220	Spectrogram 1	1	2066.750000	2066.770000	4000.000000	18000.000000	8000.000000	Sd-peep	4.319470	7.321402	NaN	NaN	51.020789	0.000000
221	Spectrogram 1	1	2082.530000	2083.490000	4000.000000	18000.000000	8000.000000	Trillphee	4.292449	25.997506	NaN	NaN	93.446083	0.000000
222	Spectrogram 1	1	2085.570000	2085.660000	4000.000000	18000.000000	8000.000000	Twitter	9.214507	30.490419	NaN	NaN	77.981732	0.000000
223	Spectrogram 1	1	2085.740000	2086.760000	4000.000000	18000.000000	8000.000000	Twitter	7.225573	24.506266	NaN	NaN	41.043127	0.000000
224	Spectrogram 1	1	2086.800000	2086.850000	4000.000000	18000.000000	8000.000000	Twitter	8.654464	15.448160	NaN	NaN	90.695298	0.000000
225	Spectrogram 1	1	2089.750000	2089.800000	4000.000000	18000.000000	8000.000000	Trill	4.242606	6.340861	NaN	NaN	48.860980	0.000000
226	Spectrogram 1	1	2089.870000	2089.900000	4000.000000	18000.000000	8000.000000	Trill	4.621512	8.225938	NaN	NaN	60.373656	0.000000
227	Spectrogram 1	1	2093.960000	2094.700000	4000.000000	18000.000000	8000.000000	Trill	11.282424	28.308709	NaN	NaN	110.581385	0.000000
228	Spectrogram 1	1	2094.780000	2095.170000	4000.000000	18000.000000	8000.000000	Trill	11.434372	27.995165	NaN	NaN	161.025906	0.000000
229	Spectrogram 1	1	2096.150000	2096.230000	4000.000000	18000.000000	8000.000000	Trillphee	4.006581	8.860569	NaN	NaN	67.688572	0.000000
230	Spectrogram 1	1	2101.630000	2101.700000	4000.000000	18000.000000	8000.000000	Trill	4.308117	17.828302	NaN	NaN	74.350284	0.000000
231	Spectrogram 1	1	2101.760000	2101.800000	4000.000000	18000.000000	8000.000000	Trill	5.643294	14.529880	NaN	NaN	62.646952	0.000000
232	Spectrogram 1	1	2101.930000	2102.030000	4000.000000	18000.000000	8000.000000	Trill	6.319428	19.219471	NaN	NaN	87.888521	0.000000
233	Spectrogram 1	1	2102.170000	2102.240000	4000.000000	18000.000000	8000.000000	Trill	6.462689	19.752607	NaN	NaN	109.252702	0.000000
234	Spectrogram 1	1	2108.060000	2108.210000	4000.000000	18000.000000	8000.000000	Trill	4.211775	16.281594	NaN	NaN	90.904857	0.000000
235	Spectrogram 1	1	2109.800000	2112.020000	4000.000000	18000.000000	8000.000000	Trill	9.511127	28.219081	NaN	NaN	48.775850	0.000000
236	Spectrogram 1	1	2112.100000	2113.310000	4000.000000	18000.000000	8000.000000	Trill	8.171404	24.245058	NaN	NaN	48.684454	0.000000
237	Spectrogram 1	1	2113.370000	2113.480000	4000.000000	18000.000000	8000.000000	Trill	7.107056	22.084183	NaN	NaN	46.573297	0.000000
238	Spectrogram 1	1	2114.380000	2114.420000	4000.000000	18000.000000	8000.000000	Phee	4.034180	9.448597	NaN	NaN	36.986477	0.000000
239	Spectrogram 1	1	2119.580000	2120.600000	4000.000000	18000.000000	8000.000000	Trill	9.852878	28.250432	NaN	NaN	86.389030	0.000000
240	Spectrogram 1	1	2120.710000	2121.230000	4000.000000	18000.000000	8000.000000	Trill	12.473435	30.000000	NaN	NaN	99.746269	0.000000
241	Spectrogram 1	1	2121.340000	2121.840000	4000.000000	18000.000000	8000.000000	Trill	9.863862	30.000000	NaN	NaN	97.639198	0.000000
242	Spectrogram 1	1	2121.930000	2122.290000	4000.000000	18000.000000	8000.000000	Trill	7.139984	23.055444	NaN	NaN	57.136801	0.000000
243	Spectrogram 1	1	2125.220000	2126.340000	4000.000000	18000.000000	8000.000000	Trill	7.812804	24.666008	NaN	NaN	34.690751	0.000000
244	Spectrogram 1	1	2126.470000	2126.560000	4000.000000	18000.000000	8000.000000	Sd-peep	10.164594	24.188121	NaN	NaN	48.691370	0.000000
245	Spectrogram 1	1	2130.800000	2131.270000	4000.000000	18000.000000	8000.000000	Trill	7.810588	23.416750	NaN	NaN	83.111819	0.000000
246	Spectrogram 1	1	2141.360000	2141.750000	4000.000000	18000.000000	8000.000000	Trill	4.283458	12.923412	NaN	NaN	48.884495	0.000000
247	Spectrogram 1	1	2154.440000	2154.790000	4000.000000	18000.000000	8000.000000	Trill	18.113146	28.196331	NaN	NaN	135.270889	0.000000
248	Spectrogram 1	1	2156.230000	2156.310000	4000.000000	18000.000000	8000.000000	Twitter	15.315531	32.235845	NaN	NaN	124.670078	0.000000
249	Spectrogram 1	1	2156.390000	2157.560000	4000.000000	18000.000000	8000.000000	Twitter	10.377444	24.211219	NaN	NaN	54.884847	0.000000
250	Spectrogram 1	1	2170.720000	2170.840000	4000.000000	18000.000000	8000.000000	Trill	5.132457	10.558940	NaN	NaN	34.262763	0.000000
251	Spectrogram 1	1	2177.310000	2177.440000	4000.000000	18000.000000	8000.000000	Trill	8.957863	11.539380	NaN	NaN	36.920522	0.000000
252	Spectrogram 1	1	2177.490000	2177.740000	4000.000000	18000.000000	8000.000000	Phee	5.695783	11.290836	NaN	NaN	77.072299	0.000000
253	Spectrogram 1	1	2183.860000	2184.220000	4000.000000	18000.000000	8000.000000	Trill	18.411193	28.655285	NaN	NaN	156.704575	0.000000
254	Spectrogram 1	1	2198.070000	2198.140000	4000.000000	18000.000000	8000.000000	Trill	8.348237	12.561672	NaN	NaN	29.112548	0.000000
255	Spectrogram 1	1	2200.330000	2200.390000	4000.000000	18000.000000	8000.000000	Trill	9.739891	10.419555	NaN	NaN	36.861224	0.000000
256	Spectrogram 1	1	2200.790000	2200.810000	4000.000000	18000.000000	8000.000000	Sd-peep	8.502957	9.217128	NaN	NaN	37.939102	0.000000
257	Spectrogram 1	1	2203.480000	2203.540000	4000.000000	18000.000000	8000.000000	Trill	11.142343	12.981489	NaN	NaN	29.354755	0.000000
258	Spectrogram 1	1	2205.670000	2205.740000	4000.000000	18000.000000	8000.000000	Sd-peep	9.669270	27.680159	NaN	NaN	73.230587	0.000000
259	Spectrogram 1	1	2205.830000	2206.630000	4000.000000	18000.000000	8000.000000	Trill	10.118661	30.000000	NaN	NaN	129.765270	0.000000
260	Spectrogram 1	1	2206.800000	2207.360000	4000.000000	18000.000000	8000.000000	Trill	10.002170	30.000000	NaN	NaN	152.679414	0.000000
261	Spectrogram 1	1	2207.460000	2207.920000	4000.000000	18000.000000	8000.000000	Trill	9.682821	30.000000	NaN	NaN	129.614340	0.000000
262	Spectrogram 1	1	2208.040000	2208.460000	4000.000000	18000.000000	8000.000000	Trill	9.762434	26.816412	NaN	NaN	141.658334	0.000000
263	Spectrogram 1	1	2209.230000	2209.270000	4000.000000	18000.000000	8000.000000	Trill	10.386335	11.072214	NaN	NaN	33.059789	0.000000
264	Spectrogram 1	1	2211.950000	2211.990000	4000.000000	18000.000000	8000.000000	Trillphee	5.360090	8.352415	NaN	NaN	58.754848	0.000000
265	Spectrogram 1	1	2214.010000	2214.100000	4000.000000	18000.000000	8000.000000	Trill	12.440902	28.399621	NaN	NaN	86.298227	0.000000
266	Spectrogram 1	1	2214.150000	2214.330000	4000.000000	18000.000000	8000.000000	Trill	10.350237	19.265581	NaN	NaN	29.935658	0.000000
267	Spectrogram 1	1	2219.720000	2219.740000	4000.000000	18000.000000	8000.000000	Sd-peep	4.131945	8.503407	NaN	NaN	47.379254	0.000000
268	Spectrogram 1	1	2254.480000	2254.590000	4000.000000	18000.000000	8000.000000	Trill	8.643582	11.385966	NaN	NaN	41.256202	0.000000
269	Spectrogram 1	1	2263.480000	2263.560000	4000.000000	18000.000000	8000.000000	Twitter	13.881376	32.325794	NaN	NaN	86.484243	0.000000
270	Spectrogram 1	1	2263.660000	2264.980000	4000.000000	18000.000000	8000.000000	Twitter	9.523444	26.639542	NaN	NaN	40.191324	0.000000
271	Spectrogram 1	1	2266.210000	2266.710000	4000.000000	18000.000000	8000.000000	Trill	16.953841	30.000000	NaN	NaN	139.064151	0.000000
272	Spectrogram 1	1	2280.870000	2282.230000	4000.000000	18000.000000	8000.000000	Phee	4.904397	23.405277	NaN	NaN	89.283783	0.000000
273	Spectrogram 1	1	2285.920000	2287.640000	4000.000000	18000.000000	8000.000000	Twitter	9.661127	28.045700	NaN	NaN	36.185299	0.000000
274	Spectrogram 1	1	2287.690000	2287.800000	4000.000000	18000.000000	8000.000000	Trill	10.240340	21.673296	NaN	NaN	83.169187	0.000000
275	Spectrogram 1	1	2317.950000	2317.990000	4000.000000	18000.000000	8000.000000	Twitter	6.095138	14.748682	NaN	NaN	37.128422	0.000000
276	Spectrogram 1	1	2318.900000	2319.500000	4000.000000	18000.000000	8000.000000	Trillphee	5.403441	15.776376	NaN	NaN	35.640005	0.000000
277	Spectrogram 1	1	2321.110000	2321.440000	4000.000000	18000.000000	8000.000000	Phee	4.675980	27.990047	NaN	NaN	119.943340	0.000000
278	Spectrogram 1	1	2337.720000	2337.750000	4000.000000	18000.000000	8000.000000	Trill	6.363002	6.461669	NaN	NaN	31.795082	0.000000
279	Spectrogram 1	1	2338.810000	2339.980000	4000.000000	18000.000000	8000.000000	Twitter	8.420548	23.860779	NaN	NaN	48.328312	0.000000
280	Spectrogram 1	1	2340.010000	2340.580000	4000.000000	18000.000000	8000.000000	Trill	11.108438	25.776492	NaN	NaN	62.212665	0.000000
281	Spectrogram 1	1	2343.570000	2343.690000	4000.000000	18000.000000	8000.000000	Trillphee	5.767576	12.786533	NaN	NaN	30.314141	0.000000
282	Spectrogram 1	1	2343.870000	2343.900000	4000.000000	18000.000000	8000.000000	Trill	8.182254	10.289972	NaN	NaN	29.246022	0.000000
283	Spectrogram 1	1	2343.960000	2344.400000	4000.000000	18000.000000	8000.000000	Phee	5.376768	7.384215	NaN	NaN	30.806303	0.000000
284	Spectrogram 1	1	2344.460000	2344.530000	4000.000000	18000.000000	8000.000000	Trillphee	4.295405	13.194043	NaN	NaN	37.281687	0.000000
285	Spectrogram 1	1	2344.570000	2344.610000	4000.000000	18000.000000	8000.000000	Trill	6.330178	6.700970	NaN	NaN	30.952390	0.000000
286	Spectrogram 1	1	2348.520000	2348.550000	4000.000000	18000.000000	8000.000000	Trill	4.984044	8.768429	NaN	NaN	31.778795	0.000000
287	Spectrogram 1	1	2348.610000	2348.670000	4000.000000	18000.000000	8000.000000	Phee	4.920249	9.572818	NaN	NaN	38.782285	0.000000
288	Spectrogram 1	1	2348.840000	2348.870000	4000.000000	18000.000000	8000.000000	Trill	5.557784	6.575279	NaN	NaN	30.045582	0.000000
289	Spectrogram 1	1	2349.040000	2349.080000	4000.000000	18000.000000	8000.000000	Trill	7.140902	10.600736	NaN	NaN	31.335825	0.000000
290	Spectrogram 1	1	2349.150000	2349.180000	4000.000000	18000.000000	8000.000000	Trill	7.675760	11.142502	NaN	NaN	32.310009	0.000000
291	Spectrogram 1	1	2349.560000	2349.590000	4000.000000	18000.000000	8000.000000	Trill	8.074215	7.973242	NaN	NaN	29.904887	0.000000
292	Spectrogram 1	1	2349.770000	2349.900000	4000.000000	18000.000000	8000.000000	Phee	6.342325	17.118361	NaN	NaN	68.820068	0.000000
293	Spectrogram 1	1	2350.170000	2350.210000	4000.000000	18000.000000	8000.000000	Trill	5.688647	7.191412	NaN	NaN	31.102646	0.000000
294	Spectrogram 1	1	2351.380000	2351.490000	4000.000000	18000.000000	8000.000000	Phee	4.050964	15.458446	NaN	NaN	56.401703	0.000000
295	Spectrogram 1	1	2352.400000	2352.900000	4000.000000	18000.000000	8000.000000	Trill	11.361841	21.193339	NaN	NaN	70.325825	0.000000
296	Spectrogram 1	1	2354.240000	2354.580000	4000.000000	18000.000000	8000.000000	Trill	7.975143	16.914996	NaN	NaN	52.013788	0.000000
297	Spectrogram 1	1	2354.650000	2354.680000	4000.000000	18000.000000	8000.000000	Trill	6.673776	12.852794	NaN	NaN	30.825106	0.000000
298	Spectrogram 1	1	2354.750000	2355.270000	4000.000000	18000.000000	8000.000000	Phee	4.153476	11.638696	NaN	NaN	37.471225	0.000000
299	Spectrogram 1	1	2358.840000	2360.150000	4000.000000	18000.000000	8000.000000	Trillphee	5.039759	20.115285	NaN	NaN	69.371312	0.000000
300	Spectrogram 1	1	2361.160000	2361.260000	4000.000000	18000.000000	8000.000000	Trillphee	4.525292	21.072047	NaN	NaN	91.042761	0.000000
301	Spectrogram 1	1	2361.980000	2363.350000	4000.000000	18000.000000	8000.000000	Trill	13.303693	30.000000	NaN	NaN	117.220860	0.000000
302	Spectrogram 1	1	2373.520000	2373.650000	4000.000000	18000.000000	8000.000000	Twitter	13.546508	29.451613	NaN	NaN	137.679827	0.000000
303	Spectrogram 1	1	2373.710000	2373.820000	4000.000000	18000.000000	8000.000000	Twitter	9.432242	24.341619	NaN	NaN	46.967474	0.000000
304	Spectrogram 1	1	2373.860000	2374.880000	4000.000000	18000.000000	8000.000000	Twitter	9.784237	23.394068	NaN	NaN	54.069195	0.000000
305	Spectrogram 1	1	2374.960000	2375.680000	4000.000000	18000.000000	8000.000000	Trill	15.489862	30.000000	NaN	NaN	144.786611	0.000000
306	Spectrogram 1	1	2375.870000	2376.460000	4000.000000	18000.000000	8000.000000	Trill	16.451742	30.000000	NaN	NaN	131.581038	0.000000
307	Spectrogram 1	1	2383.420000	2383.450000	4000.000000	18000.000000	8000.000000	Trill	10.088204	12.430621	NaN	NaN	45.526074	0.000000
308	Spectrogram 1	1	2386.500000	2387.140000	4000.000000	18000.000000	8000.000000	Trill	10.673947	22.863409	NaN	NaN	92.647361	0.000000
309	Spectrogram 1	1	2387.230000	2387.670000	4000.000000	18000.000000	8000.000000	Trill	10.451959	26.011412	NaN	NaN	107.912523	0.000000
310	Spectrogram 1	1	2387.800000	2388.190000	4000.000000	18000.000000	8000.000000	Trill	9.924784	27.697335	NaN	NaN	113.144779	0.000000
311	Spectrogram 1	1	2388.340000	2388.780000	4000.000000	18000.000000	8000.000000	Trillphee	12.229781	27.050524	NaN	NaN	194.246906	0.000000
312	Spectrogram 1	1	2391.190000	2391.990000	4000.000000	18000.000000	8000.000000	Trillphee	4.132031	25.164250	NaN	NaN	103.751807	0.000000
313	Spectrogram 1	1	2396.120000	2397.710000	4000.000000	18000.000000	8000.000000	Trill	5.882047	17.204296	NaN	NaN	53.817757	0.000000
314	Spectrogram 1	1	2397.790000	2397.870000	4000.000000	18000.000000	8000.000000	Trill	11.579648	22.173117	NaN	NaN	122.035387	0.000000
315	Spectrogram 1	1	2398.050000	2398.720000	4000.000000	18000.000000	8000.000000	Trill	12.731177	30.000000	NaN	NaN	158.214414	0.000000
316	Spectrogram 1	1	2398.910000	2399.490000	4000.000000	18000.000000	8000.000000	Trill	11.469566	30.000000	NaN	NaN	102.724939	0.000000
317	Spectrogram 1	1	2399.600000	2399.980000	4000.000000	18000.000000	8000.000000	Trill	11.828664	30.000000	NaN	NaN	123.028325	0.000000
318	Spectrogram 1	1	2400.010000	2400.140000	4000.000000	18000.000000	8000.000000	Trill	11.894640	28.486422	NaN	NaN	81.897155	0.000000
319	Spectrogram 1	1	2400.320000	2400.390000	4000.000000	18000.000000	8000.000000	Trill	10.518515	21.348491	NaN	NaN	156.923643	0.000000
320	Spectrogram 1	1	2417.340000	2417.380000	4000.000000	18000.000000	8000.000000	Trill	4.272665	12.782755	NaN	NaN	57.858804	0.000000
321	Spectrogram 1	1	2417.590000	2417.950000	4000.000000	18000.000000	8000.000000	Trill	10.008099	28.279034	NaN	NaN	92.864354	0.000000
322	Spectrogram 1	1	2418.010000	2419.930000	4000.000000	18000.000000	8000.000000	Twitter	6.389009	22.449731	NaN	NaN	39.415911	0.000000
323	Spectrogram 1	1	2423.670000	2423.720000	4000.000000	18000.000000	8000.000000	Sd-peep	9.524552	16.570223	NaN	NaN	79.561825	0.000000
324	Spectrogram 1	1	2423.820000	2424.830000	4000.000000	18000.000000	8000.000000	Trill	10.188888	25.499902	NaN	NaN	122.553178	0.000000
325	Spectrogram 1	1	2424.970000	2425.420000	4000.000000	18000.000000	8000.000000	Trill	12.483431	30.000000	NaN	NaN	154.214786	0.000000
326	Spectrogram 1	1	2448.330000	2448.360000	4000.000000	18000.000000	8000.000000	Sd-peep	7.733810	13.233378	NaN	NaN	37.801299	0.000000
327	Spectrogram 1	1	2450.710000	2450.740000	4000.000000	18000.000000	8000.000000	Sd-peep	7.523193	10.552482	NaN	NaN	35.613566	0.000000
328	Spectrogram 1	1	2450.810000	2450.850000	4000.000000	18000.000000	8000.000000	Sd-peep	7.249181	10.158044	NaN	NaN	29.582289	0.000000
329	Spectrogram 1	1	2453.270000	2454.040000	4000.000000	18000.000000	8000.000000	Trillphee	4.465625	21.734420	NaN	NaN	61.921454	0.000000
330	Spectrogram 1	1	2503.740000	2505.500000	4000.000000	18000.000000	8000.000000	Trill	6.807879	18.782808	NaN	NaN	78.593806	0.000000
331	Spectrogram 1	1	2520.920000	2522.170000	4000.000000	18000.000000	8000.000000	Trill	10.716394	30.000000	NaN	NaN	90.341156	0.000000
332	Spectrogram 1	1	2522.280000	2522.950000	4000.000000	18000.000000	8000.000000	Trill	9.870580	30.000000	NaN	NaN	76.278442	0.000000
333	Spectrogram 1	1	2523.080000	2523.660000	4000.000000	18000.000000	8000.000000	Trill	10.076605	30.000000	NaN	NaN	90.836771	0.000000
334	Spectrogram 1	1	2523.790000	2523.860000	4000.000000	18000.000000	8000.000000	Trill	10.640567	21.300274	NaN	NaN	92.834703	0.000000
335	Spectrogram 1	1	2525.890000	2525.930000	4000.000000	18000.000000	8000.000000	Trill	9.518666	12.117911	NaN	NaN	40.186662	0.000000
336	Spectrogram 1	1	2528.700000	2529.120000	4000.000000	18000.000000	8000.000000	Phee	4.835569	9.323910	NaN	NaN	35.358040	0.000000
337	Spectrogram 1	1	2529.210000	2529.250000	4000.000000	18000.000000	8000.000000	Trill	10.305402	14.145527	NaN	NaN	49.493486	0.000000
338	Spectrogram 1	1	2529.310000	2529.340000	4000.000000	18000.000000	8000.000000	Trill	6.494324	10.479249	NaN	NaN	37.799049	0.000000
339	Spectrogram 1	1	2529.930000	2530.040000	4000.000000	18000.000000	8000.000000	Phee	9.681004	16.309260	NaN	NaN	53.805189	0.000000
340	Spectrogram 1	1	2530.150000	2530.190000	4000.000000	18000.000000	8000.000000	Trillphee	12.774656	14.779762	NaN	NaN	54.172141	0.000000
341	Spectrogram 1	1	2530.490000	2530.660000	4000.000000	18000.000000	8000.000000	Sd-peep	7.633892	25.153399	NaN	NaN	44.120274	0.000000
342	Spectrogram 1	1	2530.740000	2530.780000	4000.000000	18000.000000	8000.000000	Trill	10.156321	12.808334	NaN	NaN	36.622524	0.000000
343	Spectrogram 1	1	2533.230000	2533.350000	4000.000000	18000.000000	8000.000000	Phee	10.669806	13.616341	NaN	NaN	39.712063	0.000000
344	Spectrogram 1	1	2533.420000	2533.470000	4000.000000	18000.000000	8000.000000	Trill	10.705617	14.738316	NaN	NaN	36.156621	0.000000
345	Spectrogram 1	1	2533.510000	2533.540000	4000.000000	18000.000000	8000.000000	Sd-peep	11.044589	16.497899	NaN	NaN	52.104082	0.000000
346	Spectrogram 1	1	2533.640000	2533.720000	4000.000000	18000.000000	8000.000000	Trillphee	4.099767	8.683713	NaN	NaN	42.062209	0.000000
347	Spectrogram 1	1	2536.610000	2536.640000	4000.000000	18000.000000	8000.000000	Trill	12.260645	15.382064	NaN	NaN	55.859487	0.000000
348	Spectrogram 1	1	2546.850000	2546.880000	4000.000000	18000.000000	8000.000000	Trill	8.056588	8.392083	NaN	NaN	41.073684	0.000000
349	Spectrogram 1	1	2548.250000	2548.290000	4000.000000	18000.000000	8000.000000	Phee	4.259444	6.651836	NaN	NaN	41.821998	0.000000
350	Spectrogram 1	1	2550.380000	2550.410000	4000.000000	18000.000000	8000.000000	Trill	8.132137	10.814189	NaN	NaN	48.673560	0.000000
351	Spectrogram 1	1	2554.360000	2555.150000	4000.000000	18000.000000	8000.000000	Trill	9.559610	30.000000	NaN	NaN	82.779811	0.000000
352	Spectrogram 1	1	2555.300000	2556.200000	4000.000000	18000.000000	8000.000000	Trill	9.542116	30.000000	NaN	NaN	108.344825	0.000000
353	Spectrogram 1	1	2556.340000	2556.980000	4000.000000	18000.000000	8000.000000	Trill	9.543667	30.000000	NaN	NaN	112.495178	0.000000
354	Spectrogram 1	1	2557.130000	2557.190000	4000.000000	18000.000000	8000.000000	Trill	8.933010	22.694960	NaN	NaN	115.158320	0.000000
355	Spectrogram 1	1	2561.040000	2561.220000	4000.000000	18000.000000	8000.000000	Sd-peep	6.401203	19.663186	NaN	NaN	39.844653	0.000000
356	Spectrogram 1	1	2562.510000	2562.650000	4000.000000	18000.000000	8000.000000	Sd-peep	8.991713	21.507369	NaN	NaN	58.018623	0.000000
357	Spectrogram 1	1	2562.780000	2563.530000	4000.000000	18000.000000	8000.000000	Trill	10.926105	30.000000	NaN	NaN	99.486863	0.000000
358	Spectrogram 1	1	2563.660000	2564.480000	4000.000000	18000.000000	8000.000000	Trill	9.434563	30.000000	NaN	NaN	68.341611	0.000000
359	Spectrogram 1	1	2564.600000	2565.180000	4000.000000	18000.000000	8000.000000	Trill	10.844294	30.000000	NaN	NaN	95.239497	0.000000
360	Spectrogram 1	1	2565.260000	2566.000000	4000.000000	18000.000000	8000.000000	Trill	6.515948	24.515886	NaN	NaN	64.323533	0.000000
361	Spectrogram 1	1	2568.550000	2568.610000	4000.000000	18000.000000	8000.000000	Phee	4.567670	7.853279	NaN	NaN	60.273384	0.000000
362	Spectrogram 1	1	2569.310000	2569.810000	4000.000000	18000.000000	8000.000000	Trill	8.954343	24.599725	NaN	NaN	53.549854	0.000000
363	Spectrogram 1	1	2580.830000	2580.940000	4000.000000	18000.000000	8000.000000	Sd-peep	8.966100	27.589228	NaN	NaN	50.742130	0.000000
364	Spectrogram 1	1	2581.010000	2581.050000	4000.000000	18000.000000	8000.000000	Trill	10.363460	12.244757	NaN	NaN	58.338387	0.000000
365	Spectrogram 1	1	2581.170000	2581.880000	4000.000000	18000.000000	8000.000000	Trill	11.440615	30.000000	NaN	NaN	90.752510	0.000000
366	Spectrogram 1	1	2582.060000	2582.700000	4000.000000	18000.000000	8000.000000	Trill	11.000623	30.000000	NaN	NaN	86.183087	0.000000
367	Spectrogram 1	1	2582.840000	2583.420000	4000.000000	18000.000000	8000.000000	Trill	10.992048	30.000000	NaN	NaN	99.568249	0.000000
368	Spectrogram 1	1	2583.530000	2584.160000	4000.000000	18000.000000	8000.000000	Trill	11.655453	30.000000	NaN	NaN	107.489974	0.000000
369	Spectrogram 1	1	2587.180000	2587.310000	4000.000000	18000.000000	8000.000000	Sd-peep	9.037542	26.034067	NaN	NaN	48.452004	0.000000
370	Spectrogram 1	1	2587.390000	2587.420000	4000.000000	18000.000000	8000.000000	Trill	15.015647	16.526154	NaN	NaN	89.499437	0.000000
371	Spectrogram 1	1	2587.580000	2587.930000	4000.000000	18000.000000	8000.000000	Trill	7.675156	19.114527	NaN	NaN	58.566033	0.000000
372	Spectrogram 1	1	2587.970000	2588.380000	4000.000000	18000.000000	8000.000000	Trill	9.400097	19.010517	NaN	NaN	49.207499	0.000000
373	Spectrogram 1	1	2588.440000	2588.560000	4000.000000	18000.000000	8000.000000	Sd-peep	13.002263	24.003403	NaN	NaN	97.634356	0.000000
374	Spectrogram 1	1	2588.660000	2588.760000	4000.000000	18000.000000	8000.000000	Sd-peep	11.989915	22.970834	NaN	NaN	90.380083	0.000000
375	Spectrogram 1	1	2588.900000	2589.000000	4000.000000	18000.000000	8000.000000	Sd-peep	11.739211	22.536307	NaN	NaN	56.916732	0.000000
376	Spectrogram 1	1	2589.140000	2589.210000	4000.000000	18000.000000	8000.000000	Sd-peep	8.886697	22.047858	NaN	NaN	49.755322	0.000000
377	Spectrogram 1	1	2589.270000	2589.570000	4000.000000	18000.000000	8000.000000	Trill	7.822357	20.106363	NaN	NaN	48.131927	0.000000
378	Spectrogram 1	1	2589.620000	2590.090000	4000.000000	18000.000000	8000.000000	Trill	5.970399	19.989531	NaN	NaN	34.754818	0.000000
379	Spectrogram 1	1	2590.250000	2590.340000	4000.000000	18000.000000	8000.000000	Sd-peep	11.241012	22.371298	NaN	NaN	59.897098	0.000000
380	Spectrogram 1	1	2590.400000	2590.430000	4000.000000	18000.000000	8000.000000	Trill	10.063138	9.347589	NaN	NaN	33.046175	0.000000
381	Spectrogram 1	1	2608.860000	2609.520000	4000.000000	18000.000000	8000.000000	Trill	14.500071	30.000000	NaN	NaN	115.934871	0.000000
382	Spectrogram 1	1	2609.620000	2610.180000	4000.000000	18000.000000	8000.000000	Trill	13.857256	30.000000	NaN	NaN	101.140095	0.000000
383	Spectrogram 1	1	2610.300000	2610.880000	4000.000000	18000.000000	8000.000000	Trill	13.511859	30.000000	NaN	NaN	100.634426	0.000000
384	Spectrogram 1	1	2610.980000	2611.840000	4000.000000	18000.000000	8000.000000	Trill	11.462081	26.776857	NaN	NaN	90.968830	0.000000
385	Spectrogram 1	1	2613.280000	2613.520000	4000.000000	18000.000000	8000.000000	Trill	6.576568	19.809626	NaN	NaN	53.272528	0.000000
386	Spectrogram 1	1	2615.000000	2617.700000	4000.000000	18000.000000	8000.000000	Sd-peep	11.622019	29.819763	NaN	NaN	50.717840	0.000000
387	Spectrogram 1	1	2617.790000	2618.410000	4000.000000	18000.000000	8000.000000	Trill	9.689229	22.678662	NaN	NaN	69.357877	0.000000
388	Spectrogram 1	1	2618.480000	2618.670000	4000.000000	18000.000000	8000.000000	Trill	5.621104	20.200770	NaN	NaN	60.923601	0.000000
389	Spectrogram 1	1	2618.730000	2619.220000	4000.000000	18000.000000	8000.000000	Trill	12.836085	28.864944	NaN	NaN	72.457092	0.000000
390	Spectrogram 1	1	2619.270000	2619.400000	4000.000000	18000.000000	8000.000000	Sd-peep	11.547477	25.768408	NaN	NaN	66.702147	0.000000
391	Spectrogram 1	1	2619.470000	2619.630000	4000.000000	18000.000000	8000.000000	Sd-peep	10.934671	22.003251	NaN	NaN	73.244272	0.000000
392	Spectrogram 1	1	2619.750000	2619.850000	4000.000000	18000.000000	8000.000000	Sd-peep	12.766041	26.470901	NaN	NaN	80.528323	0.000000
393	Spectrogram 1	1	2620.070000	2620.150000	4000.000000	18000.000000	8000.000000	Sd-peep	11.957863	26.548974	NaN	NaN	57.208409	0.000000
394	Spectrogram 1	1	2620.900000	2620.920000	4000.000000	18000.000000	8000.000000	Sd-peep	4.122972	8.777027	NaN	NaN	55.850438	0.000000
395	Spectrogram 1	1	2621.290000	2621.500000	4000.000000	18000.000000	8000.000000	Trill	10.585870	20.793407	NaN	NaN	57.297024	0.000000
396	Spectrogram 1	1	2621.780000	2621.970000	4000.000000	18000.000000	8000.000000	Trill	4.943832	15.640277	NaN	NaN	51.875063	0.000000
397	Spectrogram 1	1	2623.340000	2623.440000	4000.000000	18000.000000	8000.000000	Sd-peep	12.825601	21.960991	NaN	NaN	75.484219	0.000000
398	Spectrogram 1	1	2623.530000	2623.660000	4000.000000	18000.000000	8000.000000	Trill	15.875778	28.717971	NaN	NaN	105.923338	0.000000
399	Spectrogram 1	1	2623.850000	2624.270000	4000.000000	18000.000000	8000.000000	Trill	11.693696	23.033105	NaN	NaN	89.753598	0.000000
400	Spectrogram 1	1	2624.340000	2624.580000	4000.000000	18000.000000	8000.000000	Trill	13.974658	23.168230	NaN	NaN	103.056220	0.000000
401	Spectrogram 1	1	2624.710000	2624.820000	4000.000000	18000.000000	8000.000000	Trill	14.969008	24.525800	NaN	NaN	94.676807	0.000000
402	Spectrogram 1	1	2624.960000	2625.180000	4000.000000	18000.000000	8000.000000	Trill	6.697979	14.929911	NaN	NaN	60.377799	0.000000
403	Spectrogram 1	1	2625.430000	2625.540000	4000.000000	18000.000000	8000.000000	Trill	6.340437	13.071692	NaN	NaN	53.465733	0.000000
404	Spectrogram 1	1	2628.390000	2628.510000	4000.000000	18000.000000	8000.000000	Sd-peep	10.049853	24.489811	NaN	NaN	64.224784	0.000000
405	Spectrogram 1	1	2630.400000	2631.640000	4000.000000	18000.000000	8000.000000	Trill	7.589975	29.842562	NaN	NaN	69.153811	0.000000
406	Spectrogram 1	1	2632.880000	2633.040000	4000.000000	18000.000000	8000.000000	Sd-peep	9.808039	19.968622	NaN	NaN	56.087803	0.000000
407	Spectrogram 1	1	2637.770000	2638.940000	4000.000000	18000.000000	8000.000000	Trill	12.941133	29.783536	NaN	NaN	83.038926	0.000000
408	Spectrogram 1	1	2638.990000	2639.980000	4000.000000	18000.000000	8000.000000	Trill	10.031533	30.000000	NaN	NaN	75.061123	0.000000
409	Spectrogram 1	1	2640.010000	2640.310000	4000.000000	18000.000000	8000.000000	Trill	10.494867	27.860028	NaN	NaN	72.988158	0.000000
410	Spectrogram 1	1	2640.390000	2641.020000	4000.000000	18000.000000	8000.000000	Trill	11.918982	30.000000	NaN	NaN	89.505210	0.000000
411	Spectrogram 1	1	2641.060000	2641.590000	4000.000000	18000.000000	8000.000000	Trill	11.470560	30.000000	NaN	NaN	93.516772	0.000000
412	Spectrogram 1	1	2643.850000	2644.000000	4000.000000	18000.000000	8000.000000	Sd-peep	8.338966	24.648166	NaN	NaN	43.264544	0.000000
413	Spectrogram 1	1	2644.100000	2644.230000	4000.000000	18000.000000	8000.000000	Sd-peep	12.374208	24.582792	NaN	NaN	67.801171	0.000000
414	Spectrogram 1	1	2644.280000	2644.350000	4000.000000	18000.000000	8000.000000	Sd-peep	10.011977	23.349871	NaN	NaN	41.346362	0.000000
415	Spectrogram 1	1	2644.700000	2644.840000	4000.000000	18000.000000	8000.000000	Sd-peep	8.390213	21.904537	NaN	NaN	41.065144	0.000000
416	Spectrogram 1	1	2644.930000	2645.040000	4000.000000	18000.000000	8000.000000	Sd-peep	9.579727	23.966272	NaN	NaN	54.518945	0.000000
417	Spectrogram 1	1	2649.940000	2650.030000	4000.000000	18000.000000	8000.000000	Trill	6.288920	15.890750	NaN	NaN	52.735844	0.000000
418	Spectrogram 1	1	2651.330000	2651.440000	4000.000000	18000.000000	8000.000000	Sd-peep	13.562390	29.124690	NaN	NaN	76.209097	0.000000
419	Spectrogram 1	1	2651.480000	2652.510000	4000.000000	18000.000000	8000.000000	Trill	11.536429	26.722169	NaN	NaN	64.155184	0.000000
420	Spectrogram 1	1	2652.620000	2652.980000	4000.000000	18000.000000	8000.000000	Trill	15.642715	25.987786	NaN	NaN	141.498782	0.000000
421	Spectrogram 1	1	2653.030000	2653.660000	4000.000000	18000.000000	8000.000000	Trill	14.662974	30.000000	NaN	NaN	89.035173	0.000000
422	Spectrogram 1	1	2653.740000	2654.320000	4000.000000	18000.000000	8000.000000	Trill	15.187902	30.000000	NaN	NaN	73.125876	0.000000
423	Spectrogram 1	1	2654.410000	2655.050000	4000.000000	18000.000000	8000.000000	Trill	15.518674	30.000000	NaN	NaN	76.848395	0.000000
424	Spectrogram 1	1	2660.130000	2661.510000	4000.000000	18000.000000	8000.000000	Trill	11.911986	27.231444	NaN	NaN	56.161538	0.000000
425	Spectrogram 1	1	2661.670000	2661.770000	4000.000000	18000.000000	8000.000000	Sd-peep	12.164656	24.429961	NaN	NaN	97.969628	0.000000
426	Spectrogram 1	1	2663.920000	2663.980000	4000.000000	18000.000000	8000.000000	Trillphee	4.107089	18.033625	NaN	NaN	89.699549	0.000000
427	Spectrogram 1	1	2670.630000	2672.030000	4000.000000	18000.000000	8000.000000	Trill	7.976516	28.900466	NaN	NaN	57.107262	0.000000
428	Spectrogram 1	1	2672.200000	2673.540000	4000.000000	18000.000000	8000.000000	Trill	9.141781	29.401776	NaN	NaN	62.540161	0.000000
429	Spectrogram 1	1	2673.620000	2674.250000	4000.000000	18000.000000	8000.000000	Trill	9.066488	27.435355	NaN	NaN	79.619073	0.000000
430	Spectrogram 1	1	2677.990000	2678.130000	4000.000000	18000.000000	8000.000000	Sd-peep	8.804570	24.381477	NaN	NaN	46.850627	0.000000
431	Spectrogram 1	1	2678.220000	2678.260000	4000.000000	18000.000000	8000.000000	Trillphee	12.928004	14.846515	NaN	NaN	55.694536	0.000000
432	Spectrogram 1	1	2678.390000	2678.710000	4000.000000	18000.000000	8000.000000	Sd-peep	10.821411	22.821327	NaN	NaN	59.232563	0.000000
433	Spectrogram 1	1	2678.970000	2679.100000	4000.000000	18000.000000	8000.000000	Sd-peep	10.703474	22.675809	NaN	NaN	54.918390	0.000000
434	Spectrogram 1	1	2679.730000	2681.220000	4000.000000	18000.000000	8000.000000	Trill	8.219641	24.115846	NaN	NaN	46.856888	0.000000
435	Spectrogram 1	1	2683.080000	2683.800000	4000.000000	18000.000000	8000.000000	Trill	4.474998	13.570935	NaN	NaN	41.161423	0.000000
436	Spectrogram 1	1	2683.840000	2684.810000	4000.000000	18000.000000	8000.000000	Trill	4.283609	14.951975	NaN	NaN	38.061906	0.000000
437	Spectrogram 1	1	2684.870000	2685.090000	4000.000000	18000.000000	8000.000000	Trill	8.114702	22.757510	NaN	NaN	43.124703	0.000000
438	Spectrogram 1	1	2690.140000	2690.270000	4000.000000	18000.000000	8000.000000	Sd-peep	7.853262	30.920855	NaN	NaN	37.337922	0.000000
439	Spectrogram 1	1	2690.310000	2691.140000	4000.000000	18000.000000	8000.000000	Trill	11.033181	30.000000	NaN	NaN	73.096966	0.000000
440	Spectrogram 1	1	2691.200000	2691.390000	4000.000000	18000.000000	8000.000000	Trill	9.234145	23.019908	NaN	NaN	88.860438	0.000000
441	Spectrogram 1	1	2691.430000	2691.600000	4000.000000	18000.000000	8000.000000	Trill	9.581537	23.722346	NaN	NaN	77.289962	0.000000
442	Spectrogram 1	1	2691.660000	2692.030000	4000.000000	18000.000000	8000.000000	Trill	8.611865	21.696181	NaN	NaN	74.450972	0.000000
443	Spectrogram 1	1	2692.120000	2692.390000	4000.000000	18000.000000	8000.000000	Trill	4.667365	15.605318	NaN	NaN	50.436639	0.000000
444	Spectrogram 1	1	2692.430000	2692.710000	4000.000000	18000.000000	8000.000000	Trill	5.240995	15.186868	NaN	NaN	42.442856	0.000000
445	Spectrogram 1	1	2692.840000	2692.980000	4000.000000	18000.000000	8000.000000	Sd-peep	7.634051	20.595434	NaN	NaN	47.959460	0.000000
446	Spectrogram 1	1	2693.070000	2693.190000	4000.000000	18000.000000	8000.000000	Trill	6.802426	17.462533	NaN	NaN	59.887448	0.000000
447	Spectrogram 1	1	2693.320000	2693.850000	4000.000000	18000.000000	8000.000000	Trill	4.130054	12.008071	NaN	NaN	38.893271	0.000000
448	Spectrogram 1	1	2696.770000	2696.940000	4000.000000	18000.000000	8000.000000	Trillphee	5.065220	12.632258	NaN	NaN	53.694125	0.000000
449	Spectrogram 1	1	2724.730000	2724.970000	4000.000000	18000.000000	8000.000000	Trill	4.820910	21.687896	NaN	NaN	36.242434	0.000000
450	Spectrogram 1	1	2725.200000	2725.870000	4000.000000	18000.000000	8000.000000	Trill	9.450062	30.000000	NaN	NaN	99.635443	0.000000
451	Spectrogram 1	1	2725.970000	2727.510000	4000.000000	18000.000000	8000.000000	Trill	6.906434	27.423897	NaN	NaN	64.612476	0.000000
452	Spectrogram 1	1	2732.300000	2732.370000	4000.000000	18000.000000	8000.000000	Trill	4.921619	8.849103	NaN	NaN	36.058562	0.000000
453	Spectrogram 1	1	2732.680000	2733.910000	4000.000000	18000.000000	8000.000000	Trill	4.736643	20.071304	NaN	NaN	37.365692	0.000000
454	Spectrogram 1	1	2743.900000	2744.030000	4000.000000	18000.000000	8000.000000	Trillphee	5.105936	14.134487	NaN	NaN	52.499624	0.000000
455	Spectrogram 1	1	2745.380000	2745.430000	4000.000000	18000.000000	8000.000000	Trill	5.906693	10.003667	NaN	NaN	41.561236	0.000000
456	Spectrogram 1	1	2748.000000	2748.130000	4000.000000	18000.000000	8000.000000	Trillphee	4.094371	12.163451	NaN	NaN	45.942821	0.000000
457	Spectrogram 1	1	2751.530000	2751.620000	4000.000000	18000.000000	8000.000000	Trill	5.162711	13.601448	NaN	NaN	37.937526	0.000000
458	Spectrogram 1	1	2761.170000	2761.210000	4000.000000	18000.000000	8000.000000	Phee	4.601946	7.438875	NaN	NaN	48.458671	0.000000
459	Spectrogram 1	1	2768.230000	2768.340000	4000.000000	18000.000000	8000.000000	Sd-peep	7.253238	19.570860	NaN	NaN	72.875331	0.000000
460	Spectrogram 1	1	2768.450000	2768.770000	4000.000000	18000.000000	8000.000000	Trill	4.456578	13.014261	NaN	NaN	44.921017	0.000000
461	Spectrogram 1	1	2768.910000	2769.010000	4000.000000	18000.000000	8000.000000	Sd-peep	6.242824	17.232127	NaN	NaN	48.798931	0.000000
462	Spectrogram 1	1	2769.180000	2769.250000	4000.000000	18000.000000	8000.000000	Trill	5.921138	13.611009	NaN	NaN	47.219282	0.000000
463	Spectrogram 1	1	2817.160000	2817.190000	4000.000000	18000.000000	8000.000000	Sd-peep	4.306640	5.978773	NaN	NaN	32.240402	0.000000
464	Spectrogram 1	1	2821.730000	2822.450000	4000.000000	18000.000000	8000.000000	Trill	9.084682	25.025782	NaN	NaN	75.226695	0.000000
465	Spectrogram 1	1	2848.490000	2848.530000	4000.000000	18000.000000	8000.000000	Trillphee	4.984601	10.489762	NaN	NaN	74.185874	0.000000
466	Spectrogram 1	1	2884.070000	2884.140000	4000.000000	18000.000000	8000.000000	Phee	4.711814	7.690186	NaN	NaN	47.049745	0.000000
467	Spectrogram 1	1	2885.590000	2885.610000	4000.000000	18000.000000	8000.000000	Sd-peep	4.002494	13.897158	NaN	NaN	57.181382	0.000000
468	Spectrogram 1	1	2886.250000	2886.330000	4000.000000	18000.000000	8000.000000	Trill	4.097539	11.366453	NaN	NaN	47.008886	0.000000
469	Spectrogram 1	1	2888.590000	2888.670000	4000.000000	18000.000000	8000.000000	Phee	4.633087	9.368419	NaN	NaN	47.759488	0.000000
470	Spectrogram 1	1	2908.240000	2908.440000	4000.000000	18000.000000	8000.000000	Phee	4.523412	10.711656	NaN	NaN	39.315065	0.000000
471	Spectrogram 1	1	2919.690000	2919.760000	4000.000000	18000.000000	8000.000000	Phee	5.060725	23.316263	NaN	NaN	55.840403	0.000000
472	Spectrogram 1	1	2933.300000	2933.330000	4000.000000	18000.000000	8000.000000	Sd-peep	4.050950	6.173443	NaN	NaN	67.242459	0.000000
473	Spectrogram 1	1	2935.720000	2935.740000	4000.000000	18000.000000	8000.000000	Sd-peep	4.340523	10.933516	NaN	NaN	69.511167	0.000000
474	Spectrogram 1	1	2937.990000	2938.070000	4000.000000	18000.000000	8000.000000	Trillphee	13.160850	14.968147	NaN	NaN	48.299503	0.000000
475	Spectrogram 1	1	2978.370000	2978.420000	4000.000000	18000.000000	8000.000000	Sd-peep	4.777118	18.812458	NaN	NaN	75.873243	0.000000
476	Spectrogram 1	1	2978.510000	2978.530000	4000.000000	18000.000000	8000.000000	Sd-peep	8.985812	15.944278	NaN	NaN	96.224997	0.000000
477	Spectrogram 1	1	2980.290000	2980.340000	4000.000000	18000.000000	8000.000000	Trillphee	4.437851	11.723170	NaN	NaN	48.230993	0.000000
478	Spectrogram 1	1	2998.300000	2998.580000	4000.000000	18000.000000	8000.000000	Trill	5.427265	29.958802	NaN	NaN	149.132084	0.000000
479	Spectrogram 1	1	2998.620000	2998.890000	4000.000000	18000.000000	8000.000000	Trill	6.843468	30.000000	NaN	NaN	187.708088	0.000000
480	Spectrogram 1	1	3019.870000	3020.550000	4000.000000	18000.000000	8000.000000	Trill	13.947756	26.645143	NaN	NaN	82.627266	0.000000
481	Spectrogram 1	1	3023.240000	3024.270000	4000.000000	18000.000000	8000.000000	Trill	14.500811	30.000000	NaN	NaN	139.030015	0.000000
482	Spectrogram 1	1	3048.730000	3049.090000	4000.000000	18000.000000	8000.000000	Trill	19.024577	28.139962	NaN	NaN	171.393348	0.000000
483	Spectrogram 1	1	3060.680000	3060.720000	4000.000000	18000.000000	8000.000000	Trillphee	4.430725	10.967049	NaN	NaN	51.653712	0.000000
484	Spectrogram 1	1	3066.730000	3066.940000	4000.000000	18000.000000	8000.000000	Trillphee	5.816403	14.112535	NaN	NaN	31.631517	0.000000
485	Spectrogram 1	1	3086.860000	3086.880000	4000.000000	18000.000000	8000.000000	Sd-peep	6.146501	14.321732	NaN	NaN	57.101575	0.000000
486	Spectrogram 1	1	3090.080000	3090.580000	4000.000000	18000.000000	8000.000000	Trill	4.636977	12.022709	NaN	NaN	34.032037	0.000000
487	Spectrogram 1	1	3107.620000	3107.640000	4000.000000	18000.000000	8000.000000	Sd-peep	4.457232	10.776800	NaN	NaN	34.128329	0.000000
488	Spectrogram 1	1	3130.540000	3130.690000	4000.000000	18000.000000	8000.000000	Trill	4.373767	18.707299	NaN	NaN	67.214438	0.000000
489	Spectrogram 1	1	3184.450000	3184.510000	4000.000000	18000.000000	8000.000000	Phee	4.101115	7.821080	NaN	NaN	51.319764	0.000000
490	Spectrogram 1	1	3257.640000	3258.150000	4000.000000	18000.000000	8000.000000	Trill	4.497923	13.810445	NaN	NaN	33.742770	0.000000
491	Spectrogram 1	1	3258.870000	3259.000000	4000.000000	18000.000000	8000.000000	Twitter	7.126878	27.797093	NaN	NaN	74.356507	0.000000
492	Spectrogram 1	1	3259.050000	3260.160000	4000.000000	18000.000000	8000.000000	Twitter	5.870326	24.457107	NaN	NaN	37.269886	0.000000
493	Spectrogram 1	1	3260.200000	3260.240000	4000.000000	18000.000000	8000.000000	Trill	10.405921	16.417603	NaN	NaN	92.623588	0.000000
494	Spectrogram 1	1	3263.800000	3263.840000	4000.000000	18000.000000	8000.000000	Phee	5.756053	7.446719	NaN	NaN	41.774780	0.000000
495	Spectrogram 1	1	3264.140000	3264.160000	4000.000000	18000.000000	8000.000000	Sd-peep	7.557657	8.235456	NaN	NaN	29.112117	0.000000
496	Spectrogram 1	1	3265.380000	3265.400000	4000.000000	18000.000000	8000.000000	Sd-peep	6.630623	9.196474	NaN	NaN	32.797902	0.000000
497	Spectrogram 1	1	3267.100000	3267.160000	4000.000000	18000.000000	8000.000000	Trill	8.134928	9.242583	NaN	NaN	30.045664	0.000000
498	Spectrogram 1	1	3271.860000	3272.430000	4000.000000	18000.000000	8000.000000	Trill	16.206564	26.212402	NaN	NaN	131.121410	0.000000
499	Spectrogram 1	1	3288.050000	3288.250000	4000.000000	18000.000000	8000.000000	Trill	6.438971	17.198628	NaN	NaN	30.211907	0.000000
500	Spectrogram 1	1	3291.030000	3291.320000	4000.000000	18000.000000	8000.000000	Trill	4.203139	13.326621	NaN	NaN	41.899241	0.000000
501	Spectrogram 1	1	3291.810000	3291.940000	4000.000000	18000.000000	8000.000000	Phee	4.782735	11.289646	NaN	NaN	60.476006	0.000000
502	Spectrogram 1	1	3292.210000	3292.290000	4000.000000	18000.000000	8000.000000	Trill	4.378115	7.736474	NaN	NaN	35.288223	0.000000
503	Spectrogram 1	1	3309.250000	3309.300000	4000.000000	18000.000000	8000.000000	Trill	4.256754	7.387101	NaN	NaN	46.741237	0.000000
504	Spectrogram 1	1	3315.350000	3315.380000	4000.000000	18000.000000	8000.000000	Trill	7.046283	10.764765	NaN	NaN	31.957703	0.000000
505	Spectrogram 1	1	3324.240000	3324.320000	4000.000000	18000.000000	8000.000000	Trill	5.023210	18.844283	NaN	NaN	68.301774	0.000000
506	Spectrogram 1	1	3324.490000	3324.540000	4000.000000	18000.000000	8000.000000	Trill	4.297023	8.983172	NaN	NaN	50.485156	0.000000
507	Spectrogram 1	1	3327.800000	3327.960000	4000.000000	18000.000000	8000.000000	Trillphee	5.085065	12.639118	NaN	NaN	41.796113	0.000000
508	Spectrogram 1	1	3345.690000	3346.150000	4000.000000	18000.000000	8000.000000	Trill	5.159375	11.878640	NaN	NaN	61.215514	0.000000
509	Spectrogram 1	1	3358.610000	3358.760000	4000.000000	18000.000000	8000.000000	Trill	5.829279	17.750279	NaN	NaN	51.308177	0.000000
510	Spectrogram 1	1	3358.960000	3359.050000	4000.000000	18000.000000	8000.000000	Trillphee	5.424805	22.924301	NaN	NaN	102.421221	0.000000
511	Spectrogram 1	1	3408.900000	3408.920000	4000.000000	18000.000000	8000.000000	Sd-peep	7.375203	7.708143	NaN	NaN	30.630198	0.000000
512	Spectrogram 1	1	3412.150000	3412.180000	4000.000000	18000.000000	8000.000000	Sd-peep	8.396778	7.398425	NaN	NaN	28.973457	0.000000
513	Spectrogram 1	1	3416.920000	3417.410000	4000.000000	18000.000000	8000.000000	Trill	14.583253	24.953570	NaN	NaN	131.558906	0.000000
514	Spectrogram 1	1	3426.900000	3427.230000	4000.000000	18000.000000	8000.000000	Trill	16.245038	26.078201	NaN	NaN	161.962563	0.000000
515	Spectrogram 1	1	3429.310000	3429.340000	4000.000000	18000.000000	8000.000000	Trill	7.231533	8.080617	NaN	NaN	30.497144	0.000000
516	Spectrogram 1	1	3430.440000	3430.470000	4000.000000	18000.000000	8000.000000	Sd-peep	6.474841	7.253448	NaN	NaN	31.766623	0.000000
517	Spectrogram 1	1	3430.650000	3430.680000	4000.000000	18000.000000	8000.000000	Trill	8.485929	9.210925	NaN	NaN	35.014308	0.000000
518	Spectrogram 1	1	3433.580000	3433.620000	4000.000000	18000.000000	8000.000000	Trill	7.215396	11.459802	NaN	NaN	30.520646	0.000000
519	Spectrogram 1	1	3434.190000	3434.220000	4000.000000	18000.000000	8000.000000	Trill	8.790318	7.817183	NaN	NaN	29.812833	0.000000
520	Spectrogram 1	1	3434.290000	3434.320000	4000.000000	18000.000000	8000.000000	Trill	8.595278	7.623069	NaN	NaN	29.699889	0.000000
521	Spectrogram 1	1	3434.500000	3434.530000	4000.000000	18000.000000	8000.000000	Trill	8.750524	7.202002	NaN	NaN	28.939918	0.000000
522	Spectrogram 1	1	3435.010000	3435.050000	4000.000000	18000.000000	8000.000000	Trill	7.760276	7.958384	NaN	NaN	30.034205	0.000000
523	Spectrogram 1	1	3436.890000	3437.100000	4000.000000	18000.000000	8000.000000	Trill	16.129734	26.346489	NaN	NaN	154.149083	0.000000
524	Spectrogram 1	1	3438.430000	3438.490000	4000.000000	18000.000000	8000.000000	Trill	9.090600	11.845457	NaN	NaN	31.062022	0.000000
525	Spectrogram 1	1	3441.690000	3441.740000	4000.000000	18000.000000	8000.000000	Trill	8.664184	11.122623	NaN	NaN	39.194927	0.000000
526	Spectrogram 1	1	3442.450000	3442.900000	4000.000000	18000.000000	8000.000000	Trill	13.743717	24.287233	NaN	NaN	151.564345	0.000000
527	Spectrogram 1	1	3443.830000	3443.980000	4000.000000	18000.000000	8000.000000	Trill	9.235697	11.973598	NaN	NaN	29.058848	0.000000
528	Spectrogram 1	1	3444.250000	3444.270000	4000.000000	18000.000000	8000.000000	Sd-peep	6.255178	7.006857	NaN	NaN	31.449576	0.000000
529	Spectrogram 1	1	3444.310000	3444.360000	4000.000000	18000.000000	8000.000000	Trill	12.568644	14.694063	NaN	NaN	28.103350	0.000000
530	Spectrogram 1	1	3452.020000	3452.650000	4000.000000	18000.000000	8000.000000	Trill	15.299102	29.068329	NaN	NaN	180.384588	0.000000
531	Spectrogram 1	1	3452.770000	3453.220000	4000.000000	18000.000000	8000.000000	Trill	15.659818	30.000000	NaN	NaN	229.803676	0.000000
532	Spectrogram 1	1	3453.380000	3453.740000	4000.000000	18000.000000	8000.000000	Trill	14.761051	30.000000	NaN	NaN	206.145267	0.000000
533	Spectrogram 1	1	3456.770000	3456.800000	4000.000000	18000.000000	8000.000000	Trill	6.575038	7.123001	NaN	NaN	32.311099	0.000000
534	Spectrogram 1	1	3457.650000	3457.670000	4000.000000	18000.000000	8000.000000	Sd-peep	8.416853	8.780409	NaN	NaN	33.504648	0.000000
535	Spectrogram 1	1	3458.040000	3458.080000	4000.000000	18000.000000	8000.000000	Trill	7.184118	7.606852	NaN	NaN	31.791699	0.000000
536	Spectrogram 1	1	3462.390000	3462.420000	4000.000000	18000.000000	8000.000000	Trill	10.226135	9.290971	NaN	NaN	30.464014	0.000000
537	Spectrogram 1	1	3463.020000	3463.050000	4000.000000	18000.000000	8000.000000	Trill	6.521013	6.548661	NaN	NaN	30.289679	0.000000
538	Spectrogram 1	1	3463.710000	3463.750000	4000.000000	18000.000000	8000.000000	Trill	9.250563	8.022932	NaN	NaN	33.411619	0.000000
539	Spectrogram 1	1	3464.090000	3464.130000	4000.000000	18000.000000	8000.000000	Trill	9.651196	8.902753	NaN	NaN	29.196703	0.000000
540	Spectrogram 1	1	3464.190000	3464.240000	4000.000000	18000.000000	8000.000000	Trill	9.343091	8.648516	NaN	NaN	28.719503	0.000000
541	Spectrogram 1	1	3464.700000	3464.730000	4000.000000	18000.000000	8000.000000	Sd-peep	11.153263	10.811073	NaN	NaN	29.408397	0.000000
542	Spectrogram 1	1	3464.880000	3464.920000	4000.000000	18000.000000	8000.000000	Trill	10.180543	8.581097	NaN	NaN	28.427118	0.000000
543	Spectrogram 1	1	3465.090000	3465.130000	4000.000000	18000.000000	8000.000000	Trill	8.746496	8.334143	NaN	NaN	29.776301	0.000000
544	Spectrogram 1	1	3465.390000	3465.440000	4000.000000	18000.000000	8000.000000	Trillphee	7.559340	7.609933	NaN	NaN	29.485933	0.000000
545	Spectrogram 1	1	3474.310000	3474.340000	4000.000000	18000.000000	8000.000000	Trill	8.420444	13.123237	NaN	NaN	33.858436	0.000000
546	Spectrogram 1	1	3474.520000	3474.560000	4000.000000	18000.000000	8000.000000	Trill	6.092660	11.723842	NaN	NaN	33.013163	0.000000
547	Spectrogram 1	1	3475.510000	3475.530000	4000.000000	18000.000000	8000.000000	Sd-peep	10.823971	9.753916	NaN	NaN	31.655523	0.000000
548	Spectrogram 1	1	3479.330000	3479.460000	4000.000000	18000.000000	8000.000000	Trill	5.761978	8.188795	NaN	NaN	37.975688	0.000000
549	Spectrogram 1	1	3480.170000	3480.200000	4000.000000	18000.000000	8000.000000	Trill	7.676351	7.147328	NaN	NaN	30.428242	0.000000
550	Spectrogram 1	1	3481.100000	3481.130000	4000.000000	18000.000000	8000.000000	Trill	8.036560	8.325029	NaN	NaN	32.511673	0.000000
551	Spectrogram 1	1	3481.320000	3481.350000	4000.000000	18000.000000	8000.000000	Trill	7.691481	5.964969	NaN	NaN	29.609729	0.000000
552	Spectrogram 1	1	3493.310000	3493.360000	4000.000000	18000.000000	8000.000000	Trill	8.945600	12.558873	NaN	NaN	37.254572	0.000000
553	Spectrogram 1	1	3493.400000	3493.450000	4000.000000	18000.000000	8000.000000	Trill	13.309276	13.812249	NaN	NaN	31.002262	0.000000
554	Spectrogram 1	1	3494.440000	3495.080000	4000.000000	18000.000000	8000.000000	Trill	12.161819	27.807950	NaN	NaN	163.121468	0.000000
555	Spectrogram 1	1	3495.210000	3495.640000	4000.000000	18000.000000	8000.000000	Trill	16.154316	30.000000	NaN	NaN	232.976916	0.000000
556	Spectrogram 1	1	3495.770000	3496.210000	4000.000000	18000.000000	8000.000000	Trill	15.162997	29.241993	NaN	NaN	207.707096	0.000000
557	Spectrogram 1	1	3496.380000	3496.450000	4000.000000	18000.000000	8000.000000	Trill	4.797482	12.181432	NaN	NaN	72.236066	0.000000
558	Spectrogram 1	1	3544.440000	3544.730000	4000.000000	18000.000000	8000.000000	Trill	14.835019	22.565991	NaN	NaN	133.861360	0.000000
559	Spectrogram 1	1	3549.970000	3550.010000	4000.000000	18000.000000	8000.000000	Trill	12.093011	13.477558	NaN	NaN	30.531737	0.000000
560	Spectrogram 1	1	3553.110000	3553.550000	4000.000000	18000.000000	8000.000000	Trill	14.440008	25.858152	NaN	NaN	150.378917	0.000000
561	Spectrogram 1	1	3556.180000	3556.200000	4000.000000	18000.000000	8000.000000	Sd-peep	10.359666	10.545907	NaN	NaN	29.712411	0.000000
562	Spectrogram 1	1	3558.960000	3559.010000	4000.000000	18000.000000	8000.000000	Trill	11.532342	13.105954	NaN	NaN	29.945361	0.000000
563	Spectrogram 1	1	3559.100000	3559.140000	4000.000000	18000.000000	8000.000000	Phee	7.308882	10.298839	NaN	NaN	55.759810	0.000000
564	Spectrogram 1	1	3561.200000	3561.670000	4000.000000	18000.000000	8000.000000	Trill	17.471382	26.550939	NaN	NaN	166.377632	0.000000
565	Spectrogram 1	1	3576.370000	3576.400000	4000.000000	18000.000000	8000.000000	Trill	12.402080	14.974684	NaN	NaN	37.358265	0.000000
566	Spectrogram 1	1	3594.700000	3594.830000	4000.000000	18000.000000	8000.000000	Trill	7.957943	9.128072	NaN	NaN	30.181519	0.000000
567	Spectrogram 1	1	3594.900000	3594.930000	4000.000000	18000.000000	8000.000000	Phee	6.287971	6.131496	NaN	NaN	30.994750	0.000000
568	Spectrogram 1	1	3594.990000	3595.020000	4000.000000	18000.000000	8000.000000	Sd-peep	6.181595	6.838702	NaN	NaN	30.522671	0.000000
569	Spectrogram 1	1	3595.440000	3595.470000	4000.000000	18000.000000	8000.000000	Trill	11.547583	12.676391	NaN	NaN	36.554826	0.000000
570	Spectrogram 1	1	3600.100000	3600.410000	4000.000000	18000.000000	8000.000000	Trill	16.787195	26.343255	NaN	NaN	173.707511	0.000000
571	Spectrogram 1	1	3614.760000	3614.810000	4000.000000	18000.000000	8000.000000	Trill	5.347040	17.097212	NaN	NaN	50.885412	0.000000
572	Spectrogram 1	1	3661.760000	3661.810000	4000.000000	18000.000000	8000.000000	Phee	4.330174	6.888474	NaN	NaN	37.863704	0.000000
573	Spectrogram 1	1	3687.010000	3687.150000	4000.000000	18000.000000	8000.000000	Trill	4.844998	18.873351	NaN	NaN	77.162662	0.000000
574	Spectrogram 1	1	3688.110000	3688.130000	4000.000000	18000.000000	8000.000000	Sd-peep	4.890967	7.882387	NaN	NaN	44.546202	0.000000
575	Spectrogram 1	1	3692.850000	3692.890000	4000.000000	18000.000000	8000.000000	Phee	5.967080	6.341515	NaN	NaN	53.912833	0.000000
576	Spectrogram 1	1	3699.240000	3699.390000	4000.000000	18000.000000	8000.000000	Phee	4.441921	9.680417	NaN	NaN	58.798506	0.000000
577	Spectrogram 1	1	3703.140000	3704.180000	4000.000000	18000.000000	8000.000000	Trill	8.400665	30.000000	NaN	NaN	104.411233	0.000000
578	Spectrogram 1	1	3704.320000	3704.920000	4000.000000	18000.000000	8000.000000	Trill	8.983930	30.000000	NaN	NaN	118.774080	0.000000
579	Spectrogram 1	1	3704.990000	3705.260000	4000.000000	18000.000000	8000.000000	Trill	7.382495	15.588483	NaN	NaN	90.748697	0.000000
580	Spectrogram 1	1	3711.480000	3712.730000	4000.000000	18000.000000	8000.000000	Twitter	8.061502	22.446093	NaN	NaN	46.171238	0.000000
581	Spectrogram 1	1	3712.780000	3712.840000	4000.000000	18000.000000	8000.000000	Trill	9.091354	16.161917	NaN	NaN	93.154171	0.000000
582	Spectrogram 1	1	3712.920000	3712.970000	4000.000000	18000.000000	8000.000000	Trill	9.433372	15.499748	NaN	NaN	87.409413	0.000000
583	Spectrogram 1	1	3713.240000	3713.280000	4000.000000	18000.000000	8000.000000	Phee	5.033103	8.996293	NaN	NaN	41.333270	0.000000
584	Spectrogram 1	1	3716.990000	3717.040000	4000.000000	18000.000000	8000.000000	Phee	4.151894	6.490321	NaN	NaN	44.815856	0.000000
585	Spectrogram 1	1	3724.310000	3724.360000	4000.000000	18000.000000	8000.000000	Phee	4.425807	6.703796	NaN	NaN	49.192162	0.000000
586	Spectrogram 1	1	3734.010000	3734.050000	4000.000000	18000.000000	8000.000000	Phee	4.087760	7.271944	NaN	NaN	52.083786	0.000000
587	Spectrogram 1	1	3736.390000	3736.450000	4000.000000	18000.000000	8000.000000	Sd-peep	10.435261	23.912906	NaN	NaN	100.439571	0.000000
588	Spectrogram 1	1	3736.610000	3737.390000	4000.000000	18000.000000	8000.000000	Trill	9.685356	30.000000	NaN	NaN	122.235550	0.000000
589	Spectrogram 1	1	3737.560000	3738.430000	4000.000000	18000.000000	8000.000000	Trill	9.435493	30.000000	NaN	NaN	113.773691	0.000000
590	Spectrogram 1	1	3738.560000	3739.220000	4000.000000	18000.000000	8000.000000	Trill	10.121930	30.000000	NaN	NaN	125.467509	0.000000
591	Spectrogram 1	1	3739.320000	3739.960000	4000.000000	18000.000000	8000.000000	Trill	11.472040	30.000000	NaN	NaN	144.184360	0.000000
592	Spectrogram 1	1	3771.890000	3771.960000	4000.000000	18000.000000	8000.000000	Phee	4.729446	10.533321	NaN	NaN	36.297984	0.000000
