Selection	View	Channel	Begin Time (s)	End Time (s)	Low Freq (Hz)	High Freq (Hz)	Max Freq (Hz)	Call Type	Energy Diff	Energy Par	Energy Diff (wl)	Energy Par (wl)	AHR	Exception
1	Spectrogram 1	5	239.440000	239.640000	4000.000000	18000.000000	8000.000000	Trill	1.774612	9.634420	-4.818285	4.001205	30.903566	0.000000
2	Spectrogram 1	4	239.950000	239.980000	4000.000000	18000.000000	8000.000000	Trill	9.934599	14.789594	8.116836	11.674001	55.815225	0.000000
3	Spectrogram 1	5	242.160000	242.500000	4000.000000	18000.000000	8000.000000	Trill	6.674891	12.605571	-8.699041	11.072783	48.425680	0.000000
4	Spectrogram 1	4	243.080000	243.430000	4000.000000	18000.000000	8000.000000	Trill	4.962941	9.067945	7.186131	8.306461	34.959998	0.000000
5	Spectrogram 1	4	258.050000	258.120000	4000.000000	18000.000000	8000.000000	Trill	3.818741	8.236057	7.558869	7.631347	35.237701	0.000000
6	Spectrogram 1	4	258.190000	258.250000	4000.000000	18000.000000	8000.000000	Trill	2.235092	5.866153	4.877139	4.772690	30.915501	0.000000
7	Spectrogram 1	5	262.350000	262.410000	4000.000000	18000.000000	8000.000000	Sd-peep	8.978737	11.265362	-1.949538	-2.232325	29.497613	1.000000
8	Spectrogram 1	4	274.270000	274.500000	4000.000000	18000.000000	8000.000000	Trill	5.563476	9.493002	3.555428	3.644153	36.343083	0.000000
9	Spectrogram 1	4	275.310000	275.560000	4000.000000	18000.000000	8000.000000	Trill	5.773206	10.130447	6.245755	7.840223	37.885966	0.000000
10	Spectrogram 1	4	317.000000	317.070000	4000.000000	18000.000000	8000.000000	Trill	7.057313	10.230522	8.439544	11.387502	41.937530	0.000000
11	Spectrogram 1	4	328.380000	328.440000	4000.000000	18000.000000	8000.000000	Trill	5.785016	9.532364	7.317382	8.429129	42.162712	0.000000
12	Spectrogram 1	4	355.760000	355.820000	4000.000000	18000.000000	8000.000000	Sd-peep	8.615571	10.409507	1.005523	-3.057585	29.427627	1.000000
13	Spectrogram 1	5	357.110000	357.210000	4000.000000	18000.000000	8000.000000	Trill	7.872218	11.133505	-1.476186	1.006698	45.874707	1.000000
14	Spectrogram 1	4	357.570000	357.630000	4000.000000	18000.000000	8000.000000	Trill	8.490963	11.549452	3.976037	2.977587	49.601812	0.000000
15	Spectrogram 1	4	358.110000	358.200000	4000.000000	18000.000000	8000.000000	Trill	9.810129	15.025511	2.140674	-3.009210	30.624940	1.000000
16	Spectrogram 1	4	362.650000	362.900000	4000.000000	18000.000000	8000.000000	Trill	5.140259	8.891827	3.316271	4.957537	40.987514	0.000000
17	Spectrogram 1	4	365.480000	365.690000	4000.000000	18000.000000	8000.000000	Trill	4.082640	6.849540	5.926530	6.965899	33.089605	0.000000
18	Spectrogram 1	4	376.270000	376.330000	4000.000000	18000.000000	8000.000000	Trill	4.268849	7.424290	4.118263	6.196477	31.230953	0.000000
19	Spectrogram 1	5	382.960000	383.070000	4000.000000	18000.000000	8000.000000	Trill	5.495474	9.551836	-1.080306	5.679749	39.179857	0.000000
20	Spectrogram 1	5	383.110000	383.160000	4000.000000	18000.000000	8000.000000	Trill	3.954694	8.287720	-1.997559	6.755732	32.105476	0.000000
21	Spectrogram 1	4	386.600000	386.660000	4000.000000	18000.000000	8000.000000	Trill	6.163953	9.241107	2.202074	2.869302	38.392048	0.000000
22	Spectrogram 1	5	390.220000	390.300000	4000.000000	18000.000000	8000.000000	Trill	4.773025	8.644804	-2.364982	3.060229	36.701525	0.000000
23	Spectrogram 1	4	397.620000	397.700000	4000.000000	18000.000000	8000.000000	Trill	5.233007	8.990734	3.132590	4.102955	36.519930	0.000000
24	Spectrogram 1	5	399.000000	399.060000	4000.000000	18000.000000	8000.000000	Tse	8.506644	11.703329	-1.926985	-3.103906	28.347936	1.000000
25	Spectrogram 1	5	400.730000	400.890000	4000.000000	18000.000000	8000.000000	Trill	6.794183	11.093083	-2.733909	3.399268	43.483851	0.000000
26	Spectrogram 1	4	404.630000	404.700000	4000.000000	18000.000000	8000.000000	Trill	10.014852	14.058158	0.843899	1.444845	57.395795	1.000000
27	Spectrogram 1	5	405.220000	405.270000	4000.000000	18000.000000	8000.000000	Sd-peep	9.023992	10.867237	-3.198848	-0.242900	30.029579	1.000000
28	Spectrogram 1	4	414.130000	414.200000	4000.000000	18000.000000	8000.000000	Trill	5.335501	9.222442	2.814552	4.568918	40.763882	0.000000
29	Spectrogram 1	5	416.870000	416.970000	4000.000000	18000.000000	8000.000000	Trill	6.878275	10.365375	-1.613952	3.661847	45.810032	0.000000
30	Spectrogram 1	5	431.230000	431.420000	4000.000000	18000.000000	8000.000000	Trill	7.468492	11.591482	-9.718030	11.085793	42.274028	0.000000
31	Spectrogram 1	4	434.300000	434.390000	4000.000000	18000.000000	8000.000000	Trill	8.506803	13.903935	3.418275	-0.542671	33.346580	1.000000
32	Spectrogram 1	5	437.600000	437.650000	4000.000000	18000.000000	8000.000000	Phee	5.801391	15.452931	-3.037573	5.524771	68.867330	0.000000
33	Spectrogram 1	4	440.410000	440.660000	4000.000000	18000.000000	8000.000000	Trill	3.813964	8.025400	8.039483	7.541834	31.082826	0.000000
34	Spectrogram 1	5	441.210000	441.250000	4000.000000	18000.000000	8000.000000	Trill	9.100557	11.199162	-3.108598	-0.339201	32.300320	1.000000
35	Spectrogram 1	5	443.280000	443.380000	4000.000000	18000.000000	8000.000000	Trill	6.807325	10.711329	-3.127880	3.713069	37.421272	0.000000
36	Spectrogram 1	5	459.170000	459.240000	4000.000000	18000.000000	8000.000000	Trill	8.549306	12.816464	-3.252845	1.747123	56.064512	0.000000
37	Spectrogram 1	4	463.830000	463.910000	4000.000000	18000.000000	8000.000000	Trill	7.109498	9.646099	0.450179	-0.432206	38.847608	1.000000
38	Spectrogram 1	4	477.760000	477.920000	4000.000000	18000.000000	8000.000000	Trillphee	11.296644	12.893553	0.370075	-3.891293	30.052874	1.000000
39	Spectrogram 1	4	488.520000	488.570000	4000.000000	18000.000000	8000.000000	Trill	9.850600	11.605423	0.178561	-3.659981	32.834507	1.000000
40	Spectrogram 1	5	497.880000	498.010000	4000.000000	18000.000000	8000.000000	Trill	6.288992	10.403014	-8.113453	6.269086	42.653090	0.000000
41	Spectrogram 1	4	505.950000	506.050000	4000.000000	18000.000000	8000.000000	Trill	8.277038	13.555914	3.059224	-1.777669	28.352658	1.000000
42	Spectrogram 1	4	544.730000	544.810000	4000.000000	18000.000000	8000.000000	Trill	6.828081	9.578779	3.097902	3.692446	41.206136	0.000000
43	Spectrogram 1	5	555.800000	555.880000	4000.000000	18000.000000	8000.000000	Trill	7.916857	12.553035	-3.210394	5.963889	50.475825	0.000000
44	Spectrogram 1	5	558.930000	559.040000	4000.000000	18000.000000	8000.000000	Trill	6.659856	10.151434	-2.638602	4.320484	44.115227	0.000000
45	Spectrogram 1	4	563.690000	563.770000	4000.000000	18000.000000	8000.000000	Trill	4.993025	7.802397	2.622273	3.631273	36.965893	0.000000
46	Spectrogram 1	4	563.810000	563.880000	4000.000000	18000.000000	8000.000000	Trill	5.363244	7.907108	3.510357	3.660281	35.424262	0.000000
47	Spectrogram 1	5	564.330000	564.370000	4000.000000	18000.000000	8000.000000	Sd-peep	7.132598	8.414762	-0.919751	1.388516	28.220636	1.000000
48	Spectrogram 1	5	570.050000	570.160000	4000.000000	18000.000000	8000.000000	Trill	9.508760	13.470303	-3.053042	1.482126	31.486576	0.000000
49	Spectrogram 1	5	570.350000	570.490000	4000.000000	18000.000000	8000.000000	Trill	5.997516	10.219942	-5.972357	3.766457	40.102643	0.000000
50	Spectrogram 1	5	575.180000	575.260000	4000.000000	18000.000000	8000.000000	Trill	6.756035	10.623156	-4.538449	2.272331	43.830844	0.000000
51	Spectrogram 1	5	583.320000	583.490000	4000.000000	18000.000000	8000.000000	Sd-peep	8.540600	10.492235	-2.734694	-1.348864	30.859120	1.000000
52	Spectrogram 1	5	584.150000	584.230000	4000.000000	18000.000000	8000.000000	Trill	8.554483	12.084795	-0.538898	0.173736	41.714650	1.000000
53	Spectrogram 1	4	584.650000	584.700000	4000.000000	18000.000000	8000.000000	Trill	8.970047	10.646610	1.862755	-2.924162	31.632625	1.000000
54	Spectrogram 1	4	593.600000	593.660000	4000.000000	18000.000000	8000.000000	Sd-peep	8.905338	11.309083	4.881354	0.640228	31.465807	0.000000
55	Spectrogram 1	4	618.290000	618.410000	4000.000000	18000.000000	8000.000000	Trill	7.578467	11.196986	0.457820	0.738079	44.851068	1.000000
56	Spectrogram 1	4	634.640000	634.690000	4000.000000	18000.000000	8000.000000	Sd-peep	9.925904	11.527361	2.534104	-0.948040	29.164885	1.000000
57	Spectrogram 1	5	635.640000	635.770000	4000.000000	18000.000000	8000.000000	Trill	8.051398	13.065517	-4.862502	5.322468	54.075840	0.000000
58	Spectrogram 1	4	646.020000	646.110000	4000.000000	18000.000000	8000.000000	Trill	4.166700	7.656618	2.629661	3.979680	34.445762	0.000000
59	Spectrogram 1	5	647.300000	647.330000	4000.000000	18000.000000	8000.000000	Trill	8.268306	9.875851	-1.868530	0.701429	28.157629	1.000000
60	Spectrogram 1	4	672.060000	672.160000	4000.000000	18000.000000	8000.000000	Trill	5.328647	9.610369	2.765185	3.827832	44.212522	0.000000
61	Spectrogram 1	4	746.220000	746.260000	4000.000000	18000.000000	8000.000000	Sd-peep	8.951642	11.023421	4.575656	-0.737887	28.351140	1.000000
62	Spectrogram 1	5	751.730000	751.800000	4000.000000	18000.000000	8000.000000	Trill	5.311789	9.800864	-4.452037	5.886905	40.169953	0.000000
63	Spectrogram 1	4	781.380000	781.470000	4000.000000	18000.000000	8000.000000	Trill	4.706489	8.836249	7.087211	7.308392	37.673984	0.000000
64	Spectrogram 1	5	785.320000	785.410000	4000.000000	18000.000000	8000.000000	Trill	5.117944	9.517842	-7.297733	8.500202	34.636893	0.000000
65	Spectrogram 1	4	788.760000	788.850000	4000.000000	18000.000000	8000.000000	Trill	8.537511	14.626712	3.303947	-0.819454	28.886880	1.000000
66	Spectrogram 1	4	795.310000	795.640000	4000.000000	18000.000000	8000.000000	Trill	5.965000	9.515233	7.172071	7.990823	44.679038	0.000000
67	Spectrogram 1	5	801.610000	801.720000	4000.000000	18000.000000	8000.000000	Trill	8.039666	11.871171	-7.098604	3.801803	46.767358	0.000000
68	Spectrogram 1	5	817.010000	817.130000	4000.000000	18000.000000	8000.000000	Trill	9.905431	14.339055	-2.021377	3.256748	63.476099	0.000000
69	Spectrogram 1	4	848.640000	848.830000	4000.000000	18000.000000	8000.000000	Trill	6.148000	10.404641	1.876782	3.295369	41.285986	0.000000
70	Spectrogram 1	4	868.610000	868.670000	4000.000000	18000.000000	8000.000000	Trill	9.399097	12.757953	2.823754	-1.482298	30.222658	1.000000
71	Spectrogram 1	5	879.950000	879.980000	4000.000000	18000.000000	8000.000000	Trill	6.060295	9.785716	-2.437912	3.351065	48.452251	0.000000
72	Spectrogram 1	5	884.650000	884.760000	4000.000000	18000.000000	8000.000000	Trill	7.895003	12.870969	-1.977833	5.236010	52.578103	0.000000
73	Spectrogram 1	5	891.970000	892.100000	4000.000000	18000.000000	8000.000000	Trill	4.811289	8.555643	-3.885487	5.532678	35.001214	0.000000
74	Spectrogram 1	4	892.940000	893.020000	4000.000000	18000.000000	8000.000000	Trill	3.036237	7.105580	9.184141	9.723449	35.808386	0.000000
75	Spectrogram 1	5	894.190000	894.270000	4000.000000	18000.000000	8000.000000	Sd-peep	8.108057	10.357614	-0.736638	-0.021740	28.128377	1.000000
76	Spectrogram 1	4	904.700000	904.780000	4000.000000	18000.000000	8000.000000	Trill	3.021479	6.268298	5.505435	4.062237	28.217351	0.000000
77	Spectrogram 1	4	907.450000	907.540000	4000.000000	18000.000000	8000.000000	Trill	9.812267	16.203605	5.991557	0.801448	32.612679	0.000000
78	Spectrogram 1	5	919.860000	919.930000	4000.000000	18000.000000	8000.000000	Trill	6.148532	9.250203	-1.743365	3.063639	36.341782	0.000000
79	Spectrogram 1	5	921.730000	921.960000	4000.000000	18000.000000	8000.000000	Trill	7.716913	10.369573	-3.414057	3.900843	42.909070	0.000000
80	Spectrogram 1	4	927.860000	927.930000	4000.000000	18000.000000	8000.000000	Trill	8.412473	12.352660	0.598309	3.434105	56.158913	1.000000
81	Spectrogram 1	5	948.500000	948.610000	4000.000000	18000.000000	8000.000000	Trill	7.192583	10.996269	-2.323367	2.386531	42.235086	0.000000
82	Spectrogram 1	5	960.020000	960.390000	4000.000000	18000.000000	8000.000000	Phee	7.231824	30.591480	-1.158691	14.602230	108.301305	0.000000
83	Spectrogram 1	5	969.020000	969.140000	4000.000000	18000.000000	8000.000000	Trill	9.024291	13.746032	-3.275868	4.354483	48.073711	0.000000
84	Spectrogram 1	5	969.180000	969.240000	4000.000000	18000.000000	8000.000000	Sd-peep	6.913806	9.973632	-0.853169	2.132332	40.498460	1.000000
85	Spectrogram 1	4	978.880000	979.040000	4000.000000	18000.000000	8000.000000	Trill	7.526211	11.509464	1.361355	-0.402685	35.066576	1.000000
86	Spectrogram 1	4	991.120000	991.280000	4000.000000	18000.000000	8000.000000	Sd-peep	7.269862	16.682271	2.760295	-1.095634	64.631837	1.000000
87	Spectrogram 1	4	994.820000	994.930000	4000.000000	18000.000000	8000.000000	Trill	9.487900	14.082721	3.668079	0.624955	36.685127	1.000000
88	Spectrogram 1	4	996.990000	997.070000	4000.000000	18000.000000	8000.000000	Sd-peep	8.118213	9.948308	0.133804	-0.558231	28.610457	1.000000
89	Spectrogram 1	4	1002.000000	1002.060000	4000.000000	18000.000000	8000.000000	Sd-peep	9.198158	10.250975	2.220577	-0.205436	28.429198	1.000000
90	Spectrogram 1	4	1007.340000	1007.870000	4000.000000	18000.000000	8000.000000	Trillphee	4.702405	8.848979	5.460940	1.541036	53.180485	0.000000
91	Spectrogram 1	4	1015.610000	1015.720000	4000.000000	18000.000000	8000.000000	Trill	4.966849	7.625173	11.064177	4.066825	31.928241	0.000000
92	Spectrogram 1	5	1044.100000	1044.150000	4000.000000	18000.000000	8000.000000	Trill	7.138106	10.477622	-1.662258	-0.167698	37.262713	1.000000
93	Spectrogram 1	5	1057.750000	1057.860000	4000.000000	18000.000000	8000.000000	Trill	7.475744	11.767475	-3.730449	6.247383	50.375492	0.000000
94	Spectrogram 1	5	1075.850000	1075.960000	4000.000000	18000.000000	8000.000000	Trill	7.495129	11.403587	-2.931775	1.960680	49.868082	0.000000
95	Spectrogram 1	4	1118.530000	1118.810000	4000.000000	18000.000000	8000.000000	Trill	5.093580	8.880595	4.720792	2.171800	36.072300	0.000000
96	Spectrogram 1	5	1129.690000	1129.810000	4000.000000	18000.000000	8000.000000	Trill	7.478540	11.146672	-1.045826	2.821876	47.249355	1.000000
97	Spectrogram 1	5	1144.990000	1145.120000	4000.000000	18000.000000	8000.000000	Trill	8.711209	13.373241	-3.357302	4.565724	41.431839	0.000000
98	Spectrogram 1	5	1157.290000	1157.430000	4000.000000	18000.000000	8000.000000	Trill	6.317395	15.972441	-5.975607	7.974443	66.475551	0.000000
99	Spectrogram 1	5	1163.770000	1163.880000	4000.000000	18000.000000	8000.000000	Twitter	7.170845	18.310728	-0.862262	3.619214	75.358014	1.000000
100	Spectrogram 1	5	1177.250000	1177.370000	4000.000000	18000.000000	8000.000000	Trill	5.592374	9.220241	-4.675289	3.095055	36.522641	0.000000
101	Spectrogram 1	5	1179.090000	1179.180000	4000.000000	18000.000000	8000.000000	Sd-peep	7.329442	11.704811	-3.620338	4.713305	46.748876	0.000000
102	Spectrogram 1	4	1201.920000	1202.050000	4000.000000	18000.000000	8000.000000	Trillphee	8.920318	12.195509	2.397166	-1.629733	28.558822	1.000000
103	Spectrogram 1	5	1251.860000	1251.960000	4000.000000	18000.000000	8000.000000	Sd-peep	7.800904	10.993011	-1.918139	-1.381263	30.364613	1.000000
104	Spectrogram 1	4	1271.800000	1271.910000	4000.000000	18000.000000	8000.000000	Trill	8.457881	14.102960	2.535982	0.736401	32.510363	1.000000
105	Spectrogram 1	5	1282.720000	1282.810000	4000.000000	18000.000000	8000.000000	Trill	6.548113	10.315955	-5.469877	7.411158	44.309440	0.000000
106	Spectrogram 1	4	1291.120000	1291.310000	4000.000000	18000.000000	8000.000000	Trill	3.512190	7.493663	3.931214	4.937500	32.227247	0.000000
107	Spectrogram 1	5	1361.390000	1361.500000	4000.000000	18000.000000	8000.000000	Trill	3.897067	8.349447	-2.364071	4.782676	40.764708	0.000000
108	Spectrogram 1	5	1366.720000	1366.780000	4000.000000	18000.000000	8000.000000	Trill	6.473971	10.733528	-2.198681	4.759414	49.374804	0.000000
109	Spectrogram 1	5	1371.240000	1371.290000	4000.000000	18000.000000	8000.000000	Trill	7.300544	9.223688	-2.672511	4.349106	35.316247	0.000000
110	Spectrogram 1	5	1371.390000	1371.440000	4000.000000	18000.000000	8000.000000	Trill	4.295370	6.682436	-3.666627	5.053992	30.567492	0.000000
111	Spectrogram 1	4	1407.410000	1407.470000	4000.000000	18000.000000	8000.000000	Trill	4.592341	7.741164	2.380629	3.944573	42.502950	0.000000
112	Spectrogram 1	4	1459.330000	1459.440000	4000.000000	18000.000000	8000.000000	Trill	7.574707	12.310196	2.195730	5.387011	55.506446	0.000000
113	Spectrogram 1	5	1559.170000	1559.250000	4000.000000	18000.000000	8000.000000	Trill	4.167375	7.603361	-2.769043	5.932751	40.304127	0.000000
114	Spectrogram 1	4	1576.290000	1576.610000	4000.000000	18000.000000	8000.000000	Trill	5.256852	9.177220	2.459157	3.799528	39.997980	0.000000
115	Spectrogram 1	5	1577.280000	1577.380000	4000.000000	18000.000000	8000.000000	Trill	4.806131	11.144118	-9.972873	12.741031	38.889848	0.000000
116	Spectrogram 1	4	1629.060000	1629.240000	4000.000000	18000.000000	8000.000000	Trill	8.358215	12.233694	3.268260	5.343130	57.163060	0.000000
117	Spectrogram 1	4	1632.880000	1632.950000	4000.000000	18000.000000	8000.000000	Trill	5.446841	8.628183	2.684437	4.736023	36.486619	0.000000
118	Spectrogram 1	4	1742.090000	1742.160000	4000.000000	18000.000000	8000.000000	Trill	3.523650	8.321344	5.611852	7.967321	32.854989	0.000000
119	Spectrogram 1	4	1776.030000	1776.130000	4000.000000	18000.000000	8000.000000	Trill	8.238748	11.890782	3.005095	6.149768	50.045845	0.000000
120	Spectrogram 1	4	1843.770000	1844.090000	4000.000000	18000.000000	8000.000000	Trill	8.952398	12.156642	1.619972	4.421007	58.595862	0.000000
121	Spectrogram 1	4	1860.340000	1860.690000	4000.000000	18000.000000	8000.000000	Trill	4.688416	7.567747	5.589253	8.732091	35.075434	0.000000
122	Spectrogram 1	5	1877.500000	1877.600000	4000.000000	18000.000000	8000.000000	Trill	6.660088	12.787043	-10.960633	13.144589	47.248058	0.000000
123	Spectrogram 1	5	1877.650000	1877.900000	4000.000000	18000.000000	8000.000000	Trill	4.874736	8.669163	-9.847527	10.610154	32.826725	0.000000
124	Spectrogram 1	5	1878.850000	1878.980000	4000.000000	18000.000000	8000.000000	Trill	5.205308	9.303050	-9.737926	12.018379	35.369279	0.000000
125	Spectrogram 1	5	1884.150000	1884.250000	4000.000000	18000.000000	8000.000000	Trill	4.940268	9.092060	-10.582058	11.818288	31.015008	0.000000
126	Spectrogram 1	5	1884.320000	1884.370000	4000.000000	18000.000000	8000.000000	Trill	4.562862	6.568786	-6.991609	7.687881	29.110171	0.000000
127	Spectrogram 1	4	1884.980000	1885.070000	4000.000000	18000.000000	8000.000000	Trill	0.598668	7.198110	8.074014	9.423517	28.970720	0.000000
128	Spectrogram 1	4	1894.300000	1894.400000	4000.000000	18000.000000	8000.000000	Trill	3.851562	6.934006	7.722237	7.721105	28.469080	0.000000
129	Spectrogram 1	4	1901.190000	1901.450000	4000.000000	18000.000000	8000.000000	Trill	5.253519	9.034324	2.948736	5.111098	37.930013	0.000000
130	Spectrogram 1	4	1906.460000	1906.850000	4000.000000	18000.000000	8000.000000	Trill	8.240551	13.366434	2.545374	4.667513	60.322312	0.000000
131	Spectrogram 1	5	1909.490000	1909.580000	4000.000000	18000.000000	8000.000000	Trill	5.558402	11.235191	-7.323149	10.424291	32.713508	0.000000
132	Spectrogram 1	4	1910.780000	1910.880000	4000.000000	18000.000000	8000.000000	Trill	7.466046	11.193993	5.345133	6.993577	54.391307	0.000000
133	Spectrogram 1	5	1912.680000	1912.790000	4000.000000	18000.000000	8000.000000	Trill	7.678648	13.334377	-9.660994	12.548669	47.906629	0.000000
134	Spectrogram 1	4	1921.570000	1921.680000	4000.000000	18000.000000	8000.000000	Trill	7.870385	11.406101	0.331142	1.892905	47.939306	1.000000
135	Spectrogram 1	4	1924.460000	1924.750000	4000.000000	18000.000000	8000.000000	Trill	4.207649	7.288522	3.024639	4.037874	32.965375	0.000000
136	Spectrogram 1	5	1992.260000	1992.340000	4000.000000	18000.000000	8000.000000	Trill	7.312618	12.053772	-6.479961	11.581103	35.196333	0.000000
137	Spectrogram 1	4	2000.970000	2001.050000	4000.000000	18000.000000	8000.000000	Trill	4.650941	9.850759	2.900156	4.537639	36.147215	0.000000
138	Spectrogram 1	5	2020.030000	2020.080000	4000.000000	18000.000000	8000.000000	Trill	8.140470	11.502871	-12.472569	14.712814	45.889589	0.000000
139	Spectrogram 1	4	2022.080000	2022.290000	4000.000000	18000.000000	8000.000000	Trill	4.753059	8.039469	3.311878	5.060483	33.194813	0.000000
140	Spectrogram 1	4	2046.440000	2046.690000	4000.000000	18000.000000	8000.000000	Trill	5.621738	8.761177	4.077038	5.544476	38.577031	0.000000
141	Spectrogram 1	5	2052.330000	2052.430000	4000.000000	18000.000000	8000.000000	Trill	7.225410	10.891702	-7.683026	6.453287	37.111443	0.000000
142	Spectrogram 1	5	2053.120000	2053.190000	4000.000000	18000.000000	8000.000000	Trill	9.520125	12.434910	-1.287991	0.118324	33.811712	1.000000
143	Spectrogram 1	5	2059.060000	2059.200000	4000.000000	18000.000000	8000.000000	Trill	8.878287	11.618148	-0.810492	1.768278	42.383547	1.000000
144	Spectrogram 1	5	2216.680000	2216.810000	4000.000000	18000.000000	8000.000000	Trill	4.692988	9.480416	-3.443742	7.543285	39.150485	0.000000
145	Spectrogram 1	4	2223.440000	2223.540000	4000.000000	18000.000000	8000.000000	Trill	3.741471	7.378713	5.359658	6.778116	36.805590	0.000000
146	Spectrogram 1	4	2287.690000	2287.750000	4000.000000	18000.000000	8000.000000	Trill	4.958173	8.972878	5.592737	6.794167	38.987550	0.000000
147	Spectrogram 1	4	2290.660000	2290.730000	4000.000000	18000.000000	8000.000000	Trill	3.841629	7.754540	9.430621	12.213318	32.757083	0.000000
148	Spectrogram 1	4	2365.360000	2365.450000	4000.000000	18000.000000	8000.000000	Trill	6.529804	10.285739	2.561427	4.323699	45.330552	0.000000
149	Spectrogram 1	5	2408.030000	2408.280000	4000.000000	18000.000000	8000.000000	Trill	4.990349	9.070984	-4.730641	3.961371	33.969337	0.000000
150	Spectrogram 1	4	2408.750000	2408.990000	4000.000000	18000.000000	8000.000000	Trill	4.150405	9.657378	3.031995	3.777582	44.169138	0.000000
151	Spectrogram 1	4	2410.490000	2410.750000	4000.000000	18000.000000	8000.000000	Trill	4.478665	8.444877	5.409298	6.130141	37.943878	0.000000
152	Spectrogram 1	4	2435.070000	2435.180000	4000.000000	18000.000000	8000.000000	Trill	7.097338	10.261511	4.121804	6.737962	48.917558	0.000000
153	Spectrogram 1	4	2435.220000	2435.270000	4000.000000	18000.000000	8000.000000	Trill	7.777985	10.179452	2.722420	4.124458	52.332543	0.000000
154	Spectrogram 1	4	2446.810000	2446.900000	4000.000000	18000.000000	8000.000000	Trill	7.311768	11.056619	2.685222	4.770598	50.848494	0.000000
155	Spectrogram 1	5	2548.290000	2549.570000	4000.000000	18000.000000	8000.000000	Phee	3.324670	25.977354	-1.073798	11.160305	54.718098	0.000000
156	Spectrogram 1	5	2553.990000	2554.270000	4000.000000	18000.000000	8000.000000	Trill	5.458094	10.871927	-4.149307	7.026118	38.311401	0.000000
157	Spectrogram 1	4	2555.540000	2556.010000	4000.000000	18000.000000	8000.000000	Trill	6.084030	13.988601	4.558496	5.703293	52.743282	0.000000
158	Spectrogram 1	5	2557.090000	2557.170000	4000.000000	18000.000000	8000.000000	Trill	7.170978	13.284662	-11.117416	14.668832	45.566683	0.000000
159	Spectrogram 1	5	2557.210000	2557.270000	4000.000000	18000.000000	8000.000000	Trill	1.229653	6.987871	-7.851261	9.961344	30.127386	0.000000
160	Spectrogram 1	4	2558.420000	2558.730000	4000.000000	18000.000000	8000.000000	Trill	3.564959	8.430714	7.697942	8.158911	37.497467	0.000000
161	Spectrogram 1	5	2562.220000	2562.330000	4000.000000	18000.000000	8000.000000	Twitter	6.977362	17.377237	-5.974455	5.923812	83.779075	0.000000
162	Spectrogram 1	5	2579.020000	2579.100000	4000.000000	18000.000000	8000.000000	Trill	5.756217	10.031610	-2.798935	2.240095	34.641080	0.000000
163	Spectrogram 1	5	2581.080000	2581.560000	4000.000000	18000.000000	8000.000000	Trill	7.864496	14.005663	-2.374815	8.547472	58.584775	0.000000
164	Spectrogram 1	5	2596.790000	2596.860000	4000.000000	18000.000000	8000.000000	Trill	5.889193	9.992703	-3.502971	2.581782	31.909942	0.000000
165	Spectrogram 1	5	2600.960000	2601.030000	4000.000000	18000.000000	8000.000000	Trill	3.573122	9.247138	-2.473307	4.299913	34.154520	0.000000
166	Spectrogram 1	5	2602.610000	2602.660000	4000.000000	18000.000000	8000.000000	Trill	4.913562	9.466786	-3.499857	4.376121	28.673593	0.000000
167	Spectrogram 1	5	2611.940000	2612.020000	4000.000000	18000.000000	8000.000000	Trill	4.847275	9.646801	-3.562884	5.296669	34.301928	0.000000
168	Spectrogram 1	4	2652.460000	2652.570000	4000.000000	18000.000000	8000.000000	Trill	8.630668	13.184286	0.009955	2.233008	56.365433	1.000000
169	Spectrogram 1	4	2658.440000	2658.490000	4000.000000	18000.000000	8000.000000	Trill	8.928440	15.270924	10.751305	13.723780	55.182602	0.000000
170	Spectrogram 1	4	2658.540000	2658.630000	4000.000000	18000.000000	8000.000000	Trill	6.736674	13.321756	7.001891	9.588156	53.936422	0.000000
171	Spectrogram 1	4	2658.700000	2658.730000	4000.000000	18000.000000	8000.000000	Tse	7.114769	12.275823	7.788926	8.970995	46.936403	0.000000
172	Spectrogram 1	5	2661.140000	2661.460000	4000.000000	18000.000000	8000.000000	Trill	5.577050	9.890389	-7.444966	8.285449	38.007235	0.000000
173	Spectrogram 1	5	2670.020000	2670.110000	4000.000000	18000.000000	8000.000000	Sd-peep	9.983244	14.126356	-7.551691	10.038107	50.371209	0.000000
174	Spectrogram 1	5	2675.800000	2675.870000	4000.000000	18000.000000	8000.000000	Sd-peep	8.381907	11.149517	-3.672690	-0.387565	38.723657	1.000000
175	Spectrogram 1	5	2683.490000	2683.650000	4000.000000	18000.000000	8000.000000	Trill	5.705957	16.604960	-8.479132	11.544195	64.002407	0.000000
176	Spectrogram 1	5	2688.750000	2688.810000	4000.000000	18000.000000	8000.000000	Trill	7.449447	9.699881	-2.574319	-1.196591	29.099466	1.000000
177	Spectrogram 1	4	2689.700000	2689.980000	4000.000000	18000.000000	8000.000000	Trill	6.170660	9.807868	2.196423	2.706506	43.343320	0.000000
178	Spectrogram 1	4	2696.910000	2697.120000	4000.000000	18000.000000	8000.000000	Trill	2.320104	6.943338	4.384046	5.893749	29.936777	0.000000
179	Spectrogram 1	5	2703.030000	2703.110000	4000.000000	18000.000000	8000.000000	Trill	6.684711	11.712999	-1.303433	3.889933	42.036674	0.000000
180	Spectrogram 1	4	2721.940000	2722.200000	4000.000000	18000.000000	8000.000000	Trill	7.500586	12.656261	2.114897	2.001328	52.870645	1.000000
181	Spectrogram 1	5	2726.100000	2726.150000	4000.000000	18000.000000	8000.000000	Sd-peep	9.765798	11.796233	-0.630218	-1.898751	41.930995	1.000000
182	Spectrogram 1	5	2726.890000	2727.260000	4000.000000	18000.000000	8000.000000	Trill	6.061841	9.774786	-3.102760	3.249613	38.882568	0.000000
183	Spectrogram 1	4	2728.250000	2728.470000	4000.000000	18000.000000	8000.000000	Trill	7.118077	11.279202	0.428932	1.052949	44.556777	1.000000
184	Spectrogram 1	4	2729.890000	2729.980000	4000.000000	18000.000000	8000.000000	Trill	7.995522	13.095067	3.129557	-0.009436	30.439716	1.000000
185	Spectrogram 1	5	2740.170000	2740.380000	4000.000000	18000.000000	8000.000000	Trill	5.893300	8.778035	-2.647479	4.406604	35.857932	0.000000
186	Spectrogram 1	4	2743.950000	2744.060000	4000.000000	18000.000000	8000.000000	Trill	10.884638	12.904398	1.290300	-2.956321	28.923136	1.000000
187	Spectrogram 1	4	2779.190000	2779.300000	4000.000000	18000.000000	8000.000000	Trill	4.869361	11.490551	3.904651	5.144384	53.013423	0.000000
188	Spectrogram 1	5	2786.700000	2786.800000	4000.000000	18000.000000	8000.000000	Trill	6.237758	10.062445	-8.460676	6.235575	34.757640	0.000000
189	Spectrogram 1	4	2822.090000	2822.330000	4000.000000	18000.000000	8000.000000	Trill	7.565320	12.202151	4.070321	4.575048	56.650126	0.000000
190	Spectrogram 1	4	2825.120000	2825.180000	4000.000000	18000.000000	8000.000000	Sd-peep	8.060372	9.791274	0.450433	0.246275	29.188293	1.000000
191	Spectrogram 1	4	2831.770000	2831.890000	4000.000000	18000.000000	8000.000000	Trill	7.673676	11.853090	1.274421	1.409041	46.505059	1.000000
192	Spectrogram 1	5	2837.410000	2837.510000	4000.000000	18000.000000	8000.000000	Trill	4.695600	8.168997	-3.738964	3.991128	29.522085	0.000000
193	Spectrogram 1	4	2840.270000	2840.320000	4000.000000	18000.000000	8000.000000	Sd-peep	9.636709	11.033171	0.062426	0.521710	28.090908	1.000000
194	Spectrogram 1	4	2857.500000	2857.580000	4000.000000	18000.000000	8000.000000	Trillphee	2.601581	9.242886	3.820213	7.031763	45.571411	0.000000
195	Spectrogram 1	4	2857.660000	2857.880000	4000.000000	18000.000000	8000.000000	Trillphee	3.326827	7.855907	3.376601	4.184321	42.399613	0.000000
196	Spectrogram 1	4	2864.030000	2864.070000	4000.000000	18000.000000	8000.000000	Phee	4.528167	13.843901	2.842866	3.452669	59.274141	0.000000
197	Spectrogram 1	4	2866.450000	2866.590000	4000.000000	18000.000000	8000.000000	Twitter	8.844198	22.152433	1.836405	2.003830	71.688798	1.000000
198	Spectrogram 1	5	2868.260000	2868.420000	4000.000000	18000.000000	8000.000000	Tse	7.076393	20.615287	-1.353399	2.512136	64.000413	1.000000
199	Spectrogram 1	5	2875.340000	2875.610000	4000.000000	18000.000000	8000.000000	Trill	4.503075	9.856885	-4.632080	4.695166	32.992351	0.000000
200	Spectrogram 1	4	2876.970000	2877.120000	4000.000000	18000.000000	8000.000000	Trillphee	4.953277	9.090195	3.921983	1.991727	42.613293	0.000000
201	Spectrogram 1	4	2877.290000	2877.350000	4000.000000	18000.000000	8000.000000	Trill	8.900863	13.093461	3.974795	-0.549733	28.385750	1.000000
202	Spectrogram 1	5	2878.630000	2878.790000	4000.000000	18000.000000	8000.000000	Trill	5.886613	10.365950	-4.835420	6.627732	40.141069	0.000000
203	Spectrogram 1	4	2883.620000	2883.840000	4000.000000	18000.000000	8000.000000	Trill	5.110281	8.872799	4.286710	5.957230	34.215153	0.000000
204	Spectrogram 1	4	2886.400000	2886.490000	4000.000000	18000.000000	8000.000000	Trill	9.421684	15.924004	7.704333	2.638969	30.159995	0.000000
205	Spectrogram 1	5	2886.780000	2886.850000	4000.000000	18000.000000	8000.000000	Trill	8.677842	12.303751	-2.266621	-2.127464	33.066570	1.000000
206	Spectrogram 1	4	2890.350000	2890.550000	4000.000000	18000.000000	8000.000000	Trill	3.564020	7.162768	3.733663	4.626806	38.633701	0.000000
207	Spectrogram 1	5	2899.090000	2899.290000	4000.000000	18000.000000	8000.000000	Trill	5.239757	9.233779	-3.979499	3.205293	37.059791	0.000000
208	Spectrogram 1	4	2916.420000	2916.510000	4000.000000	18000.000000	8000.000000	Trill	7.526749	10.566966	3.858107	1.404709	50.518602	0.000000
209	Spectrogram 1	5	2924.330000	2924.420000	4000.000000	18000.000000	8000.000000	Trill	8.720275	12.681373	-6.978403	4.088481	48.069369	0.000000
210	Spectrogram 1	5	2925.230000	2925.400000	4000.000000	18000.000000	8000.000000	Trill	8.182143	12.210613	-4.448994	0.535589	41.716452	0.000000
211	Spectrogram 1	4	2926.170000	2926.280000	4000.000000	18000.000000	8000.000000	Trill	9.280845	14.453853	4.867949	0.139221	33.487322	0.000000
212	Spectrogram 1	5	2940.580000	2940.660000	4000.000000	18000.000000	8000.000000	Trill	4.421818	8.978397	-3.631503	4.972776	29.772996	0.000000
213	Spectrogram 1	5	2942.300000	2942.500000	4000.000000	18000.000000	8000.000000	Trill	8.261256	12.345401	-1.662933	1.381147	48.156024	1.000000
214	Spectrogram 1	4	2959.650000	2959.680000	4000.000000	18000.000000	8000.000000	Trill	8.450179	9.811501	1.840603	-1.057638	28.016672	1.000000
215	Spectrogram 1	5	2963.060000	2963.180000	4000.000000	18000.000000	8000.000000	Trill	4.409490	9.730724	-2.140876	4.292671	35.672381	0.000000
216	Spectrogram 1	4	2966.060000	2966.120000	4000.000000	18000.000000	8000.000000	Sd-peep	8.759629	11.226696	2.919465	-0.105390	31.316440	1.000000
217	Spectrogram 1	4	2974.380000	2974.530000	4000.000000	18000.000000	8000.000000	Trill	4.879160	8.210839	5.092318	5.848550	42.519977	0.000000
218	Spectrogram 1	5	2985.100000	2985.180000	4000.000000	18000.000000	8000.000000	Trill	8.217380	11.642702	-2.517705	-0.947905	43.151225	1.000000
219	Spectrogram 1	5	2991.020000	2991.150000	4000.000000	18000.000000	8000.000000	Trill	6.335008	10.611395	-3.186816	2.275138	35.078499	0.000000
220	Spectrogram 1	5	3028.630000	3028.740000	4000.000000	18000.000000	8000.000000	Trill	6.411120	9.993643	-7.825881	1.211659	36.501281	0.000000
221	Spectrogram 1	5	3031.200000	3031.410000	4000.000000	18000.000000	8000.000000	Trill	7.370028	10.733034	-2.094556	2.606968	43.427274	0.000000
222	Spectrogram 1	4	3037.440000	3037.620000	4000.000000	18000.000000	8000.000000	Trill	8.329431	13.243541	0.714051	1.129572	62.998880	1.000000
223	Spectrogram 1	4	3048.370000	3048.410000	4000.000000	18000.000000	8000.000000	Trill	10.058401	12.854010	2.104701	-3.131029	29.166169	1.000000
224	Spectrogram 1	5	3050.800000	3050.900000	4000.000000	18000.000000	8000.000000	Trill	9.353439	12.931667	-3.855462	1.460165	39.925805	0.000000
225	Spectrogram 1	4	3055.640000	3055.730000	4000.000000	18000.000000	8000.000000	Trill	8.415097	12.871873	8.874041	2.411353	53.872775	0.000000
226	Spectrogram 1	4	3076.870000	3077.200000	4000.000000	18000.000000	8000.000000	Trill	5.578001	9.209031	8.368352	9.063643	40.486548	0.000000
227	Spectrogram 1	4	3079.130000	3079.420000	4000.000000	18000.000000	8000.000000	Trill	4.062022	8.513640	4.846052	4.440846	33.239595	0.000000
228	Spectrogram 1	4	3096.230000	3096.690000	4000.000000	18000.000000	8000.000000	Trillphee	7.694925	12.758655	2.537258	1.861022	72.762397	0.000000
229	Spectrogram 1	5	3101.550000	3101.610000	4000.000000	18000.000000	8000.000000	Trill	8.887599	11.080008	-0.271853	0.088662	39.752086	1.000000
230	Spectrogram 1	5	3104.930000	3105.120000	4000.000000	18000.000000	8000.000000	Trill	6.431270	10.279677	-5.904356	4.016558	34.888135	0.000000
231	Spectrogram 1	4	3110.000000	3110.110000	4000.000000	18000.000000	8000.000000	Trill	10.429166	14.898787	0.652861	1.306160	55.790253	1.000000
232	Spectrogram 1	5	3146.170000	3146.290000	4000.000000	18000.000000	8000.000000	Trill	7.290333	11.430551	-5.025713	6.190904	42.999693	0.000000
233	Spectrogram 1	5	3146.340000	3146.400000	4000.000000	18000.000000	8000.000000	Trill	6.124273	9.059168	-4.791579	4.875758	36.456232	0.000000
234	Spectrogram 1	4	3191.470000	3192.000000	4000.000000	18000.000000	8000.000000	Trillphee	3.179163	8.333136	8.033467	8.005653	42.366923	0.000000
235	Spectrogram 1	5	3206.060000	3206.160000	4000.000000	18000.000000	8000.000000	Trill	7.525825	14.036458	-3.197426	4.364933	51.550054	0.000000
236	Spectrogram 1	4	3214.320000	3214.350000	4000.000000	18000.000000	8000.000000	Sd-peep	7.719753	9.621706	2.897469	-0.429713	29.130132	1.000000
237	Spectrogram 1	5	3224.650000	3224.880000	4000.000000	18000.000000	8000.000000	Trill	8.798418	14.078793	-7.349596	4.975562	53.386343	0.000000
238	Spectrogram 1	5	3235.920000	3236.170000	4000.000000	18000.000000	8000.000000	Trill	7.543187	11.882929	-9.581820	1.373146	50.181838	0.000000
239	Spectrogram 1	4	3254.220000	3254.340000	4000.000000	18000.000000	8000.000000	Tse	8.105742	18.886934	2.750461	2.965823	67.989595	0.000000
240	Spectrogram 1	4	3255.590000	3255.760000	4000.000000	18000.000000	8000.000000	Tse	9.657518	20.113569	0.610553	3.030063	84.144890	1.000000
241	Spectrogram 1	4	3258.310000	3258.480000	4000.000000	18000.000000	8000.000000	Trill	8.316635	16.480594	0.397217	0.978701	60.492205	1.000000
242	Spectrogram 1	4	3262.470000	3263.060000	4000.000000	18000.000000	8000.000000	Trill	6.922039	11.266501	4.850175	3.924094	48.056146	0.000000
243	Spectrogram 1	5	3268.760000	3268.860000	4000.000000	18000.000000	8000.000000	Trill	3.559153	11.196000	-5.351953	5.552472	38.301376	0.000000
244	Spectrogram 1	5	3272.770000	3272.930000	4000.000000	18000.000000	8000.000000	Trill	9.711129	14.305266	-4.853828	4.106194	51.073757	0.000000
245	Spectrogram 1	5	3273.310000	3273.360000	4000.000000	18000.000000	8000.000000	Trill	8.278506	10.347189	-0.033508	-3.964888	28.937253	1.000000
246	Spectrogram 1	5	3274.260000	3274.490000	4000.000000	18000.000000	8000.000000	Trill	7.302130	10.854777	-1.585094	3.235577	40.122385	0.000000
247	Spectrogram 1	4	3279.540000	3279.730000	4000.000000	18000.000000	8000.000000	Trill	6.552788	13.102934	2.184933	2.609291	52.492162	0.000000
248	Spectrogram 1	5	3288.740000	3288.860000	4000.000000	18000.000000	8000.000000	Trill	7.694199	12.938427	-4.566892	7.182612	42.759133	0.000000
249	Spectrogram 1	5	3292.080000	3292.280000	4000.000000	18000.000000	8000.000000	Sd-peep	5.568952	9.311293	-3.292444	2.222274	34.539531	0.000000
250	Spectrogram 1	5	3304.220000	3304.320000	4000.000000	18000.000000	8000.000000	Trill	7.262135	12.752950	-0.800154	1.229566	47.826136	1.000000
251	Spectrogram 1	5	3306.030000	3306.350000	4000.000000	18000.000000	8000.000000	Trill	11.821218	15.452927	-1.245630	2.517954	66.609667	1.000000
252	Spectrogram 1	5	3317.440000	3317.550000	4000.000000	18000.000000	8000.000000	Trill	5.979482	12.378980	-7.384825	9.788292	42.985811	0.000000
253	Spectrogram 1	5	3317.620000	3317.710000	4000.000000	18000.000000	8000.000000	Trill	2.991168	7.085805	-3.917404	4.594269	34.335475	0.000000
254	Spectrogram 1	5	3317.780000	3317.890000	4000.000000	18000.000000	8000.000000	Trill	5.323828	8.232974	-7.477416	7.154759	34.825538	0.000000
255	Spectrogram 1	5	3324.950000	3325.020000	4000.000000	18000.000000	8000.000000	Trill	8.852703	12.787340	-2.359007	1.464401	36.113750	1.000000
256	Spectrogram 1	5	3330.350000	3330.560000	4000.000000	18000.000000	8000.000000	Trill	7.416726	11.347897	-2.641777	0.573242	37.498658	1.000000
257	Spectrogram 1	5	3340.820000	3340.900000	4000.000000	18000.000000	8000.000000	Trill	7.000237	9.626846	-3.661610	0.910149	39.322284	0.000000
258	Spectrogram 1	5	3342.610000	3342.850000	4000.000000	18000.000000	8000.000000	Trill	7.659563	11.928093	-8.400278	10.152840	47.594954	0.000000
259	Spectrogram 1	5	3345.550000	3345.580000	4000.000000	18000.000000	8000.000000	Tse	9.959992	11.595064	-0.002723	-2.782610	29.981896	1.000000
260	Spectrogram 1	5	3365.870000	3365.960000	4000.000000	18000.000000	8000.000000	Trill	9.422470	14.940903	-4.740044	-5.068455	30.461040	1.000000
261	Spectrogram 1	5	3369.290000	3369.430000	4000.000000	18000.000000	8000.000000	Trill	8.185164	12.047012	-7.025677	0.378797	45.521338	0.000000
262	Spectrogram 1	5	3383.100000	3383.460000	4000.000000	18000.000000	8000.000000	Trill	8.021615	12.371171	-3.064438	4.576710	52.138978	0.000000
263	Spectrogram 1	4	3386.530000	3386.610000	4000.000000	18000.000000	8000.000000	Trillphee	10.074568	14.905863	4.964718	1.037210	28.716000	0.000000
264	Spectrogram 1	5	3395.780000	3395.970000	4000.000000	18000.000000	8000.000000	Trill	7.769637	10.529720	-0.135666	-0.625789	29.091554	1.000000
265	Spectrogram 1	5	3404.140000	3404.520000	4000.000000	18000.000000	8000.000000	Trill	7.827900	11.843503	-2.821956	0.615707	42.655130	1.000000
266	Spectrogram 1	5	3409.900000	3410.090000	4000.000000	18000.000000	8000.000000	Trill	6.300850	10.426136	-2.497248	4.051393	39.717940	0.000000
267	Spectrogram 1	4	3419.710000	3420.010000	4000.000000	18000.000000	8000.000000	Trillphee	4.866061	11.124570	8.420011	3.553218	33.564533	0.000000
268	Spectrogram 1	5	3438.350000	3438.380000	4000.000000	18000.000000	8000.000000	Tse	9.091797	10.747406	-5.703592	0.827031	28.441676	0.000000
269	Spectrogram 1	5	3459.730000	3459.820000	4000.000000	18000.000000	8000.000000	Trill	8.440734	14.352526	-8.197468	10.529511	47.722168	0.000000
270	Spectrogram 1	4	3464.370000	3464.830000	4000.000000	18000.000000	8000.000000	Trillphee	5.922499	10.624896	4.810280	5.693841	55.772445	0.000000
271	Spectrogram 1	4	3468.390000	3468.500000	4000.000000	18000.000000	8000.000000	Trill	6.663191	12.118907	3.573745	4.043463	52.263280	0.000000
272	Spectrogram 1	5	3473.960000	3474.050000	4000.000000	18000.000000	8000.000000	Trill	7.230077	10.324039	-6.245938	6.449162	42.509193	0.000000
273	Spectrogram 1	5	3484.240000	3484.320000	4000.000000	18000.000000	8000.000000	Trill	7.727449	11.640367	-0.121496	-2.303005	30.373449	1.000000
274	Spectrogram 1	5	3487.500000	3487.610000	4000.000000	18000.000000	8000.000000	Trill	6.810778	15.098789	-2.320869	4.901100	41.752441	0.000000
275	Spectrogram 1	5	3503.660000	3503.790000	4000.000000	18000.000000	8000.000000	Trill	11.140154	19.759242	-2.682566	2.816970	102.541742	0.000000
276	Spectrogram 1	5	3518.740000	3518.920000	4000.000000	18000.000000	8000.000000	Trill	6.404675	11.865219	-3.244872	4.462273	53.318717	0.000000
277	Spectrogram 1	5	3528.660000	3528.770000	4000.000000	18000.000000	8000.000000	Trill	6.065002	10.418288	-7.144754	3.833976	30.971857	0.000000
278	Spectrogram 1	4	3529.030000	3529.130000	4000.000000	18000.000000	8000.000000	Trill	7.748999	15.695834	5.682572	5.931504	53.605918	0.000000
279	Spectrogram 1	5	3534.170000	3534.470000	4000.000000	18000.000000	8000.000000	Trill	9.726706	13.846920	-0.263919	1.717675	68.532807	1.000000
280	Spectrogram 1	4	3543.400000	3543.700000	4000.000000	18000.000000	8000.000000	Trill	11.921651	18.316838	1.058838	1.959933	87.926835	1.000000
281	Spectrogram 1	5	3570.830000	3570.910000	4000.000000	18000.000000	8000.000000	Trill	5.874995	9.914438	-4.379246	4.057512	36.097589	0.000000
282	Spectrogram 1	5	3573.360000	3573.500000	4000.000000	18000.000000	8000.000000	Trill	5.235376	11.125302	-6.929324	8.110336	38.101767	0.000000
283	Spectrogram 1	5	3574.390000	3574.460000	4000.000000	18000.000000	8000.000000	Trillphee	9.649750	13.273607	-4.005116	-0.437274	36.207805	1.000000
284	Spectrogram 1	5	3593.240000	3593.390000	4000.000000	18000.000000	8000.000000	Trill	7.658416	11.749570	-1.335476	0.522838	47.628380	1.000000
285	Spectrogram 1	4	3594.910000	3595.010000	4000.000000	18000.000000	8000.000000	Trill	5.344756	10.251426	4.044285	5.036672	45.302136	0.000000
286	Spectrogram 1	4	3598.660000	3598.740000	4000.000000	18000.000000	8000.000000	Trill	7.887994	11.123535	3.743602	3.878022	47.649721	0.000000
287	Spectrogram 1	4	3598.830000	3598.890000	4000.000000	18000.000000	8000.000000	Trill	8.757743	13.289900	3.441963	4.053888	62.442268	0.000000
288	Spectrogram 1	5	3613.190000	3613.290000	4000.000000	18000.000000	8000.000000	Trill	6.669588	11.950401	-9.545436	9.238333	39.707728	0.000000
289	Spectrogram 1	5	3632.740000	3632.840000	4000.000000	18000.000000	8000.000000	Trill	8.529209	15.763625	-8.554836	15.920963	49.677348	0.000000
290	Spectrogram 1	5	3633.370000	3633.530000	4000.000000	18000.000000	8000.000000	Trill	7.065966	12.065572	-0.288439	0.846133	48.809119	1.000000
291	Spectrogram 1	4	3645.310000	3645.570000	4000.000000	18000.000000	8000.000000	Trill	7.403655	11.252464	2.500526	2.336736	55.712376	0.000000
292	Spectrogram 1	5	3645.660000	3645.830000	4000.000000	18000.000000	8000.000000	Trillphee	6.991076	13.487329	-0.686933	-1.232389	59.412549	1.000000
293	Spectrogram 1	4	3668.830000	3669.090000	4000.000000	18000.000000	8000.000000	Trill	5.990349	10.442499	0.803410	4.909166	37.624812	0.000000
294	Spectrogram 1	5	3694.460000	3694.530000	4000.000000	18000.000000	8000.000000	Trill	5.696452	10.348007	-5.958983	2.355843	44.989376	0.000000
295	Spectrogram 1	5	3698.280000	3698.500000	4000.000000	18000.000000	8000.000000	Trill	3.522366	7.475484	-3.121686	6.043416	32.803459	0.000000
296	Spectrogram 1	5	3709.330000	3709.420000	4000.000000	18000.000000	8000.000000	Trill	9.822252	14.286544	-5.583230	1.661637	62.277443	0.000000
297	Spectrogram 1	5	3726.050000	3726.150000	4000.000000	18000.000000	8000.000000	Trill	8.392431	13.244827	-1.704996	4.156803	55.981839	0.000000
298	Spectrogram 1	4	3766.490000	3766.960000	4000.000000	18000.000000	8000.000000	Trillphee	7.582582	13.420350	0.908143	1.979873	80.511235	1.000000
299	Spectrogram 1	5	3783.690000	3783.780000	4000.000000	18000.000000	8000.000000	Trill	4.819633	8.518350	-2.265454	4.735834	35.830525	0.000000
300	Spectrogram 1	5	3783.840000	3783.920000	4000.000000	18000.000000	8000.000000	Trill	3.263095	8.126482	-4.949818	6.378246	41.463159	0.000000
301	Spectrogram 1	5	3789.410000	3789.460000	4000.000000	18000.000000	8000.000000	Tse	7.369132	10.410280	-1.755373	-2.866238	29.509787	1.000000
302	Spectrogram 1	4	3790.280000	3790.490000	4000.000000	18000.000000	8000.000000	Trill	12.078752	16.150929	1.698051	1.705214	73.791017	1.000000
303	Spectrogram 1	5	3796.970000	3797.270000	4000.000000	18000.000000	8000.000000	Trill	5.640923	9.761441	-6.533322	9.282242	38.137740	0.000000
304	Spectrogram 1	5	3801.330000	3801.570000	4000.000000	18000.000000	8000.000000	Trill	4.861998	8.386240	-8.799936	6.692417	32.754626	0.000000
305	Spectrogram 1	4	3807.680000	3807.780000	4000.000000	18000.000000	8000.000000	Trill	5.247971	9.124485	3.690352	5.245172	38.517681	0.000000
306	Spectrogram 1	4	3893.830000	3893.910000	4000.000000	18000.000000	8000.000000	Trill	7.663421	11.958317	1.456883	0.981567	48.275483	1.000000
307	Spectrogram 1	2	223.910000	224.560000	4000.000000	18000.000000	8000.000000	Trill	9.266508	18.225519	NaN	NaN	64.402896	0.000000
308	Spectrogram 1	2	240.800000	240.830000	4000.000000	18000.000000	8000.000000	Tse	5.089345	16.033640	NaN	NaN	58.383286	0.000000
309	Spectrogram 1	2	240.840000	240.940000	4000.000000	18000.000000	8000.000000	Trill	4.657851	17.039897	NaN	NaN	64.528995	0.000000
310	Spectrogram 1	2	241.270000	241.580000	4000.000000	18000.000000	8000.000000	Trill	6.638016	13.435996	NaN	NaN	47.225220	0.000000
311	Spectrogram 1	2	375.640000	375.730000	4000.000000	18000.000000	8000.000000	Trill	8.990857	12.952616	NaN	NaN	54.529091	0.000000
312	Spectrogram 1	2	442.590000	442.690000	4000.000000	18000.000000	8000.000000	Trill	6.416541	13.329385	NaN	NaN	46.071857	0.000000
313	Spectrogram 1	2	442.750000	442.830000	4000.000000	18000.000000	8000.000000	Trill	4.097877	9.639709	NaN	NaN	37.539424	0.000000
314	Spectrogram 1	2	444.890000	445.130000	4000.000000	18000.000000	8000.000000	Trill	4.332158	9.718232	NaN	NaN	36.387805	0.000000
315	Spectrogram 1	2	462.610000	462.640000	4000.000000	18000.000000	8000.000000	Trill	4.434312	8.011066	NaN	NaN	37.262477	0.000000
316	Spectrogram 1	2	556.420000	556.480000	4000.000000	18000.000000	8000.000000	Trill	4.992866	9.149852	NaN	NaN	39.729323	0.000000
317	Spectrogram 1	2	655.450000	655.690000	4000.000000	18000.000000	8000.000000	Trill	6.809177	10.235734	NaN	NaN	50.357584	0.000000
318	Spectrogram 1	2	754.430000	754.570000	4000.000000	18000.000000	8000.000000	Trill	5.356669	8.475992	NaN	NaN	35.709759	0.000000
319	Spectrogram 1	2	797.350000	797.430000	4000.000000	18000.000000	8000.000000	Trill	7.493211	11.902575	NaN	NaN	46.807184	0.000000
320	Spectrogram 1	2	809.870000	810.190000	4000.000000	18000.000000	8000.000000	Trill	3.656707	8.294621	NaN	NaN	38.917667	0.000000
321	Spectrogram 1	2	813.260000	813.360000	4000.000000	18000.000000	8000.000000	Trill	10.376342	16.944587	NaN	NaN	76.824231	0.000000
322	Spectrogram 1	2	966.340000	966.360000	4000.000000	18000.000000	8000.000000	Twitter	5.712376	16.506582	NaN	NaN	56.978028	0.000000
323	Spectrogram 1	2	967.050000	967.230000	4000.000000	18000.000000	8000.000000	Trill	11.097212	19.548194	NaN	NaN	75.892211	0.000000
324	Spectrogram 1	2	967.280000	967.310000	4000.000000	18000.000000	8000.000000	Trill	5.719695	10.049767	NaN	NaN	49.239584	0.000000
325	Spectrogram 1	2	1005.240000	1005.470000	4000.000000	18000.000000	8000.000000	Trill	4.179496	9.532237	NaN	NaN	41.117233	0.000000
326	Spectrogram 1	2	1124.810000	1124.900000	4000.000000	18000.000000	8000.000000	Trill	7.483670	11.455310	NaN	NaN	48.023311	0.000000
327	Spectrogram 1	2	1124.950000	1125.020000	4000.000000	18000.000000	8000.000000	Trill	5.434332	8.727485	NaN	NaN	42.311189	0.000000
328	Spectrogram 1	2	1213.400000	1213.460000	4000.000000	18000.000000	8000.000000	Trill	4.192714	9.962257	NaN	NaN	42.527449	0.000000
329	Spectrogram 1	2	1217.240000	1217.300000	4000.000000	18000.000000	8000.000000	Trill	10.913519	12.408215	NaN	NaN	35.759478	0.000000
330	Spectrogram 1	2	1255.090000	1255.320000	4000.000000	18000.000000	8000.000000	Trill	5.311676	9.383265	NaN	NaN	42.780219	0.000000
331	Spectrogram 1	2	1255.770000	1255.830000	4000.000000	18000.000000	8000.000000	Trill	3.939619	10.498778	NaN	NaN	45.611071	0.000000
332	Spectrogram 1	2	1414.050000	1414.110000	4000.000000	18000.000000	8000.000000	Trill	5.577334	11.602350	NaN	NaN	46.707119	0.000000
333	Spectrogram 1	2	1607.120000	1607.180000	4000.000000	18000.000000	8000.000000	Trill	4.545391	8.000405	NaN	NaN	36.080155	0.000000
334	Spectrogram 1	2	1640.620000	1640.710000	4000.000000	18000.000000	8000.000000	Trill	7.335031	12.876351	NaN	NaN	47.530493	0.000000
335	Spectrogram 1	2	1837.020000	1837.530000	4000.000000	18000.000000	8000.000000	Trill	8.827855	16.509629	NaN	NaN	57.291888	0.000000
336	Spectrogram 1	2	1838.730000	1839.310000	4000.000000	18000.000000	8000.000000	Twitter	4.557882	12.271246	NaN	NaN	38.409077	0.000000
337	Spectrogram 1	2	1933.630000	1933.710000	4000.000000	18000.000000	8000.000000	Trill	5.096873	8.436765	NaN	NaN	38.738156	0.000000
338	Spectrogram 1	2	2009.600000	2009.680000	4000.000000	18000.000000	8000.000000	Sd-peep	9.674608	13.170764	NaN	NaN	36.558673	0.000000
339	Spectrogram 1	2	2043.560000	2043.650000	4000.000000	18000.000000	8000.000000	Trill	5.041418	9.791386	NaN	NaN	36.257208	0.000000
340	Spectrogram 1	2	2218.880000	2218.960000	4000.000000	18000.000000	8000.000000	Trill	8.467216	15.165898	NaN	NaN	48.084529	0.000000
341	Spectrogram 1	2	2387.530000	2387.610000	4000.000000	18000.000000	8000.000000	Trill	6.377932	14.849405	NaN	NaN	56.439705	0.000000
342	Spectrogram 1	2	2406.550000	2406.660000	4000.000000	18000.000000	8000.000000	Trill	5.305636	10.695805	NaN	NaN	41.709334	0.000000
343	Spectrogram 1	2	2556.660000	2556.760000	4000.000000	18000.000000	8000.000000	Trill	7.758696	12.014726	NaN	NaN	46.111641	0.000000
344	Spectrogram 1	2	2556.800000	2557.010000	4000.000000	18000.000000	8000.000000	Trill	5.224551	9.190680	NaN	NaN	40.565013	0.000000
345	Spectrogram 1	2	2578.710000	2578.740000	4000.000000	18000.000000	8000.000000	Tse	8.774249	16.114303	NaN	NaN	51.137117	0.000000
346	Spectrogram 1	2	2582.710000	2582.800000	4000.000000	18000.000000	8000.000000	Trill	5.187445	10.370674	NaN	NaN	38.744674	0.000000
347	Spectrogram 1	2	2711.500000	2711.640000	4000.000000	18000.000000	8000.000000	Trill	4.806048	8.666095	NaN	NaN	39.796592	0.000000
348	Spectrogram 1	2	2712.940000	2713.000000	4000.000000	18000.000000	8000.000000	Phee	4.244675	15.262275	NaN	NaN	62.706583	0.000000
349	Spectrogram 1	2	2713.100000	2713.230000	4000.000000	18000.000000	8000.000000	Phee	5.069929	18.003959	NaN	NaN	60.741436	0.000000
350	Spectrogram 1	2	2718.320000	2718.580000	4000.000000	18000.000000	8000.000000	Trillphee	4.804123	9.552042	NaN	NaN	45.525377	0.000000
351	Spectrogram 1	2	2817.410000	2817.500000	4000.000000	18000.000000	8000.000000	Phee	4.202014	21.294346	NaN	NaN	59.042803	0.000000
352	Spectrogram 1	2	2817.520000	2817.600000	4000.000000	18000.000000	8000.000000	Phee	6.294630	20.748024	NaN	NaN	56.896558	0.000000
353	Spectrogram 1	2	2817.620000	2817.650000	4000.000000	18000.000000	8000.000000	Tse	5.441382	18.741097	NaN	NaN	54.382244	0.000000
354	Spectrogram 1	2	2817.770000	2817.840000	4000.000000	18000.000000	8000.000000	Phee	6.112473	16.623240	NaN	NaN	57.671035	0.000000
355	Spectrogram 1	2	2817.880000	2817.910000	4000.000000	18000.000000	8000.000000	Tse	4.212134	14.805716	NaN	NaN	53.386916	0.000000
356	Spectrogram 1	2	2873.340000	2873.550000	4000.000000	18000.000000	8000.000000	Trill	9.877213	15.029878	NaN	NaN	48.042647	0.000000
357	Spectrogram 1	2	2895.690000	2896.040000	4000.000000	18000.000000	8000.000000	Trill	7.517874	15.302067	NaN	NaN	57.762112	0.000000
358	Spectrogram 1	2	2927.670000	2927.710000	4000.000000	18000.000000	8000.000000	Trill	3.351388	9.180406	NaN	NaN	46.972826	0.000000
359	Spectrogram 1	2	2947.950000	2948.180000	4000.000000	18000.000000	8000.000000	Trill	5.802272	9.682746	NaN	NaN	42.103902	0.000000
360	Spectrogram 1	2	2977.680000	2977.950000	4000.000000	18000.000000	8000.000000	Trill	6.385460	11.043256	NaN	NaN	44.539478	0.000000
361	Spectrogram 1	2	2980.160000	2980.330000	4000.000000	18000.000000	8000.000000	Trill	6.041185	10.983130	NaN	NaN	38.730077	0.000000
362	Spectrogram 1	2	3015.930000	3016.000000	4000.000000	18000.000000	8000.000000	Trill	8.211433	12.584300	NaN	NaN	51.954150	0.000000
363	Spectrogram 1	2	3045.670000	3045.730000	4000.000000	18000.000000	8000.000000	Trill	4.919797	9.175755	NaN	NaN	40.385128	0.000000
364	Spectrogram 1	2	3081.680000	3081.940000	4000.000000	18000.000000	8000.000000	Phee	4.842430	17.162886	NaN	NaN	48.522859	0.000000
365	Spectrogram 1	2	3081.970000	3082.320000	4000.000000	18000.000000	8000.000000	P-peep	3.959683	17.686379	NaN	NaN	65.284087	0.000000
366	Spectrogram 1	2	3324.400000	3324.430000	4000.000000	18000.000000	8000.000000	Phee	8.983561	19.394944	NaN	NaN	56.787029	0.000000
367	Spectrogram 1	2	3578.030000	3578.220000	4000.000000	18000.000000	8000.000000	Trill	5.231679	9.184212	NaN	NaN	41.585402	0.000000
368	Spectrogram 1	2	3603.250000	3603.360000	4000.000000	18000.000000	8000.000000	Trill	8.124044	15.088156	NaN	NaN	38.589969	0.000000
369	Spectrogram 1	2	3768.350000	3768.510000	4000.000000	18000.000000	8000.000000	Phee	4.293343	13.623685	NaN	NaN	52.704050	0.000000
370	Spectrogram 1	2	3803.080000	3803.170000	4000.000000	18000.000000	8000.000000	Trill	5.902799	11.719684	NaN	NaN	46.618932	0.000000
371	Spectrogram 1	2	3856.260000	3856.360000	4000.000000	18000.000000	8000.000000	Trill	10.201132	15.966677	NaN	NaN	70.962464	0.000000
