Selection	View	Channel	Begin Time (s)	End Time (s)	Low Freq (Hz)	High Freq (Hz)	Max Freq (Hz)	Call Type	Energy Diff	Energy Par	Energy Diff (wl)	Energy Par (wl)	AHR	Exception
1	Spectrogram 1	1	1.280000	1.410000	4000.000000	18000.000000	8000.000000	Trill	4.200474	16.626059	NaN	NaN	83.137452	0.000000
2	Spectrogram 1	1	59.630000	59.820000	4000.000000	18000.000000	8000.000000	Trill	5.258725	14.218609	NaN	NaN	75.398740	0.000000
3	Spectrogram 1	1	90.740000	91.180000	4000.000000	18000.000000	8000.000000	Phee	4.542210	23.716097	NaN	NaN	49.065838	0.000000
4	Spectrogram 1	1	107.350000	107.380000	4000.000000	18000.000000	8000.000000	Trill	4.167671	10.871492	NaN	NaN	51.398216	0.000000
5	Spectrogram 1	1	133.990000	134.350000	4000.000000	18000.000000	8000.000000	Trill	6.232050	18.904833	NaN	NaN	61.450669	0.000000
6	Spectrogram 1	1	137.740000	137.890000	4000.000000	18000.000000	8000.000000	Trill	8.463230	13.196859	NaN	NaN	29.803718	0.000000
7	Spectrogram 1	1	144.730000	144.800000	4000.000000	18000.000000	8000.000000	Twitter	4.728219	29.361710	NaN	NaN	57.782039	0.000000
8	Spectrogram 1	1	144.890000	145.990000	4000.000000	18000.000000	8000.000000	Twitter	6.011824	23.236490	NaN	NaN	31.686758	0.000000
9	Spectrogram 1	1	146.040000	146.080000	4000.000000	18000.000000	8000.000000	Trill	5.444181	9.635331	NaN	NaN	51.240030	0.000000
10	Spectrogram 1	1	154.670000	154.870000	4000.000000	18000.000000	8000.000000	Phee	5.555636	11.070199	NaN	NaN	74.314554	0.000000
11	Spectrogram 1	1	158.360000	158.470000	4000.000000	18000.000000	8000.000000	Trill	14.544331	13.542830	NaN	NaN	38.907660	0.000000
12	Spectrogram 1	1	158.610000	158.740000	4000.000000	18000.000000	8000.000000	Trill	13.635581	12.598885	NaN	NaN	42.222723	0.000000
13	Spectrogram 1	1	163.400000	163.630000	4000.000000	18000.000000	8000.000000	Trill	12.795291	13.899236	NaN	NaN	28.439144	0.000000
14	Spectrogram 1	1	166.630000	166.790000	4000.000000	18000.000000	8000.000000	Trill	12.391347	11.102427	NaN	NaN	33.612809	0.000000
15	Spectrogram 1	1	168.310000	168.430000	4000.000000	18000.000000	8000.000000	Trill	4.875488	7.658646	NaN	NaN	66.399574	0.000000
16	Spectrogram 1	1	173.290000	173.310000	4000.000000	18000.000000	8000.000000	Sd-peep	8.201558	13.268239	NaN	NaN	31.473632	0.000000
17	Spectrogram 1	1	182.520000	183.250000	4000.000000	18000.000000	8000.000000	Trill	12.127232	28.359411	NaN	NaN	100.856055	0.000000
18	Spectrogram 1	1	183.360000	183.710000	4000.000000	18000.000000	8000.000000	Trill	5.926939	23.140132	NaN	NaN	74.294575	0.000000
19	Spectrogram 1	1	183.800000	184.160000	4000.000000	18000.000000	8000.000000	Trill	8.575074	26.311837	NaN	NaN	110.676299	0.000000
20	Spectrogram 1	1	185.580000	185.680000	4000.000000	18000.000000	8000.000000	Sd-peep	7.932773	24.384130	NaN	NaN	42.014056	0.000000
21	Spectrogram 1	1	185.870000	185.950000	4000.000000	18000.000000	8000.000000	Sd-peep	9.355631	26.213293	NaN	NaN	41.019348	0.000000
22	Spectrogram 1	1	215.480000	215.520000	4000.000000	18000.000000	8000.000000	Trill	5.845413	10.874218	NaN	NaN	69.424242	0.000000
23	Spectrogram 1	1	216.060000	216.120000	4000.000000	18000.000000	8000.000000	Trill	4.274599	10.271736	NaN	NaN	48.274833	0.000000
24	Spectrogram 1	1	223.100000	223.320000	4000.000000	18000.000000	8000.000000	Trillphee	4.923709	15.194564	NaN	NaN	68.969324	0.000000
25	Spectrogram 1	1	244.320000	244.470000	4000.000000	18000.000000	8000.000000	Phee	4.640543	11.443232	NaN	NaN	73.310233	0.000000
26	Spectrogram 1	1	245.250000	245.520000	4000.000000	18000.000000	8000.000000	Trill	6.445674	16.966203	NaN	NaN	56.302554	0.000000
27	Spectrogram 1	1	252.540000	253.790000	4000.000000	18000.000000	8000.000000	Phee	6.374879	30.000000	NaN	NaN	125.707768	0.000000
28	Spectrogram 1	1	254.170000	254.210000	4000.000000	18000.000000	8000.000000	Twitter	5.779294	24.185571	NaN	NaN	113.324630	0.000000
29	Spectrogram 1	1	259.940000	260.000000	4000.000000	18000.000000	8000.000000	Trill	4.026421	7.152358	NaN	NaN	43.003257	0.000000
30	Spectrogram 1	1	270.950000	271.000000	4000.000000	18000.000000	8000.000000	Trill	5.116165	11.998601	NaN	NaN	44.516550	0.000000
31	Spectrogram 1	1	271.070000	271.130000	4000.000000	18000.000000	8000.000000	Trill	4.178585	10.805497	NaN	NaN	49.431339	0.000000
32	Spectrogram 1	1	282.080000	282.500000	4000.000000	18000.000000	8000.000000	Trill	14.991733	28.990773	NaN	NaN	111.979562	0.000000
33	Spectrogram 1	1	291.090000	291.610000	4000.000000	18000.000000	8000.000000	Trill	15.233801	28.564594	NaN	NaN	97.586979	0.000000
34	Spectrogram 1	1	315.740000	315.780000	4000.000000	18000.000000	8000.000000	Trill	6.100337	13.891115	NaN	NaN	50.434458	0.000000
35	Spectrogram 1	1	315.990000	316.160000	4000.000000	18000.000000	8000.000000	Phee	5.844237	20.440826	NaN	NaN	110.612571	0.000000
36	Spectrogram 1	1	323.560000	323.600000	4000.000000	18000.000000	8000.000000	Trill	6.654414	7.911004	NaN	NaN	39.266157	0.000000
37	Spectrogram 1	1	342.480000	342.540000	4000.000000	18000.000000	8000.000000	Phee	4.357510	13.697665	NaN	NaN	61.109244	0.000000
38	Spectrogram 1	1	342.650000	343.010000	4000.000000	18000.000000	8000.000000	Phee	5.138030	16.921430	NaN	NaN	89.254917	0.000000
39	Spectrogram 1	1	344.770000	345.170000	4000.000000	18000.000000	8000.000000	Trill	14.676517	26.528138	NaN	NaN	125.560545	0.000000
40	Spectrogram 1	1	348.080000	348.110000	4000.000000	18000.000000	8000.000000	Twitter	4.447505	9.087728	NaN	NaN	58.760607	0.000000
41	Spectrogram 1	1	361.690000	361.730000	4000.000000	18000.000000	8000.000000	Trill	4.902211	16.126452	NaN	NaN	40.134285	0.000000
42	Spectrogram 1	1	361.770000	361.790000	4000.000000	18000.000000	8000.000000	Sd-peep	4.583084	20.225659	NaN	NaN	67.807848	0.000000
43	Spectrogram 1	1	365.870000	366.320000	4000.000000	18000.000000	8000.000000	Trill	6.628162	20.833926	NaN	NaN	60.211854	0.000000
44	Spectrogram 1	1	372.980000	373.020000	4000.000000	18000.000000	8000.000000	Phee	4.506001	13.111849	NaN	NaN	54.097256	0.000000
45	Spectrogram 1	1	373.390000	373.600000	4000.000000	18000.000000	8000.000000	Trillphee	6.664517	20.314705	NaN	NaN	38.007318	0.000000
46	Spectrogram 1	1	407.270000	407.650000	4000.000000	18000.000000	8000.000000	Phee	4.652394	30.000000	NaN	NaN	113.588729	0.000000
47	Spectrogram 1	1	439.460000	439.670000	4000.000000	18000.000000	8000.000000	Phee	6.019515	28.580632	NaN	NaN	93.821681	0.000000
48	Spectrogram 1	1	455.760000	456.220000	4000.000000	18000.000000	8000.000000	Trill	13.988417	24.383573	NaN	NaN	90.746362	0.000000
49	Spectrogram 1	1	471.380000	472.000000	4000.000000	18000.000000	8000.000000	Trill	8.720185	20.148062	NaN	NaN	72.802725	0.000000
50	Spectrogram 1	1	478.120000	478.150000	4000.000000	18000.000000	8000.000000	Trill	4.629264	7.709567	NaN	NaN	34.517883	0.000000
51	Spectrogram 1	1	481.240000	482.670000	4000.000000	18000.000000	8000.000000	Twitter	7.385467	23.178454	NaN	NaN	41.445348	0.000000
52	Spectrogram 1	1	487.380000	487.400000	4000.000000	18000.000000	8000.000000	Phee	10.122576	10.067834	NaN	NaN	55.128594	0.000000
53	Spectrogram 1	1	491.870000	492.370000	4000.000000	18000.000000	8000.000000	Phee	4.536570	22.697408	NaN	NaN	102.127992	0.000000
54	Spectrogram 1	1	497.290000	498.290000	4000.000000	18000.000000	8000.000000	Trill	8.496937	30.000000	NaN	NaN	118.804240	0.000000
55	Spectrogram 1	1	498.420000	499.190000	4000.000000	18000.000000	8000.000000	Trill	8.136285	30.000000	NaN	NaN	103.600368	0.000000
56	Spectrogram 1	1	499.320000	499.860000	4000.000000	18000.000000	8000.000000	Trill	9.993746	30.000000	NaN	NaN	105.947053	0.000000
57	Spectrogram 1	1	512.330000	512.400000	4000.000000	18000.000000	8000.000000	Trillphee	4.451213	16.755682	NaN	NaN	85.538809	0.000000
58	Spectrogram 1	1	522.440000	522.550000	4000.000000	18000.000000	8000.000000	Twitter	9.201022	27.778870	NaN	NaN	88.641833	0.000000
59	Spectrogram 1	1	522.590000	522.980000	4000.000000	18000.000000	8000.000000	Twitter	6.045786	21.581031	NaN	NaN	32.560814	0.000000
60	Spectrogram 1	1	523.020000	523.710000	4000.000000	18000.000000	8000.000000	Twitter	7.373777	21.377991	NaN	NaN	45.646434	0.000000
61	Spectrogram 1	1	524.810000	524.870000	4000.000000	18000.000000	8000.000000	Phee	4.295653	7.510878	NaN	NaN	33.402386	0.000000
62	Spectrogram 1	1	525.040000	525.070000	4000.000000	18000.000000	8000.000000	Trill	4.645503	7.624859	NaN	NaN	38.104483	0.000000
63	Spectrogram 1	1	532.670000	532.920000	4000.000000	18000.000000	8000.000000	Phee	7.121651	30.000000	NaN	NaN	142.434581	0.000000
64	Spectrogram 1	1	535.620000	535.720000	4000.000000	18000.000000	8000.000000	Twitter	7.380629	28.783025	NaN	NaN	67.386770	0.000000
65	Spectrogram 1	1	535.790000	536.940000	4000.000000	18000.000000	8000.000000	Twitter	7.039347	24.981935	NaN	NaN	33.728013	0.000000
66	Spectrogram 1	1	561.770000	561.820000	4000.000000	18000.000000	8000.000000	Trill	6.885249	22.267822	NaN	NaN	130.037626	0.000000
67	Spectrogram 1	1	564.570000	564.750000	4000.000000	18000.000000	8000.000000	Trill	4.141265	11.316045	NaN	NaN	69.964373	0.000000
68	Spectrogram 1	1	569.200000	569.220000	4000.000000	18000.000000	8000.000000	Phee	4.413292	12.976524	NaN	NaN	61.810490	0.000000
69	Spectrogram 1	1	572.480000	572.680000	4000.000000	18000.000000	8000.000000	Trill	12.793394	20.386829	NaN	NaN	70.396986	0.000000
70	Spectrogram 1	1	580.600000	581.040000	4000.000000	18000.000000	8000.000000	Trill	12.452142	24.629422	NaN	NaN	105.746136	0.000000
71	Spectrogram 1	1	595.550000	595.630000	4000.000000	18000.000000	8000.000000	Twitter	14.732161	16.781117	NaN	NaN	37.789977	0.000000
72	Spectrogram 1	1	596.480000	596.510000	4000.000000	18000.000000	8000.000000	Phee	5.061346	12.742962	NaN	NaN	63.620776	0.000000
73	Spectrogram 1	1	598.770000	599.020000	4000.000000	18000.000000	8000.000000	Trill	7.643565	13.920256	NaN	NaN	59.278916	0.000000
74	Spectrogram 1	1	604.750000	604.860000	4000.000000	18000.000000	8000.000000	Trill	6.015041	8.077286	NaN	NaN	31.451891	0.000000
75	Spectrogram 1	1	604.930000	604.970000	4000.000000	18000.000000	8000.000000	Trill	7.366761	8.436487	NaN	NaN	31.251036	0.000000
76	Spectrogram 1	1	605.030000	605.100000	4000.000000	18000.000000	8000.000000	Trill	5.586545	8.955194	NaN	NaN	33.348372	0.000000
77	Spectrogram 1	1	612.010000	612.110000	4000.000000	18000.000000	8000.000000	Trill	4.752371	8.900286	NaN	NaN	35.169681	0.000000
78	Spectrogram 1	1	614.130000	614.400000	4000.000000	18000.000000	8000.000000	Trill	6.634187	18.854643	NaN	NaN	67.431813	0.000000
79	Spectrogram 1	1	623.720000	623.750000	4000.000000	18000.000000	8000.000000	Trill	4.576718	9.598155	NaN	NaN	54.586125	0.000000
80	Spectrogram 1	1	627.790000	627.830000	4000.000000	18000.000000	8000.000000	Trill	4.020742	10.004868	NaN	NaN	50.690429	0.000000
81	Spectrogram 1	1	635.080000	635.140000	4000.000000	18000.000000	8000.000000	Trill	4.139559	8.406979	NaN	NaN	52.757813	0.000000
82	Spectrogram 1	1	650.090000	650.990000	4000.000000	18000.000000	8000.000000	Trill	13.219881	30.000000	NaN	NaN	187.232311	0.000000
83	Spectrogram 1	1	655.350000	655.400000	4000.000000	18000.000000	8000.000000	Trill	6.522188	18.386131	NaN	NaN	109.499605	0.000000
84	Spectrogram 1	1	675.960000	676.200000	4000.000000	18000.000000	8000.000000	Phee	4.171845	10.077366	NaN	NaN	62.426772	0.000000
85	Spectrogram 1	1	678.760000	678.850000	4000.000000	18000.000000	8000.000000	Trill	4.663520	11.786063	NaN	NaN	42.146836	0.000000
86	Spectrogram 1	1	679.090000	679.160000	4000.000000	18000.000000	8000.000000	Phee	6.375537	21.260314	NaN	NaN	119.963041	0.000000
87	Spectrogram 1	1	679.370000	679.860000	4000.000000	18000.000000	8000.000000	Phee	5.314139	14.640243	NaN	NaN	38.147090	0.000000
88	Spectrogram 1	1	689.690000	690.150000	4000.000000	18000.000000	8000.000000	Phee	5.425796	14.399358	NaN	NaN	38.510714	0.000000
89	Spectrogram 1	1	695.450000	695.480000	4000.000000	18000.000000	8000.000000	Trill	4.311720	7.740462	NaN	NaN	41.014776	0.000000
90	Spectrogram 1	1	696.530000	696.660000	4000.000000	18000.000000	8000.000000	Trill	4.496311	9.379551	NaN	NaN	46.536471	0.000000
91	Spectrogram 1	1	698.290000	698.330000	4000.000000	18000.000000	8000.000000	Trill	5.019521	8.862410	NaN	NaN	62.346737	0.000000
92	Spectrogram 1	1	698.610000	698.640000	4000.000000	18000.000000	8000.000000	Trill	4.460922	7.009915	NaN	NaN	41.215570	0.000000
93	Spectrogram 1	1	704.470000	704.550000	4000.000000	18000.000000	8000.000000	Trill	5.950943	7.656368	NaN	NaN	46.948249	0.000000
94	Spectrogram 1	1	707.060000	707.230000	4000.000000	18000.000000	8000.000000	Trill	4.030913	12.851359	NaN	NaN	37.680560	0.000000
95	Spectrogram 1	1	721.710000	721.880000	4000.000000	18000.000000	8000.000000	Trillphee	5.302109	10.286822	NaN	NaN	43.409292	0.000000
96	Spectrogram 1	1	736.070000	736.360000	4000.000000	18000.000000	8000.000000	Phee	4.511194	14.363864	NaN	NaN	92.181481	0.000000
97	Spectrogram 1	1	743.150000	743.190000	4000.000000	18000.000000	8000.000000	Phee	4.114519	9.304261	NaN	NaN	65.603098	0.000000
98	Spectrogram 1	1	743.340000	743.510000	4000.000000	18000.000000	8000.000000	Phee	4.397646	15.306377	NaN	NaN	91.222785	0.000000
99	Spectrogram 1	1	750.590000	750.920000	4000.000000	18000.000000	8000.000000	Phee	5.380027	22.169259	NaN	NaN	117.390240	0.000000
100	Spectrogram 1	1	751.860000	751.900000	4000.000000	18000.000000	8000.000000	Phee	4.681658	25.673243	NaN	NaN	109.946796	0.000000
101	Spectrogram 1	1	759.040000	759.070000	4000.000000	18000.000000	8000.000000	Trill	6.742025	12.919303	NaN	NaN	80.937820	0.000000
102	Spectrogram 1	1	779.610000	779.860000	4000.000000	18000.000000	8000.000000	Twitter	4.858653	27.930418	NaN	NaN	125.925829	0.000000
103	Spectrogram 1	1	779.910000	779.980000	4000.000000	18000.000000	8000.000000	Twitter	4.016251	28.672353	NaN	NaN	117.629444	0.000000
104	Spectrogram 1	1	780.010000	780.110000	4000.000000	18000.000000	8000.000000	Twitter	9.412328	34.515935	NaN	NaN	213.803132	0.000000
105	Spectrogram 1	1	788.040000	788.120000	4000.000000	18000.000000	8000.000000	Trill	5.124386	17.460966	NaN	NaN	98.211976	0.000000
106	Spectrogram 1	1	798.380000	798.480000	4000.000000	18000.000000	8000.000000	Phee	5.726537	12.576523	NaN	NaN	70.682136	0.000000
107	Spectrogram 1	1	798.710000	798.800000	4000.000000	18000.000000	8000.000000	Phee	4.516377	14.794049	NaN	NaN	79.679566	0.000000
108	Spectrogram 1	1	799.150000	799.330000	4000.000000	18000.000000	8000.000000	Phee	4.173913	14.735874	NaN	NaN	66.905789	0.000000
109	Spectrogram 1	1	799.970000	799.990000	4000.000000	18000.000000	8000.000000	Twitter	11.239140	11.285342	NaN	NaN	45.274691	0.000000
110	Spectrogram 1	1	876.240000	877.920000	4000.000000	18000.000000	8000.000000	Twitter	6.577069	24.504979	NaN	NaN	34.465877	0.000000
111	Spectrogram 1	1	901.210000	901.290000	4000.000000	18000.000000	8000.000000	Phee	6.247716	13.468453	NaN	NaN	77.729164	0.000000
112	Spectrogram 1	1	929.840000	929.870000	4000.000000	18000.000000	8000.000000	Twitter	4.016558	9.264954	NaN	NaN	35.233811	0.000000
113	Spectrogram 1	1	930.450000	930.490000	4000.000000	18000.000000	8000.000000	Trill	5.166814	9.802776	NaN	NaN	35.415815	0.000000
114	Spectrogram 1	1	952.490000	953.260000	4000.000000	18000.000000	8000.000000	Trill	4.351260	19.857883	NaN	NaN	66.240191	0.000000
115	Spectrogram 1	1	966.820000	966.980000	4000.000000	18000.000000	8000.000000	Phee	5.802797	28.336855	NaN	NaN	135.461093	0.000000
116	Spectrogram 1	1	967.020000	967.100000	4000.000000	18000.000000	8000.000000	Twitter	4.570318	32.143481	NaN	NaN	108.291961	0.000000
117	Spectrogram 1	1	972.810000	972.910000	4000.000000	18000.000000	8000.000000	Trill	4.613195	12.914350	NaN	NaN	51.799723	0.000000
118	Spectrogram 1	1	972.950000	973.060000	4000.000000	18000.000000	8000.000000	Trill	4.362297	14.496106	NaN	NaN	56.568356	0.000000
119	Spectrogram 1	1	1009.640000	1010.320000	4000.000000	18000.000000	8000.000000	Trill	11.948428	24.580119	NaN	NaN	97.610701	0.000000
120	Spectrogram 1	1	1013.070000	1014.080000	4000.000000	18000.000000	8000.000000	Twitter	8.912809	24.631317	NaN	NaN	50.794053	0.000000
121	Spectrogram 1	1	1019.500000	1019.910000	4000.000000	18000.000000	8000.000000	Trill	14.863197	28.545693	NaN	NaN	97.004835	0.000000
122	Spectrogram 1	1	1021.850000	1022.200000	4000.000000	18000.000000	8000.000000	Trill	17.085993	30.000000	NaN	NaN	147.805103	0.000000
123	Spectrogram 1	1	1041.890000	1041.910000	4000.000000	18000.000000	8000.000000	Trill	10.030406	11.994774	NaN	NaN	33.051100	0.000000
124	Spectrogram 1	1	1109.770000	1109.810000	4000.000000	18000.000000	8000.000000	Phee	4.922115	10.996350	NaN	NaN	74.137247	0.000000
125	Spectrogram 1	1	1122.040000	1122.070000	4000.000000	18000.000000	8000.000000	Trill	4.375430	10.739852	NaN	NaN	33.649048	0.000000
126	Spectrogram 1	1	1144.370000	1145.440000	4000.000000	18000.000000	8000.000000	Phee	16.703064	30.000000	NaN	NaN	40.831734	0.000000
127	Spectrogram 1	1	1156.500000	1156.590000	4000.000000	18000.000000	8000.000000	Phee	4.368402	11.037648	NaN	NaN	68.028034	0.000000
128	Spectrogram 1	1	1160.930000	1161.180000	4000.000000	18000.000000	8000.000000	Trill	13.387952	30.000000	NaN	NaN	69.430730	0.000000
129	Spectrogram 1	1	1187.440000	1188.630000	4000.000000	18000.000000	8000.000000	Trillphee	13.476975	33.512598	NaN	NaN	133.544811	0.000000
130	Spectrogram 1	1	1188.750000	1189.210000	4000.000000	18000.000000	8000.000000	Trill	12.680700	30.000000	NaN	NaN	127.640085	0.000000
131	Spectrogram 1	1	1231.950000	1233.310000	4000.000000	18000.000000	8000.000000	Trill	10.534945	25.965268	NaN	NaN	76.642563	0.000000
132	Spectrogram 1	1	1233.370000	1234.530000	4000.000000	18000.000000	8000.000000	Phee	12.165704	29.570606	NaN	NaN	93.539165	0.000000
133	Spectrogram 1	1	1234.600000	1234.670000	4000.000000	18000.000000	8000.000000	Trill	12.589661	26.342508	NaN	NaN	154.797975	0.000000
134	Spectrogram 1	1	1300.530000	1300.580000	4000.000000	18000.000000	8000.000000	Trill	9.053450	16.511693	NaN	NaN	39.325813	0.000000
135	Spectrogram 1	1	1300.920000	1300.970000	4000.000000	18000.000000	8000.000000	Trill	5.863972	9.213200	NaN	NaN	35.739598	0.000000
136	Spectrogram 1	1	1316.550000	1316.580000	4000.000000	18000.000000	8000.000000	Trill	11.661624	12.582156	NaN	NaN	35.178000	0.000000
137	Spectrogram 1	1	1334.580000	1334.670000	4000.000000	18000.000000	8000.000000	Trill	4.171665	18.382841	NaN	NaN	99.490018	0.000000
138	Spectrogram 1	1	1362.720000	1362.740000	4000.000000	18000.000000	8000.000000	Sd-peep	4.718986	7.516473	NaN	NaN	53.278749	0.000000
139	Spectrogram 1	1	1363.200000	1363.230000	4000.000000	18000.000000	8000.000000	Trill	5.782742	12.059349	NaN	NaN	74.827488	0.000000
140	Spectrogram 1	1	1363.270000	1363.300000	4000.000000	18000.000000	8000.000000	Trill	4.224486	10.642521	NaN	NaN	61.958698	0.000000
141	Spectrogram 1	1	1364.040000	1364.130000	4000.000000	18000.000000	8000.000000	Sd-peep	10.776206	29.996611	NaN	NaN	84.782604	0.000000
142	Spectrogram 1	1	1364.520000	1364.630000	4000.000000	18000.000000	8000.000000	Sd-peep	11.812058	27.530602	NaN	NaN	110.782320	0.000000
143	Spectrogram 1	1	1366.450000	1366.630000	4000.000000	18000.000000	8000.000000	Sd-peep	7.032601	23.503999	NaN	NaN	58.677375	0.000000
144	Spectrogram 1	1	1370.740000	1371.050000	4000.000000	18000.000000	8000.000000	Sd-peep	13.113024	28.799270	NaN	NaN	54.488587	0.000000
145	Spectrogram 1	1	1371.090000	1371.160000	4000.000000	18000.000000	8000.000000	Trill	13.749370	25.743764	NaN	NaN	114.258787	0.000000
146	Spectrogram 1	1	1371.280000	1371.400000	4000.000000	18000.000000	8000.000000	Sd-peep	10.933864	22.546068	NaN	NaN	52.245239	0.000000
147	Spectrogram 1	1	1371.550000	1371.640000	4000.000000	18000.000000	8000.000000	Sd-peep	14.845338	26.832150	NaN	NaN	93.599892	0.000000
148	Spectrogram 1	1	1371.880000	1371.910000	4000.000000	18000.000000	8000.000000	Twitter	7.124125	8.672605	NaN	NaN	38.424940	0.000000
149	Spectrogram 1	1	1372.480000	1372.510000	4000.000000	18000.000000	8000.000000	Twitter	7.214120	7.674527	NaN	NaN	44.052018	0.000000
150	Spectrogram 1	1	1372.840000	1372.870000	4000.000000	18000.000000	8000.000000	Trill	5.841153	8.469849	NaN	NaN	51.621765	0.000000
151	Spectrogram 1	1	1372.910000	1373.000000	4000.000000	18000.000000	8000.000000	Sd-peep	16.147467	32.626052	NaN	NaN	70.537065	0.000000
152	Spectrogram 1	1	1374.560000	1374.750000	4000.000000	18000.000000	8000.000000	Sd-peep	11.751025	24.936981	NaN	NaN	69.532714	0.000000
153	Spectrogram 1	1	1374.790000	1375.040000	4000.000000	18000.000000	8000.000000	Trill	12.705852	23.571504	NaN	NaN	59.784952	0.000000
154	Spectrogram 1	1	1375.100000	1375.300000	4000.000000	18000.000000	8000.000000	Trill	13.220976	23.270200	NaN	NaN	64.684476	0.000000
155	Spectrogram 1	1	1375.810000	1375.940000	4000.000000	18000.000000	8000.000000	Sd-peep	11.940879	25.561617	NaN	NaN	55.763401	0.000000
156	Spectrogram 1	1	1376.140000	1376.280000	4000.000000	18000.000000	8000.000000	Sd-peep	9.629170	21.436725	NaN	NaN	42.127605	0.000000
157	Spectrogram 1	1	1377.280000	1377.310000	4000.000000	18000.000000	8000.000000	Trill	8.825167	13.122353	NaN	NaN	34.991881	0.000000
158	Spectrogram 1	1	1383.090000	1383.110000	4000.000000	18000.000000	8000.000000	Sd-peep	5.754185	12.083249	NaN	NaN	45.677205	0.000000
159	Spectrogram 1	1	1384.560000	1384.600000	4000.000000	18000.000000	8000.000000	Trill	10.227855	10.340682	NaN	NaN	36.149509	0.000000
160	Spectrogram 1	1	1386.180000	1386.210000	4000.000000	18000.000000	8000.000000	Trill	7.742137	8.725735	NaN	NaN	42.428930	0.000000
161	Spectrogram 1	1	1387.050000	1387.100000	4000.000000	18000.000000	8000.000000	Trill	6.720107	7.458631	NaN	NaN	30.749671	0.000000
162	Spectrogram 1	1	1390.100000	1390.150000	4000.000000	18000.000000	8000.000000	Phee	4.098479	12.627127	NaN	NaN	82.882634	0.000000
163	Spectrogram 1	1	1390.250000	1390.440000	4000.000000	18000.000000	8000.000000	Phee	4.484925	16.264333	NaN	NaN	85.092831	0.000000
164	Spectrogram 1	1	1391.720000	1391.910000	4000.000000	18000.000000	8000.000000	Sd-peep	13.691519	27.426348	NaN	NaN	79.921676	0.000000
165	Spectrogram 1	1	1392.000000	1392.100000	4000.000000	18000.000000	8000.000000	Sd-peep	15.833810	30.740617	NaN	NaN	74.579672	0.000000
166	Spectrogram 1	1	1392.200000	1392.270000	4000.000000	18000.000000	8000.000000	Trill	14.727757	24.084728	NaN	NaN	76.113740	0.000000
167	Spectrogram 1	1	1393.520000	1393.540000	4000.000000	18000.000000	8000.000000	Trill	9.283558	8.591275	NaN	NaN	30.531986	0.000000
168	Spectrogram 1	1	1398.900000	1398.950000	4000.000000	18000.000000	8000.000000	Trill	5.090780	11.133818	NaN	NaN	36.349901	0.000000
169	Spectrogram 1	1	1399.140000	1399.230000	4000.000000	18000.000000	8000.000000	Trill	4.452323	9.585407	NaN	NaN	38.890771	0.000000
170	Spectrogram 1	1	1399.680000	1399.700000	4000.000000	18000.000000	8000.000000	Sd-peep	7.869614	10.090680	NaN	NaN	51.726863	0.000000
171	Spectrogram 1	1	1401.560000	1401.640000	4000.000000	18000.000000	8000.000000	Trill	5.924621	13.292497	NaN	NaN	35.230724	0.000000
172	Spectrogram 1	1	1430.800000	1430.870000	4000.000000	18000.000000	8000.000000	Trillphee	4.280017	11.560794	NaN	NaN	59.988366	0.000000
173	Spectrogram 1	1	1463.810000	1463.960000	4000.000000	18000.000000	8000.000000	Trill	4.647762	8.306269	NaN	NaN	65.871302	0.000000
174	Spectrogram 1	1	1483.090000	1483.120000	4000.000000	18000.000000	8000.000000	Twitter	4.046112	7.515665	NaN	NaN	36.462747	0.000000
175	Spectrogram 1	1	1499.880000	1499.980000	4000.000000	18000.000000	8000.000000	Trill	4.616229	10.203409	NaN	NaN	57.287170	0.000000
176	Spectrogram 1	1	1510.300000	1510.350000	4000.000000	18000.000000	8000.000000	Trill	4.521191	7.775916	NaN	NaN	51.577706	0.000000
177	Spectrogram 1	1	1535.990000	1536.030000	4000.000000	18000.000000	8000.000000	Twitter	4.171956	7.616125	NaN	NaN	36.173589	0.000000
178	Spectrogram 1	1	1536.310000	1536.340000	4000.000000	18000.000000	8000.000000	Trill	4.591894	7.979541	NaN	NaN	52.361518	0.000000
179	Spectrogram 1	1	1543.550000	1543.590000	4000.000000	18000.000000	8000.000000	Trill	4.226921	9.491812	NaN	NaN	32.901024	0.000000
180	Spectrogram 1	1	1554.450000	1554.500000	4000.000000	18000.000000	8000.000000	Trill	4.565275	9.031165	NaN	NaN	63.793331	0.000000
181	Spectrogram 1	1	1583.870000	1584.120000	4000.000000	18000.000000	8000.000000	Trill	9.759806	20.659013	NaN	NaN	62.011447	0.000000
182	Spectrogram 1	1	1606.010000	1606.160000	4000.000000	18000.000000	8000.000000	Trill	4.947746	15.730995	NaN	NaN	91.786858	0.000000
183	Spectrogram 1	1	1606.320000	1606.470000	4000.000000	18000.000000	8000.000000	Phee	4.800970	11.938626	NaN	NaN	62.420148	0.000000
184	Spectrogram 1	1	1623.880000	1623.930000	4000.000000	18000.000000	8000.000000	Phee	4.553931	11.083723	NaN	NaN	64.517073	0.000000
185	Spectrogram 1	1	1662.660000	1662.820000	4000.000000	18000.000000	8000.000000	Trill	4.065850	6.589964	NaN	NaN	35.231450	0.000000
186	Spectrogram 1	1	1731.470000	1731.670000	4000.000000	18000.000000	8000.000000	Trill	5.391030	13.240362	NaN	NaN	55.244735	0.000000
187	Spectrogram 1	1	1736.990000	1737.060000	4000.000000	18000.000000	8000.000000	Phee	5.964981	21.770564	NaN	NaN	111.760269	0.000000
188	Spectrogram 1	1	1743.250000	1743.890000	4000.000000	18000.000000	8000.000000	Trill	6.203374	16.198620	NaN	NaN	63.929275	0.000000
189	Spectrogram 1	1	1751.210000	1751.660000	4000.000000	18000.000000	8000.000000	Trill	12.519902	25.651025	NaN	NaN	117.735544	0.000000
190	Spectrogram 1	1	1760.430000	1760.450000	4000.000000	18000.000000	8000.000000	Twitter	4.299336	14.274632	NaN	NaN	63.942659	0.000000
191	Spectrogram 1	1	1761.660000	1761.980000	4000.000000	18000.000000	8000.000000	Trill	16.290786	27.570766	NaN	NaN	120.470059	0.000000
192	Spectrogram 1	1	1763.660000	1763.940000	4000.000000	18000.000000	8000.000000	Trill	10.379783	20.808558	NaN	NaN	73.997552	0.000000
193	Spectrogram 1	1	1784.120000	1784.400000	4000.000000	18000.000000	8000.000000	Trill	5.843022	18.134243	NaN	NaN	67.115825	0.000000
194	Spectrogram 1	1	1807.470000	1807.500000	4000.000000	18000.000000	8000.000000	Twitter	4.961979	12.392900	NaN	NaN	32.651786	0.000000
195	Spectrogram 1	1	1815.520000	1816.340000	4000.000000	18000.000000	8000.000000	Trill	4.281566	14.343887	NaN	NaN	51.026343	0.000000
196	Spectrogram 1	1	1833.190000	1833.230000	4000.000000	18000.000000	8000.000000	Trill	4.580612	6.983253	NaN	NaN	35.582716	0.000000
197	Spectrogram 1	1	1904.910000	1904.950000	4000.000000	18000.000000	8000.000000	Trill	5.063111	7.809280	NaN	NaN	43.971152	0.000000
198	Spectrogram 1	1	1930.850000	1931.190000	4000.000000	18000.000000	8000.000000	Trill	4.586300	9.792914	NaN	NaN	66.370885	0.000000
199	Spectrogram 1	1	1936.600000	1937.060000	4000.000000	18000.000000	8000.000000	Trill	4.185038	8.930381	NaN	NaN	55.488031	0.000000
200	Spectrogram 1	1	1942.310000	1942.590000	4000.000000	18000.000000	8000.000000	Trill	4.540212	7.915965	NaN	NaN	48.486720	0.000000
201	Spectrogram 1	1	1957.690000	1957.960000	4000.000000	18000.000000	8000.000000	Trill	4.175430	13.722146	NaN	NaN	42.229163	0.000000
202	Spectrogram 1	1	1973.870000	1974.320000	4000.000000	18000.000000	8000.000000	Trill	4.160488	12.920812	NaN	NaN	33.952174	0.000000
203	Spectrogram 1	1	1974.370000	1974.460000	4000.000000	18000.000000	8000.000000	Trill	4.580704	11.350823	NaN	NaN	44.649070	0.000000
204	Spectrogram 1	1	2001.060000	2001.110000	4000.000000	18000.000000	8000.000000	Phee	5.090361	11.816934	NaN	NaN	75.468057	0.000000
205	Spectrogram 1	1	2007.820000	2008.220000	4000.000000	18000.000000	8000.000000	Trill	16.785708	29.294110	NaN	NaN	158.926478	0.000000
206	Spectrogram 1	1	2012.330000	2012.650000	4000.000000	18000.000000	8000.000000	Trill	17.241407	30.000000	NaN	NaN	155.773012	0.000000
207	Spectrogram 1	1	2026.580000	2027.040000	4000.000000	18000.000000	8000.000000	Trill	4.846370	14.675003	NaN	NaN	48.860826	0.000000
208	Spectrogram 1	1	2027.330000	2027.350000	4000.000000	18000.000000	8000.000000	Sd-peep	6.311757	14.894194	NaN	NaN	90.192374	0.000000
209	Spectrogram 1	1	2036.430000	2036.780000	4000.000000	18000.000000	8000.000000	Trill	12.027197	23.958540	NaN	NaN	69.703906	0.000000
210	Spectrogram 1	1	2044.310000	2044.360000	4000.000000	18000.000000	8000.000000	Phee	5.072864	11.664842	NaN	NaN	70.266535	0.000000
211	Spectrogram 1	1	2044.450000	2044.520000	4000.000000	18000.000000	8000.000000	Phee	4.468517	10.673542	NaN	NaN	54.223069	0.000000
212	Spectrogram 1	1	2074.680000	2074.710000	4000.000000	18000.000000	8000.000000	Phee	4.176102	10.447851	NaN	NaN	54.226179	0.000000
213	Spectrogram 1	1	2089.170000	2089.700000	4000.000000	18000.000000	8000.000000	Trill	5.777019	17.733835	NaN	NaN	54.957728	0.000000
214	Spectrogram 1	1	2094.420000	2094.820000	4000.000000	18000.000000	8000.000000	Trill	6.590669	18.573121	NaN	NaN	64.505227	0.000000
215	Spectrogram 1	1	2094.860000	2095.210000	4000.000000	18000.000000	8000.000000	Trill	4.108574	15.399673	NaN	NaN	66.703802	0.000000
216	Spectrogram 1	1	2098.400000	2098.430000	4000.000000	18000.000000	8000.000000	Trill	4.731330	7.273286	NaN	NaN	54.546454	0.000000
217	Spectrogram 1	1	2116.900000	2116.950000	4000.000000	18000.000000	8000.000000	Twitter	4.536552	14.923548	NaN	NaN	33.528862	0.000000
218	Spectrogram 1	1	2151.610000	2151.630000	4000.000000	18000.000000	8000.000000	Twitter	4.698100	6.112395	NaN	NaN	40.570726	0.000000
219	Spectrogram 1	1	2165.080000	2165.140000	4000.000000	18000.000000	8000.000000	Trill	4.515580	7.714759	NaN	NaN	41.982997	0.000000
220	Spectrogram 1	1	2166.100000	2166.130000	4000.000000	18000.000000	8000.000000	Trill	4.727612	6.670577	NaN	NaN	34.033456	0.000000
221	Spectrogram 1	1	2176.990000	2177.250000	4000.000000	18000.000000	8000.000000	Trill	4.882860	8.968435	NaN	NaN	32.603087	0.000000
222	Spectrogram 1	1	2182.540000	2182.560000	4000.000000	18000.000000	8000.000000	Phee	4.114772	7.743291	NaN	NaN	62.655299	0.000000
223	Spectrogram 1	1	2186.620000	2186.650000	4000.000000	18000.000000	8000.000000	Phee	4.775611	11.775777	NaN	NaN	60.097334	0.000000
224	Spectrogram 1	1	2195.860000	2196.240000	4000.000000	18000.000000	8000.000000	Trill	4.450708	15.115951	NaN	NaN	46.010491	0.000000
225	Spectrogram 1	1	2212.540000	2212.560000	4000.000000	18000.000000	8000.000000	Phee	5.477385	7.966932	NaN	NaN	54.707642	0.000000
226	Spectrogram 1	1	2219.160000	2219.200000	4000.000000	18000.000000	8000.000000	Phee	5.071650	11.524280	NaN	NaN	50.606187	0.000000
227	Spectrogram 1	1	2231.690000	2231.710000	4000.000000	18000.000000	8000.000000	Sd-peep	6.365820	12.290886	NaN	NaN	30.765530	0.000000
228	Spectrogram 1	1	2231.750000	2231.820000	4000.000000	18000.000000	8000.000000	Trill	6.964525	10.206202	NaN	NaN	31.107569	0.000000
229	Spectrogram 1	1	2244.340000	2244.400000	4000.000000	18000.000000	8000.000000	Trill	5.375168	9.043966	NaN	NaN	30.562457	0.000000
230	Spectrogram 1	1	2255.160000	2255.450000	4000.000000	18000.000000	8000.000000	Trill	4.349793	10.087941	NaN	NaN	55.685768	0.000000
231	Spectrogram 1	1	2257.720000	2257.780000	4000.000000	18000.000000	8000.000000	Trill	4.118476	10.675881	NaN	NaN	42.217508	0.000000
232	Spectrogram 1	1	2261.140000	2261.200000	4000.000000	18000.000000	8000.000000	Trill	4.274928	7.644588	NaN	NaN	40.230460	0.000000
233	Spectrogram 1	1	2266.900000	2266.920000	4000.000000	18000.000000	8000.000000	Twitter	5.635533	9.031515	NaN	NaN	30.992466	0.000000
234	Spectrogram 1	1	2266.960000	2267.070000	4000.000000	18000.000000	8000.000000	Trillphee	5.066234	11.344657	NaN	NaN	38.273972	0.000000
235	Spectrogram 1	1	2270.340000	2270.690000	4000.000000	18000.000000	8000.000000	Trill	5.737433	16.167886	NaN	NaN	52.269229	0.000000
236	Spectrogram 1	1	2282.240000	2283.170000	4000.000000	18000.000000	8000.000000	Phee	4.105757	29.004083	NaN	NaN	77.047114	0.000000
237	Spectrogram 1	1	2301.310000	2301.330000	4000.000000	18000.000000	8000.000000	Sd-peep	5.016047	10.877396	NaN	NaN	43.831740	0.000000
238	Spectrogram 1	1	2301.720000	2301.760000	4000.000000	18000.000000	8000.000000	Trill	5.812589	15.299481	NaN	NaN	65.776254	0.000000
239	Spectrogram 1	1	2303.520000	2303.570000	4000.000000	18000.000000	8000.000000	Phee	5.592393	8.757468	NaN	NaN	34.160882	0.000000
240	Spectrogram 1	1	2303.880000	2303.930000	4000.000000	18000.000000	8000.000000	Trill	4.094757	11.812616	NaN	NaN	55.873085	0.000000
241	Spectrogram 1	1	2304.780000	2304.810000	4000.000000	18000.000000	8000.000000	Phee	5.178519	7.311844	NaN	NaN	34.329447	0.000000
242	Spectrogram 1	1	2309.470000	2309.530000	4000.000000	18000.000000	8000.000000	Trill	6.627195	10.546631	NaN	NaN	60.586031	0.000000
243	Spectrogram 1	1	2320.060000	2320.110000	4000.000000	18000.000000	8000.000000	Trill	9.045469	14.400185	NaN	NaN	30.945216	0.000000
244	Spectrogram 1	1	2321.310000	2321.460000	4000.000000	18000.000000	8000.000000	Trill	4.269012	9.145630	NaN	NaN	57.883491	0.000000
245	Spectrogram 1	1	2323.780000	2323.910000	4000.000000	18000.000000	8000.000000	Trill	4.748328	9.309299	NaN	NaN	36.035795	0.000000
246	Spectrogram 1	1	2324.090000	2324.360000	4000.000000	18000.000000	8000.000000	Trill	4.595072	8.634561	NaN	NaN	39.551483	0.000000
247	Spectrogram 1	1	2339.070000	2339.110000	4000.000000	18000.000000	8000.000000	Phee	5.322557	8.959000	NaN	NaN	37.231016	0.000000
248	Spectrogram 1	1	2362.590000	2362.650000	4000.000000	18000.000000	8000.000000	Phee	5.019983	17.463423	NaN	NaN	88.160787	0.000000
249	Spectrogram 1	1	2372.410000	2372.440000	4000.000000	18000.000000	8000.000000	Trill	4.283164	12.352637	NaN	NaN	41.539278	0.000000
250	Spectrogram 1	1	2384.370000	2384.520000	4000.000000	18000.000000	8000.000000	Phee	4.289612	14.799320	NaN	NaN	67.025899	0.000000
251	Spectrogram 1	1	2384.560000	2384.890000	4000.000000	18000.000000	8000.000000	Phee	4.453394	20.853829	NaN	NaN	92.868322	0.000000
252	Spectrogram 1	1	2405.890000	2405.910000	4000.000000	18000.000000	8000.000000	Twitter	5.171298	12.691863	NaN	NaN	55.961613	0.000000
253	Spectrogram 1	1	2424.880000	2424.910000	4000.000000	18000.000000	8000.000000	Trill	7.386085	7.405585	NaN	NaN	56.945653	0.000000
254	Spectrogram 1	1	2424.980000	2425.020000	4000.000000	18000.000000	8000.000000	Twitter	13.949288	13.015012	NaN	NaN	51.577303	0.000000
255	Spectrogram 1	1	2426.920000	2426.990000	4000.000000	18000.000000	8000.000000	Twitter	9.495600	10.973198	NaN	NaN	38.656054	0.000000
256	Spectrogram 1	1	2427.050000	2427.070000	4000.000000	18000.000000	8000.000000	Sd-peep	11.169647	10.481058	NaN	NaN	49.081015	0.000000
257	Spectrogram 1	1	2427.640000	2430.330000	4000.000000	18000.000000	8000.000000	Trill	9.789223	20.747233	NaN	NaN	35.957530	0.000000
258	Spectrogram 1	1	2430.520000	2431.060000	4000.000000	18000.000000	8000.000000	Trill	9.249886	27.236685	NaN	NaN	94.545143	0.000000
259	Spectrogram 1	1	2431.140000	2431.600000	4000.000000	18000.000000	8000.000000	Trill	10.083097	28.703208	NaN	NaN	96.372541	0.000000
260	Spectrogram 1	1	2431.780000	2431.850000	4000.000000	18000.000000	8000.000000	Trill	7.040640	13.365448	NaN	NaN	58.714584	0.000000
261	Spectrogram 1	1	2446.330000	2446.400000	4000.000000	18000.000000	8000.000000	Trillphee	15.293101	11.716535	NaN	NaN	35.149238	0.000000
262	Spectrogram 1	1	2446.450000	2446.500000	4000.000000	18000.000000	8000.000000	Trill	14.231092	12.903720	NaN	NaN	40.541826	0.000000
263	Spectrogram 1	1	2446.770000	2448.940000	4000.000000	18000.000000	8000.000000	Twitter	7.393126	24.326483	NaN	NaN	65.159971	0.000000
264	Spectrogram 1	1	2449.110000	2449.840000	4000.000000	18000.000000	8000.000000	Trill	9.340871	30.000000	NaN	NaN	98.256413	0.000000
265	Spectrogram 1	1	2450.300000	2450.480000	4000.000000	18000.000000	8000.000000	Phee	4.135681	11.279855	NaN	NaN	69.779229	0.000000
266	Spectrogram 1	1	2450.580000	2450.720000	4000.000000	18000.000000	8000.000000	Phee	4.754754	11.098675	NaN	NaN	64.544933	0.000000
267	Spectrogram 1	1	2463.670000	2464.480000	4000.000000	18000.000000	8000.000000	Trill	12.625763	27.871908	NaN	NaN	118.380713	0.000000
268	Spectrogram 1	1	2464.640000	2465.340000	4000.000000	18000.000000	8000.000000	Trill	10.983955	30.000000	NaN	NaN	116.053031	0.000000
269	Spectrogram 1	1	2465.560000	2466.140000	4000.000000	18000.000000	8000.000000	Trill	10.914542	30.000000	NaN	NaN	122.070161	0.000000
270	Spectrogram 1	1	2466.290000	2466.870000	4000.000000	18000.000000	8000.000000	Trill	10.390031	30.000000	NaN	NaN	120.998991	0.000000
271	Spectrogram 1	1	2467.770000	2467.820000	4000.000000	18000.000000	8000.000000	Trill	8.830974	13.462761	NaN	NaN	30.964619	0.000000
272	Spectrogram 1	1	2470.130000	2470.160000	4000.000000	18000.000000	8000.000000	Trill	8.444630	9.901653	NaN	NaN	37.128038	0.000000
273	Spectrogram 1	1	2472.080000	2472.130000	4000.000000	18000.000000	8000.000000	Trill	6.373542	8.230159	NaN	NaN	56.087360	0.000000
274	Spectrogram 1	1	2472.180000	2472.260000	4000.000000	18000.000000	8000.000000	Trill	4.394284	7.014748	NaN	NaN	50.723342	0.000000
275	Spectrogram 1	1	2472.300000	2472.340000	4000.000000	18000.000000	8000.000000	Trill	5.717601	6.966408	NaN	NaN	43.968738	0.000000
276	Spectrogram 1	1	2480.480000	2480.630000	4000.000000	18000.000000	8000.000000	Phee	8.156246	12.492305	NaN	NaN	61.417240	0.000000
277	Spectrogram 1	1	2487.340000	2487.980000	4000.000000	18000.000000	8000.000000	Trill	12.981592	30.000000	NaN	NaN	154.313469	0.000000
278	Spectrogram 1	1	2488.160000	2488.970000	4000.000000	18000.000000	8000.000000	Trill	9.501381	30.000000	NaN	NaN	71.733889	0.000000
279	Spectrogram 1	1	2489.150000	2489.680000	4000.000000	18000.000000	8000.000000	Trill	11.251568	30.000000	NaN	NaN	107.366206	0.000000
280	Spectrogram 1	1	2489.810000	2490.280000	4000.000000	18000.000000	8000.000000	Twitter	12.287632	29.140644	NaN	NaN	133.092306	0.000000
281	Spectrogram 1	1	2492.660000	2492.710000	4000.000000	18000.000000	8000.000000	Phee	6.570727	8.232862	NaN	NaN	45.176284	0.000000
282	Spectrogram 1	1	2492.840000	2492.960000	4000.000000	18000.000000	8000.000000	Trill	4.584390	8.891130	NaN	NaN	34.837316	0.000000
283	Spectrogram 1	1	2493.900000	2493.990000	4000.000000	18000.000000	8000.000000	Phee	6.571679	24.392397	NaN	NaN	140.149001	0.000000
284	Spectrogram 1	1	2494.850000	2495.000000	4000.000000	18000.000000	8000.000000	Trill	6.488658	9.411364	NaN	NaN	40.280823	0.000000
285	Spectrogram 1	1	2502.520000	2503.390000	4000.000000	18000.000000	8000.000000	Trill	10.413068	30.000000	NaN	NaN	83.083481	0.000000
286	Spectrogram 1	1	2503.630000	2504.540000	4000.000000	18000.000000	8000.000000	Trill	10.370686	30.000000	NaN	NaN	84.163306	0.000000
287	Spectrogram 1	1	2504.690000	2505.270000	4000.000000	18000.000000	8000.000000	Phee	11.780026	30.000000	NaN	NaN	89.283916	0.000000
288	Spectrogram 1	1	2505.400000	2505.500000	4000.000000	18000.000000	8000.000000	Trill	8.358408	21.349047	NaN	NaN	94.404180	0.000000
289	Spectrogram 1	1	2505.570000	2505.620000	4000.000000	18000.000000	8000.000000	Trill	10.743992	19.580448	NaN	NaN	128.065521	0.000000
290	Spectrogram 1	1	2506.680000	2506.720000	4000.000000	18000.000000	8000.000000	Trillphee	7.102913	12.338770	NaN	NaN	62.923937	0.000000
291	Spectrogram 1	1	2517.940000	2518.540000	4000.000000	18000.000000	8000.000000	Trill	7.334462	27.589141	NaN	NaN	82.264544	0.000000
292	Spectrogram 1	1	2518.740000	2519.500000	4000.000000	18000.000000	8000.000000	Trill	9.109564	30.000000	NaN	NaN	78.187370	0.000000
293	Spectrogram 1	1	2519.660000	2519.980000	4000.000000	18000.000000	8000.000000	Twitter	12.723208	34.309569	NaN	NaN	96.551169	0.000000
294	Spectrogram 1	1	2520.010000	2520.200000	4000.000000	18000.000000	8000.000000	Sd-peep	11.449307	39.214140	NaN	NaN	75.106683	0.000000
295	Spectrogram 1	1	2520.400000	2520.960000	4000.000000	18000.000000	8000.000000	Trill	10.955618	30.000000	NaN	NaN	101.046572	0.000000
296	Spectrogram 1	1	2532.230000	2532.300000	4000.000000	18000.000000	8000.000000	Trill	4.278330	6.556899	NaN	NaN	35.796890	0.000000
297	Spectrogram 1	1	2532.590000	2532.690000	4000.000000	18000.000000	8000.000000	Trill	4.056374	10.843781	NaN	NaN	66.107731	0.000000
298	Spectrogram 1	1	2534.360000	2535.170000	4000.000000	18000.000000	8000.000000	Trill	12.092833	28.637272	NaN	NaN	87.320820	0.000000
299	Spectrogram 1	1	2535.370000	2536.670000	4000.000000	18000.000000	8000.000000	Trill	10.810250	30.000000	NaN	NaN	92.282075	0.000000
300	Spectrogram 1	1	2550.640000	2550.660000	4000.000000	18000.000000	8000.000000	Twitter	4.569828	12.853681	NaN	NaN	36.641250	0.000000
301	Spectrogram 1	1	2550.750000	2550.820000	4000.000000	18000.000000	8000.000000	Trill	4.990597	11.877667	NaN	NaN	31.819437	0.000000
302	Spectrogram 1	1	2555.460000	2556.230000	4000.000000	18000.000000	8000.000000	Trill	9.310231	30.000000	NaN	NaN	87.320749	0.000000
303	Spectrogram 1	1	2556.310000	2557.210000	4000.000000	18000.000000	8000.000000	Trill	10.401188	30.000000	NaN	NaN	71.126225	0.000000
304	Spectrogram 1	1	2557.370000	2558.010000	4000.000000	18000.000000	8000.000000	Trill	10.594524	30.000000	NaN	NaN	80.377575	0.000000
305	Spectrogram 1	1	2558.150000	2558.820000	4000.000000	18000.000000	8000.000000	Phee	11.382159	30.000000	NaN	NaN	102.949525	0.000000
306	Spectrogram 1	1	2561.520000	2561.920000	4000.000000	18000.000000	8000.000000	Sd-peep	4.742699	13.952805	NaN	NaN	38.582913	0.000000
307	Spectrogram 1	1	2562.130000	2562.230000	4000.000000	18000.000000	8000.000000	Sd-peep	6.329549	20.370047	NaN	NaN	37.194554	0.000000
308	Spectrogram 1	1	2562.430000	2563.640000	4000.000000	18000.000000	8000.000000	Trill	9.159333	24.588625	NaN	NaN	79.345775	0.000000
309	Spectrogram 1	1	2563.710000	2564.330000	4000.000000	18000.000000	8000.000000	Trill	11.199663	30.000000	NaN	NaN	79.655112	0.000000
310	Spectrogram 1	1	2564.560000	2565.130000	4000.000000	18000.000000	8000.000000	Trill	11.267973	29.785411	NaN	NaN	70.264824	0.000000
311	Spectrogram 1	1	2597.800000	2597.850000	4000.000000	18000.000000	8000.000000	Twitter	4.144803	14.622842	NaN	NaN	79.186374	0.000000
312	Spectrogram 1	1	2597.900000	2598.070000	4000.000000	18000.000000	8000.000000	Trill	4.761387	12.258649	NaN	NaN	71.707809	0.000000
313	Spectrogram 1	1	2603.940000	2603.980000	4000.000000	18000.000000	8000.000000	Phee	4.305369	6.839771	NaN	NaN	55.826777	0.000000
314	Spectrogram 1	1	2621.090000	2621.130000	4000.000000	18000.000000	8000.000000	Sd-peep	5.240739	24.579997	NaN	NaN	49.194453	0.000000
315	Spectrogram 1	1	2639.570000	2639.980000	4000.000000	18000.000000	8000.000000	Phee	4.008913	14.452876	NaN	NaN	74.670272	0.000000
316	Spectrogram 1	1	2640.010000	2640.070000	4000.000000	18000.000000	8000.000000	Phee	5.406878	17.672935	NaN	NaN	105.258362	0.000000
317	Spectrogram 1	1	2645.640000	2645.660000	4000.000000	18000.000000	8000.000000	Twitter	4.155229	6.726675	NaN	NaN	34.945523	0.000000
318	Spectrogram 1	1	2648.720000	2648.960000	4000.000000	18000.000000	8000.000000	Phee	4.073237	14.677131	NaN	NaN	77.103092	0.000000
319	Spectrogram 1	1	2650.940000	2651.020000	4000.000000	18000.000000	8000.000000	Sd-peep	6.483741	25.292317	NaN	NaN	38.602614	0.000000
320	Spectrogram 1	1	2651.290000	2653.030000	4000.000000	18000.000000	8000.000000	Trill	8.248462	26.484643	NaN	NaN	81.534844	0.000000
321	Spectrogram 1	1	2653.140000	2653.640000	4000.000000	18000.000000	8000.000000	Trill	9.764466	27.422085	NaN	NaN	83.903173	0.000000
322	Spectrogram 1	1	2661.310000	2661.400000	4000.000000	18000.000000	8000.000000	Trill	4.164360	10.394706	NaN	NaN	57.619018	0.000000
323	Spectrogram 1	1	2664.010000	2665.420000	4000.000000	18000.000000	8000.000000	Trill	8.133440	29.906479	NaN	NaN	60.360622	0.000000
324	Spectrogram 1	1	2665.460000	2666.280000	4000.000000	18000.000000	8000.000000	Trill	10.286010	30.000000	NaN	NaN	69.953312	0.000000
325	Spectrogram 1	1	2666.390000	2666.940000	4000.000000	18000.000000	8000.000000	Trill	11.008825	30.000000	NaN	NaN	74.574459	0.000000
326	Spectrogram 1	1	2667.080000	2667.150000	4000.000000	18000.000000	8000.000000	Twitter	11.432272	28.107490	NaN	NaN	128.256421	0.000000
327	Spectrogram 1	1	2672.850000	2672.880000	4000.000000	18000.000000	8000.000000	Trill	8.872161	11.288382	NaN	NaN	30.486993	0.000000
328	Spectrogram 1	1	2672.970000	2673.090000	4000.000000	18000.000000	8000.000000	Trill	4.227865	7.436328	NaN	NaN	34.715978	0.000000
329	Spectrogram 1	1	2673.130000	2673.210000	4000.000000	18000.000000	8000.000000	Trill	4.831874	9.411589	NaN	NaN	39.797927	0.000000
330	Spectrogram 1	1	2679.520000	2679.690000	4000.000000	18000.000000	8000.000000	Twitter	10.686823	27.572482	NaN	NaN	86.858804	0.000000
331	Spectrogram 1	1	2679.760000	2680.890000	4000.000000	18000.000000	8000.000000	Twitter	7.904277	23.257960	NaN	NaN	34.723441	0.000000
332	Spectrogram 1	1	2680.940000	2680.990000	4000.000000	18000.000000	8000.000000	Trill	7.408455	11.929982	NaN	NaN	80.037398	0.000000
333	Spectrogram 1	1	2683.540000	2683.620000	4000.000000	18000.000000	8000.000000	Phee	13.716345	11.009600	NaN	NaN	66.290806	0.000000
334	Spectrogram 1	1	2704.320000	2704.380000	4000.000000	18000.000000	8000.000000	Trill	4.309861	8.909616	NaN	NaN	65.270980	0.000000
335	Spectrogram 1	1	2713.300000	2713.430000	4000.000000	18000.000000	8000.000000	Phee	5.483051	14.197032	NaN	NaN	55.965408	0.000000
336	Spectrogram 1	1	2724.960000	2727.250000	4000.000000	18000.000000	8000.000000	Twitter	4.561153	22.365233	NaN	NaN	31.802846	0.000000
337	Spectrogram 1	1	2729.990000	2730.050000	4000.000000	18000.000000	8000.000000	Twitter	4.057010	15.290224	NaN	NaN	48.498122	0.000000
338	Spectrogram 1	1	2734.240000	2734.690000	4000.000000	18000.000000	8000.000000	Trill	13.255798	25.269238	NaN	NaN	75.007373	0.000000
339	Spectrogram 1	1	2745.950000	2747.580000	4000.000000	18000.000000	8000.000000	Twitter	7.666990	26.102562	NaN	NaN	38.513069	0.000000
340	Spectrogram 1	1	2752.630000	2752.680000	4000.000000	18000.000000	8000.000000	Phee	5.358392	16.362398	NaN	NaN	93.845721	0.000000
341	Spectrogram 1	1	2752.760000	2753.040000	4000.000000	18000.000000	8000.000000	Phee	4.424723	17.315436	NaN	NaN	78.515211	0.000000
342	Spectrogram 1	1	2757.910000	2757.950000	4000.000000	18000.000000	8000.000000	Trill	4.649306	10.726112	NaN	NaN	43.534806	0.000000
343	Spectrogram 1	1	2762.000000	2762.020000	4000.000000	18000.000000	8000.000000	Sd-peep	5.149582	7.596870	NaN	NaN	34.310263	0.000000
344	Spectrogram 1	1	2767.610000	2767.700000	4000.000000	18000.000000	8000.000000	Trill	4.653681	9.866591	NaN	NaN	67.439657	0.000000
345	Spectrogram 1	1	2772.020000	2772.130000	4000.000000	18000.000000	8000.000000	Phee	5.182946	8.849117	NaN	NaN	32.023640	0.000000
346	Spectrogram 1	1	2774.390000	2774.480000	4000.000000	18000.000000	8000.000000	Trill	4.177643	10.568288	NaN	NaN	51.752925	0.000000
347	Spectrogram 1	1	2789.360000	2789.400000	4000.000000	18000.000000	8000.000000	Trill	4.249184	6.696840	NaN	NaN	37.286529	0.000000
348	Spectrogram 1	1	2790.910000	2790.960000	4000.000000	18000.000000	8000.000000	Trill	4.050382	9.448786	NaN	NaN	41.161957	0.000000
349	Spectrogram 1	1	2791.040000	2791.060000	4000.000000	18000.000000	8000.000000	Trill	4.487261	7.554424	NaN	NaN	39.917284	0.000000
350	Spectrogram 1	1	2793.160000	2793.470000	4000.000000	18000.000000	8000.000000	Trill	5.062447	11.153398	NaN	NaN	72.085085	0.000000
351	Spectrogram 1	1	2798.140000	2798.350000	4000.000000	18000.000000	8000.000000	Trill	4.601399	15.467540	NaN	NaN	35.941415	0.000000
352	Spectrogram 1	1	2802.860000	2802.970000	4000.000000	18000.000000	8000.000000	Trill	4.136347	12.420670	NaN	NaN	67.731709	0.000000
353	Spectrogram 1	1	2817.240000	2817.310000	4000.000000	18000.000000	8000.000000	Phee	5.155051	12.291705	NaN	NaN	56.901101	0.000000
354	Spectrogram 1	1	2819.820000	2819.850000	4000.000000	18000.000000	8000.000000	Phee	6.407567	9.052116	NaN	NaN	65.699597	0.000000
355	Spectrogram 1	1	2827.450000	2827.740000	4000.000000	18000.000000	8000.000000	Phee	4.027280	10.320863	NaN	NaN	61.329558	0.000000
356	Spectrogram 1	1	2844.980000	2845.010000	4000.000000	18000.000000	8000.000000	Trill	4.298682	10.993088	NaN	NaN	54.576107	0.000000
357	Spectrogram 1	1	2851.800000	2851.820000	4000.000000	18000.000000	8000.000000	Phee	4.336956	8.470597	NaN	NaN	63.558685	0.000000
358	Spectrogram 1	1	2864.330000	2864.350000	4000.000000	18000.000000	8000.000000	Twitter	5.504974	9.237543	NaN	NaN	51.435996	0.000000
359	Spectrogram 1	1	2872.900000	2873.650000	4000.000000	18000.000000	8000.000000	Trill	4.220210	13.386588	NaN	NaN	71.906432	0.000000
360	Spectrogram 1	1	2875.780000	2875.900000	4000.000000	18000.000000	8000.000000	Trillphee	4.248394	9.724945	NaN	NaN	42.992637	0.000000
361	Spectrogram 1	1	2879.260000	2879.310000	4000.000000	18000.000000	8000.000000	Twitter	4.099319	14.227896	NaN	NaN	37.769261	0.000000
362	Spectrogram 1	1	2881.810000	2881.860000	4000.000000	18000.000000	8000.000000	Phee	4.583115	12.760762	NaN	NaN	43.642117	0.000000
363	Spectrogram 1	1	2892.670000	2892.790000	4000.000000	18000.000000	8000.000000	Trill	4.199255	10.930455	NaN	NaN	59.475985	0.000000
364	Spectrogram 1	1	2905.440000	2905.940000	4000.000000	18000.000000	8000.000000	Trill	5.505290	16.361311	NaN	NaN	48.788541	0.000000
365	Spectrogram 1	1	2912.570000	2912.680000	4000.000000	18000.000000	8000.000000	Trill	4.852781	11.592314	NaN	NaN	42.956327	0.000000
366	Spectrogram 1	1	2914.770000	2915.170000	4000.000000	18000.000000	8000.000000	Trill	11.690191	20.009211	NaN	NaN	104.434951	0.000000
367	Spectrogram 1	1	2919.960000	2920.220000	4000.000000	18000.000000	8000.000000	Trill	13.485722	24.728828	NaN	NaN	63.621848	0.000000
368	Spectrogram 1	1	2923.230000	2923.750000	4000.000000	18000.000000	8000.000000	Trill	16.362664	29.813707	NaN	NaN	149.126044	0.000000
369	Spectrogram 1	1	2932.570000	2932.770000	4000.000000	18000.000000	8000.000000	Trill	10.864817	21.202558	NaN	NaN	55.863607	0.000000
370	Spectrogram 1	1	2937.180000	2938.380000	4000.000000	18000.000000	8000.000000	Phee	4.585426	25.772909	NaN	NaN	111.387146	0.000000
371	Spectrogram 1	1	2951.920000	2952.160000	4000.000000	18000.000000	8000.000000	Trill	4.439360	8.291933	NaN	NaN	40.196639	0.000000
372	Spectrogram 1	1	2963.430000	2963.480000	4000.000000	18000.000000	8000.000000	Trill	4.003168	10.081579	NaN	NaN	61.598845	0.000000
373	Spectrogram 1	1	2965.720000	2965.980000	4000.000000	18000.000000	8000.000000	Trill	6.586480	18.485226	NaN	NaN	53.499656	0.000000
374	Spectrogram 1	1	2976.810000	2977.170000	4000.000000	18000.000000	8000.000000	Trill	17.457539	30.000000	NaN	NaN	164.926051	0.000000
375	Spectrogram 1	1	2977.650000	2977.670000	4000.000000	18000.000000	8000.000000	Trill	5.415995	9.730027	NaN	NaN	65.369527	0.000000
376	Spectrogram 1	1	3001.710000	3002.300000	4000.000000	18000.000000	8000.000000	Trill	4.201636	11.384181	NaN	NaN	32.833975	0.000000
377	Spectrogram 1	1	3005.170000	3005.530000	4000.000000	18000.000000	8000.000000	Trill	5.239607	16.363103	NaN	NaN	64.616682	0.000000
378	Spectrogram 1	1	3013.810000	3014.270000	4000.000000	18000.000000	8000.000000	Phee	4.002842	13.204606	NaN	NaN	60.286085	0.000000
379	Spectrogram 1	1	3014.620000	3015.150000	4000.000000	18000.000000	8000.000000	Trillphee	4.058760	20.926278	NaN	NaN	107.784990	0.000000
380	Spectrogram 1	1	3020.130000	3020.150000	4000.000000	18000.000000	8000.000000	Trill	4.888377	12.544309	NaN	NaN	41.730190	0.000000
381	Spectrogram 1	1	3049.410000	3049.840000	4000.000000	18000.000000	8000.000000	Trill	4.116598	13.867845	NaN	NaN	65.933983	0.000000
382	Spectrogram 1	1	3109.920000	3110.070000	4000.000000	18000.000000	8000.000000	Trill	4.349501	10.180049	NaN	NaN	54.899372	0.000000
383	Spectrogram 1	1	3142.640000	3143.090000	4000.000000	18000.000000	8000.000000	Trill	4.048736	13.735948	NaN	NaN	69.682604	0.000000
384	Spectrogram 1	1	3156.510000	3156.530000	4000.000000	18000.000000	8000.000000	Phee	4.942573	7.744722	NaN	NaN	33.669516	0.000000
385	Spectrogram 1	1	3157.260000	3157.390000	4000.000000	18000.000000	8000.000000	Trill	4.105356	10.108173	NaN	NaN	39.112072	0.000000
386	Spectrogram 1	1	3161.350000	3161.500000	4000.000000	18000.000000	8000.000000	Trill	5.276455	12.801638	NaN	NaN	62.815912	0.000000
387	Spectrogram 1	1	3171.570000	3171.610000	4000.000000	18000.000000	8000.000000	Phee	4.821874	10.253761	NaN	NaN	42.905054	0.000000
388	Spectrogram 1	1	3172.420000	3172.490000	4000.000000	18000.000000	8000.000000	Twitter	4.484328	15.830705	NaN	NaN	48.562110	0.000000
389	Spectrogram 1	1	3175.470000	3175.490000	4000.000000	18000.000000	8000.000000	Twitter	5.854696	12.002180	NaN	NaN	47.633861	0.000000
390	Spectrogram 1	1	3179.910000	3179.980000	4000.000000	18000.000000	8000.000000	Trill	7.497959	11.811773	NaN	NaN	29.624107	0.000000
391	Spectrogram 1	1	3180.160000	3180.820000	4000.000000	18000.000000	8000.000000	Phee	4.095511	9.132566	NaN	NaN	38.841504	0.000000
392	Spectrogram 1	1	3186.920000	3186.970000	4000.000000	18000.000000	8000.000000	Trill	5.055699	11.684403	NaN	NaN	39.891450	0.000000
393	Spectrogram 1	1	3198.240000	3198.720000	4000.000000	18000.000000	8000.000000	Trill	4.670474	10.501086	NaN	NaN	45.512716	0.000000
394	Spectrogram 1	1	3200.170000	3200.220000	4000.000000	18000.000000	8000.000000	Trill	4.186981	9.387468	NaN	NaN	35.419252	0.000000
395	Spectrogram 1	1	3219.040000	3219.740000	4000.000000	18000.000000	8000.000000	Trillphee	4.073226	9.986831	NaN	NaN	50.691650	0.000000
396	Spectrogram 1	1	3220.480000	3221.990000	4000.000000	18000.000000	8000.000000	Trillphee	15.661764	35.852377	NaN	NaN	144.160938	0.000000
397	Spectrogram 1	1	3236.310000	3236.340000	4000.000000	18000.000000	8000.000000	Trill	5.300467	8.654003	NaN	NaN	57.490643	0.000000
398	Spectrogram 1	1	3238.500000	3238.750000	4000.000000	18000.000000	8000.000000	Trillphee	5.012186	15.535903	NaN	NaN	88.284952	0.000000
399	Spectrogram 1	1	3240.470000	3240.510000	4000.000000	18000.000000	8000.000000	Trill	4.846497	13.446630	NaN	NaN	61.175271	0.000000
400	Spectrogram 1	1	3263.250000	3263.270000	4000.000000	18000.000000	8000.000000	Sd-peep	4.018895	15.199745	NaN	NaN	66.503853	0.000000
401	Spectrogram 1	1	3269.160000	3269.180000	4000.000000	18000.000000	8000.000000	Sd-peep	7.466628	6.544500	NaN	NaN	36.598790	0.000000
402	Spectrogram 1	1	3299.600000	3299.630000	4000.000000	18000.000000	8000.000000	Trill	4.855418	17.728465	NaN	NaN	31.775053	0.000000
403	Spectrogram 1	1	3310.260000	3310.630000	4000.000000	18000.000000	8000.000000	Trill	6.656591	17.315988	NaN	NaN	42.666761	0.000000
404	Spectrogram 1	1	3389.500000	3389.520000	4000.000000	18000.000000	8000.000000	Sd-peep	4.447207	10.247770	NaN	NaN	38.844225	0.000000
405	Spectrogram 1	1	3431.920000	3432.150000	4000.000000	18000.000000	8000.000000	Phee	4.230136	10.039040	NaN	NaN	58.390724	0.000000
406	Spectrogram 1	1	3449.320000	3449.350000	4000.000000	18000.000000	8000.000000	Phee	5.371944	9.067894	NaN	NaN	38.404520	0.000000
407	Spectrogram 1	1	3469.280000	3469.310000	4000.000000	18000.000000	8000.000000	Trill	4.050003	9.671689	NaN	NaN	54.238090	0.000000
408	Spectrogram 1	1	3480.460000	3480.510000	4000.000000	18000.000000	8000.000000	Trill	5.637929	12.031911	NaN	NaN	46.078513	0.000000
409	Spectrogram 1	1	3538.030000	3538.090000	4000.000000	18000.000000	8000.000000	Phee	4.191139	15.601858	NaN	NaN	57.152297	0.000000
410	Spectrogram 1	1	3604.060000	3604.180000	4000.000000	18000.000000	8000.000000	Trill	4.144864	12.363998	NaN	NaN	52.617579	0.000000
411	Spectrogram 1	1	3618.520000	3618.540000	4000.000000	18000.000000	8000.000000	Phee	4.424854	10.676543	NaN	NaN	54.159712	0.000000
412	Spectrogram 1	1	3644.620000	3644.730000	4000.000000	18000.000000	8000.000000	Phee	4.133775	10.980257	NaN	NaN	34.232953	0.000000
413	Spectrogram 1	1	3647.980000	3648.110000	4000.000000	18000.000000	8000.000000	Trill	4.289032	9.617251	NaN	NaN	59.177540	0.000000
414	Spectrogram 1	1	3653.510000	3653.780000	4000.000000	18000.000000	8000.000000	Trill	4.275272	12.492178	NaN	NaN	66.012345	0.000000
415	Spectrogram 1	1	3672.500000	3672.530000	4000.000000	18000.000000	8000.000000	Trill	5.149234	9.159523	NaN	NaN	36.296034	0.000000
416	Spectrogram 1	1	3711.710000	3712.030000	4000.000000	18000.000000	8000.000000	Trill	7.048841	17.334416	NaN	NaN	42.071577	0.000000
417	Spectrogram 1	1	3725.050000	3725.080000	4000.000000	18000.000000	8000.000000	Trill	8.488414	13.499099	NaN	NaN	28.890978	0.000000
418	Spectrogram 1	1	3740.390000	3740.410000	4000.000000	18000.000000	8000.000000	Sd-peep	5.641864	9.812399	NaN	NaN	35.842865	0.000000
419	Spectrogram 1	1	3758.010000	3758.040000	4000.000000	18000.000000	8000.000000	Trill	5.242957	8.267773	NaN	NaN	52.896628	0.000000
420	Spectrogram 1	1	3771.920000	3772.170000	4000.000000	18000.000000	8000.000000	Trill	5.449619	8.427049	NaN	NaN	34.690712	0.000000
421	Spectrogram 1	1	3783.650000	3783.670000	4000.000000	18000.000000	8000.000000	Sd-peep	9.002961	11.034416	NaN	NaN	28.718841	0.000000
422	Spectrogram 1	1	3813.530000	3813.640000	4000.000000	18000.000000	8000.000000	Phee	4.160944	12.206906	NaN	NaN	66.819810	0.000000
423	Spectrogram 1	1	3813.680000	3813.760000	4000.000000	18000.000000	8000.000000	Phee	5.155997	9.804821	NaN	NaN	58.747051	0.000000
424	Spectrogram 1	1	3813.810000	3813.890000	4000.000000	18000.000000	8000.000000	Phee	6.569783	10.584367	NaN	NaN	58.742397	0.000000
425	Spectrogram 1	1	3817.890000	3818.200000	4000.000000	18000.000000	8000.000000	Trill	5.294185	15.845079	NaN	NaN	54.460010	0.000000
426	Spectrogram 1	1	3825.270000	3825.570000	4000.000000	18000.000000	8000.000000	Trill	7.076358	17.580857	NaN	NaN	54.246829	0.000000
427	Spectrogram 1	1	3831.060000	3831.300000	4000.000000	18000.000000	8000.000000	Trillphee	6.076315	12.598645	NaN	NaN	68.609056	0.000000
428	Spectrogram 1	1	3834.000000	3834.150000	4000.000000	18000.000000	8000.000000	Trill	11.321237	11.166828	NaN	NaN	42.506542	0.000000
429	Spectrogram 1	1	3839.740000	3839.980000	4000.000000	18000.000000	8000.000000	Trill	14.700103	26.226412	NaN	NaN	112.037213	0.000000
430	Spectrogram 1	1	3840.010000	3840.080000	4000.000000	18000.000000	8000.000000	Trill	10.572494	16.161238	NaN	NaN	78.856156	0.000000
431	Spectrogram 1	1	3845.310000	3845.350000	4000.000000	18000.000000	8000.000000	Phee	6.938092	12.202378	NaN	NaN	75.661394	0.000000
432	Spectrogram 1	1	3845.410000	3845.440000	4000.000000	18000.000000	8000.000000	Phee	4.386713	11.146716	NaN	NaN	68.715948	0.000000
433	Spectrogram 1	1	3847.020000	3847.230000	4000.000000	18000.000000	8000.000000	Trill	9.783837	17.205118	NaN	NaN	53.397301	0.000000
434	Spectrogram 1	1	3866.580000	3866.860000	4000.000000	18000.000000	8000.000000	Trill	7.837592	16.363940	NaN	NaN	57.360338	0.000000
435	Spectrogram 1	1	3877.910000	3877.950000	4000.000000	18000.000000	8000.000000	Phee	8.100934	9.200005	NaN	NaN	71.518458	0.000000
436	Spectrogram 1	1	3903.710000	3903.770000	4000.000000	18000.000000	8000.000000	Trill	5.298878	14.387249	NaN	NaN	48.360371	0.000000
437	Spectrogram 1	1	3912.470000	3912.500000	4000.000000	18000.000000	8000.000000	Trill	6.467497	15.213304	NaN	NaN	53.575982	0.000000
438	Spectrogram 1	1	3919.270000	3919.310000	4000.000000	18000.000000	8000.000000	Twitter	4.147998	11.793765	NaN	NaN	34.539552	0.000000
439	Spectrogram 1	1	3924.960000	3924.990000	4000.000000	18000.000000	8000.000000	Trill	5.975557	10.439471	NaN	NaN	56.472917	0.000000
440	Spectrogram 1	1	3943.740000	3943.770000	4000.000000	18000.000000	8000.000000	Twitter	6.281299	11.699244	NaN	NaN	40.925818	0.000000
441	Spectrogram 1	1	3964.250000	3964.450000	4000.000000	18000.000000	8000.000000	Trill	6.671857	16.744714	NaN	NaN	47.092209	0.000000
442	Spectrogram 1	1	3987.410000	3987.630000	4000.000000	18000.000000	8000.000000	Phee	6.870509	8.489639	NaN	NaN	38.411179	0.000000
443	Spectrogram 1	1	3987.680000	3987.720000	4000.000000	18000.000000	8000.000000	Phee	4.429903	11.317092	NaN	NaN	47.972704	0.000000
444	Spectrogram 1	1	3989.160000	3989.200000	4000.000000	18000.000000	8000.000000	Twitter	6.063794	17.833758	NaN	NaN	49.091011	0.000000
445	Spectrogram 1	1	3989.240000	3989.270000	4000.000000	18000.000000	8000.000000	Trill	4.831880	8.993162	NaN	NaN	37.319003	0.000000
446	Spectrogram 1	1	3989.760000	3989.810000	4000.000000	18000.000000	8000.000000	Trill	6.809199	11.794284	NaN	NaN	30.182440	0.000000
447	Spectrogram 1	1	3998.170000	3998.210000	4000.000000	18000.000000	8000.000000	Trill	4.211381	10.524674	NaN	NaN	38.124544	0.000000
448	Spectrogram 1	1	4024.740000	4024.800000	4000.000000	18000.000000	8000.000000	Trill	5.130189	7.349469	NaN	NaN	31.109587	0.000000
449	Spectrogram 1	1	4026.770000	4027.110000	4000.000000	18000.000000	8000.000000	Trill	7.916277	19.758544	NaN	NaN	46.135715	0.000000
450	Spectrogram 1	1	4046.570000	4046.800000	4000.000000	18000.000000	8000.000000	Trill	6.707392	17.386928	NaN	NaN	49.741590	0.000000
451	Spectrogram 1	1	4048.480000	4048.530000	4000.000000	18000.000000	8000.000000	Phee	4.848296	11.511570	NaN	NaN	65.470321	0.000000
452	Spectrogram 1	1	4061.550000	4061.880000	4000.000000	18000.000000	8000.000000	Trill	5.036462	18.377233	NaN	NaN	56.890414	0.000000
453	Spectrogram 1	1	4061.930000	4061.960000	4000.000000	18000.000000	8000.000000	Twitter	4.655535	10.077171	NaN	NaN	39.244852	0.000000
454	Spectrogram 1	1	4090.730000	4090.960000	4000.000000	18000.000000	8000.000000	Trill	4.362621	10.708800	NaN	NaN	41.887399	0.000000
