Selection	View	Channel	Begin Time (s)	End Time (s)	Low Freq (Hz)	High Freq (Hz)	Max Freq (Hz)	Call Type	Energy Diff	Energy Par	Energy Diff (wl)	Energy Par (wl)	AHR	Exception
1	Spectrogram 1	4	2.030000	2.340000	4000.000000	18000.000000	8000.000000	Trill	4.003163	8.511554	2.435708	1.738172	39.915550	0.000000
2	Spectrogram 1	5	4.390000	4.650000	4000.000000	18000.000000	8000.000000	Trill	10.093906	18.012655	-1.352650	4.274113	82.440900	0.000000
3	Spectrogram 1	4	9.480000	9.600000	4000.000000	18000.000000	8000.000000	Trill	7.561714	15.277767	4.783217	4.873824	63.616345	0.000000
4	Spectrogram 1	4	9.640000	9.700000	4000.000000	18000.000000	8000.000000	Trill	5.650004	14.534775	0.628421	1.423634	29.748880	0.000000
5	Spectrogram 1	4	9.740000	10.080000	4000.000000	18000.000000	8000.000000	Twitter	5.457535	11.179792	2.848969	2.568035	39.791579	0.000000
6	Spectrogram 1	5	11.150000	11.360000	4000.000000	18000.000000	8000.000000	Trill	9.079776	13.008197	-0.278569	2.349942	55.144634	0.000000
7	Spectrogram 1	5	12.530000	12.570000	4000.000000	18000.000000	8000.000000	Twitter	13.800418	15.353303	-9.270922	0.197754	21.768640	0.000000
8	Spectrogram 1	5	13.500000	13.910000	4000.000000	18000.000000	8000.000000	Trill	5.780024	10.821184	-1.847137	2.775233	53.076571	0.000000
9	Spectrogram 1	5	15.660000	15.730000	4000.000000	18000.000000	8000.000000	Trill	7.698529	12.424650	-7.794346	2.787758	30.532101	0.000000
10	Spectrogram 1	5	21.670000	21.850000	4000.000000	18000.000000	8000.000000	Trill	8.199864	12.106080	-2.980577	2.142241	61.111533	0.000000
11	Spectrogram 1	5	22.490000	22.530000	4000.000000	18000.000000	8000.000000	Trill	8.496871	10.185886	-7.370149	1.109107	30.421652	0.000000
12	Spectrogram 1	5	25.160000	25.190000	4000.000000	18000.000000	8000.000000	Twitter	11.570862	12.797334	-1.509438	-3.358331	25.742750	0.000000
13	Spectrogram 1	5	28.020000	28.200000	4000.000000	18000.000000	8000.000000	Trill	6.458394	9.831478	-0.293794	1.154095	49.204834	0.000000
14	Spectrogram 1	5	32.730000	32.760000	4000.000000	18000.000000	8000.000000	Tse	8.260402	9.584865	-9.485119	-1.998845	34.314641	0.000000
15	Spectrogram 1	5	33.560000	33.840000	4000.000000	18000.000000	8000.000000	Trill	5.670619	10.916365	-2.152192	2.535720	49.282776	0.000000
16	Spectrogram 1	5	38.870000	40.180000	4000.000000	18000.000000	8000.000000	Trill	2.796029	8.318942	-0.782636	2.078346	49.943238	0.000000
17	Spectrogram 1	5	40.300000	40.580000	4000.000000	18000.000000	8000.000000	Phee	6.247354	11.441530	-2.098059	3.689757	66.529961	0.000000
18	Spectrogram 1	4	44.450000	44.500000	4000.000000	18000.000000	8000.000000	Sd-peep	8.089594	8.994570	2.199838	-1.137303	32.740175	0.000000
19	Spectrogram 1	4	50.680000	53.340000	4000.000000	18000.000000	8000.000000	Phee	0.721095	23.559284	0.138421	10.601275	42.027213	0.000000
20	Spectrogram 1	5	53.500000	54.440000	4000.000000	18000.000000	8000.000000	Phee	0.694213	29.263131	-0.163520	12.728160	50.909014	0.000000
21	Spectrogram 1	5	54.830000	54.930000	4000.000000	18000.000000	8000.000000	Sd-peep	7.124399	7.896749	-1.048214	-2.454498	35.567258	0.000000
22	Spectrogram 1	5	56.490000	56.970000	4000.000000	18000.000000	8000.000000	Trill	8.582578	13.862470	-6.384310	3.411632	55.843592	0.000000
23	Spectrogram 1	5	59.140000	59.180000	4000.000000	18000.000000	8000.000000	Twitter	9.904875	11.603027	-0.215621	-9.144997	20.998656	0.000000
24	Spectrogram 1	5	65.630000	65.700000	4000.000000	18000.000000	8000.000000	Trillphee	11.468073	15.283853	-0.926999	1.154565	29.046035	0.000000
25	Spectrogram 1	5	69.570000	69.820000	4000.000000	18000.000000	8000.000000	Trill	8.351864	12.129661	-1.393126	1.569853	50.802282	0.000000
26	Spectrogram 1	5	71.240000	71.310000	4000.000000	18000.000000	8000.000000	Trill	11.711704	14.983054	-3.067490	0.571900	29.791565	0.000000
27	Spectrogram 1	5	71.410000	72.630000	4000.000000	18000.000000	8000.000000	Phee	2.393845	24.501485	-0.148360	10.588344	45.917655	0.000000
28	Spectrogram 1	4	72.820000	72.970000	4000.000000	18000.000000	8000.000000	Twitter	0.833127	17.106050	4.480765	7.417998	32.227537	0.000000
29	Spectrogram 1	4	74.250000	75.230000	4000.000000	18000.000000	8000.000000	Phee	0.438989	26.097895	5.346568	13.377246	36.063245	0.000000
30	Spectrogram 1	4	75.340000	76.390000	4000.000000	18000.000000	8000.000000	Phee	1.080168	27.282183	3.656348	14.751053	40.908796	0.000000
31	Spectrogram 1	4	81.570000	81.990000	4000.000000	18000.000000	8000.000000	Trill	5.005954	9.637857	3.498770	3.237322	41.496732	0.000000
32	Spectrogram 1	5	83.620000	83.920000	4000.000000	18000.000000	8000.000000	Trill	6.134470	11.087289	-5.016233	1.203364	38.042757	0.000000
33	Spectrogram 1	5	84.410000	84.550000	4000.000000	18000.000000	8000.000000	Trill	-0.117147	7.713425	-1.881957	0.599915	30.170783	0.000000
34	Spectrogram 1	5	89.360000	89.420000	4000.000000	18000.000000	8000.000000	Twitter	-1.752908	7.872301	-2.687387	0.930248	24.412914	0.000000
35	Spectrogram 1	5	89.630000	89.700000	4000.000000	18000.000000	8000.000000	Twitter	-1.090463	8.586200	-0.908911	0.758633	21.576604	0.000000
36	Spectrogram 1	5	89.760000	89.840000	4000.000000	18000.000000	8000.000000	Twitter	-8.678240	3.872056	-0.707047	-2.013685	13.760839	0.000000
37	Spectrogram 1	5	91.150000	91.600000	4000.000000	18000.000000	8000.000000	Trill	7.514345	11.717636	-2.466154	3.870496	57.556296	0.000000
38	Spectrogram 1	4	92.600000	92.690000	4000.000000	18000.000000	8000.000000	Twitter	-0.698652	11.488360	0.021711	2.141041	22.385915	0.000000
39	Spectrogram 1	5	92.750000	92.810000	4000.000000	18000.000000	8000.000000	Twitter	-3.928217	11.398292	-0.121677	2.342284	22.745735	0.000000
40	Spectrogram 1	5	92.890000	92.980000	4000.000000	18000.000000	8000.000000	Twitter	-0.246358	11.629197	-9.407107	2.559555	21.649888	0.000000
41	Spectrogram 1	5	93.010000	93.100000	4000.000000	18000.000000	8000.000000	Twitter	-3.024569	8.365442	-3.952136	0.767669	21.182395	0.000000
42	Spectrogram 1	5	97.570000	97.850000	4000.000000	18000.000000	8000.000000	Trill	4.635980	10.383490	-3.882755	4.921052	38.578740	0.000000
43	Spectrogram 1	4	98.360000	98.410000	4000.000000	18000.000000	8000.000000	Twitter	-0.010908	6.990746	0.156174	-0.069291	23.984701	0.000000
44	Spectrogram 1	5	98.500000	98.560000	4000.000000	18000.000000	8000.000000	Twitter	-0.514234	8.393558	-0.444487	-0.125692	21.956765	0.000000
45	Spectrogram 1	5	98.630000	98.690000	4000.000000	18000.000000	8000.000000	Twitter	-0.704622	8.528848	-0.213548	0.052593	23.265669	0.000000
46	Spectrogram 1	5	98.750000	98.810000	4000.000000	18000.000000	8000.000000	Twitter	-1.102091	8.565205	-0.801089	1.346150	27.201242	0.000000
47	Spectrogram 1	5	100.900000	101.110000	4000.000000	18000.000000	8000.000000	Trill	7.914653	11.560356	-2.779972	2.305671	54.046268	0.000000
48	Spectrogram 1	5	103.560000	103.730000	4000.000000	18000.000000	8000.000000	Trill	-0.118341	4.192245	-0.464832	-0.085376	30.579070	0.000000
49	Spectrogram 1	4	109.000000	109.080000	4000.000000	18000.000000	8000.000000	Twitter	-3.117853	8.717239	0.066420	1.220440	20.832382	0.000000
50	Spectrogram 1	4	109.150000	109.210000	4000.000000	18000.000000	8000.000000	Twitter	-1.936308	10.541880	0.724360	1.952916	28.138377	0.000000
51	Spectrogram 1	4	109.300000	109.370000	4000.000000	18000.000000	8000.000000	Twitter	-2.423623	9.209658	0.822544	1.758275	24.922175	0.000000
52	Spectrogram 1	4	109.440000	109.520000	4000.000000	18000.000000	8000.000000	Twitter	-3.137499	7.469281	0.784176	1.426785	24.192465	0.000000
53	Spectrogram 1	5	109.730000	109.800000	4000.000000	18000.000000	8000.000000	Twitter	-2.924563	8.268556	-1.021656	1.132231	21.163008	0.000000
54	Spectrogram 1	5	112.690000	112.900000	4000.000000	18000.000000	8000.000000	Trill	5.981901	12.043276	-2.201849	2.029259	42.945828	0.000000
55	Spectrogram 1	5	113.360000	113.930000	4000.000000	18000.000000	8000.000000	Trill	3.058674	6.694237	-0.073267	-0.166406	28.381827	0.000000
56	Spectrogram 1	4	113.960000	114.350000	4000.000000	18000.000000	8000.000000	Trill	3.400340	8.363373	1.561071	2.438482	42.100979	0.000000
57	Spectrogram 1	4	114.490000	114.970000	4000.000000	18000.000000	8000.000000	Trill	3.164879	7.558812	1.676142	2.693419	41.696304	0.000000
58	Spectrogram 1	4	115.010000	115.150000	4000.000000	18000.000000	8000.000000	Trill	2.961878	6.720964	3.117882	4.376721	40.612853	0.000000
59	Spectrogram 1	4	121.790000	123.250000	4000.000000	18000.000000	8000.000000	Phee	-1.348184	14.543756	0.505061	5.303548	44.382947	0.000000
60	Spectrogram 1	5	126.450000	126.550000	4000.000000	18000.000000	8000.000000	Twitter	-2.714176	6.722727	-1.430400	-0.000069	21.390624	0.000000
61	Spectrogram 1	5	126.580000	126.690000	4000.000000	18000.000000	8000.000000	Twitter	-3.437374	6.571881	-1.806620	0.341333	19.776981	0.000000
62	Spectrogram 1	4	129.660000	131.290000	4000.000000	18000.000000	8000.000000	Phee	-1.044927	15.548644	6.723848	4.459666	36.784700	0.000000
63	Spectrogram 1	4	131.450000	132.040000	4000.000000	18000.000000	8000.000000	Trill	-0.788011	10.078873	6.876990	3.282425	31.743448	0.000000
64	Spectrogram 1	4	132.820000	132.890000	4000.000000	18000.000000	8000.000000	Twitter	-4.101441	12.470718	2.034490	3.479126	24.402304	0.000000
65	Spectrogram 1	4	132.970000	133.050000	4000.000000	18000.000000	8000.000000	Twitter	-4.360953	11.227870	1.936499	2.766159	22.695050	0.000000
66	Spectrogram 1	5	133.120000	133.210000	4000.000000	18000.000000	8000.000000	Twitter	-3.121566	11.909608	-0.805260	3.153569	23.470813	0.000000
67	Spectrogram 1	5	133.260000	133.350000	4000.000000	18000.000000	8000.000000	Twitter	-3.306401	11.478650	-0.099260	2.840742	22.724592	0.000000
68	Spectrogram 1	5	133.380000	133.460000	4000.000000	18000.000000	8000.000000	Twitter	-4.774912	8.552512	-0.193596	2.140753	23.299421	0.000000
69	Spectrogram 1	4	135.080000	135.140000	4000.000000	18000.000000	8000.000000	Twitter	1.812036	12.513793	1.165062	1.350679	34.052757	0.000000
70	Spectrogram 1	5	135.180000	135.270000	4000.000000	18000.000000	8000.000000	Twitter	1.331447	13.824313	-0.155983	1.959417	24.796701	0.000000
71	Spectrogram 1	5	135.330000	135.410000	4000.000000	18000.000000	8000.000000	Twitter	2.009522	14.840828	-0.082537	2.628036	23.175812	0.000000
72	Spectrogram 1	4	135.450000	136.420000	4000.000000	18000.000000	8000.000000	Twitter	1.186409	14.505627	0.428229	2.869649	22.934154	0.000000
73	Spectrogram 1	4	136.450000	136.510000	4000.000000	18000.000000	8000.000000	Twitter	2.110560	11.550305	0.493399	3.166269	37.850415	0.000000
74	Spectrogram 1	5	136.550000	136.600000	4000.000000	18000.000000	8000.000000	Twitter	1.210917	8.614150	-0.219512	1.558454	37.873742	0.000000
75	Spectrogram 1	5	136.960000	138.680000	4000.000000	18000.000000	8000.000000	Phee	-2.079490	17.171026	-0.733712	6.682128	40.787378	0.000000
76	Spectrogram 1	4	139.050000	139.210000	4000.000000	18000.000000	8000.000000	Trill	0.138184	9.281857	0.993732	1.600792	36.176219	0.000000
77	Spectrogram 1	4	144.820000	145.190000	4000.000000	18000.000000	8000.000000	Trill	4.870555	10.636617	2.267148	6.174237	48.821062	0.000000
78	Spectrogram 1	4	145.270000	145.690000	4000.000000	18000.000000	8000.000000	Trill	5.268774	9.603566	0.245179	3.970853	53.418306	0.000000
79	Spectrogram 1	4	145.810000	147.240000	4000.000000	18000.000000	8000.000000	Phee	-0.093760	11.335401	0.644675	4.285173	38.333917	0.000000
80	Spectrogram 1	5	149.250000	149.390000	4000.000000	18000.000000	8000.000000	Trill	0.973715	9.094141	-1.665027	1.028020	37.930542	0.000000
81	Spectrogram 1	5	151.020000	151.850000	4000.000000	18000.000000	8000.000000	Phee	-0.987274	9.533249	-0.671106	2.296176	34.370928	0.000000
82	Spectrogram 1	4	153.000000	153.070000	4000.000000	18000.000000	8000.000000	Twitter	-0.015023	12.908807	0.051994	0.268060	31.308383	0.000000
83	Spectrogram 1	5	153.150000	153.230000	4000.000000	18000.000000	8000.000000	Twitter	-0.839981	11.555775	-0.149371	-0.104928	28.333259	0.000000
84	Spectrogram 1	5	153.290000	153.370000	4000.000000	18000.000000	8000.000000	Twitter	-0.842300	10.888018	-0.833043	0.564834	26.556521	0.000000
85	Spectrogram 1	5	153.440000	153.500000	4000.000000	18000.000000	8000.000000	Twitter	-1.309639	11.226635	-0.587137	0.287669	27.973536	0.000000
86	Spectrogram 1	5	153.570000	153.870000	4000.000000	18000.000000	8000.000000	Twitter	-0.467930	11.234411	-2.491826	0.300457	22.338133	0.000000
87	Spectrogram 1	5	153.920000	154.010000	4000.000000	18000.000000	8000.000000	Twitter	1.798173	11.132562	-2.457417	1.416347	22.223953	0.000000
88	Spectrogram 1	5	154.060000	154.150000	4000.000000	18000.000000	8000.000000	Twitter	0.731445	10.411089	-0.766283	1.274450	22.895186	0.000000
89	Spectrogram 1	5	154.190000	154.280000	4000.000000	18000.000000	8000.000000	Twitter	1.481434	11.821832	-1.012023	1.846107	23.957709	0.000000
90	Spectrogram 1	5	154.310000	154.390000	4000.000000	18000.000000	8000.000000	Twitter	0.947004	11.149385	-0.941424	2.033639	25.219766	0.000000
91	Spectrogram 1	4	154.440000	154.630000	4000.000000	18000.000000	8000.000000	Twitter	-0.278384	8.866581	0.438383	1.687663	24.020524	0.000000
92	Spectrogram 1	5	154.820000	154.870000	4000.000000	18000.000000	8000.000000	Twitter	0.994876	9.709618	-0.830249	1.733224	22.793191	0.000000
93	Spectrogram 1	5	154.960000	155.030000	4000.000000	18000.000000	8000.000000	Twitter	-0.128648	9.932093	-1.213345	2.646826	26.677756	0.000000
94	Spectrogram 1	5	155.100000	155.170000	4000.000000	18000.000000	8000.000000	Twitter	0.878535	9.776769	-0.079174	1.305065	29.054829	0.000000
95	Spectrogram 1	5	155.520000	155.630000	4000.000000	18000.000000	8000.000000	Twitter	-1.387269	7.533486	-0.803912	0.998166	19.865670	0.000000
96	Spectrogram 1	5	155.660000	155.700000	4000.000000	18000.000000	8000.000000	Twitter	-0.709293	9.222727	-0.688109	1.829088	27.909122	0.000000
97	Spectrogram 1	5	155.790000	155.860000	4000.000000	18000.000000	8000.000000	Trill	-1.761007	7.431092	-1.879628	1.767274	31.773345	0.000000
98	Spectrogram 1	5	169.280000	169.370000	4000.000000	18000.000000	8000.000000	Sd-peep	5.045004	6.162849	-0.054404	-0.336245	30.150092	0.000000
99	Spectrogram 1	5	175.230000	175.460000	4000.000000	18000.000000	8000.000000	Trill	3.922313	7.005140	-2.976867	1.272387	28.192253	0.000000
100	Spectrogram 1	5	189.230000	189.430000	4000.000000	18000.000000	8000.000000	Trill	9.568859	12.504837	-3.022752	2.150505	58.450384	0.000000
101	Spectrogram 1	5	189.460000	189.500000	4000.000000	18000.000000	8000.000000	Trill	3.498551	5.111551	-0.987521	0.575036	31.054937	0.000000
102	Spectrogram 1	5	194.370000	194.630000	4000.000000	18000.000000	8000.000000	Trill	7.988931	11.782996	-2.151160	3.438874	58.013303	0.000000
103	Spectrogram 1	5	201.550000	201.590000	4000.000000	18000.000000	8000.000000	Twitter	7.396596	10.629147	-0.203728	0.162353	27.660497	0.000000
104	Spectrogram 1	4	201.640000	203.400000	4000.000000	18000.000000	8000.000000	Phee	-0.733409	19.268548	0.129150	7.183482	46.310134	0.000000
105	Spectrogram 1	5	205.720000	207.150000	4000.000000	18000.000000	8000.000000	Phee	-1.503949	22.429481	-2.728597	10.333224	44.953776	0.000000
106	Spectrogram 1	5	207.320000	207.850000	4000.000000	18000.000000	8000.000000	Phee	-2.706261	14.136303	-0.770091	7.357207	34.173502	0.000000
107	Spectrogram 1	4	208.290000	208.360000	4000.000000	18000.000000	8000.000000	Twitter	-0.243333	11.248336	0.965586	0.648089	30.872159	0.000000
108	Spectrogram 1	5	208.440000	208.540000	4000.000000	18000.000000	8000.000000	Twitter	-2.817772	11.728040	-0.659047	3.148719	24.369927	0.000000
109	Spectrogram 1	5	208.600000	208.690000	4000.000000	18000.000000	8000.000000	Twitter	-4.046943	11.821823	-1.317126	3.666564	20.469613	0.000000
110	Spectrogram 1	5	208.740000	208.840000	4000.000000	18000.000000	8000.000000	Twitter	-4.028703	11.283450	-1.041055	3.220966	20.850759	0.000000
111	Spectrogram 1	5	208.870000	209.080000	4000.000000	18000.000000	8000.000000	Twitter	-4.200863	10.186436	-0.577130	2.305595	21.036602	0.000000
112	Spectrogram 1	5	210.240000	211.750000	4000.000000	18000.000000	8000.000000	Phee	-1.095056	22.229896	-2.207543	10.013465	44.885742	0.000000
113	Spectrogram 1	5	211.840000	212.280000	4000.000000	18000.000000	8000.000000	Phee	-1.341493	13.932898	-0.508932	6.699884	38.095376	0.000000
114	Spectrogram 1	4	214.550000	215.900000	4000.000000	18000.000000	8000.000000	Twitter	2.732995	15.770071	0.143968	3.645982	27.965517	0.000000
115	Spectrogram 1	5	216.080000	216.170000	4000.000000	18000.000000	8000.000000	Twitter	-0.035748	6.580836	-4.461693	0.203964	24.170531	0.000000
116	Spectrogram 1	5	216.230000	216.310000	4000.000000	18000.000000	8000.000000	Twitter	-1.736871	7.348413	-0.787879	0.955236	21.590834	0.000000
117	Spectrogram 1	5	216.360000	216.440000	4000.000000	18000.000000	8000.000000	Twitter	-1.130072	8.570638	-1.026785	1.240265	22.316684	0.000000
118	Spectrogram 1	5	216.500000	216.590000	4000.000000	18000.000000	8000.000000	Twitter	-1.761967	8.331072	-0.440717	1.054234	23.405136	0.000000
119	Spectrogram 1	5	216.650000	216.730000	4000.000000	18000.000000	8000.000000	Twitter	-1.564395	9.598846	-0.051160	1.722092	25.202644	0.000000
120	Spectrogram 1	5	216.790000	216.870000	4000.000000	18000.000000	8000.000000	Twitter	-2.017867	9.044677	-3.156233	1.597382	19.780775	0.000000
121	Spectrogram 1	5	216.930000	217.010000	4000.000000	18000.000000	8000.000000	Twitter	-1.762575	10.148019	-0.161357	2.203653	21.237598	0.000000
122	Spectrogram 1	4	217.080000	217.150000	4000.000000	18000.000000	8000.000000	Twitter	-2.866382	10.051659	0.346987	2.726004	21.984163	0.000000
123	Spectrogram 1	5	217.220000	217.300000	4000.000000	18000.000000	8000.000000	Twitter	-2.641401	9.271810	-1.214278	2.861012	23.858781	0.000000
124	Spectrogram 1	5	217.340000	217.740000	4000.000000	18000.000000	8000.000000	Twitter	-2.175287	6.501269	-0.077293	0.574030	24.870089	0.000000
125	Spectrogram 1	4	218.760000	219.930000	4000.000000	18000.000000	8000.000000	Phee	-1.221335	24.377053	0.256330	11.624606	47.443616	0.000000
126	Spectrogram 1	5	220.250000	221.070000	4000.000000	18000.000000	8000.000000	Phee	-0.802108	18.930673	-1.133602	8.269624	46.302857	0.000000
127	Spectrogram 1	5	221.730000	221.880000	4000.000000	18000.000000	8000.000000	Trill	6.873597	11.071515	-0.275322	1.266705	48.393894	0.000000
128	Spectrogram 1	4	221.930000	222.010000	4000.000000	18000.000000	8000.000000	Twitter	4.471009	15.538276	0.508797	3.825275	42.901047	0.000000
129	Spectrogram 1	5	222.050000	222.100000	4000.000000	18000.000000	8000.000000	Twitter	7.846225	17.816724	-5.555476	2.972429	43.293881	0.000000
130	Spectrogram 1	4	222.160000	222.230000	4000.000000	18000.000000	8000.000000	Twitter	3.974095	13.089433	0.209846	2.639587	30.934588	0.000000
131	Spectrogram 1	5	222.260000	222.340000	4000.000000	18000.000000	8000.000000	Twitter	2.807294	14.900944	-3.144080	3.568131	29.447294	0.000000
132	Spectrogram 1	4	222.390000	223.320000	4000.000000	18000.000000	8000.000000	Twitter	3.703741	15.011142	1.680787	3.930703	27.757011	0.000000
133	Spectrogram 1	5	223.670000	223.700000	4000.000000	18000.000000	8000.000000	Twitter	6.240071	10.005192	-0.274904	-2.434929	22.263760	0.000000
134	Spectrogram 1	5	224.180000	225.240000	4000.000000	18000.000000	8000.000000	Phee	-0.949790	23.912599	-0.707847	9.752788	42.026314	0.000000
135	Spectrogram 1	4	225.390000	226.240000	4000.000000	18000.000000	8000.000000	Phee	-1.470098	18.617468	0.635820	7.781001	37.775935	0.000000
136	Spectrogram 1	5	228.160000	228.500000	4000.000000	18000.000000	8000.000000	Trill	8.524133	14.775091	-0.727112	2.810890	59.526063	0.000000
137	Spectrogram 1	5	228.550000	230.120000	4000.000000	18000.000000	8000.000000	Phee	-2.117963	18.539637	-0.343238	7.157853	35.178022	0.000000
138	Spectrogram 1	5	230.800000	230.870000	4000.000000	18000.000000	8000.000000	Twitter	-2.430252	9.136245	-0.273673	1.146923	27.494053	0.000000
139	Spectrogram 1	5	230.940000	231.010000	4000.000000	18000.000000	8000.000000	Twitter	-1.712335	9.083791	-0.408047	1.128819	25.729910	0.000000
140	Spectrogram 1	5	231.080000	231.170000	4000.000000	18000.000000	8000.000000	Twitter	-1.738795	8.652598	-0.575638	1.263705	26.340963	0.000000
141	Spectrogram 1	5	231.210000	231.280000	4000.000000	18000.000000	8000.000000	Twitter	-1.990707	9.115794	-0.152028	1.600056	25.210398	0.000000
142	Spectrogram 1	4	231.340000	231.420000	4000.000000	18000.000000	8000.000000	Twitter	-1.630356	8.468435	0.444610	1.326133	25.549621	0.000000
143	Spectrogram 1	4	231.480000	231.560000	4000.000000	18000.000000	8000.000000	Twitter	5.540844	21.465278	1.050658	4.323230	43.247000	0.000000
144	Spectrogram 1	4	231.600000	233.520000	4000.000000	18000.000000	8000.000000	Twitter	6.013145	17.355640	0.923370	5.677133	31.458188	0.000000
145	Spectrogram 1	4	233.570000	233.640000	4000.000000	18000.000000	8000.000000	Twitter	1.228138	10.311519	3.718776	2.148623	34.531712	0.000000
146	Spectrogram 1	4	234.110000	234.190000	4000.000000	18000.000000	8000.000000	Trill	6.868246	10.469973	0.244171	-0.477634	29.977880	0.000000
147	Spectrogram 1	4	234.290000	234.320000	4000.000000	18000.000000	8000.000000	Sd-peep	9.631050	10.013113	0.651752	0.018285	53.007576	0.000000
148	Spectrogram 1	5	235.080000	235.160000	4000.000000	18000.000000	8000.000000	Twitter	-0.867563	10.738510	-3.937294	2.418289	23.573734	0.000000
149	Spectrogram 1	5	235.220000	235.310000	4000.000000	18000.000000	8000.000000	Twitter	-0.887997	10.536981	-0.103521	1.803459	22.750812	0.000000
150	Spectrogram 1	5	235.370000	235.460000	4000.000000	18000.000000	8000.000000	Twitter	-1.019382	10.386919	-0.156762	1.992544	22.900650	0.000000
151	Spectrogram 1	5	235.520000	235.620000	4000.000000	18000.000000	8000.000000	Twitter	-0.460748	10.175723	-1.167252	1.732368	27.757963	0.000000
152	Spectrogram 1	5	235.660000	236.230000	4000.000000	18000.000000	8000.000000	Trill	3.740954	11.591845	-3.224621	4.804529	41.454955	0.000000
153	Spectrogram 1	4	238.610000	238.680000	4000.000000	18000.000000	8000.000000	Twitter	-0.621460	8.784889	1.577881	-0.015270	24.902809	0.000000
154	Spectrogram 1	4	238.740000	238.800000	4000.000000	18000.000000	8000.000000	Twitter	-1.072135	11.883819	0.211806	1.843103	24.950347	0.000000
155	Spectrogram 1	4	238.860000	238.920000	4000.000000	18000.000000	8000.000000	Twitter	-0.439845	11.769937	1.764464	1.888912	23.770497	0.000000
156	Spectrogram 1	4	238.980000	239.210000	4000.000000	18000.000000	8000.000000	Twitter	-0.901998	7.612713	1.027683	-1.406741	21.310863	0.000000
157	Spectrogram 1	4	240.470000	242.270000	4000.000000	18000.000000	8000.000000	Phee	-0.908539	20.976233	1.952641	9.355126	47.730905	0.000000
158	Spectrogram 1	5	243.010000	243.740000	4000.000000	18000.000000	8000.000000	Phee	-0.719170	12.610101	-0.869540	3.921407	35.559572	0.000000
159	Spectrogram 1	4	244.080000	244.140000	4000.000000	18000.000000	8000.000000	Twitter	-3.543477	8.482100	0.125309	0.285415	22.106561	0.000000
160	Spectrogram 1	5	245.630000	245.880000	4000.000000	18000.000000	8000.000000	Trill	6.959992	10.917260	-3.694031	3.234048	47.462603	0.000000
161	Spectrogram 1	4	248.940000	248.980000	4000.000000	18000.000000	8000.000000	Trill	8.686011	9.235817	0.308430	-0.671378	31.183834	0.000000
162	Spectrogram 1	5	252.010000	252.840000	4000.000000	18000.000000	8000.000000	Trill	5.801661	10.124749	-1.488416	3.921951	48.845701	0.000000
163	Spectrogram 1	5	261.140000	262.170000	4000.000000	18000.000000	8000.000000	Phee	2.012693	25.339065	-1.883962	11.725778	51.221116	0.000000
164	Spectrogram 1	4	263.120000	264.040000	4000.000000	18000.000000	8000.000000	Phee	1.072132	28.073248	0.669258	13.873279	49.031767	0.000000
165	Spectrogram 1	4	264.280000	265.230000	4000.000000	18000.000000	8000.000000	Phee	1.079582	28.346627	1.004970	13.445051	51.597420	0.000000
166	Spectrogram 1	4	265.500000	266.330000	4000.000000	18000.000000	8000.000000	Phee	2.371620	28.366060	1.211118	12.797626	50.450587	0.000000
167	Spectrogram 1	4	280.500000	280.540000	4000.000000	18000.000000	8000.000000	Twitter	5.163003	15.176892	2.427377	3.279930	45.105210	0.000000
168	Spectrogram 1	4	280.600000	280.660000	4000.000000	18000.000000	8000.000000	Twitter	3.661259	14.699850	1.672044	3.706509	31.914584	0.000000
169	Spectrogram 1	4	280.710000	280.760000	4000.000000	18000.000000	8000.000000	Twitter	5.066471	15.155610	1.317501	3.731325	35.362912	0.000000
170	Spectrogram 1	5	280.820000	280.860000	4000.000000	18000.000000	8000.000000	Twitter	4.713952	13.024926	-0.312981	2.634884	35.288982	0.000000
171	Spectrogram 1	4	280.920000	280.990000	4000.000000	18000.000000	8000.000000	Twitter	3.414744	12.771252	2.316118	4.591789	30.651524	0.000000
172	Spectrogram 1	4	281.030000	281.200000	4000.000000	18000.000000	8000.000000	Twitter	2.029722	12.184685	3.142706	5.560596	36.704402	0.000000
173	Spectrogram 1	4	281.240000	281.270000	4000.000000	18000.000000	8000.000000	Trill	1.146986	9.599857	2.493089	4.749485	42.064615	0.000000
174	Spectrogram 1	4	282.170000	282.950000	4000.000000	18000.000000	8000.000000	Twitter	-1.234905	6.217593	1.404959	0.983850	23.808252	0.000000
175	Spectrogram 1	5	283.490000	283.730000	4000.000000	18000.000000	8000.000000	Trill	14.966802	21.254786	-3.772493	4.424666	97.761205	0.000000
176	Spectrogram 1	4	286.900000	286.970000	4000.000000	18000.000000	8000.000000	Twitter	-2.128904	8.599393	1.520747	-0.286069	24.724378	0.000000
177	Spectrogram 1	5	287.050000	287.140000	4000.000000	18000.000000	8000.000000	Twitter	-2.877739	9.454217	-6.719954	-0.848132	24.840150	0.000000
178	Spectrogram 1	5	287.200000	287.290000	4000.000000	18000.000000	8000.000000	Twitter	-2.615421	10.211295	-1.737191	2.631291	26.763692	0.000000
179	Spectrogram 1	5	287.340000	287.700000	4000.000000	18000.000000	8000.000000	Twitter	-1.015794	10.271629	-6.941847	1.163982	27.186769	0.000000
180	Spectrogram 1	5	289.300000	289.590000	4000.000000	18000.000000	8000.000000	Trill	1.351074	7.938834	-10.854653	0.926694	33.984017	0.000000
181	Spectrogram 1	4	297.160000	297.240000	4000.000000	18000.000000	8000.000000	Trill	-1.926889	5.936877	0.039961	0.210039	28.106084	0.000000
182	Spectrogram 1	5	304.130000	305.260000	4000.000000	18000.000000	8000.000000	Twitter	0.759885	9.194631	-7.136656	0.998250	24.845165	0.000000
183	Spectrogram 1	5	305.910000	305.990000	4000.000000	18000.000000	8000.000000	Twitter	-1.957234	7.574955	-3.552669	1.014110	24.783984	0.000000
184	Spectrogram 1	5	306.060000	306.140000	4000.000000	18000.000000	8000.000000	Twitter	-1.869893	7.365844	-7.579750	1.170872	23.380859	0.000000
185	Spectrogram 1	5	306.200000	306.260000	4000.000000	18000.000000	8000.000000	Twitter	-2.414327	7.868338	-9.523955	1.545496	25.466147	0.000000
186	Spectrogram 1	5	312.360000	312.580000	4000.000000	18000.000000	8000.000000	Trill	-0.926233	5.724469	-5.177734	0.251779	28.723046	0.000000
187	Spectrogram 1	5	314.940000	315.980000	4000.000000	18000.000000	8000.000000	Phee	1.810468	27.929062	-0.947585	13.591014	47.786457	0.000000
188	Spectrogram 1	5	316.180000	316.320000	4000.000000	18000.000000	8000.000000	Trill	-0.565496	20.191033	-1.022712	9.128397	40.043677	0.000000
189	Spectrogram 1	5	316.630000	316.860000	4000.000000	18000.000000	8000.000000	Trill	2.058308	19.103428	-1.578437	7.776905	44.731776	0.000000
190	Spectrogram 1	5	317.050000	317.220000	4000.000000	18000.000000	8000.000000	Trill	-1.056588	21.363792	-0.908822	9.757549	53.470655	0.000000
191	Spectrogram 1	4	317.450000	318.440000	4000.000000	18000.000000	8000.000000	Phee	2.441913	28.171926	0.293788	12.448563	46.240308	0.000000
192	Spectrogram 1	4	318.500000	319.550000	4000.000000	18000.000000	8000.000000	Phee	3.554797	27.991572	1.962792	9.180820	45.951421	0.000000
193	Spectrogram 1	5	319.760000	320.660000	4000.000000	18000.000000	8000.000000	Phee	2.824120	26.709088	-0.306015	9.316600	48.476611	0.000000
194	Spectrogram 1	5	325.620000	325.720000	4000.000000	18000.000000	8000.000000	Twitter	-2.060792	5.713706	-4.744607	0.152209	23.162452	0.000000
195	Spectrogram 1	4	326.410000	326.510000	4000.000000	18000.000000	8000.000000	Twitter	0.072814	11.835220	1.004774	1.499518	21.830389	0.000000
196	Spectrogram 1	5	326.550000	327.200000	4000.000000	18000.000000	8000.000000	Twitter	-0.998929	10.338692	-5.281940	1.413875	20.665869	0.000000
197	Spectrogram 1	5	328.040000	328.110000	4000.000000	18000.000000	8000.000000	Twitter	-0.262872	8.544141	-6.058425	0.722831	24.609202	0.000000
198	Spectrogram 1	5	328.180000	328.240000	4000.000000	18000.000000	8000.000000	Twitter	-0.093261	10.188318	-5.006265	1.361683	28.330051	0.000000
199	Spectrogram 1	5	328.310000	328.380000	4000.000000	18000.000000	8000.000000	Twitter	0.136118	10.305806	-4.827706	1.614912	27.320907	0.000000
200	Spectrogram 1	5	328.450000	328.530000	4000.000000	18000.000000	8000.000000	Twitter	0.279389	10.428985	-2.320347	1.628485	24.529217	0.000000
201	Spectrogram 1	5	328.590000	328.670000	4000.000000	18000.000000	8000.000000	Twitter	-0.718096	10.550312	-0.650214	1.413468	26.744451	0.000000
202	Spectrogram 1	5	328.730000	328.800000	4000.000000	18000.000000	8000.000000	Twitter	-0.706862	11.179386	-4.910451	1.803654	26.600952	0.000000
203	Spectrogram 1	5	328.870000	328.960000	4000.000000	18000.000000	8000.000000	Twitter	-1.048726	10.596852	-0.589222	1.537549	25.263959	0.000000
204	Spectrogram 1	5	329.010000	329.100000	4000.000000	18000.000000	8000.000000	Twitter	-1.428040	10.214775	-7.265378	1.991209	28.641919	0.000000
205	Spectrogram 1	5	329.140000	329.230000	4000.000000	18000.000000	8000.000000	Twitter	-0.107874	9.713708	-4.100990	1.537799	25.737635	0.000000
206	Spectrogram 1	5	329.970000	330.020000	4000.000000	18000.000000	8000.000000	Twitter	-1.990091	8.014910	-1.737195	1.647316	23.069898	0.000000
207	Spectrogram 1	5	330.100000	330.170000	4000.000000	18000.000000	8000.000000	Twitter	-1.056870	8.580272	-0.812293	0.833299	24.644719	0.000000
208	Spectrogram 1	4	330.800000	332.190000	4000.000000	18000.000000	8000.000000	Twitter	1.832267	16.023214	1.565972	4.309196	25.511842	0.000000
209	Spectrogram 1	5	334.180000	334.230000	4000.000000	18000.000000	8000.000000	Twitter	-1.935204	7.751263	-3.811557	2.331826	21.315893	0.000000
210	Spectrogram 1	5	336.920000	336.980000	4000.000000	18000.000000	8000.000000	Trill	-3.472721	8.278519	-2.480940	1.137400	35.394310	0.000000
211	Spectrogram 1	4	343.530000	343.560000	4000.000000	18000.000000	8000.000000	Twitter	7.941065	10.243681	2.276255	-0.637332	24.863353	0.000000
212	Spectrogram 1	5	346.210000	346.240000	4000.000000	18000.000000	8000.000000	Twitter	10.633314	11.449282	-2.295930	-4.028860	26.058957	0.000000
213	Spectrogram 1	5	352.040000	352.260000	4000.000000	18000.000000	8000.000000	Trill	7.192248	11.857629	-10.715717	2.527735	42.767643	0.000000
214	Spectrogram 1	5	360.010000	360.190000	4000.000000	18000.000000	8000.000000	Trill	5.443158	10.115015	-8.102341	3.088644	36.105784	0.000000
215	Spectrogram 1	5	361.900000	363.740000	4000.000000	18000.000000	8000.000000	Trill	0.007277	10.795225	-3.690710	0.678757	29.978777	0.000000
216	Spectrogram 1	5	371.660000	371.890000	4000.000000	18000.000000	8000.000000	Twitter	-0.056896	11.512546	-8.940029	1.567803	22.629631	0.000000
217	Spectrogram 1	5	374.330000	375.390000	4000.000000	18000.000000	8000.000000	Phee	-1.064441	11.781958	-1.307567	3.241488	35.861333	0.000000
218	Spectrogram 1	5	376.590000	379.060000	4000.000000	18000.000000	8000.000000	Phee	1.926145	20.866093	-1.856477	11.093590	54.985464	0.000000
219	Spectrogram 1	5	379.310000	381.320000	4000.000000	18000.000000	8000.000000	Twitter	0.641671	19.937947	-0.102477	4.188908	24.422990	0.000000
220	Spectrogram 1	5	381.700000	382.040000	4000.000000	18000.000000	8000.000000	Trill	2.431857	10.832221	-2.326631	0.505669	34.087324	0.000000
221	Spectrogram 1	4	382.630000	382.700000	4000.000000	18000.000000	8000.000000	Twitter	-2.041340	9.869424	0.125954	1.916936	24.620151	0.000000
222	Spectrogram 1	5	383.020000	383.090000	4000.000000	18000.000000	8000.000000	Twitter	-1.398855	10.114730	-9.860426	0.933914	26.990191	0.000000
223	Spectrogram 1	5	383.800000	384.110000	4000.000000	18000.000000	8000.000000	Trill	6.858956	12.418650	-12.328368	3.119960	48.856132	0.000000
224	Spectrogram 1	4	386.390000	386.450000	4000.000000	18000.000000	8000.000000	Twitter	2.931279	12.234681	1.472527	-0.186060	28.659414	0.000000
225	Spectrogram 1	4	386.520000	386.600000	4000.000000	18000.000000	8000.000000	Twitter	1.605200	9.848930	0.223826	-0.446661	25.678713	0.000000
226	Spectrogram 1	5	386.660000	386.730000	4000.000000	18000.000000	8000.000000	Twitter	1.879431	10.994874	-0.089308	0.514101	24.475771	0.000000
227	Spectrogram 1	4	386.800000	386.860000	4000.000000	18000.000000	8000.000000	Twitter	2.277873	12.723035	0.090039	1.073898	30.082788	0.000000
228	Spectrogram 1	5	387.040000	387.120000	4000.000000	18000.000000	8000.000000	Twitter	0.596349	10.276953	-0.425300	1.710474	28.517710	0.000000
229	Spectrogram 1	5	387.160000	387.210000	4000.000000	18000.000000	8000.000000	Twitter	0.694904	11.066216	-0.066339	2.033188	35.201268	0.000000
230	Spectrogram 1	5	388.560000	388.630000	4000.000000	18000.000000	8000.000000	Twitter	2.073126	11.270124	-0.217945	0.260064	34.613621	0.000000
231	Spectrogram 1	4	389.270000	391.770000	4000.000000	18000.000000	8000.000000	Phee	2.286119	20.429882	0.325935	8.672067	43.375900	0.000000
232	Spectrogram 1	5	394.790000	394.890000	4000.000000	18000.000000	8000.000000	Trill	-1.932670	8.527375	-0.035577	-0.117491	30.437536	0.000000
233	Spectrogram 1	5	395.260000	395.770000	4000.000000	18000.000000	8000.000000	Twitter	-1.884550	7.130984	-2.116163	0.319605	20.284140	0.000000
234	Spectrogram 1	5	396.770000	396.850000	4000.000000	18000.000000	8000.000000	Twitter	-0.933879	8.962012	-6.473116	1.567082	25.005971	0.000000
235	Spectrogram 1	5	396.920000	396.990000	4000.000000	18000.000000	8000.000000	Twitter	-0.982389	9.802133	-1.293755	1.438621	26.211672	0.000000
236	Spectrogram 1	5	397.060000	397.150000	4000.000000	18000.000000	8000.000000	Twitter	-1.617133	8.948272	-8.437791	1.307933	23.722713	0.000000
237	Spectrogram 1	5	397.200000	397.580000	4000.000000	18000.000000	8000.000000	Twitter	-1.605514	10.192441	-3.270339	1.146847	24.838950	0.000000
238	Spectrogram 1	5	397.630000	397.730000	4000.000000	18000.000000	8000.000000	Twitter	-1.242839	10.082702	-9.772511	1.186473	26.205424	0.000000
239	Spectrogram 1	5	401.840000	401.930000	4000.000000	18000.000000	8000.000000	Twitter	-1.681532	10.727006	-0.477417	0.363692	30.103055	0.000000
240	Spectrogram 1	5	402.620000	402.730000	4000.000000	18000.000000	8000.000000	Phee	-1.265627	10.563565	-1.985165	4.018863	38.571882	0.000000
241	Spectrogram 1	5	404.110000	404.230000	4000.000000	18000.000000	8000.000000	Trill	-1.829307	7.734265	-7.453878	1.391604	28.343212	0.000000
242	Spectrogram 1	5	407.350000	407.490000	4000.000000	18000.000000	8000.000000	Trill	-0.968293	8.293753	-3.556438	-0.060535	35.435940	0.000000
243	Spectrogram 1	4	413.690000	413.740000	4000.000000	18000.000000	8000.000000	Trill	-1.739026	8.382027	1.132418	-0.218944	32.662873	0.000000
244	Spectrogram 1	5	414.030000	414.100000	4000.000000	18000.000000	8000.000000	Trill	-0.029547	6.712903	-0.723269	-0.107991	37.110229	0.000000
245	Spectrogram 1	5	419.870000	419.900000	4000.000000	18000.000000	8000.000000	Twitter	10.844165	14.715905	-3.118344	-0.012229	51.013607	0.000000
246	Spectrogram 1	4	432.810000	432.880000	4000.000000	18000.000000	8000.000000	Phee	1.570108	12.014441	0.269494	-0.543136	30.153825	0.000000
247	Spectrogram 1	5	465.490000	466.000000	4000.000000	18000.000000	8000.000000	Trill	7.647753	11.912042	-1.056122	0.848458	32.583864	0.000000
248	Spectrogram 1	4	479.770000	479.980000	4000.000000	18000.000000	8000.000000	Trill	6.324501	9.423647	1.357403	2.785105	48.876097	0.000000
249	Spectrogram 1	4	480.010000	480.120000	4000.000000	18000.000000	8000.000000	Trill	3.023556	6.260628	0.495390	0.992978	36.966913	0.000000
250	Spectrogram 1	5	487.010000	487.110000	4000.000000	18000.000000	8000.000000	Trill	6.863871	11.128448	-8.984628	3.717660	52.989612	0.000000
251	Spectrogram 1	5	488.000000	488.110000	4000.000000	18000.000000	8000.000000	Trill	-0.173773	6.830811	-0.858996	1.098307	31.054646	0.000000
252	Spectrogram 1	5	490.820000	491.390000	4000.000000	18000.000000	8000.000000	Trill	4.530123	9.258062	-1.125832	2.356881	45.299158	0.000000
253	Spectrogram 1	4	504.690000	504.770000	4000.000000	18000.000000	8000.000000	Twitter	5.366532	11.088222	0.862042	1.240200	42.577632	0.000000
254	Spectrogram 1	4	504.840000	504.910000	4000.000000	18000.000000	8000.000000	Twitter	8.025378	17.248786	0.539134	1.882080	28.541705	0.000000
255	Spectrogram 1	4	504.950000	505.240000	4000.000000	18000.000000	8000.000000	Twitter	5.085766	12.661989	0.222072	0.989150	27.053105	0.000000
256	Spectrogram 1	4	505.270000	505.330000	4000.000000	18000.000000	8000.000000	Twitter	8.800395	15.829300	0.554536	0.684065	31.234832	0.000000
257	Spectrogram 1	5	505.380000	505.610000	4000.000000	18000.000000	8000.000000	Twitter	6.284161	13.308029	-0.060680	1.640919	32.328121	0.000000
258	Spectrogram 1	5	505.660000	505.700000	4000.000000	18000.000000	8000.000000	Trill	3.018877	5.446024	-0.770428	0.329339	28.196102	0.000000
259	Spectrogram 1	5	516.800000	516.980000	4000.000000	18000.000000	8000.000000	Trill	4.307397	8.335837	-2.081432	1.335670	39.385460	0.000000
260	Spectrogram 1	5	518.730000	519.090000	4000.000000	18000.000000	8000.000000	Trill	4.611812	8.141462	-1.117273	1.698632	38.075219	0.000000
261	Spectrogram 1	5	522.000000	522.330000	4000.000000	18000.000000	8000.000000	Trill	3.866593	7.724734	-3.355133	2.417192	37.168250	0.000000
262	Spectrogram 1	4	529.540000	529.970000	4000.000000	18000.000000	8000.000000	Trill	7.436316	10.286128	0.473262	1.318755	46.567057	0.000000
263	Spectrogram 1	4	539.070000	539.670000	4000.000000	18000.000000	8000.000000	Trill	-0.830645	6.579580	0.811020	1.658920	35.493323	0.000000
264	Spectrogram 1	4	539.770000	539.980000	4000.000000	18000.000000	8000.000000	Trill	-3.875100	5.722618	0.717802	1.782083	33.904474	0.000000
265	Spectrogram 1	4	540.010000	540.260000	4000.000000	18000.000000	8000.000000	Phee	6.688995	14.237601	4.098716	6.121927	84.120609	0.000000
266	Spectrogram 1	4	540.370000	540.720000	4000.000000	18000.000000	8000.000000	Trill	2.037391	6.509914	1.266155	3.203420	45.140619	0.000000
267	Spectrogram 1	5	545.060000	545.370000	4000.000000	18000.000000	8000.000000	Trill	7.620509	10.228526	-7.595340	1.537078	42.400212	0.000000
268	Spectrogram 1	5	547.390000	547.500000	4000.000000	18000.000000	8000.000000	Trill	5.288311	8.283147	-12.246793	1.877926	40.360580	0.000000
269	Spectrogram 1	5	567.660000	567.740000	4000.000000	18000.000000	8000.000000	Twitter	-1.543375	10.001777	-2.322021	0.631704	22.569668	0.000000
270	Spectrogram 1	5	567.810000	567.920000	4000.000000	18000.000000	8000.000000	Twitter	-1.858999	9.671146	-0.589920	0.814146	22.736339	0.000000
271	Spectrogram 1	5	568.380000	568.460000	4000.000000	18000.000000	8000.000000	Twitter	-3.706858	8.087194	-1.099543	1.186821	21.390706	0.000000
272	Spectrogram 1	5	568.510000	568.590000	4000.000000	18000.000000	8000.000000	Twitter	-0.820873	9.414061	-2.380657	0.666935	18.956416	0.000000
273	Spectrogram 1	5	568.650000	568.700000	4000.000000	18000.000000	8000.000000	Twitter	-5.013682	6.691775	-1.224877	2.048481	26.026047	0.000000
274	Spectrogram 1	5	569.810000	569.910000	4000.000000	18000.000000	8000.000000	Twitter	-0.505475	9.917828	-0.805941	1.028724	25.871592	0.000000
275	Spectrogram 1	5	580.180000	580.580000	4000.000000	18000.000000	8000.000000	Trill	3.727601	8.979326	-1.802844	1.973708	35.630691	0.000000
276	Spectrogram 1	5	581.360000	581.440000	4000.000000	18000.000000	8000.000000	Twitter	2.383797	11.449041	-6.229545	0.320157	27.982999	0.000000
277	Spectrogram 1	5	581.500000	581.590000	4000.000000	18000.000000	8000.000000	Twitter	2.841246	10.949498	-0.587541	0.500457	29.544274	0.000000
278	Spectrogram 1	5	581.630000	581.730000	4000.000000	18000.000000	8000.000000	Twitter	2.686513	10.134432	-2.286181	0.812961	32.400105	0.000000
279	Spectrogram 1	5	581.770000	582.440000	4000.000000	18000.000000	8000.000000	Twitter	-1.246842	7.478553	-2.266009	0.850847	23.180272	0.000000
280	Spectrogram 1	5	591.520000	591.610000	4000.000000	18000.000000	8000.000000	Twitter	-8.653807	4.267628	-0.854730	-0.443275	16.999613	0.000000
281	Spectrogram 1	5	599.370000	599.980000	4000.000000	18000.000000	8000.000000	Phee	-0.492761	7.252482	-1.004080	1.259531	29.349459	0.000000
282	Spectrogram 1	4	601.470000	601.660000	4000.000000	18000.000000	8000.000000	Trill	6.068679	10.846236	0.346660	1.390051	42.444748	0.000000
283	Spectrogram 1	5	617.010000	617.170000	4000.000000	18000.000000	8000.000000	Trill	4.311472	7.085176	-1.031567	1.139879	37.782541	0.000000
284	Spectrogram 1	5	617.310000	617.360000	4000.000000	18000.000000	8000.000000	Trill	7.446757	9.969954	-1.555110	1.471763	41.708549	0.000000
285	Spectrogram 1	5	618.850000	619.570000	4000.000000	18000.000000	8000.000000	Trill	3.921408	9.103572	-0.924282	1.594754	47.538598	0.000000
286	Spectrogram 1	4	619.690000	620.270000	4000.000000	18000.000000	8000.000000	Trill	0.889242	6.290193	0.755640	1.377272	35.091017	0.000000
287	Spectrogram 1	4	620.410000	620.650000	4000.000000	18000.000000	8000.000000	Trill	0.050919	5.713249	0.397210	1.952574	32.570941	0.000000
288	Spectrogram 1	5	647.130000	647.440000	4000.000000	18000.000000	8000.000000	Trill	-0.840673	5.421528	-0.663191	0.646200	30.451054	0.000000
289	Spectrogram 1	4	692.780000	693.180000	4000.000000	18000.000000	8000.000000	Trill	3.967747	8.231960	0.396827	0.860162	31.452156	0.000000
290	Spectrogram 1	5	699.330000	699.390000	4000.000000	18000.000000	8000.000000	Trill	0.686324	7.310622	-1.538603	2.958892	39.291773	0.000000
291	Spectrogram 1	5	703.870000	703.970000	4000.000000	18000.000000	8000.000000	Twitter	-1.380225	5.505618	-0.111787	-0.483882	21.440272	0.000000
292	Spectrogram 1	5	704.030000	704.090000	4000.000000	18000.000000	8000.000000	Twitter	-2.179409	6.723479	-0.525189	-0.158295	22.835657	0.000000
293	Spectrogram 1	5	704.150000	704.400000	4000.000000	18000.000000	8000.000000	Twitter	-1.667904	6.348546	-0.346186	0.018825	21.460240	0.000000
294	Spectrogram 1	5	704.450000	704.520000	4000.000000	18000.000000	8000.000000	Twitter	-2.525436	7.232402	-1.040844	0.371026	20.614011	0.000000
295	Spectrogram 1	5	704.590000	704.670000	4000.000000	18000.000000	8000.000000	Twitter	-1.517858	7.094538	-0.657154	0.568559	23.290801	0.000000
296	Spectrogram 1	5	704.770000	706.300000	4000.000000	18000.000000	8000.000000	Phee	-2.005749	14.937662	-0.269276	5.785254	37.633877	0.000000
297	Spectrogram 1	5	706.540000	706.620000	4000.000000	18000.000000	8000.000000	Twitter	1.519391	11.023720	-1.928671	-0.321463	30.215684	0.000000
298	Spectrogram 1	4	707.030000	707.110000	4000.000000	18000.000000	8000.000000	Twitter	0.052599	9.740696	0.346058	0.687748	23.161164	0.000000
299	Spectrogram 1	5	707.180000	707.260000	4000.000000	18000.000000	8000.000000	Twitter	-0.408014	10.676788	-0.389046	1.255495	22.704431	0.000000
300	Spectrogram 1	5	707.310000	707.400000	4000.000000	18000.000000	8000.000000	Twitter	-0.769735	10.700928	-0.570433	1.812222	24.285237	0.000000
301	Spectrogram 1	4	707.450000	707.530000	4000.000000	18000.000000	8000.000000	Twitter	-0.646099	12.176691	0.140989	1.986762	22.384215	0.000000
302	Spectrogram 1	4	707.580000	709.280000	4000.000000	18000.000000	8000.000000	Twitter	0.173738	18.414210	0.728171	4.501180	23.811199	0.000000
303	Spectrogram 1	5	710.760000	710.820000	4000.000000	18000.000000	8000.000000	Twitter	-2.372992	7.622486	-0.449505	0.528253	22.402432	0.000000
304	Spectrogram 1	5	710.910000	710.990000	4000.000000	18000.000000	8000.000000	Twitter	-2.248687	7.096181	-0.204841	0.366166	22.381673	0.000000
305	Spectrogram 1	5	711.170000	711.240000	4000.000000	18000.000000	8000.000000	Twitter	-2.579854	8.135809	-0.841950	0.643100	18.976427	0.000000
306	Spectrogram 1	5	711.300000	711.380000	4000.000000	18000.000000	8000.000000	Twitter	-2.540792	8.626398	-0.549011	0.826290	22.486584	0.000000
307	Spectrogram 1	5	711.420000	711.730000	4000.000000	18000.000000	8000.000000	Twitter	-5.620845	5.955479	-0.082330	0.350708	17.717007	0.000000
308	Spectrogram 1	5	712.100000	712.270000	4000.000000	18000.000000	8000.000000	Trill	-0.307046	10.903217	-0.429622	0.608268	42.484014	0.000000
309	Spectrogram 1	4	712.350000	712.430000	4000.000000	18000.000000	8000.000000	Twitter	-4.487425	12.754924	0.015716	3.077406	25.745845	0.000000
310	Spectrogram 1	5	712.490000	712.580000	4000.000000	18000.000000	8000.000000	Twitter	-4.325483	11.796174	-1.356807	2.995453	23.353864	0.000000
311	Spectrogram 1	5	712.630000	712.720000	4000.000000	18000.000000	8000.000000	Twitter	-4.346960	12.411972	-0.377363	3.082215	23.355610	0.000000
312	Spectrogram 1	5	712.750000	712.830000	4000.000000	18000.000000	8000.000000	Twitter	-4.403769	10.450191	-0.107453	1.944011	24.580790	0.000000
313	Spectrogram 1	4	713.240000	714.530000	4000.000000	18000.000000	8000.000000	Phee	-4.920350	15.731641	0.237875	7.622985	29.541952	0.000000
314	Spectrogram 1	5	714.890000	714.960000	4000.000000	18000.000000	8000.000000	Trill	-3.554337	7.737862	-1.166373	1.830303	31.828711	0.000000
315	Spectrogram 1	5	716.310000	716.450000	4000.000000	18000.000000	8000.000000	Trill	-2.663758	8.805633	-1.339267	1.926489	34.257603	0.000000
316	Spectrogram 1	5	716.880000	719.840000	4000.000000	18000.000000	8000.000000	Twitter	2.670241	13.299199	-1.686576	1.157256	27.103620	0.000000
317	Spectrogram 1	5	721.000000	721.430000	4000.000000	18000.000000	8000.000000	Phee	0.254491	10.560038	-3.052317	1.008356	39.354176	0.000000
318	Spectrogram 1	4	724.220000	724.260000	4000.000000	18000.000000	8000.000000	Twitter	-7.496282	9.690778	1.534828	-2.172771	22.001977	0.000000
319	Spectrogram 1	5	725.570000	725.610000	4000.000000	18000.000000	8000.000000	Trill	-0.568767	4.852647	-0.604141	-0.284630	29.436206	0.000000
320	Spectrogram 1	4	726.250000	726.370000	4000.000000	18000.000000	8000.000000	Twitter	8.497283	13.007936	4.554467	3.654289	51.086652	0.000000
321	Spectrogram 1	4	726.420000	726.500000	4000.000000	18000.000000	8000.000000	Twitter	6.626812	15.905008	7.019008	2.885596	31.384562	0.000000
322	Spectrogram 1	4	726.530000	726.600000	4000.000000	18000.000000	8000.000000	Twitter	6.151431	15.772432	9.796066	3.159752	30.929208	0.000000
323	Spectrogram 1	4	726.640000	726.710000	4000.000000	18000.000000	8000.000000	Twitter	6.294956	15.495444	2.914830	2.236356	29.671262	0.000000
324	Spectrogram 1	4	726.760000	726.820000	4000.000000	18000.000000	8000.000000	Twitter	7.859175	16.329498	8.440059	3.534033	31.955324	0.000000
325	Spectrogram 1	4	726.870000	726.940000	4000.000000	18000.000000	8000.000000	Twitter	7.096537	15.963534	7.224785	3.358303	33.237998	0.000000
326	Spectrogram 1	4	726.980000	727.050000	4000.000000	18000.000000	8000.000000	Twitter	7.787494	15.769948	8.242842	3.323012	32.328620	0.000000
327	Spectrogram 1	4	727.090000	727.540000	4000.000000	18000.000000	8000.000000	Twitter	4.366092	12.791817	6.379455	3.087016	30.435696	0.000000
328	Spectrogram 1	4	727.580000	727.630000	4000.000000	18000.000000	8000.000000	Twitter	2.885234	11.280851	2.732249	4.205003	42.704502	0.000000
329	Spectrogram 1	4	728.380000	728.570000	4000.000000	18000.000000	8000.000000	Twitter	8.305190	15.888799	12.767989	3.268520	27.137204	0.000000
330	Spectrogram 1	4	728.620000	728.680000	4000.000000	18000.000000	8000.000000	Twitter	8.721587	18.675790	1.847818	4.797776	37.972330	0.000000
331	Spectrogram 1	4	728.730000	729.390000	4000.000000	18000.000000	8000.000000	Twitter	4.088183	12.970220	1.634594	3.840870	35.065438	0.000000
332	Spectrogram 1	4	730.340000	730.430000	4000.000000	18000.000000	8000.000000	Twitter	-2.178778	6.968022	0.436504	0.217870	21.178304	0.000000
333	Spectrogram 1	5	730.480000	730.560000	4000.000000	18000.000000	8000.000000	Twitter	-0.986436	7.816279	-0.108298	0.914708	21.675114	0.000000
334	Spectrogram 1	4	730.630000	730.690000	4000.000000	18000.000000	8000.000000	Twitter	-2.767335	7.791840	0.378567	0.640662	18.491224	0.000000
335	Spectrogram 1	5	730.770000	730.840000	4000.000000	18000.000000	8000.000000	Twitter	-1.255515	9.339325	-0.212101	0.797988	24.510826	0.000000
336	Spectrogram 1	5	730.910000	730.980000	4000.000000	18000.000000	8000.000000	Twitter	-0.832773	9.373042	-0.126912	1.174848	26.517343	0.000000
337	Spectrogram 1	4	731.050000	731.120000	4000.000000	18000.000000	8000.000000	Twitter	-1.703225	9.256749	0.059209	1.265021	30.279638	0.000000
338	Spectrogram 1	5	734.490000	734.610000	4000.000000	18000.000000	8000.000000	Twitter	-1.121119	7.634515	-0.072981	-0.003964	26.272779	0.000000
339	Spectrogram 1	5	734.650000	734.760000	4000.000000	18000.000000	8000.000000	Twitter	-2.442225	8.635737	-0.199468	0.761454	23.968756	0.000000
340	Spectrogram 1	4	734.800000	734.880000	4000.000000	18000.000000	8000.000000	Twitter	-2.160723	10.622377	0.189559	2.091759	27.287276	0.000000
341	Spectrogram 1	5	734.950000	735.060000	4000.000000	18000.000000	8000.000000	Twitter	-2.516527	9.934210	-0.165290	1.713444	23.796578	0.000000
342	Spectrogram 1	5	735.100000	735.190000	4000.000000	18000.000000	8000.000000	Twitter	-2.261877	10.533496	-0.325950	2.239686	26.537788	0.000000
343	Spectrogram 1	4	735.250000	735.320000	4000.000000	18000.000000	8000.000000	Twitter	-2.324318	12.003039	2.244242	3.797737	30.385403	0.000000
344	Spectrogram 1	4	735.390000	735.470000	4000.000000	18000.000000	8000.000000	Twitter	-2.977615	10.120285	0.450871	2.939801	28.540617	0.000000
345	Spectrogram 1	5	735.540000	735.600000	4000.000000	18000.000000	8000.000000	Twitter	-2.270167	9.992993	-0.176244	3.675931	25.564404	0.000000
346	Spectrogram 1	5	737.580000	737.860000	4000.000000	18000.000000	8000.000000	Trill	5.773219	10.543719	-2.154410	2.440413	44.698308	0.000000
347	Spectrogram 1	5	739.150000	739.390000	4000.000000	18000.000000	8000.000000	Twitter	-0.598226	11.019994	-0.813474	2.007813	24.297401	0.000000
348	Spectrogram 1	5	739.440000	739.540000	4000.000000	18000.000000	8000.000000	Twitter	-0.783298	12.616921	-1.741968	1.277647	25.610140	0.000000
349	Spectrogram 1	5	739.580000	739.680000	4000.000000	18000.000000	8000.000000	Twitter	0.482293	13.091685	-2.137338	-0.972275	25.287769	0.000000
350	Spectrogram 1	5	739.710000	739.960000	4000.000000	18000.000000	8000.000000	Twitter	1.140717	12.984291	-2.953166	0.561915	24.543037	0.000000
351	Spectrogram 1	5	739.990000	740.100000	4000.000000	18000.000000	8000.000000	Twitter	-0.334325	13.480756	-1.835275	1.457552	24.721342	0.000000
352	Spectrogram 1	4	740.130000	740.240000	4000.000000	18000.000000	8000.000000	Twitter	0.241892	13.581162	1.738019	1.735720	26.983828	0.000000
353	Spectrogram 1	5	740.270000	740.480000	4000.000000	18000.000000	8000.000000	Twitter	-1.856661	11.801399	-0.650720	2.049194	26.415082	0.000000
354	Spectrogram 1	4	743.000000	743.250000	4000.000000	18000.000000	8000.000000	Trill	0.564102	6.902381	1.366219	-0.416676	30.422539	0.000000
355	Spectrogram 1	5	745.080000	745.550000	4000.000000	18000.000000	8000.000000	Trill	8.309773	12.511158	-2.101438	3.148442	59.445971	0.000000
356	Spectrogram 1	5	746.280000	746.330000	4000.000000	18000.000000	8000.000000	Twitter	3.671838	11.987595	-0.161465	-0.299400	25.679404	0.000000
357	Spectrogram 1	4	746.400000	746.470000	4000.000000	18000.000000	8000.000000	Twitter	2.729461	10.395496	0.721411	-0.128704	24.684459	0.000000
358	Spectrogram 1	4	748.800000	748.860000	4000.000000	18000.000000	8000.000000	Tse	2.536013	12.819526	0.563522	0.084447	36.340268	0.000000
359	Spectrogram 1	4	748.990000	749.050000	4000.000000	18000.000000	8000.000000	Twitter	-0.987451	7.318016	0.594340	0.735233	26.746064	0.000000
360	Spectrogram 1	5	750.240000	750.490000	4000.000000	18000.000000	8000.000000	Twitter	-1.048579	9.303261	-0.483940	1.317782	21.600951	0.000000
361	Spectrogram 1	5	750.530000	750.620000	4000.000000	18000.000000	8000.000000	Twitter	-0.850493	10.234262	-1.044710	1.686196	21.146422	0.000000
362	Spectrogram 1	5	750.680000	750.750000	4000.000000	18000.000000	8000.000000	Twitter	-1.215427	10.285120	-1.046664	1.602520	20.365532	0.000000
363	Spectrogram 1	5	750.820000	750.880000	4000.000000	18000.000000	8000.000000	Twitter	-2.099956	9.016431	-0.977456	1.243396	19.551391	0.000000
364	Spectrogram 1	5	750.970000	751.040000	4000.000000	18000.000000	8000.000000	Twitter	-1.645515	9.719731	-0.519344	1.639701	24.582023	0.000000
365	Spectrogram 1	4	751.110000	751.190000	4000.000000	18000.000000	8000.000000	Twitter	-2.296668	8.224460	0.630691	0.859408	19.830991	0.000000
366	Spectrogram 1	4	753.380000	753.460000	4000.000000	18000.000000	8000.000000	Twitter	-0.762626	8.846369	0.033300	1.000608	24.338383	0.000000
367	Spectrogram 1	5	753.510000	753.590000	4000.000000	18000.000000	8000.000000	Twitter	-0.388269	10.667030	-0.003015	1.907512	24.157937	0.000000
368	Spectrogram 1	4	753.650000	753.710000	4000.000000	18000.000000	8000.000000	Twitter	2.192414	12.085105	1.402337	1.555318	23.727531	0.000000
369	Spectrogram 1	5	753.780000	753.840000	4000.000000	18000.000000	8000.000000	Twitter	0.267472	11.312879	-0.138530	1.261206	24.376803	0.000000
370	Spectrogram 1	4	753.890000	754.320000	4000.000000	18000.000000	8000.000000	Twitter	-0.702663	9.249517	2.196438	1.274766	26.143579	0.000000
371	Spectrogram 1	5	754.650000	754.700000	4000.000000	18000.000000	8000.000000	Sd-peep	9.576799	10.603618	-7.629543	0.406497	28.717791	0.000000
372	Spectrogram 1	5	754.860000	754.960000	4000.000000	18000.000000	8000.000000	Trill	-1.221797	7.946726	-2.572052	1.336685	32.142328	0.000000
373	Spectrogram 1	4	758.350000	758.450000	4000.000000	18000.000000	8000.000000	Sd-peep	5.448100	13.154825	2.398194	0.757523	48.033017	0.000000
374	Spectrogram 1	4	758.500000	758.800000	4000.000000	18000.000000	8000.000000	Sd-peep	2.710476	10.149163	2.134230	-1.433350	30.050443	0.000000
375	Spectrogram 1	5	759.010000	759.240000	4000.000000	18000.000000	8000.000000	Trill	8.538048	15.413051	-3.583064	0.003476	37.930888	0.000000
376	Spectrogram 1	4	759.330000	759.890000	4000.000000	18000.000000	8000.000000	Trill	7.470925	14.526031	1.182478	2.888011	56.976035	0.000000
377	Spectrogram 1	5	760.090000	760.570000	4000.000000	18000.000000	8000.000000	Trill	6.769297	11.356190	-1.461925	2.267535	48.997026	0.000000
378	Spectrogram 1	4	760.810000	761.400000	4000.000000	18000.000000	8000.000000	Trill	7.307809	10.723373	0.278390	1.623996	39.847303	0.000000
379	Spectrogram 1	4	761.440000	762.470000	4000.000000	18000.000000	8000.000000	Trill	4.865255	12.996973	1.395690	5.072238	68.065221	0.000000
380	Spectrogram 1	4	762.610000	763.180000	4000.000000	18000.000000	8000.000000	Phee	2.793429	13.193855	2.785387	6.903177	63.623425	0.000000
381	Spectrogram 1	4	763.300000	763.780000	4000.000000	18000.000000	8000.000000	Phee	5.329005	11.636661	3.335296	3.830988	59.675919	0.000000
382	Spectrogram 1	4	768.600000	768.710000	4000.000000	18000.000000	8000.000000	Trill	3.802510	7.654359	2.420729	-0.344449	39.853342	0.000000
383	Spectrogram 1	4	773.590000	774.390000	4000.000000	18000.000000	8000.000000	Trill	-1.929316	10.338952	0.733600	0.510326	32.968403	0.000000
384	Spectrogram 1	4	774.520000	775.220000	4000.000000	18000.000000	8000.000000	Trill	-2.325621	11.188506	1.757696	2.318883	34.303868	0.000000
385	Spectrogram 1	4	776.040000	776.110000	4000.000000	18000.000000	8000.000000	Twitter	7.647385	19.596511	7.373177	4.918678	57.888888	0.000000
386	Spectrogram 1	4	776.160000	776.340000	4000.000000	18000.000000	8000.000000	Twitter	4.046436	12.731704	7.040701	1.972702	26.657599	0.000000
387	Spectrogram 1	4	776.400000	776.730000	4000.000000	18000.000000	8000.000000	Twitter	1.920165	12.512372	8.628020	2.398002	20.974980	0.000000
388	Spectrogram 1	4	776.760000	777.710000	4000.000000	18000.000000	8000.000000	Twitter	2.098525	13.755075	2.530822	3.456898	26.948358	0.000000
389	Spectrogram 1	4	777.750000	777.790000	4000.000000	18000.000000	8000.000000	Trill	2.416322	9.903752	0.741196	2.626658	53.817325	0.000000
390	Spectrogram 1	4	777.850000	777.910000	4000.000000	18000.000000	8000.000000	Trill	3.121914	11.171193	0.988880	3.346546	62.061724	0.000000
391	Spectrogram 1	4	779.380000	779.470000	4000.000000	18000.000000	8000.000000	Trill	1.524352	8.503429	7.737903	0.158766	40.982439	0.000000
392	Spectrogram 1	4	779.910000	779.950000	4000.000000	18000.000000	8000.000000	Trill	5.941911	13.160461	3.645402	6.971411	52.071292	0.000000
393	Spectrogram 1	5	783.540000	783.610000	4000.000000	18000.000000	8000.000000	Twitter	-2.944480	8.169690	-0.395872	1.190725	22.616893	0.000000
394	Spectrogram 1	5	783.690000	783.750000	4000.000000	18000.000000	8000.000000	Twitter	-2.708275	9.920661	-0.476265	0.966621	27.862171	0.000000
395	Spectrogram 1	5	783.830000	783.900000	4000.000000	18000.000000	8000.000000	Twitter	-3.098567	10.257359	-0.643917	1.629210	27.348293	0.000000
396	Spectrogram 1	5	783.970000	784.040000	4000.000000	18000.000000	8000.000000	Twitter	-3.250717	10.089531	-1.073228	2.174686	29.765816	0.000000
397	Spectrogram 1	5	784.110000	784.190000	4000.000000	18000.000000	8000.000000	Twitter	-2.908532	10.360992	-0.900180	2.129224	29.770679	0.000000
398	Spectrogram 1	5	784.250000	784.330000	4000.000000	18000.000000	8000.000000	Twitter	-3.035761	9.200727	-1.185069	2.502011	28.458253	0.000000
399	Spectrogram 1	5	788.450000	788.520000	4000.000000	18000.000000	8000.000000	Twitter	0.588870	11.362739	-0.444500	0.404871	34.400688	0.000000
400	Spectrogram 1	5	793.210000	793.650000	4000.000000	18000.000000	8000.000000	Trill	3.783229	10.983941	-3.881698	5.621494	46.654924	0.000000
401	Spectrogram 1	4	793.790000	794.900000	4000.000000	18000.000000	8000.000000	Phee	0.556462	28.860743	1.236336	16.112378	53.589751	0.000000
402	Spectrogram 1	5	795.380000	796.430000	4000.000000	18000.000000	8000.000000	Phee	1.367547	29.556170	-0.633893	12.552829	58.076129	0.000000
403	Spectrogram 1	4	796.780000	797.600000	4000.000000	18000.000000	8000.000000	Phee	1.710196	27.894568	2.301608	11.366433	52.568696	0.000000
404	Spectrogram 1	5	806.140000	807.350000	4000.000000	18000.000000	8000.000000	Phee	-0.264147	8.655870	-1.995809	1.344582	31.966817	0.000000
405	Spectrogram 1	5	813.580000	814.640000	4000.000000	18000.000000	8000.000000	Phee	-0.055169	26.357915	-0.251486	13.205358	43.426800	0.000000
406	Spectrogram 1	5	815.350000	816.360000	4000.000000	18000.000000	8000.000000	Phee	0.957982	27.861773	-0.140568	11.638306	41.345531	0.000000
407	Spectrogram 1	5	816.640000	817.590000	4000.000000	18000.000000	8000.000000	Phee	0.149565	27.206597	-0.594008	13.436867	43.611052	0.000000
408	Spectrogram 1	4	817.910000	818.810000	4000.000000	18000.000000	8000.000000	Phee	-0.397886	26.934629	0.448758	12.917407	44.982796	0.000000
409	Spectrogram 1	5	830.310000	830.580000	4000.000000	18000.000000	8000.000000	Trill	6.402519	11.281728	-2.920923	6.367943	54.261999	0.000000
410	Spectrogram 1	5	834.740000	834.830000	4000.000000	18000.000000	8000.000000	Trill	-0.276027	7.207508	-0.337297	0.213259	30.691449	0.000000
411	Spectrogram 1	4	837.560000	837.660000	4000.000000	18000.000000	8000.000000	Phee	-0.743681	10.369354	0.453523	2.573124	39.655374	0.000000
412	Spectrogram 1	5	848.930000	849.230000	4000.000000	18000.000000	8000.000000	Trill	7.392014	13.372815	-4.548076	6.922537	52.903578	0.000000
413	Spectrogram 1	4	852.860000	852.890000	4000.000000	18000.000000	8000.000000	Trill	8.551650	10.351790	0.685615	-0.784965	28.717191	0.000000
414	Spectrogram 1	4	853.890000	854.970000	4000.000000	18000.000000	8000.000000	Phee	1.471930	23.855187	0.063956	11.407441	45.560473	0.000000
415	Spectrogram 1	4	855.560000	856.590000	4000.000000	18000.000000	8000.000000	Phee	1.173917	26.566570	0.381636	13.596353	41.529460	0.000000
416	Spectrogram 1	5	856.730000	857.730000	4000.000000	18000.000000	8000.000000	Phee	0.269584	28.082720	-0.952056	14.713897	43.045646	0.000000
417	Spectrogram 1	5	860.170000	860.250000	4000.000000	18000.000000	8000.000000	Trill	8.021282	12.684709	-5.257102	5.228421	61.083609	0.000000
418	Spectrogram 1	5	865.660000	865.990000	4000.000000	18000.000000	8000.000000	Trill	4.391603	11.712369	-5.630609	7.101184	50.075098	0.000000
419	Spectrogram 1	5	870.520000	870.620000	4000.000000	18000.000000	8000.000000	Twitter	-0.220194	10.093681	-0.573108	0.904720	27.266419	0.000000
420	Spectrogram 1	5	870.650000	870.730000	4000.000000	18000.000000	8000.000000	Twitter	-0.233343	8.745489	-0.984515	0.413179	23.001017	0.000000
421	Spectrogram 1	5	870.770000	871.660000	4000.000000	18000.000000	8000.000000	Twitter	-0.359411	9.235239	-1.116348	1.214456	25.433769	0.000000
422	Spectrogram 1	4	889.540000	889.930000	4000.000000	18000.000000	8000.000000	Trill	2.766625	5.485337	0.667837	2.248595	33.667167	0.000000
423	Spectrogram 1	4	891.970000	892.050000	4000.000000	18000.000000	8000.000000	Twitter	6.379171	11.998918	0.997386	1.262060	54.978683	0.000000
424	Spectrogram 1	4	892.100000	892.780000	4000.000000	18000.000000	8000.000000	Twitter	4.656627	11.529463	0.777269	0.725088	31.889315	0.000000
425	Spectrogram 1	4	893.900000	895.250000	4000.000000	18000.000000	8000.000000	Phee	0.707947	20.343894	1.672757	9.539537	34.726734	0.000000
426	Spectrogram 1	5	895.460000	895.570000	4000.000000	18000.000000	8000.000000	Phee	-2.418901	17.944097	-0.655256	8.256568	37.538490	0.000000
427	Spectrogram 1	5	896.110000	896.340000	4000.000000	18000.000000	8000.000000	Twitter	-0.049803	14.136206	-1.467600	5.633304	54.772071	0.000000
428	Spectrogram 1	5	896.370000	896.470000	4000.000000	18000.000000	8000.000000	Twitter	0.240941	7.891724	-0.767274	1.363336	31.069025	0.000000
429	Spectrogram 1	4	896.730000	896.870000	4000.000000	18000.000000	8000.000000	Twitter	-0.643715	14.334458	4.768087	5.112556	37.416793	0.000000
430	Spectrogram 1	4	897.350000	899.390000	4000.000000	18000.000000	8000.000000	Phee	1.862352	26.018728	3.794996	11.627593	38.412230	0.000000
431	Spectrogram 1	4	899.580000	899.980000	4000.000000	18000.000000	8000.000000	Phee	0.048399	28.945114	0.858216	15.457523	50.775069	0.000000
432	Spectrogram 1	5	900.010000	900.440000	4000.000000	18000.000000	8000.000000	Phee	1.125851	30.241857	-1.519798	12.983918	42.704453	0.000000
433	Spectrogram 1	4	906.580000	906.910000	4000.000000	18000.000000	8000.000000	Twitter	-1.865078	20.118044	0.282265	4.884042	21.186441	0.000000
434	Spectrogram 1	4	907.010000	907.130000	4000.000000	18000.000000	8000.000000	Twitter	0.823925	22.432258	0.324949	2.239940	23.722417	0.000000
435	Spectrogram 1	4	907.570000	907.710000	4000.000000	18000.000000	8000.000000	Twitter	-2.313092	20.484705	1.264111	7.123890	21.148923	0.000000
436	Spectrogram 1	4	908.110000	908.250000	4000.000000	18000.000000	8000.000000	Twitter	0.313324	23.146655	1.344049	3.047998	28.966920	0.000000
437	Spectrogram 1	4	908.360000	908.670000	4000.000000	18000.000000	8000.000000	Trill	-0.779588	22.691536	0.808937	2.695444	28.772584	0.000000
438	Spectrogram 1	4	908.890000	908.990000	4000.000000	18000.000000	8000.000000	Twitter	-0.545081	19.866646	1.066412	4.703732	29.118273	0.000000
439	Spectrogram 1	4	909.220000	909.350000	4000.000000	18000.000000	8000.000000	Twitter	-0.121057	25.957923	1.145683	2.921153	23.550525	0.000000
440	Spectrogram 1	4	909.970000	910.100000	4000.000000	18000.000000	8000.000000	Twitter	-1.641033	17.870236	0.347968	3.160976	22.448640	0.000000
441	Spectrogram 1	4	910.410000	910.560000	4000.000000	18000.000000	8000.000000	Trill	-0.939152	26.372065	0.632719	3.550009	28.847802	0.000000
442	Spectrogram 1	5	911.160000	911.260000	4000.000000	18000.000000	8000.000000	Twitter	-2.202693	15.452367	-1.009450	4.205944	31.751174	0.000000
443	Spectrogram 1	5	911.510000	911.610000	4000.000000	18000.000000	8000.000000	Twitter	1.712670	8.373793	-0.296866	-0.269498	27.727036	0.000000
444	Spectrogram 1	5	911.630000	911.730000	4000.000000	18000.000000	8000.000000	Twitter	1.496638	11.248949	-0.527318	0.038202	31.140177	0.000000
445	Spectrogram 1	5	911.780000	911.860000	4000.000000	18000.000000	8000.000000	Twitter	1.243700	12.109446	-0.334456	0.443458	30.256843	0.000000
446	Spectrogram 1	5	911.920000	912.670000	4000.000000	18000.000000	8000.000000	Twitter	1.730325	14.296806	-0.950596	2.463289	26.093407	0.000000
447	Spectrogram 1	5	912.720000	913.280000	4000.000000	18000.000000	8000.000000	Twitter	-1.607633	11.734628	-0.419840	1.820740	23.410412	0.000000
448	Spectrogram 1	5	913.320000	913.440000	4000.000000	18000.000000	8000.000000	Twitter	-2.924646	10.349031	-0.614006	2.669558	25.196414	0.000000
449	Spectrogram 1	5	913.460000	913.690000	4000.000000	18000.000000	8000.000000	Twitter	-2.444756	9.572226	-0.053990	2.012167	28.288877	0.000000
450	Spectrogram 1	5	915.270000	915.770000	4000.000000	18000.000000	8000.000000	Trill	1.958585	11.208980	-2.185187	4.817512	36.694297	0.000000
451	Spectrogram 1	5	915.830000	915.960000	4000.000000	18000.000000	8000.000000	Twitter	-1.800155	10.444268	-0.698994	1.869515	24.697177	0.000000
452	Spectrogram 1	5	916.000000	916.100000	4000.000000	18000.000000	8000.000000	Twitter	-2.719746	11.590386	-1.451284	3.149198	25.434614	0.000000
453	Spectrogram 1	5	916.150000	916.250000	4000.000000	18000.000000	8000.000000	Twitter	-2.603508	11.191891	-1.620322	3.298340	24.235873	0.000000
454	Spectrogram 1	5	916.310000	916.400000	4000.000000	18000.000000	8000.000000	Twitter	-3.191028	11.099475	-1.274320	3.295790	25.351889	0.000000
455	Spectrogram 1	5	916.460000	916.560000	4000.000000	18000.000000	8000.000000	Twitter	-2.999590	10.949530	-1.529323	3.869292	26.896031	0.000000
456	Spectrogram 1	5	916.610000	916.700000	4000.000000	18000.000000	8000.000000	Twitter	-3.400202	11.137311	-1.953835	4.486101	29.503246	0.000000
457	Spectrogram 1	5	919.320000	919.390000	4000.000000	18000.000000	8000.000000	Twitter	-1.438875	7.260450	-0.806629	0.248817	22.939647	0.000000
458	Spectrogram 1	5	919.460000	919.560000	4000.000000	18000.000000	8000.000000	Twitter	-1.634484	6.298751	-0.842823	0.900885	24.405175	0.000000
459	Spectrogram 1	5	919.600000	919.670000	4000.000000	18000.000000	8000.000000	Twitter	-1.032555	8.557026	-0.047058	0.980515	24.677156	0.000000
460	Spectrogram 1	5	919.730000	919.820000	4000.000000	18000.000000	8000.000000	Twitter	-2.778037	6.465454	-0.358601	0.510573	22.594558	0.000000
461	Spectrogram 1	4	921.140000	921.250000	4000.000000	18000.000000	8000.000000	Trill	7.315109	10.338790	2.515096	2.608808	49.355314	0.000000
462	Spectrogram 1	4	921.320000	921.370000	4000.000000	18000.000000	8000.000000	Twitter	6.051090	15.698418	2.686966	4.507478	33.992082	0.000000
463	Spectrogram 1	4	921.420000	921.480000	4000.000000	18000.000000	8000.000000	Twitter	6.316987	15.608409	3.039466	4.076282	29.110619	0.000000
464	Spectrogram 1	5	921.530000	921.580000	4000.000000	18000.000000	8000.000000	Twitter	8.382274	16.726432	-0.682775	1.429864	32.412465	0.000000
465	Spectrogram 1	4	921.630000	921.700000	4000.000000	18000.000000	8000.000000	Twitter	6.643972	14.230799	2.203949	3.283378	30.735037	0.000000
466	Spectrogram 1	4	921.740000	921.800000	4000.000000	18000.000000	8000.000000	Twitter	7.966076	15.706325	3.690086	4.863919	32.198741	0.000000
467	Spectrogram 1	4	921.840000	922.190000	4000.000000	18000.000000	8000.000000	Twitter	4.336505	11.199205	2.097864	3.295903	34.960401	0.000000
468	Spectrogram 1	5	936.090000	936.160000	4000.000000	18000.000000	8000.000000	Twitter	-0.064621	10.850858	-0.158892	0.399506	29.067155	0.000000
469	Spectrogram 1	5	936.250000	936.310000	4000.000000	18000.000000	8000.000000	Twitter	-0.336983	10.217863	-1.128000	0.707138	24.742217	0.000000
470	Spectrogram 1	5	936.390000	937.130000	4000.000000	18000.000000	8000.000000	Twitter	-1.140508	8.735177	-0.926598	0.578655	24.042770	0.000000
471	Spectrogram 1	5	937.160000	937.230000	4000.000000	18000.000000	8000.000000	Twitter	-0.346279	10.864773	-1.073137	2.084482	26.337317	0.000000
472	Spectrogram 1	5	937.300000	937.380000	4000.000000	18000.000000	8000.000000	Twitter	0.031075	10.639611	-4.498768	2.080057	29.487011	0.000000
473	Spectrogram 1	5	937.440000	937.530000	4000.000000	18000.000000	8000.000000	Twitter	-0.063802	10.233012	-0.296386	0.023050	28.346849	0.000000
474	Spectrogram 1	5	937.580000	937.660000	4000.000000	18000.000000	8000.000000	Twitter	-0.314685	9.252528	-1.560930	0.471898	28.101197	0.000000
475	Spectrogram 1	5	937.710000	937.800000	4000.000000	18000.000000	8000.000000	Twitter	-1.344280	7.263578	-0.376669	0.311594	24.316596	0.000000
476	Spectrogram 1	4	941.860000	942.300000	4000.000000	18000.000000	8000.000000	Phee	7.462865	17.566272	3.927509	10.573779	98.764683	0.000000
477	Spectrogram 1	4	942.370000	943.280000	4000.000000	18000.000000	8000.000000	Phee	6.629031	18.263877	4.153601	10.270519	86.938713	0.000000
478	Spectrogram 1	4	943.400000	943.750000	4000.000000	18000.000000	8000.000000	Phee	5.555625	16.370288	5.054671	10.343601	79.550047	0.000000
479	Spectrogram 1	5	943.880000	943.960000	4000.000000	18000.000000	8000.000000	Trill	2.526283	5.319272	-0.246386	1.873859	34.399577	0.000000
480	Spectrogram 1	5	946.550000	946.620000	4000.000000	18000.000000	8000.000000	Twitter	-1.650497	10.254131	-0.064701	0.173631	25.048971	0.000000
481	Spectrogram 1	5	946.700000	946.770000	4000.000000	18000.000000	8000.000000	Tse	-1.956798	10.883082	-0.454277	0.430346	28.393512	0.000000
482	Spectrogram 1	5	956.720000	956.880000	4000.000000	18000.000000	8000.000000	Trill	-1.818802	10.167946	-1.858803	3.806177	42.658290	0.000000
483	Spectrogram 1	5	957.780000	958.060000	4000.000000	18000.000000	8000.000000	Trill	-0.483460	6.192771	-1.109516	1.204097	30.917104	0.000000
484	Spectrogram 1	5	960.830000	960.930000	4000.000000	18000.000000	8000.000000	Trill	0.079733	5.784269	-0.532175	-0.148483	34.288755	0.000000
485	Spectrogram 1	5	1040.400000	1041.030000	4000.000000	18000.000000	8000.000000	Trill	-0.334158	7.640880	-1.130175	0.613078	31.306134	0.000000
486	Spectrogram 1	4	1042.590000	1042.970000	4000.000000	18000.000000	8000.000000	Trill	2.965469	8.367299	1.430741	3.440530	45.365189	0.000000
487	Spectrogram 1	5	1043.580000	1044.130000	4000.000000	18000.000000	8000.000000	Trill	6.426039	13.859931	-5.920077	3.995331	55.481097	0.000000
488	Spectrogram 1	5	1044.190000	1044.830000	4000.000000	18000.000000	8000.000000	Phee	6.204865	17.056194	-9.547950	12.689482	85.997103	0.000000
489	Spectrogram 1	5	1045.060000	1045.250000	4000.000000	18000.000000	8000.000000	Sd-peep	8.500870	16.166939	-0.974471	3.343287	79.270231	0.000000
490	Spectrogram 1	5	1045.380000	1045.450000	4000.000000	18000.000000	8000.000000	Sd-peep	6.931047	13.911802	-8.469560	2.100094	44.905552	0.000000
491	Spectrogram 1	4	1058.470000	1058.520000	4000.000000	18000.000000	8000.000000	Twitter	2.444158	13.897518	0.552238	0.608744	30.107456	0.000000
492	Spectrogram 1	4	1058.580000	1058.800000	4000.000000	18000.000000	8000.000000	Twitter	2.001129	15.772417	0.175225	0.935208	23.136941	0.000000
493	Spectrogram 1	4	1058.840000	1058.930000	4000.000000	18000.000000	8000.000000	Twitter	1.043592	17.057277	0.406449	2.351342	22.529705	0.000000
494	Spectrogram 1	4	1058.960000	1059.810000	4000.000000	18000.000000	8000.000000	Twitter	0.130928	15.225784	0.416830	2.607091	23.225437	0.000000
495	Spectrogram 1	5	1141.550000	1143.270000	4000.000000	18000.000000	8000.000000	Phee	-2.536237	14.433017	-1.649642	7.825511	37.200567	0.000000
496	Spectrogram 1	4	1151.290000	1151.370000	4000.000000	18000.000000	8000.000000	Phee	2.882174	8.459082	1.056087	3.365301	48.719618	0.000000
497	Spectrogram 1	5	1151.430000	1151.800000	4000.000000	18000.000000	8000.000000	Phee	1.652241	10.689049	-1.451705	5.523229	49.362988	0.000000
498	Spectrogram 1	4	1151.910000	1152.760000	4000.000000	18000.000000	8000.000000	Phee	3.578166	13.341519	1.532543	6.169474	71.637079	0.000000
499	Spectrogram 1	4	1152.930000	1153.100000	4000.000000	18000.000000	8000.000000	Trill	2.841902	8.434713	2.503564	4.126700	56.261545	0.000000
500	Spectrogram 1	4	1153.170000	1153.360000	4000.000000	18000.000000	8000.000000	Trill	1.765694	7.124299	1.007184	2.433333	41.631782	0.000000
501	Spectrogram 1	4	1169.530000	1169.600000	4000.000000	18000.000000	8000.000000	Twitter	-0.145529	6.818750	0.312726	-0.278384	28.795800	0.000000
502	Spectrogram 1	5	1192.750000	1194.410000	4000.000000	18000.000000	8000.000000	Phee	-3.215480	19.565859	-0.831037	9.691879	42.760893	0.000000
503	Spectrogram 1	5	1194.760000	1196.840000	4000.000000	18000.000000	8000.000000	Twitter	-0.048438	18.257633	-0.128348	3.660288	23.724493	0.000000
504	Spectrogram 1	4	1196.910000	1196.970000	4000.000000	18000.000000	8000.000000	Tse	1.183553	10.219827	0.151892	0.963864	28.160942	0.000000
505	Spectrogram 1	5	1205.340000	1205.510000	4000.000000	18000.000000	8000.000000	Trill	-1.752739	12.313880	-0.637768	5.727929	34.631432	0.000000
506	Spectrogram 1	5	1207.560000	1207.750000	4000.000000	18000.000000	8000.000000	Phee	0.924199	14.038342	-0.644861	5.522166	48.340691	0.000000
507	Spectrogram 1	5	1210.260000	1210.320000	4000.000000	18000.000000	8000.000000	Twitter	-1.441621	8.059530	-0.494732	0.310548	26.433052	0.000000
508	Spectrogram 1	5	1212.750000	1214.550000	4000.000000	18000.000000	8000.000000	Phee	-3.158118	20.570555	-1.570529	13.928237	40.451694	0.000000
509	Spectrogram 1	5	1214.840000	1216.330000	4000.000000	18000.000000	8000.000000	Phee	-2.601037	19.007907	-0.930255	11.179075	39.116388	0.000000
510	Spectrogram 1	5	1219.750000	1219.830000	4000.000000	18000.000000	8000.000000	Trill	-2.375662	6.318357	-1.311859	1.867701	31.691939	0.000000
511	Spectrogram 1	4	1226.030000	1226.210000	4000.000000	18000.000000	8000.000000	Phee	-0.981851	9.667555	0.412191	2.963097	34.331477	0.000000
512	Spectrogram 1	5	1229.810000	1229.970000	4000.000000	18000.000000	8000.000000	Trill	0.473144	11.483599	-0.816206	0.926579	30.764811	0.000000
513	Spectrogram 1	5	1252.590000	1252.720000	4000.000000	18000.000000	8000.000000	Trill	3.608732	7.518043	-3.177258	5.881424	42.965723	0.000000
514	Spectrogram 1	5	1256.450000	1256.590000	4000.000000	18000.000000	8000.000000	Trill	-0.978425	6.165186	-0.087006	0.563008	29.223342	0.000000
515	Spectrogram 1	5	1451.240000	1451.380000	4000.000000	18000.000000	8000.000000	Trill	0.140585	5.400082	-0.043541	2.034366	32.176022	0.000000
516	Spectrogram 1	5	1451.830000	1451.870000	4000.000000	18000.000000	8000.000000	P-peep	0.908382	6.356319	-0.206049	1.810064	32.559235	0.000000
517	Spectrogram 1	4	1452.220000	1452.540000	4000.000000	18000.000000	8000.000000	Phee	0.723435	5.926941	1.085917	1.835335	34.974437	0.000000
518	Spectrogram 1	4	1452.680000	1452.790000	4000.000000	18000.000000	8000.000000	Trill	1.695261	5.261070	0.186677	1.166264	41.426035	0.000000
519	Spectrogram 1	5	1453.320000	1453.380000	4000.000000	18000.000000	8000.000000	Trill	1.756848	4.485437	-0.504489	1.657618	45.639754	0.000000
520	Spectrogram 1	4	1505.930000	1506.930000	4000.000000	18000.000000	8000.000000	Phee	1.004589	27.156242	0.467904	14.703487	58.473837	0.000000
521	Spectrogram 1	4	1507.610000	1508.720000	4000.000000	18000.000000	8000.000000	Phee	2.584263	27.562642	1.582596	13.758901	52.508132	0.000000
522	Spectrogram 1	5	1508.880000	1509.690000	4000.000000	18000.000000	8000.000000	Phee	1.827470	25.827025	-0.036991	10.572999	54.343152	0.000000
523	Spectrogram 1	4	1519.850000	1519.910000	4000.000000	18000.000000	8000.000000	Trill	4.346783	7.050891	0.869457	1.218161	34.478266	0.000000
524	Spectrogram 1	5	1523.370000	1523.410000	4000.000000	18000.000000	8000.000000	Twitter	-0.309359	10.159349	-0.218402	-0.954657	24.956032	0.000000
525	Spectrogram 1	4	1523.660000	1523.710000	4000.000000	18000.000000	8000.000000	Twitter	-0.859913	6.903800	0.333006	-0.523722	26.196348	0.000000
526	Spectrogram 1	4	1523.800000	1523.860000	4000.000000	18000.000000	8000.000000	Twitter	-0.550818	6.559035	0.154980	0.126926	26.146597	0.000000
527	Spectrogram 1	5	1548.060000	1548.140000	4000.000000	18000.000000	8000.000000	Phee	0.488581	6.189571	-0.951173	0.569360	39.076176	0.000000
528	Spectrogram 1	5	1551.800000	1551.860000	4000.000000	18000.000000	8000.000000	Twitter	-0.239570	12.327761	-0.226121	-0.280327	25.982321	0.000000
529	Spectrogram 1	4	1551.980000	1552.040000	4000.000000	18000.000000	8000.000000	Twitter	-1.503064	12.060131	0.764046	0.151995	30.278025	0.000000
530	Spectrogram 1	5	1559.910000	1559.980000	4000.000000	18000.000000	8000.000000	Twitter	2.636778	10.252532	-0.539636	0.101894	27.079983	0.000000
531	Spectrogram 1	4	1560.040000	1560.110000	4000.000000	18000.000000	8000.000000	Twitter	2.513392	9.335700	1.236799	-3.209683	19.112178	0.000000
532	Spectrogram 1	4	1560.170000	1560.220000	4000.000000	18000.000000	8000.000000	Twitter	1.264254	8.722769	0.385809	-2.903135	19.638834	0.000000
533	Spectrogram 1	4	1560.290000	1560.350000	4000.000000	18000.000000	8000.000000	Twitter	0.103754	7.057367	0.316052	-0.610917	20.684053	0.000000
534	Spectrogram 1	4	1676.320000	1677.370000	4000.000000	18000.000000	8000.000000	Phee	2.601154	28.414069	2.444188	16.949371	58.896149	0.000000
535	Spectrogram 1	4	1677.490000	1677.580000	4000.000000	18000.000000	8000.000000	Twitter	-1.324236	18.620601	1.450617	9.623011	47.957486	0.000000
536	Spectrogram 1	4	1677.960000	1679.110000	4000.000000	18000.000000	8000.000000	Phee	0.886040	26.441378	1.231573	14.210557	46.071090	0.000000
537	Spectrogram 1	4	1679.190000	1679.980000	4000.000000	18000.000000	8000.000000	Phee	-0.453164	26.891209	1.358843	14.318585	40.732812	0.000000
538	Spectrogram 1	4	1680.010000	1680.200000	4000.000000	18000.000000	8000.000000	Phee	-0.413529	17.984136	0.077524	4.034197	40.670549	0.000000
539	Spectrogram 1	5	1680.510000	1680.590000	4000.000000	18000.000000	8000.000000	Twitter	-1.698015	15.338959	-0.673281	1.133130	25.136888	0.000000
540	Spectrogram 1	5	1680.640000	1680.740000	4000.000000	18000.000000	8000.000000	Twitter	-3.008257	14.137055	-0.158440	2.332976	20.619514	0.000000
541	Spectrogram 1	5	1680.790000	1680.890000	4000.000000	18000.000000	8000.000000	Twitter	-3.543212	13.791246	-0.416623	2.409091	20.849458	0.000000
542	Spectrogram 1	5	1680.930000	1681.040000	4000.000000	18000.000000	8000.000000	Twitter	-3.556139	13.480665	-0.012424	2.222402	20.549279	0.000000
543	Spectrogram 1	4	1681.070000	1681.170000	4000.000000	18000.000000	8000.000000	Twitter	-4.061060	13.112396	0.078443	2.634953	19.809274	0.000000
544	Spectrogram 1	5	1681.200000	1681.410000	4000.000000	18000.000000	8000.000000	Twitter	-4.722725	10.071066	-0.054112	2.710444	22.336686	0.000000
