Selection	View	Channel	Begin Time (s)	End Time (s)	Low Freq (Hz)	High Freq (Hz)	Max Freq (Hz)	Call Type	Energy Diff	Energy Par	Energy Diff (wl)	Energy Par (wl)	AHR	Exception
1	Spectrogram 1	1	32.530000	32.990000	4000.000000	18000.000000	8000.000000	Trill	7.019415	20.069495	NaN	NaN	92.351462	0.000000
2	Spectrogram 1	1	33.130000	33.490000	4000.000000	18000.000000	8000.000000	Trill	5.988563	18.751028	NaN	NaN	81.462940	0.000000
3	Spectrogram 1	1	34.090000	34.180000	4000.000000	18000.000000	8000.000000	Trill	4.458325	14.639098	NaN	NaN	66.744511	0.000000
4	Spectrogram 1	1	42.470000	43.160000	4000.000000	18000.000000	8000.000000	Trill	7.765811	24.846011	NaN	NaN	99.571727	0.000000
5	Spectrogram 1	1	43.310000	43.770000	4000.000000	18000.000000	8000.000000	Trill	9.776627	30.000000	NaN	NaN	142.451981	0.000000
6	Spectrogram 1	1	43.920000	44.470000	4000.000000	18000.000000	8000.000000	Trill	9.715446	29.475488	NaN	NaN	125.151762	0.000000
7	Spectrogram 1	1	44.520000	44.850000	4000.000000	18000.000000	8000.000000	Trill	9.514365	26.953744	NaN	NaN	127.375019	0.000000
8	Spectrogram 1	1	45.000000	45.060000	4000.000000	18000.000000	8000.000000	Trill	8.531655	18.687118	NaN	NaN	96.580501	0.000000
9	Spectrogram 1	1	46.460000	46.570000	4000.000000	18000.000000	8000.000000	Phee	5.304790	11.495859	NaN	NaN	51.008456	0.000000
10	Spectrogram 1	1	46.650000	46.690000	4000.000000	18000.000000	8000.000000	Trill	9.304524	15.142293	NaN	NaN	59.780726	0.000000
11	Spectrogram 1	1	46.740000	46.770000	4000.000000	18000.000000	8000.000000	Trill	8.081280	11.256710	NaN	NaN	46.928519	0.000000
12	Spectrogram 1	1	48.580000	48.690000	4000.000000	18000.000000	8000.000000	Phee	11.076194	15.424092	NaN	NaN	34.522198	0.000000
13	Spectrogram 1	1	48.760000	48.810000	4000.000000	18000.000000	8000.000000	Trill	6.177604	13.081172	NaN	NaN	35.133276	0.000000
14	Spectrogram 1	1	48.990000	49.040000	4000.000000	18000.000000	8000.000000	Trill	6.849608	15.819776	NaN	NaN	42.643660	0.000000
15	Spectrogram 1	1	49.190000	49.620000	4000.000000	18000.000000	8000.000000	Trill	6.758584	24.325640	NaN	NaN	71.198352	0.000000
16	Spectrogram 1	1	49.720000	50.100000	4000.000000	18000.000000	8000.000000	Trill	4.493786	22.000272	NaN	NaN	61.455217	0.000000
17	Spectrogram 1	1	50.230000	50.630000	4000.000000	18000.000000	8000.000000	Trill	4.165234	21.258600	NaN	NaN	65.758722	0.000000
18	Spectrogram 1	1	58.620000	58.720000	4000.000000	18000.000000	8000.000000	Phee	8.579336	11.940775	NaN	NaN	62.805235	0.000000
19	Spectrogram 1	1	58.780000	58.820000	4000.000000	18000.000000	8000.000000	Trill	8.411227	14.874348	NaN	NaN	35.872666	0.000000
20	Spectrogram 1	1	59.020000	59.460000	4000.000000	18000.000000	8000.000000	Trill	8.291282	24.704558	NaN	NaN	107.874621	0.000000
21	Spectrogram 1	1	59.640000	59.980000	4000.000000	18000.000000	8000.000000	Trill	8.231283	30.000000	NaN	NaN	118.041720	0.000000
22	Spectrogram 1	1	60.010000	60.110000	4000.000000	18000.000000	8000.000000	Sd-peep	9.420399	31.772884	NaN	NaN	113.513174	0.000000
23	Spectrogram 1	1	60.260000	60.780000	4000.000000	18000.000000	8000.000000	Trill	8.485509	29.306248	NaN	NaN	106.159420	0.000000
24	Spectrogram 1	1	60.920000	61.280000	4000.000000	18000.000000	8000.000000	Trill	9.734327	27.796916	NaN	NaN	132.372454	0.000000
25	Spectrogram 1	1	68.830000	68.930000	4000.000000	18000.000000	8000.000000	Trill	11.306955	13.599150	NaN	NaN	44.445529	0.000000
26	Spectrogram 1	1	69.000000	69.040000	4000.000000	18000.000000	8000.000000	Trill	9.211856	14.362111	NaN	NaN	34.670136	0.000000
27	Spectrogram 1	1	69.090000	69.120000	4000.000000	18000.000000	8000.000000	Trill	9.910264	15.042987	NaN	NaN	55.723338	0.000000
28	Spectrogram 1	1	69.330000	69.370000	4000.000000	18000.000000	8000.000000	Trill	5.039818	6.694766	NaN	NaN	32.497468	0.000000
29	Spectrogram 1	1	71.220000	71.360000	4000.000000	18000.000000	8000.000000	Trill	10.525017	13.449850	NaN	NaN	31.485164	0.000000
30	Spectrogram 1	1	71.420000	71.470000	4000.000000	18000.000000	8000.000000	Trill	9.367532	14.301409	NaN	NaN	43.743282	0.000000
31	Spectrogram 1	1	71.510000	71.550000	4000.000000	18000.000000	8000.000000	Trillphee	9.304731	14.570874	NaN	NaN	46.256772	0.000000
32	Spectrogram 1	1	78.490000	78.560000	4000.000000	18000.000000	8000.000000	Trill	4.459639	10.318941	NaN	NaN	38.768787	0.000000
33	Spectrogram 1	1	84.150000	84.240000	4000.000000	18000.000000	8000.000000	Twitter	6.388224	12.595554	NaN	NaN	51.163073	0.000000
34	Spectrogram 1	1	84.290000	84.330000	4000.000000	18000.000000	8000.000000	Trillphee	8.413596	10.856061	NaN	NaN	31.516996	0.000000
35	Spectrogram 1	1	84.380000	84.420000	4000.000000	18000.000000	8000.000000	Trillphee	6.889352	9.602790	NaN	NaN	37.024905	0.000000
36	Spectrogram 1	1	89.900000	90.010000	4000.000000	18000.000000	8000.000000	Sd-peep	5.339550	11.787732	NaN	NaN	63.884342	0.000000
37	Spectrogram 1	1	90.060000	90.110000	4000.000000	18000.000000	8000.000000	Trill	8.094009	15.373404	NaN	NaN	37.475270	0.000000
38	Spectrogram 1	1	90.150000	90.200000	4000.000000	18000.000000	8000.000000	Trill	7.662938	17.778959	NaN	NaN	29.245414	0.000000
39	Spectrogram 1	1	90.270000	90.720000	4000.000000	18000.000000	8000.000000	Trill	7.404707	27.256344	NaN	NaN	118.440090	0.000000
40	Spectrogram 1	1	90.920000	91.330000	4000.000000	18000.000000	8000.000000	Trill	8.662201	30.000000	NaN	NaN	105.505045	0.000000
41	Spectrogram 1	1	91.490000	91.850000	4000.000000	18000.000000	8000.000000	Trill	6.677771	25.453083	NaN	NaN	88.687992	0.000000
42	Spectrogram 1	1	91.990000	92.350000	4000.000000	18000.000000	8000.000000	Trill	6.962371	24.450055	NaN	NaN	93.916799	0.000000
43	Spectrogram 1	1	98.310000	98.350000	4000.000000	18000.000000	8000.000000	Trill	6.269059	9.205674	NaN	NaN	39.011129	0.000000
44	Spectrogram 1	1	103.650000	103.730000	4000.000000	18000.000000	8000.000000	Sd-peep	5.903565	26.922571	NaN	NaN	50.670388	0.000000
45	Spectrogram 1	1	115.770000	115.890000	4000.000000	18000.000000	8000.000000	Sd-peep	9.716580	28.494603	NaN	NaN	55.639708	0.000000
46	Spectrogram 1	1	116.060000	116.170000	4000.000000	18000.000000	8000.000000	Trill	11.256245	23.365139	NaN	NaN	88.946415	0.000000
47	Spectrogram 1	1	118.140000	118.230000	4000.000000	18000.000000	8000.000000	Sd-peep	13.671372	33.329725	NaN	NaN	71.472449	0.000000
48	Spectrogram 1	1	118.410000	118.550000	4000.000000	18000.000000	8000.000000	Sd-peep	11.218951	24.814983	NaN	NaN	79.182283	0.000000
49	Spectrogram 1	1	118.630000	118.810000	4000.000000	18000.000000	8000.000000	Trill	8.204438	19.529586	NaN	NaN	53.860931	0.000000
50	Spectrogram 1	1	118.970000	119.070000	4000.000000	18000.000000	8000.000000	Sd-peep	11.878046	27.008183	NaN	NaN	84.199844	0.000000
51	Spectrogram 1	1	121.010000	121.110000	4000.000000	18000.000000	8000.000000	Sd-peep	12.615457	31.555511	NaN	NaN	72.777733	0.000000
52	Spectrogram 1	1	122.030000	122.120000	4000.000000	18000.000000	8000.000000	Sd-peep	10.281209	25.525876	NaN	NaN	64.013877	0.000000
53	Spectrogram 1	1	123.520000	123.620000	4000.000000	18000.000000	8000.000000	Sd-peep	13.299072	29.945365	NaN	NaN	84.948615	0.000000
54	Spectrogram 1	1	125.160000	125.320000	4000.000000	18000.000000	8000.000000	Sd-peep	9.106038	25.686248	NaN	NaN	56.297466	0.000000
55	Spectrogram 1	1	125.470000	125.850000	4000.000000	18000.000000	8000.000000	Sd-peep	12.062099	25.517780	NaN	NaN	81.422082	0.000000
56	Spectrogram 1	1	125.950000	126.080000	4000.000000	18000.000000	8000.000000	Sd-peep	11.550302	25.322313	NaN	NaN	78.846562	0.000000
57	Spectrogram 1	1	126.290000	126.430000	4000.000000	18000.000000	8000.000000	Sd-peep	11.426171	23.119641	NaN	NaN	82.764740	0.000000
58	Spectrogram 1	1	126.670000	126.880000	4000.000000	18000.000000	8000.000000	Trill	5.222601	16.933850	NaN	NaN	55.656823	0.000000
59	Spectrogram 1	1	134.170000	134.250000	4000.000000	18000.000000	8000.000000	Sd-peep	16.061606	33.455392	NaN	NaN	79.829454	0.000000
60	Spectrogram 1	1	134.530000	134.610000	4000.000000	18000.000000	8000.000000	Sd-peep	12.111504	26.061536	NaN	NaN	87.961979	0.000000
61	Spectrogram 1	1	139.860000	139.950000	4000.000000	18000.000000	8000.000000	Sd-peep	12.759861	28.755720	NaN	NaN	93.960982	0.000000
62	Spectrogram 1	1	142.730000	142.790000	4000.000000	18000.000000	8000.000000	Sd-peep	8.404373	27.533376	NaN	NaN	49.619217	0.000000
63	Spectrogram 1	1	142.850000	142.890000	4000.000000	18000.000000	8000.000000	Trill	10.436105	13.577315	NaN	NaN	65.590431	0.000000
64	Spectrogram 1	1	142.950000	143.340000	4000.000000	18000.000000	8000.000000	Trill	8.202168	24.320338	NaN	NaN	99.141472	0.000000
65	Spectrogram 1	1	143.480000	143.910000	4000.000000	18000.000000	8000.000000	Trill	12.088912	29.639927	NaN	NaN	127.294674	0.000000
66	Spectrogram 1	1	144.050000	144.450000	4000.000000	18000.000000	8000.000000	Trill	13.075632	30.000000	NaN	NaN	119.873603	0.000000
67	Spectrogram 1	1	144.580000	144.880000	4000.000000	18000.000000	8000.000000	Trill	13.187391	30.000000	NaN	NaN	164.705638	0.000000
68	Spectrogram 1	1	148.600000	148.840000	4000.000000	18000.000000	8000.000000	Sd-peep	4.936130	18.103910	NaN	NaN	35.855467	0.000000
69	Spectrogram 1	1	153.030000	153.100000	4000.000000	18000.000000	8000.000000	Sd-peep	15.414989	34.070415	NaN	NaN	98.941982	0.000000
70	Spectrogram 1	1	159.970000	160.050000	4000.000000	18000.000000	8000.000000	Trill	4.036412	8.943935	NaN	NaN	62.474558	0.000000
71	Spectrogram 1	1	163.120000	163.140000	4000.000000	18000.000000	8000.000000	Trill	13.910889	13.659917	NaN	NaN	36.184193	0.000000
72	Spectrogram 1	1	198.100000	198.190000	4000.000000	18000.000000	8000.000000	Sd-peep	8.660923	27.274352	NaN	NaN	45.462085	0.000000
73	Spectrogram 1	1	198.280000	198.320000	4000.000000	18000.000000	8000.000000	Trill	12.048074	15.198913	NaN	NaN	36.967910	0.000000
74	Spectrogram 1	1	198.400000	198.840000	4000.000000	18000.000000	8000.000000	Trill	11.663535	30.000000	NaN	NaN	173.792633	0.000000
75	Spectrogram 1	1	198.960000	199.380000	4000.000000	18000.000000	8000.000000	Trill	10.875267	30.000000	NaN	NaN	142.702733	0.000000
76	Spectrogram 1	1	199.510000	199.950000	4000.000000	18000.000000	8000.000000	Trill	12.049868	30.000000	NaN	NaN	131.219348	0.000000
77	Spectrogram 1	1	200.050000	200.390000	4000.000000	18000.000000	8000.000000	Trill	14.275271	30.000000	NaN	NaN	142.349854	0.000000
78	Spectrogram 1	1	215.270000	215.440000	4000.000000	18000.000000	8000.000000	Phee	4.169665	11.658620	NaN	NaN	47.247508	0.000000
79	Spectrogram 1	1	217.320000	217.350000	4000.000000	18000.000000	8000.000000	Trill	8.657769	9.130271	NaN	NaN	41.142080	0.000000
80	Spectrogram 1	1	224.610000	225.050000	4000.000000	18000.000000	8000.000000	Trill	5.917658	20.845151	NaN	NaN	58.296669	0.000000
81	Spectrogram 1	1	232.720000	232.750000	4000.000000	18000.000000	8000.000000	Trill	10.825267	13.198375	NaN	NaN	34.666831	0.000000
82	Spectrogram 1	1	233.060000	233.160000	4000.000000	18000.000000	8000.000000	Sd-peep	8.950050	30.958658	NaN	NaN	77.212040	0.000000
83	Spectrogram 1	1	233.370000	233.450000	4000.000000	18000.000000	8000.000000	Sd-peep	10.980397	30.703953	NaN	NaN	90.183684	0.000000
84	Spectrogram 1	1	249.480000	249.610000	4000.000000	18000.000000	8000.000000	Sd-peep	6.373173	23.406262	NaN	NaN	54.672643	0.000000
85	Spectrogram 1	1	249.680000	249.710000	4000.000000	18000.000000	8000.000000	Trill	7.002252	11.573058	NaN	NaN	46.672503	0.000000
86	Spectrogram 1	1	249.760000	249.790000	4000.000000	18000.000000	8000.000000	Trillphee	4.110118	8.336746	NaN	NaN	33.086669	0.000000
87	Spectrogram 1	1	250.640000	250.750000	4000.000000	18000.000000	8000.000000	Trill	7.296352	15.206510	NaN	NaN	34.185317	0.000000
88	Spectrogram 1	1	253.110000	253.240000	4000.000000	18000.000000	8000.000000	Sd-peep	5.452393	25.898121	NaN	NaN	55.201375	0.000000
89	Spectrogram 1	1	292.230000	292.270000	4000.000000	18000.000000	8000.000000	Trill	4.490091	6.955780	NaN	NaN	33.669745	0.000000
90	Spectrogram 1	1	310.040000	310.070000	4000.000000	18000.000000	8000.000000	Trill	4.198409	8.797649	NaN	NaN	40.662059	0.000000
91	Spectrogram 1	1	342.280000	342.330000	4000.000000	18000.000000	8000.000000	Trill	7.650800	11.329399	NaN	NaN	30.522529	0.000000
92	Spectrogram 1	1	391.380000	391.400000	4000.000000	18000.000000	8000.000000	Trill	4.287912	12.026518	NaN	NaN	47.034748	0.000000
93	Spectrogram 1	1	394.290000	394.640000	4000.000000	18000.000000	8000.000000	Trill	4.745278	18.575811	NaN	NaN	51.592596	0.000000
94	Spectrogram 1	1	394.730000	395.100000	4000.000000	18000.000000	8000.000000	Trill	9.317478	28.097999	NaN	NaN	111.186085	0.000000
95	Spectrogram 1	1	395.230000	395.580000	4000.000000	18000.000000	8000.000000	Trill	5.972875	24.977106	NaN	NaN	87.101890	0.000000
96	Spectrogram 1	1	419.140000	419.180000	4000.000000	18000.000000	8000.000000	Trill	4.101650	9.324235	NaN	NaN	33.519303	0.000000
97	Spectrogram 1	1	477.100000	477.360000	4000.000000	18000.000000	8000.000000	Phee	4.004072	19.699095	NaN	NaN	91.242506	0.000000
98	Spectrogram 1	1	486.180000	486.310000	4000.000000	18000.000000	8000.000000	Trill	4.028241	14.960523	NaN	NaN	40.654719	0.000000
99	Spectrogram 1	1	511.510000	512.230000	4000.000000	18000.000000	8000.000000	Twitter	5.555989	22.498230	NaN	NaN	40.863914	0.000000
100	Spectrogram 1	1	614.070000	614.550000	4000.000000	18000.000000	8000.000000	Trillphee	4.996996	19.798807	NaN	NaN	41.962448	0.000000
101	Spectrogram 1	1	704.930000	705.240000	4000.000000	18000.000000	8000.000000	Trill	10.400711	21.515111	NaN	NaN	74.912086	0.000000
102	Spectrogram 1	1	773.840000	774.870000	4000.000000	18000.000000	8000.000000	Trill	7.228363	27.953774	NaN	NaN	128.364710	0.000000
103	Spectrogram 1	1	863.640000	864.530000	4000.000000	18000.000000	8000.000000	Trill	6.833369	24.493866	NaN	NaN	36.234176	0.000000
104	Spectrogram 1	1	922.860000	922.880000	4000.000000	18000.000000	8000.000000	Sd-peep	7.341995	11.103348	NaN	NaN	32.546242	0.000000
105	Spectrogram 1	1	930.370000	930.430000	4000.000000	18000.000000	8000.000000	Trill	5.976920	8.326652	NaN	NaN	30.431478	0.000000
106	Spectrogram 1	1	1010.780000	1011.440000	4000.000000	18000.000000	8000.000000	Trill	6.160713	30.000000	NaN	NaN	95.377425	0.000000
107	Spectrogram 1	1	1011.600000	1012.220000	4000.000000	18000.000000	8000.000000	Trill	8.069941	30.000000	NaN	NaN	94.666103	0.000000
108	Spectrogram 1	1	1012.390000	1012.970000	4000.000000	18000.000000	8000.000000	Trill	6.284454	30.000000	NaN	NaN	78.223425	0.000000
109	Spectrogram 1	1	1013.090000	1013.510000	4000.000000	18000.000000	8000.000000	Trill	6.212391	29.310202	NaN	NaN	92.819407	0.000000
110	Spectrogram 1	1	1013.600000	1013.970000	4000.000000	18000.000000	8000.000000	Trill	7.427762	24.000837	NaN	NaN	91.591789	0.000000
111	Spectrogram 1	1	1129.050000	1129.080000	4000.000000	18000.000000	8000.000000	Trill	6.008566	8.961049	NaN	NaN	30.694574	0.000000
112	Spectrogram 1	1	1129.250000	1129.300000	4000.000000	18000.000000	8000.000000	Trill	6.528879	11.444439	NaN	NaN	43.138980	0.000000
113	Spectrogram 1	1	1130.260000	1130.330000	4000.000000	18000.000000	8000.000000	Trill	7.740912	10.573813	NaN	NaN	30.260560	0.000000
114	Spectrogram 1	1	1130.440000	1130.500000	4000.000000	18000.000000	8000.000000	Twitter	10.408286	12.214343	NaN	NaN	33.182640	0.000000
115	Spectrogram 1	1	1133.570000	1133.610000	4000.000000	18000.000000	8000.000000	Twitter	4.837408	8.631343	NaN	NaN	38.194586	0.000000
116	Spectrogram 1	1	1134.510000	1134.570000	4000.000000	18000.000000	8000.000000	Twitter	5.428258	13.720426	NaN	NaN	46.373786	0.000000
117	Spectrogram 1	1	1263.010000	1263.060000	4000.000000	18000.000000	8000.000000	Trill	5.996337	20.424260	NaN	NaN	109.672335	0.000000
118	Spectrogram 1	1	1305.480000	1305.630000	4000.000000	18000.000000	8000.000000	Trill	7.164911	17.823336	NaN	NaN	68.231152	0.000000
119	Spectrogram 1	1	1449.500000	1449.840000	4000.000000	18000.000000	8000.000000	Trill	4.815805	14.924863	NaN	NaN	30.854537	0.000000
120	Spectrogram 1	1	1457.590000	1458.680000	4000.000000	18000.000000	8000.000000	Trill	12.586860	30.000000	NaN	NaN	120.139459	0.000000
121	Spectrogram 1	1	1478.700000	1478.740000	4000.000000	18000.000000	8000.000000	Trill	8.429484	11.908915	NaN	NaN	36.741111	0.000000
122	Spectrogram 1	1	1496.950000	1497.040000	4000.000000	18000.000000	8000.000000	Trill	4.257279	12.322306	NaN	NaN	46.053026	0.000000
123	Spectrogram 1	1	1616.530000	1616.560000	4000.000000	18000.000000	8000.000000	Trill	4.911887	8.923133	NaN	NaN	51.513991	0.000000
124	Spectrogram 1	1	1677.720000	1678.160000	4000.000000	18000.000000	8000.000000	Trill	7.430400	18.250524	NaN	NaN	74.165524	0.000000
125	Spectrogram 1	1	1688.280000	1688.620000	4000.000000	18000.000000	8000.000000	Trill	10.063634	21.332891	NaN	NaN	68.095873	0.000000
126	Spectrogram 1	1	1743.590000	1744.700000	4000.000000	18000.000000	8000.000000	Phee	7.162043	28.011140	NaN	NaN	43.644855	0.000000
127	Spectrogram 1	1	1744.920000	1745.950000	4000.000000	18000.000000	8000.000000	Phee	8.088307	28.493344	NaN	NaN	35.036916	0.000000
128	Spectrogram 1	1	1746.160000	1747.020000	4000.000000	18000.000000	8000.000000	Phee	6.561824	26.622866	NaN	NaN	34.251044	0.000000
129	Spectrogram 1	1	1747.210000	1747.990000	4000.000000	18000.000000	8000.000000	Phee	6.346618	27.849707	NaN	NaN	39.413838	0.000000
130	Spectrogram 1	1	1765.840000	1765.960000	4000.000000	18000.000000	8000.000000	Phee	7.547328	14.797292	NaN	NaN	92.308694	0.000000
131	Spectrogram 1	1	1851.570000	1851.650000	4000.000000	18000.000000	8000.000000	Trill	6.592456	10.204934	NaN	NaN	31.590011	0.000000
132	Spectrogram 1	1	1856.710000	1857.190000	4000.000000	18000.000000	8000.000000	Trill	16.042254	29.490527	NaN	NaN	169.401146	0.000000
133	Spectrogram 1	1	1860.130000	1860.370000	4000.000000	18000.000000	8000.000000	Trill	13.290742	24.184910	NaN	NaN	86.804188	0.000000
134	Spectrogram 1	1	1871.230000	1871.500000	4000.000000	18000.000000	8000.000000	Trill	4.427062	14.771920	NaN	NaN	56.804774	0.000000
135	Spectrogram 1	1	1901.580000	1901.620000	4000.000000	18000.000000	8000.000000	Trill	7.804084	13.076351	NaN	NaN	30.543325	0.000000
136	Spectrogram 1	1	1926.510000	1927.010000	4000.000000	18000.000000	8000.000000	Trill	7.249009	20.513670	NaN	NaN	85.576001	0.000000
137	Spectrogram 1	1	1937.350000	1937.400000	4000.000000	18000.000000	8000.000000	Trill	8.094117	12.420593	NaN	NaN	70.146994	0.000000
138	Spectrogram 1	1	1954.640000	1955.270000	4000.000000	18000.000000	8000.000000	Trill	6.233793	29.335586	NaN	NaN	101.046820	0.000000
139	Spectrogram 1	1	1955.390000	1955.940000	4000.000000	18000.000000	8000.000000	Trill	6.730144	30.000000	NaN	NaN	107.690482	0.000000
140	Spectrogram 1	1	1956.120000	1956.190000	4000.000000	18000.000000	8000.000000	Trillphee	7.747010	17.728271	NaN	NaN	116.690615	0.000000
141	Spectrogram 1	1	1968.180000	1968.240000	4000.000000	18000.000000	8000.000000	Trill	5.681520	7.923303	NaN	NaN	31.839230	0.000000
142	Spectrogram 1	1	1970.810000	1970.920000	4000.000000	18000.000000	8000.000000	Sd-peep	7.287375	27.684690	NaN	NaN	70.913538	0.000000
143	Spectrogram 1	1	1971.090000	1971.170000	4000.000000	18000.000000	8000.000000	Sd-peep	10.638835	24.248069	NaN	NaN	137.482175	0.000000
144	Spectrogram 1	1	2070.000000	2070.060000	4000.000000	18000.000000	8000.000000	Trill	7.069335	11.310368	NaN	NaN	30.800920	0.000000
145	Spectrogram 1	1	2179.690000	2180.090000	4000.000000	18000.000000	8000.000000	Trill	14.884360	29.169198	NaN	NaN	59.230607	0.000000
146	Spectrogram 1	1	2187.220000	2187.320000	4000.000000	18000.000000	8000.000000	Twitter	6.591246	9.689470	NaN	NaN	37.824236	0.000000
147	Spectrogram 1	1	2201.430000	2201.920000	4000.000000	18000.000000	8000.000000	Trill	12.585760	26.444902	NaN	NaN	104.512897	0.000000
148	Spectrogram 1	1	2264.810000	2265.120000	4000.000000	18000.000000	8000.000000	Trill	5.702381	24.254038	NaN	NaN	80.958430	0.000000
149	Spectrogram 1	1	2450.400000	2450.780000	4000.000000	18000.000000	8000.000000	Trill	5.526559	14.660658	NaN	NaN	36.172920	0.000000
150	Spectrogram 1	1	2450.820000	2451.000000	4000.000000	18000.000000	8000.000000	Trill	4.094298	14.350894	NaN	NaN	36.356496	0.000000
