Selection	View	Channel	Begin Time (s)	End Time (s)	Low Freq (Hz)	High Freq (Hz)	Max Freq (Hz)	Call Type	Energy Diff	Energy Par	Exception
1	Spectrogram 1	3	2.610000	2.792000	4000.000000	18000.000000	8000.000000	Trill	14.763726	-37.371788	0
2	Spectrogram 1	3	9.246000	9.296000	4000.000000	18000.000000	8000.000000	Trill	14.557767	-38.064589	0
3	Spectrogram 1	3	9.660000	9.740000	4000.000000	18000.000000	8000.000000	Phee	15.142352	-37.678464	0
4	Spectrogram 1	3	13.038000	13.094000	4000.000000	18000.000000	8000.000000	Trill	11.613811	-35.617627	1
5	Spectrogram 1	3	30.774000	30.842000	4000.000000	18000.000000	8000.000000	Trill	9.821346	-37.123177	1
6	Spectrogram 1	3	37.632000	37.670000	4000.000000	18000.000000	8000.000000	Phee	16.126072	-38.364782	0
7	Spectrogram 1	3	53.208000	53.282000	4000.000000	18000.000000	8000.000000	Trill	9.013321	-34.637471	1
8	Spectrogram 1	3	53.472000	53.540000	4000.000000	18000.000000	8000.000000	Trill	9.527911	-34.885814	1
9	Spectrogram 1	3	54.012000	54.194000	4000.000000	18000.000000	8000.000000	Trillphee	11.980962	-32.096442	1
10	Spectrogram 1	3	58.152000	58.286000	4000.000000	18000.000000	8000.000000	Trill	12.453714	-30.456041	0
11	Spectrogram 1	3	60.612000	60.650000	4000.000000	18000.000000	8000.000000	Phee	15.590540	-38.723824	0
12	Spectrogram 1	3	75.390000	75.476000	4000.000000	18000.000000	8000.000000	Trill	12.224286	-38.405600	0
13	Spectrogram 1	3	76.422000	76.502000	4000.000000	18000.000000	8000.000000	Trill	10.714590	-37.865593	1
14	Spectrogram 1	3	103.612000	103.650000	4000.000000	18000.000000	8000.000000	Trill	23.574597	-38.905763	0
15	Spectrogram 1	3	104.980000	105.048000	4000.000000	18000.000000	8000.000000	Trill	16.891870	-33.226869	0
16	Spectrogram 1	3	105.088000	105.336000	4000.000000	18000.000000	8000.000000	Trill	16.174759	-34.939335	0
17	Spectrogram 1	3	108.136000	108.216000	4000.000000	18000.000000	8000.000000	Trill	9.909255	-29.966255	1
18	Spectrogram 1	3	108.310000	108.402000	4000.000000	18000.000000	8000.000000	Trill	10.827316	-29.378072	1
19	Spectrogram 1	3	108.466000	108.570000	4000.000000	18000.000000	8000.000000	Trill	11.248672	-29.633726	1
20	Spectrogram 1	3	108.622000	108.732000	4000.000000	18000.000000	8000.000000	Trill	12.231066	-29.045720	0
21	Spectrogram 1	3	108.766000	108.882000	4000.000000	18000.000000	8000.000000	Trill	12.564462	-28.931951	0
22	Spectrogram 1	3	108.916000	109.038000	4000.000000	18000.000000	8000.000000	Trill	12.314218	-29.575247	0
23	Spectrogram 1	3	109.060000	109.446000	4000.000000	18000.000000	8000.000000	Trill	12.439076	-29.906131	0
24	Spectrogram 1	3	109.468000	109.578000	4000.000000	18000.000000	8000.000000	Trill	11.694647	-30.858791	1
25	Spectrogram 1	3	109.786000	109.836000	4000.000000	18000.000000	8000.000000	Trill	9.081119	-36.190533	1
26	Spectrogram 1	3	109.918000	109.962000	4000.000000	18000.000000	8000.000000	Trill	9.226533	-36.045582	1
27	Spectrogram 1	3	115.840000	115.896000	4000.000000	18000.000000	8000.000000	Trill	10.296034	-37.937500	1
28	Spectrogram 1	3	119.224000	119.274000	4000.000000	18000.000000	8000.000000	Trill	16.880577	-37.770324	0
29	Spectrogram 1	3	120.412000	120.462000	4000.000000	18000.000000	8000.000000	Phee	15.917703	-38.285515	0
30	Spectrogram 1	3	124.726000	124.770000	4000.000000	18000.000000	8000.000000	Phee	14.724102	-37.245824	0
31	Spectrogram 1	3	137.098000	137.142000	4000.000000	18000.000000	8000.000000	Trill	17.603692	-38.338088	0
32	Spectrogram 1	3	142.090000	142.122000	4000.000000	18000.000000	8000.000000	Trill	14.558330	-38.535939	0
33	Spectrogram 1	3	142.270000	142.308000	4000.000000	18000.000000	8000.000000	Phee	13.946219	-38.243670	0
34	Spectrogram 1	3	145.108000	145.146000	4000.000000	18000.000000	8000.000000	Trill	10.096499	-36.513796	1
35	Spectrogram 1	3	154.066000	154.290000	4000.000000	18000.000000	8000.000000	Trill	20.087619	-31.747318	0
36	Spectrogram 1	3	167.656000	167.724000	4000.000000	18000.000000	8000.000000	Trill	12.532648	-38.910125	0
37	Spectrogram 1	3	168.766000	168.900000	4000.000000	18000.000000	8000.000000	Trill	12.550577	-38.628139	0
38	Spectrogram 1	3	170.128000	170.214000	4000.000000	18000.000000	8000.000000	Trill	12.745225	-34.266951	0
39	Spectrogram 1	3	170.584000	170.646000	4000.000000	18000.000000	8000.000000	Trill	9.574220	-34.279264	1
40	Spectrogram 1	3	170.716000	170.772000	4000.000000	18000.000000	8000.000000	Trill	10.235741	-33.598550	1
41	Spectrogram 1	3	170.842000	170.904000	4000.000000	18000.000000	8000.000000	Trill	11.597382	-34.550896	1
42	Spectrogram 1	3	171.076000	171.180000	4000.000000	18000.000000	8000.000000	Trill	10.833786	-38.696979	1
43	Spectrogram 1	3	172.204000	172.338000	4000.000000	18000.000000	8000.000000	Trill	10.419554	-38.068576	1
44	Spectrogram 1	3	172.612000	172.680000	4000.000000	18000.000000	8000.000000	Trill	9.705213	-36.736060	1
45	Spectrogram 1	3	175.216000	175.260000	4000.000000	18000.000000	8000.000000	Trill	20.418919	-38.947052	0
46	Spectrogram 1	3	175.576000	175.692000	4000.000000	18000.000000	8000.000000	Trill	10.804895	-34.137270	1
47	Spectrogram 1	3	175.786000	175.854000	4000.000000	18000.000000	8000.000000	Phee	18.883016	-37.498929	0
48	Spectrogram 1	3	176.338000	176.448000	4000.000000	18000.000000	8000.000000	Trill	14.472260	-36.529498	0
49	Spectrogram 1	3	185.266000	185.424000	4000.000000	18000.000000	8000.000000	Trill	10.346098	-36.413408	1
50	Spectrogram 1	3	186.946000	186.984000	4000.000000	18000.000000	8000.000000	Trill	15.084441	-38.681412	0
51	Spectrogram 1	3	188.002000	188.148000	4000.000000	18000.000000	8000.000000	Trill	12.532023	-29.974743	0
52	Spectrogram 1	3	188.206000	188.280000	4000.000000	18000.000000	8000.000000	Trill	12.173246	-28.943456	0
53	Spectrogram 1	3	188.350000	188.424000	4000.000000	18000.000000	8000.000000	Trill	12.413207	-28.861012	0
54	Spectrogram 1	3	188.482000	188.562000	4000.000000	18000.000000	8000.000000	Trill	12.209194	-30.023847	0
55	Spectrogram 1	3	188.602000	188.670000	4000.000000	18000.000000	8000.000000	Trill	11.254237	-32.773357	1
56	Spectrogram 1	3	191.278000	191.310000	4000.000000	18000.000000	8000.000000	Trill	9.740695	-36.781328	1
57	Spectrogram 1	3	197.362000	197.400000	4000.000000	18000.000000	8000.000000	Phee	13.235751	-36.741701	0
58	Spectrogram 1	3	197.518000	197.556000	4000.000000	18000.000000	8000.000000	Phee	13.510971	-38.973235	0
59	Spectrogram 1	3	198.142000	198.174000	4000.000000	18000.000000	8000.000000	Trill	15.682966	-38.936352	0
60	Spectrogram 1	3	198.532000	198.696000	4000.000000	18000.000000	8000.000000	Trill	9.805613	-38.224275	1
61	Spectrogram 1	3	198.988000	199.050000	4000.000000	18000.000000	8000.000000	Trill	9.136535	-33.933333	1
62	Spectrogram 1	3	199.114000	199.182000	4000.000000	18000.000000	8000.000000	Trill	9.191277	-33.724800	1
63	Spectrogram 1	3	199.246000	199.314000	4000.000000	18000.000000	8000.000000	Trill	9.889427	-34.488044	1
64	Spectrogram 1	3	199.384000	199.440000	4000.000000	18000.000000	8000.000000	Trill	10.078238	-34.826277	1
65	Spectrogram 1	3	202.658000	202.708000	4000.000000	18000.000000	8000.000000	Trill	16.318200	-38.735949	0
66	Spectrogram 1	3	215.564000	215.596000	4000.000000	18000.000000	8000.000000	Trill	16.208249	-38.498260	0
67	Spectrogram 1	3	219.536000	219.580000	4000.000000	18000.000000	8000.000000	Trill	15.341761	-38.351667	0
68	Spectrogram 1	3	244.784000	244.846000	4000.000000	18000.000000	8000.000000	Trill	17.432093	-38.447248	0
69	Spectrogram 1	3	245.480000	245.554000	4000.000000	18000.000000	8000.000000	Trill	16.219525	-38.852315	0
70	Spectrogram 1	3	245.840000	245.956000	4000.000000	18000.000000	8000.000000	Trill	13.498432	-36.654299	0
71	Spectrogram 1	3	246.044000	246.088000	4000.000000	18000.000000	8000.000000	Trill	15.115923	-38.406102	0
72	Spectrogram 1	3	248.648000	248.710000	4000.000000	18000.000000	8000.000000	Trill	16.927743	-38.622170	0
73	Spectrogram 1	3	257.246000	257.308000	4000.000000	18000.000000	8000.000000	Phee	12.694399	-35.510529	0
74	Spectrogram 1	3	271.418000	271.480000	4000.000000	18000.000000	8000.000000	Trill	11.622279	-37.988744	1
75	Spectrogram 1	3	285.476000	285.532000	4000.000000	18000.000000	8000.000000	Phee	21.214560	-37.879269	0
76	Spectrogram 1	3	296.198000	296.230000	4000.000000	18000.000000	8000.000000	Trill	11.512719	-37.543562	1
77	Spectrogram 1	3	296.324000	296.356000	4000.000000	18000.000000	8000.000000	Trill	13.632512	-38.887987	0
78	Spectrogram 1	3	296.972000	297.004000	4000.000000	18000.000000	8000.000000	Trill	22.690502	-38.959830	0
79	Spectrogram 1	3	300.780000	300.812000	4000.000000	18000.000000	8000.000000	Trill	13.279899	-38.922217	0
80	Spectrogram 1	3	307.878000	307.922000	4000.000000	18000.000000	8000.000000	Phee	13.734840	-37.036420	0
81	Spectrogram 1	3	317.094000	317.204000	4000.000000	18000.000000	8000.000000	Trill	14.350442	-38.266396	0
82	Spectrogram 1	3	318.252000	318.362000	4000.000000	18000.000000	8000.000000	Trill	15.393183	-38.951274	0
83	Spectrogram 1	3	328.128000	328.178000	4000.000000	18000.000000	8000.000000	Trill	16.285939	-38.809023	0
84	Spectrogram 1	3	328.662000	328.760000	4000.000000	18000.000000	8000.000000	Trill	15.189258	-38.085563	0
85	Spectrogram 1	3	335.622000	335.666000	4000.000000	18000.000000	8000.000000	Phee	12.990805	-35.842170	0
86	Spectrogram 1	3	338.940000	338.972000	4000.000000	18000.000000	8000.000000	Trill	12.417646	-37.935839	0
87	Spectrogram 1	3	343.038000	343.310000	4000.000000	18000.000000	8000.000000	Trill	10.572928	-36.243105	1
88	Spectrogram 1	3	390.660000	391.142000	4000.000000	18000.000000	8000.000000	Trill	10.493518	-35.018050	1
89	Spectrogram 1	3	399.060000	399.158000	4000.000000	18000.000000	8000.000000	Trill	9.094308	-38.525090	1
90	Spectrogram 1	3	399.624000	399.974000	4000.000000	18000.000000	8000.000000	Phee	12.167792	-24.364375	0
91	Spectrogram 1	3	402.094000	402.168000	4000.000000	18000.000000	8000.000000	Trill	10.428638	-33.267984	1
92	Spectrogram 1	3	402.244000	402.324000	4000.000000	18000.000000	8000.000000	Trill	10.348817	-33.849452	1
93	Spectrogram 1	3	402.538000	402.618000	4000.000000	18000.000000	8000.000000	Trill	10.343304	-33.356842	1
94	Spectrogram 1	3	402.676000	402.750000	4000.000000	18000.000000	8000.000000	Trill	10.659147	-33.710710	1
95	Spectrogram 1	3	402.814000	402.894000	4000.000000	18000.000000	8000.000000	Trill	10.887431	-34.342838	1
96	Spectrogram 1	3	412.948000	412.986000	4000.000000	18000.000000	8000.000000	Trill	13.265904	-38.996845	0
97	Spectrogram 1	3	426.448000	426.552000	4000.000000	18000.000000	8000.000000	Trill	14.159003	-38.478023	0
98	Spectrogram 1	3	427.186000	427.428000	4000.000000	18000.000000	8000.000000	Trillphee	11.477804	-31.861323	1
99	Spectrogram 1	3	428.320000	428.376000	4000.000000	18000.000000	8000.000000	Trill	15.001871	-38.279165	0
100	Spectrogram 1	3	440.812000	440.844000	4000.000000	18000.000000	8000.000000	Trill	15.027246	-38.842203	0
101	Spectrogram 1	3	442.012000	442.062000	4000.000000	18000.000000	8000.000000	Phee	12.884819	-38.156867	0
102	Spectrogram 1	3	450.220000	450.276000	4000.000000	18000.000000	8000.000000	Phee	14.971008	-38.421165	0
103	Spectrogram 1	3	455.932000	456.030000	4000.000000	18000.000000	8000.000000	Trill	9.091889	-37.990449	1
104	Spectrogram 1	3	468.406000	468.474000	4000.000000	18000.000000	8000.000000	Trill	15.420091	-38.585006	0
105	Spectrogram 1	3	492.652000	492.708000	4000.000000	18000.000000	8000.000000	Trill	10.585750	-35.954590	1
106	Spectrogram 1	3	495.166000	495.438000	4000.000000	18000.000000	8000.000000	Trill	15.624705	-34.663438	0
107	Spectrogram 1	3	505.124000	505.156000	4000.000000	18000.000000	8000.000000	Trill	16.158659	-38.857529	0
108	Spectrogram 1	3	505.244000	505.288000	4000.000000	18000.000000	8000.000000	Phee	14.765360	-37.718314	0
109	Spectrogram 1	3	506.066000	506.152000	4000.000000	18000.000000	8000.000000	Trill	17.955734	-38.647674	0
110	Spectrogram 1	3	518.312000	518.500000	4000.000000	18000.000000	8000.000000	Trillphee	12.035655	-31.972079	0
111	Spectrogram 1	3	525.980000	528.352000	4000.000000	18000.000000	8000.000000	Phee	14.005267	-25.068883	0
112	Spectrogram 1	3	533.870000	533.938000	4000.000000	18000.000000	8000.000000	Trill	10.726002	-37.460247	1
113	Spectrogram 1	3	537.266000	537.310000	4000.000000	18000.000000	8000.000000	Trill	10.040918	-37.797540	1
114	Spectrogram 1	3	539.888000	539.944000	4000.000000	18000.000000	8000.000000	Trill	16.560747	-37.902681	0
115	Spectrogram 1	3	539.996000	540.058000	4000.000000	18000.000000	8000.000000	Trill	17.380746	-38.092844	0
116	Spectrogram 1	3	558.614000	558.646000	4000.000000	18000.000000	8000.000000	Phee	16.947717	-38.320736	0
117	Spectrogram 1	3	559.040000	559.078000	4000.000000	18000.000000	8000.000000	Trill	21.108984	-35.927776	0
118	Spectrogram 1	3	563.570000	563.662000	4000.000000	18000.000000	8000.000000	Trill	9.708382	-35.489041	1
119	Spectrogram 1	3	568.688000	568.756000	4000.000000	18000.000000	8000.000000	Trill	10.192716	-37.901927	1
120	Spectrogram 1	3	568.784000	568.870000	4000.000000	18000.000000	8000.000000	Phee	13.841234	-38.599583	0
121	Spectrogram 1	3	571.016000	571.078000	4000.000000	18000.000000	8000.000000	Trill	15.599632	-37.235420	0
122	Spectrogram 1	3	572.336000	572.386000	4000.000000	18000.000000	8000.000000	Phee	16.317918	-36.116213	0
123	Spectrogram 1	3	572.492000	572.524000	4000.000000	18000.000000	8000.000000	Trill	22.151768	-38.673822	0
124	Spectrogram 1	3	588.806000	588.838000	4000.000000	18000.000000	8000.000000	Trill	12.491991	-34.799166	0
125	Spectrogram 1	3	597.248000	597.292000	4000.000000	18000.000000	8000.000000	Phee	13.039074	-37.189732	0
126	Spectrogram 1	3	597.704000	597.772000	4000.000000	18000.000000	8000.000000	Trill	13.959989	-37.259036	0
127	Spectrogram 1	3	621.714000	621.788000	4000.000000	18000.000000	8000.000000	Trill	11.100166	-33.778149	1
128	Spectrogram 1	3	641.490000	641.552000	4000.000000	18000.000000	8000.000000	Trill	11.921131	-36.699261	1
129	Spectrogram 1	3	659.022000	659.060000	4000.000000	18000.000000	8000.000000	Trill	12.965304	-35.998281	0
130	Spectrogram 1	3	670.164000	670.238000	4000.000000	18000.000000	8000.000000	Trill	11.356398	-36.200104	1
131	Spectrogram 1	3	685.680000	685.730000	4000.000000	18000.000000	8000.000000	Trill	9.974648	-36.923916	1
132	Spectrogram 1	3	685.800000	685.862000	4000.000000	18000.000000	8000.000000	Trill	9.785322	-36.926990	1
133	Spectrogram 1	3	685.926000	685.964000	4000.000000	18000.000000	8000.000000	Trill	9.550239	-37.107892	1
134	Spectrogram 1	3	686.046000	686.102000	4000.000000	18000.000000	8000.000000	Trill	11.103912	-37.730176	1
135	Spectrogram 1	3	686.178000	686.222000	4000.000000	18000.000000	8000.000000	Trill	9.957787	-37.955719	1
136	Spectrogram 1	3	693.996000	694.046000	4000.000000	18000.000000	8000.000000	Trill	10.917479	-36.932893	1
137	Spectrogram 1	3	703.654000	703.734000	4000.000000	18000.000000	8000.000000	Trill	14.396273	-35.976822	0
138	Spectrogram 1	3	725.938000	726.048000	4000.000000	18000.000000	8000.000000	Trillphee	13.155595	-37.926570	0
139	Spectrogram 1	3	733.348000	733.404000	4000.000000	18000.000000	8000.000000	Phee	17.551046	-37.541713	0
140	Spectrogram 1	3	743.728000	743.790000	4000.000000	18000.000000	8000.000000	Trill	9.534327	-37.939713	1
141	Spectrogram 1	3	743.866000	743.922000	4000.000000	18000.000000	8000.000000	Trill	10.230611	-38.230698	1
142	Spectrogram 1	3	754.750000	755.106000	4000.000000	18000.000000	8000.000000	Trill	17.605132	-30.363306	0
143	Spectrogram 1	3	762.286000	762.330000	4000.000000	18000.000000	8000.000000	Trill	15.207446	-36.886120	0
144	Spectrogram 1	3	764.548000	764.964000	4000.000000	18000.000000	8000.000000	Trill	12.940902	-34.689683	0
145	Spectrogram 1	3	790.336000	790.488000	4000.000000	18000.000000	8000.000000	Trill	10.273173	-37.911071	1
146	Spectrogram 1	3	791.500000	791.556000	4000.000000	18000.000000	8000.000000	Trill	9.356102	-35.719769	1
147	Spectrogram 1	3	791.974000	792.120000	4000.000000	18000.000000	8000.000000	Trill	10.041546	-30.129350	1
148	Spectrogram 1	3	799.108000	799.170000	4000.000000	18000.000000	8000.000000	Trill	9.737071	-36.531731	1
149	Spectrogram 1	3	799.234000	799.272000	4000.000000	18000.000000	8000.000000	Trill	11.252678	-37.769229	1
150	Spectrogram 1	3	804.758000	804.820000	4000.000000	18000.000000	8000.000000	Phee	16.090401	-37.734564	0
151	Spectrogram 1	3	810.002000	810.040000	4000.000000	18000.000000	8000.000000	Trill	10.749068	-38.777968	1
152	Spectrogram 1	3	836.426000	836.458000	4000.000000	18000.000000	8000.000000	Trill	12.844037	-38.486371	0
153	Spectrogram 1	3	839.378000	839.440000	4000.000000	18000.000000	8000.000000	Trill	10.257350	-38.285529	1
154	Spectrogram 1	3	847.520000	847.570000	4000.000000	18000.000000	8000.000000	Trill	11.273053	-36.011564	1
155	Spectrogram 1	3	853.082000	853.150000	4000.000000	18000.000000	8000.000000	Trill	11.602553	-37.875634	1
156	Spectrogram 1	3	854.462000	854.500000	4000.000000	18000.000000	8000.000000	Trill	12.624159	-38.854882	0
157	Spectrogram 1	3	855.818000	855.862000	4000.000000	18000.000000	8000.000000	Trill	11.493262	-37.936152	1
158	Spectrogram 1	3	883.148000	883.186000	4000.000000	18000.000000	8000.000000	Trill	13.490430	-38.650188	0
159	Spectrogram 1	3	883.334000	883.504000	4000.000000	18000.000000	8000.000000	Trill	13.958336	-37.539634	0
160	Spectrogram 1	3	887.180000	887.230000	4000.000000	18000.000000	8000.000000	Phee	15.533633	-38.902990	0
161	Spectrogram 1	3	891.056000	891.118000	4000.000000	18000.000000	8000.000000	Trill	10.163399	-36.910319	1
162	Spectrogram 1	3	892.304000	892.342000	4000.000000	18000.000000	8000.000000	Phee	14.864690	-38.076190	0
163	Spectrogram 1	3	893.288000	893.344000	4000.000000	18000.000000	8000.000000	Trill	17.152753	-36.289569	0
164	Spectrogram 1	3	893.762000	893.842000	4000.000000	18000.000000	8000.000000	Trill	14.767991	-37.786198	0
165	Spectrogram 1	3	897.158000	897.244000	4000.000000	18000.000000	8000.000000	Trill	9.182454	-33.483957	1
166	Spectrogram 1	3	898.100000	898.162000	4000.000000	18000.000000	8000.000000	Trill	9.158112	-34.186297	1
167	Spectrogram 1	3	903.396000	903.482000	4000.000000	18000.000000	8000.000000	Trill	11.264222	-37.862957	1
168	Spectrogram 1	3	904.374000	904.442000	4000.000000	18000.000000	8000.000000	Trill	19.483446	-38.069216	0
169	Spectrogram 1	3	906.258000	906.290000	4000.000000	18000.000000	8000.000000	Trill	17.129072	-38.770804	0
170	Spectrogram 1	3	912.786000	912.842000	4000.000000	18000.000000	8000.000000	Trill	14.534660	-38.555500	0
171	Spectrogram 1	3	925.218000	925.328000	4000.000000	18000.000000	8000.000000	Trill	16.118768	-38.421950	0
172	Spectrogram 1	3	934.074000	934.124000	4000.000000	18000.000000	8000.000000	Phee	15.088687	-38.519862	0
173	Spectrogram 1	3	935.106000	935.234000	4000.000000	18000.000000	8000.000000	Trill	10.079405	-36.715884	1
174	Spectrogram 1	3	942.918000	942.986000	4000.000000	18000.000000	8000.000000	Trill	15.737370	-38.938647	0
175	Spectrogram 1	3	943.044000	943.148000	4000.000000	18000.000000	8000.000000	Trill	12.057393	-38.101735	0
176	Spectrogram 1	3	943.320000	943.352000	4000.000000	18000.000000	8000.000000	Trill	12.497883	-38.403195	0
177	Spectrogram 1	3	943.458000	943.490000	4000.000000	18000.000000	8000.000000	Trill	17.979540	-36.123465	0
178	Spectrogram 1	3	952.908000	952.946000	4000.000000	18000.000000	8000.000000	Trill	17.824770	-38.899382	0
179	Spectrogram 1	3	962.190000	962.258000	4000.000000	18000.000000	8000.000000	Trill	10.261597	-37.508939	1
180	Spectrogram 1	3	963.930000	963.992000	4000.000000	18000.000000	8000.000000	Trill	12.372321	-36.859221	0
181	Spectrogram 1	3	965.766000	965.804000	4000.000000	18000.000000	8000.000000	Trill	19.681565	-38.615179	0
182	Spectrogram 1	3	966.156000	966.212000	4000.000000	18000.000000	8000.000000	Trill	14.171908	-37.638178	0
183	Spectrogram 1	3	969.396000	969.464000	4000.000000	18000.000000	8000.000000	Trill	9.658650	-37.392335	1
184	Spectrogram 1	3	974.412000	974.480000	4000.000000	18000.000000	8000.000000	Trill	16.991120	-38.503594	0
185	Spectrogram 1	3	974.556000	974.630000	4000.000000	18000.000000	8000.000000	Trill	22.550171	-38.510594	0
186	Spectrogram 1	3	985.098000	985.148000	4000.000000	18000.000000	8000.000000	Phee	14.978391	-37.697118	0
187	Spectrogram 1	3	986.478000	986.516000	4000.000000	18000.000000	8000.000000	Trill	12.167539	-37.390640	0
188	Spectrogram 1	3	997.530000	997.562000	4000.000000	18000.000000	8000.000000	Trill	12.697042	-38.471176	0
189	Spectrogram 1	3	1001.818000	1001.856000	4000.000000	18000.000000	8000.000000	Trill	13.945847	-35.658008	0
190	Spectrogram 1	3	1006.648000	1006.704000	4000.000000	18000.000000	8000.000000	Phee	14.220923	-36.903475	0
191	Spectrogram 1	3	1007.626000	1008.102000	4000.000000	18000.000000	8000.000000	Trill	9.680813	-33.659343	1
192	Spectrogram 1	3	1018.012000	1018.062000	4000.000000	18000.000000	8000.000000	Trill	10.872858	-32.063860	1
193	Spectrogram 1	3	1018.144000	1018.212000	4000.000000	18000.000000	8000.000000	Trill	9.507043	-31.341989	1
194	Spectrogram 1	3	1018.288000	1018.362000	4000.000000	18000.000000	8000.000000	Trill	9.954843	-31.778126	1
195	Spectrogram 1	3	1018.420000	1018.494000	4000.000000	18000.000000	8000.000000	Trill	9.645596	-32.002768	1
196	Spectrogram 1	3	1018.552000	1018.632000	4000.000000	18000.000000	8000.000000	Trill	9.630247	-32.200801	1
197	Spectrogram 1	3	1018.684000	1018.758000	4000.000000	18000.000000	8000.000000	Trill	9.277282	-32.619402	1
198	Spectrogram 1	3	1059.178000	1059.270000	4000.000000	18000.000000	8000.000000	Trill	13.859662	-34.019962	0
199	Spectrogram 1	3	1062.646000	1062.678000	4000.000000	18000.000000	8000.000000	Trill	11.800314	-34.953838	1
200	Spectrogram 1	3	1064.374000	1064.436000	4000.000000	18000.000000	8000.000000	Trill	10.169439	-36.449810	1
201	Spectrogram 1	3	1066.678000	1066.728000	4000.000000	18000.000000	8000.000000	Trill	9.594018	-34.624309	1
202	Spectrogram 1	3	1076.128000	1076.256000	4000.000000	18000.000000	8000.000000	Trill	11.051420	-32.185416	1
203	Spectrogram 1	3	1081.156000	1081.428000	4000.000000	18000.000000	8000.000000	Trill	9.907466	-27.986622	1
204	Spectrogram 1	3	1083.418000	1083.876000	4000.000000	18000.000000	8000.000000	Trill	9.324333	-34.422283	1
205	Spectrogram 1	3	1084.054000	1084.098000	4000.000000	18000.000000	8000.000000	Trill	9.696175	-26.003553	1
206	Spectrogram 1	3	1084.156000	1084.332000	4000.000000	18000.000000	8000.000000	Trill	12.366882	-24.666386	0
207	Spectrogram 1	3	1088.020000	1088.052000	4000.000000	18000.000000	8000.000000	Trill	9.352427	-27.982478	1
208	Spectrogram 1	3	1088.806000	1088.946000	4000.000000	18000.000000	8000.000000	Trill	9.397985	-33.868717	1
209	Spectrogram 1	3	1091.554000	1091.610000	4000.000000	18000.000000	8000.000000	Trill	9.859894	-36.051913	1
210	Spectrogram 1	3	1092.094000	1092.126000	4000.000000	18000.000000	8000.000000	Trill	12.969359	-34.279696	0
211	Spectrogram 1	3	1092.166000	1092.216000	4000.000000	18000.000000	8000.000000	Trill	19.299907	-38.959028	0
212	Spectrogram 1	3	1093.954000	1093.998000	4000.000000	18000.000000	8000.000000	Trill	10.228115	-31.374469	1
213	Spectrogram 1	3	1096.018000	1096.134000	4000.000000	18000.000000	8000.000000	Trill	9.473558	-35.133939	1
214	Spectrogram 1	3	1096.696000	1096.908000	4000.000000	18000.000000	8000.000000	Trill	9.907812	-29.877119	1
215	Spectrogram 1	3	1097.416000	1097.760000	4000.000000	18000.000000	8000.000000	Trill	9.250345	-35.793048	1
216	Spectrogram 1	3	1098.904000	1098.942000	4000.000000	18000.000000	8000.000000	Trill	10.606557	-37.433825	1
217	Spectrogram 1	3	1103.528000	1103.692000	4000.000000	18000.000000	8000.000000	Trill	15.974371	-29.262838	0
218	Spectrogram 1	3	1103.762000	1103.830000	4000.000000	18000.000000	8000.000000	Trill	13.928338	-27.959274	0
219	Spectrogram 1	3	1103.918000	1103.992000	4000.000000	18000.000000	8000.000000	Trill	13.461129	-28.092607	0
220	Spectrogram 1	3	1104.056000	1104.166000	4000.000000	18000.000000	8000.000000	Trill	13.391978	-28.565885	0
221	Spectrogram 1	3	1104.194000	1104.526000	4000.000000	18000.000000	8000.000000	Trill	14.066582	-28.902129	0
222	Spectrogram 1	3	1106.708000	1106.806000	4000.000000	18000.000000	8000.000000	Trill	9.229540	-38.180901	1
223	Spectrogram 1	3	1110.266000	1110.334000	4000.000000	18000.000000	8000.000000	Trill	18.980350	-31.861897	0
224	Spectrogram 1	3	1110.380000	1110.424000	4000.000000	18000.000000	8000.000000	Trill	18.890987	-31.240613	0
225	Spectrogram 1	3	1117.808000	1117.858000	4000.000000	18000.000000	8000.000000	Trill	9.494263	-35.335635	1
226	Spectrogram 1	3	1117.934000	1117.990000	4000.000000	18000.000000	8000.000000	Trill	9.601097	-35.174317	1
227	Spectrogram 1	3	1120.976000	1121.032000	4000.000000	18000.000000	8000.000000	Phee	11.664297	-38.656297	1
228	Spectrogram 1	3	1121.330000	1121.440000	4000.000000	18000.000000	8000.000000	Trill	18.529125	-37.340618	0
229	Spectrogram 1	3	1122.386000	1122.442000	4000.000000	18000.000000	8000.000000	Trill	18.477705	-37.017720	0
230	Spectrogram 1	3	1123.064000	1123.108000	4000.000000	18000.000000	8000.000000	Trill	11.574439	-37.709569	1
231	Spectrogram 1	3	1127.174000	1127.236000	4000.000000	18000.000000	8000.000000	Trill	16.298082	-36.682994	0
232	Spectrogram 1	3	1132.172000	1132.216000	4000.000000	18000.000000	8000.000000	Trill	15.109065	-38.141449	0
233	Spectrogram 1	3	1155.224000	1155.292000	4000.000000	18000.000000	8000.000000	Trill	18.305731	-38.514840	0
234	Spectrogram 1	3	1161.908000	1161.970000	4000.000000	18000.000000	8000.000000	Phee	14.393424	-38.265400	0
235	Spectrogram 1	3	1165.172000	1165.204000	4000.000000	18000.000000	8000.000000	Trill	14.960066	-38.917462	0
236	Spectrogram 1	3	1166.798000	1166.938000	4000.000000	18000.000000	8000.000000	Trill	15.132536	-37.410288	0
237	Spectrogram 1	3	1179.338000	1179.406000	4000.000000	18000.000000	8000.000000	Phee	12.901874	-35.400465	0
238	Spectrogram 1	3	1182.482000	1182.574000	4000.000000	18000.000000	8000.000000	Trill	15.367615	-38.776670	0
239	Spectrogram 1	3	1182.656000	1182.766000	4000.000000	18000.000000	8000.000000	Phee	13.420989	-37.975608	0
240	Spectrogram 1	3	1182.812000	1182.910000	4000.000000	18000.000000	8000.000000	Trill	12.917124	-38.073932	0
241	Spectrogram 1	3	1183.208000	1183.270000	4000.000000	18000.000000	8000.000000	Phee	17.658319	-38.380810	0
242	Spectrogram 1	3	1183.760000	1183.810000	4000.000000	18000.000000	8000.000000	Phee	15.898449	-38.729182	0
243	Spectrogram 1	3	1199.672000	1199.722000	4000.000000	18000.000000	8000.000000	Phee	15.414837	-37.609058	0
244	Spectrogram 1	3	1206.516000	1206.578000	4000.000000	18000.000000	8000.000000	Trill	13.259716	-36.818244	0
245	Spectrogram 1	3	1213.176000	1213.520000	4000.000000	18000.000000	8000.000000	Trill	14.248615	-36.565603	0
246	Spectrogram 1	3	1214.592000	1214.642000	4000.000000	18000.000000	8000.000000	Trill	17.048296	-37.789625	0
247	Spectrogram 1	3	1218.300000	1218.560000	4000.000000	18000.000000	8000.000000	Trill	9.704802	-37.465529	1
248	Spectrogram 1	3	1232.628000	1232.660000	4000.000000	18000.000000	8000.000000	Trill	15.379406	-36.718844	0
249	Spectrogram 1	3	1236.330000	1236.392000	4000.000000	18000.000000	8000.000000	Trill	17.097453	-38.995425	0
250	Spectrogram 1	3	1243.092000	1243.142000	4000.000000	18000.000000	8000.000000	Trill	13.524939	-36.567617	0
251	Spectrogram 1	3	1243.230000	1243.670000	4000.000000	18000.000000	8000.000000	Trill	15.288627	-31.460876	0
252	Spectrogram 1	3	1254.570000	1254.656000	4000.000000	18000.000000	8000.000000	Trill	13.874083	-34.951882	0
253	Spectrogram 1	3	1254.678000	1254.728000	4000.000000	18000.000000	8000.000000	Trill	13.848936	-36.155119	0
254	Spectrogram 1	3	1276.020000	1276.340000	4000.000000	18000.000000	8000.000000	Trill	22.831431	-28.556010	0
255	Spectrogram 1	3	1279.740000	1279.772000	4000.000000	18000.000000	8000.000000	Trill	15.953977	-38.932096	0
256	Spectrogram 1	3	1285.536000	1285.634000	4000.000000	18000.000000	8000.000000	Phee	17.321872	-33.006575	0
257	Spectrogram 1	3	1291.668000	1291.922000	4000.000000	18000.000000	8000.000000	Trillphee	12.450323	-33.659372	0
258	Spectrogram 1	3	1295.082000	1295.138000	4000.000000	18000.000000	8000.000000	Trill	10.237199	-38.766660	1
259	Spectrogram 1	3	1301.230000	1301.490000	4000.000000	18000.000000	8000.000000	Trill	10.109333	-36.401118	1
260	Spectrogram 1	3	1305.628000	1305.870000	4000.000000	18000.000000	8000.000000	Trill	13.657940	-33.338288	0
261	Spectrogram 1	3	1305.964000	1306.032000	4000.000000	18000.000000	8000.000000	Trill	11.046765	-29.816138	1
262	Spectrogram 1	3	1306.114000	1306.206000	4000.000000	18000.000000	8000.000000	Trill	10.864634	-30.775556	1
263	Spectrogram 1	3	1306.252000	1306.338000	4000.000000	18000.000000	8000.000000	Trill	11.131919	-30.587702	1
264	Spectrogram 1	3	1306.390000	1306.476000	4000.000000	18000.000000	8000.000000	Trill	11.533637	-30.659071	1
265	Spectrogram 1	3	1306.516000	1306.614000	4000.000000	18000.000000	8000.000000	Trill	11.099590	-30.600118	1
266	Spectrogram 1	3	1306.636000	1306.716000	4000.000000	18000.000000	8000.000000	Trill	11.496640	-30.812272	1
267	Spectrogram 1	3	1306.756000	1306.806000	4000.000000	18000.000000	8000.000000	Trill	12.209580	-31.703646	0
268	Spectrogram 1	3	1323.352000	1323.396000	4000.000000	18000.000000	8000.000000	Phee	12.859611	-35.376273	0
269	Spectrogram 1	3	1324.792000	1324.848000	4000.000000	18000.000000	8000.000000	Trill	19.391171	-38.852772	0
270	Spectrogram 1	3	1331.206000	1331.238000	4000.000000	18000.000000	8000.000000	Trill	17.125041	-37.659292	0
271	Spectrogram 1	3	1331.680000	1332.054000	4000.000000	18000.000000	8000.000000	Trill	13.586318	-36.586076	0
272	Spectrogram 1	3	1332.424000	1332.492000	4000.000000	18000.000000	8000.000000	Phee	13.243120	-36.949808	0
273	Spectrogram 1	3	1332.940000	1332.996000	4000.000000	18000.000000	8000.000000	Phee	18.646637	-37.213978	0
274	Spectrogram 1	3	1351.354000	1351.728000	4000.000000	18000.000000	8000.000000	Trill	24.988779	-26.258515	0
275	Spectrogram 1	3	1354.090000	1354.308000	4000.000000	18000.000000	8000.000000	Trill	12.188322	-35.135022	0
276	Spectrogram 1	3	1357.816000	1357.872000	4000.000000	18000.000000	8000.000000	Trill	11.354507	-36.703188	1
277	Spectrogram 1	3	1359.676000	1359.756000	4000.000000	18000.000000	8000.000000	Trill	9.564456	-35.056660	1
278	Spectrogram 1	3	1360.498000	1360.542000	4000.000000	18000.000000	8000.000000	Trill	14.194732	-38.017539	0
279	Spectrogram 1	3	1364.686000	1364.766000	4000.000000	18000.000000	8000.000000	Trill	13.786868	-34.442180	0
280	Spectrogram 1	3	1365.862000	1365.996000	4000.000000	18000.000000	8000.000000	Trill	16.245639	-34.698433	0
281	Spectrogram 1	3	1372.324000	1372.368000	4000.000000	18000.000000	8000.000000	Trill	15.389418	-38.482454	0
282	Spectrogram 1	3	1377.052000	1377.942000	4000.000000	18000.000000	8000.000000	Trill	18.860699	-22.435105	0
283	Spectrogram 1	3	1387.180000	1387.248000	4000.000000	18000.000000	8000.000000	Trill	10.349533	-32.074800	1
284	Spectrogram 1	3	1387.318000	1387.380000	4000.000000	18000.000000	8000.000000	Trill	9.265597	-32.460214	1
285	Spectrogram 1	3	1387.462000	1387.530000	4000.000000	18000.000000	8000.000000	Trill	9.542928	-32.960066	1
286	Spectrogram 1	3	1387.600000	1387.668000	4000.000000	18000.000000	8000.000000	Trill	9.767762	-32.923337	1
287	Spectrogram 1	3	1387.732000	1387.806000	4000.000000	18000.000000	8000.000000	Trill	9.717141	-33.407595	1
288	Spectrogram 1	3	1387.870000	1387.938000	4000.000000	18000.000000	8000.000000	Trill	10.212614	-34.944763	1
289	Spectrogram 1	3	1400.720000	1400.812000	4000.000000	18000.000000	8000.000000	Trill	9.620600	-35.655868	1
290	Spectrogram 1	3	1403.804000	1403.848000	4000.000000	18000.000000	8000.000000	Trill	9.077090	-35.943612	1
291	Spectrogram 1	3	1403.912000	1403.950000	4000.000000	18000.000000	8000.000000	Trill	9.628091	-35.144398	1
292	Spectrogram 1	3	1404.674000	1404.718000	4000.000000	18000.000000	8000.000000	Trill	12.729189	-36.957774	0
293	Spectrogram 1	3	1404.764000	1404.808000	4000.000000	18000.000000	8000.000000	Trill	10.307427	-35.252586	1
294	Spectrogram 1	3	1404.884000	1404.952000	4000.000000	18000.000000	8000.000000	Trill	9.188890	-34.211279	1
295	Spectrogram 1	3	1405.028000	1405.102000	4000.000000	18000.000000	8000.000000	Trill	10.120253	-34.132417	1
296	Spectrogram 1	3	1405.166000	1405.234000	4000.000000	18000.000000	8000.000000	Trill	10.165295	-34.311234	1
297	Spectrogram 1	3	1405.298000	1405.366000	4000.000000	18000.000000	8000.000000	Trill	10.806203	-34.827265	1
298	Spectrogram 1	3	1420.124000	1420.180000	4000.000000	18000.000000	8000.000000	Trill	11.158580	-38.298008	1
299	Spectrogram 1	3	1451.186000	1451.218000	4000.000000	18000.000000	8000.000000	Trill	10.773263	-36.863834	1
300	Spectrogram 1	3	1463.414000	1463.524000	4000.000000	18000.000000	8000.000000	Trill	14.163915	-37.305238	0
301	Spectrogram 1	3	1470.806000	1470.988000	4000.000000	18000.000000	8000.000000	Trillphee	9.550158	-35.097879	1
302	Spectrogram 1	3	1472.204000	1472.614000	4000.000000	18000.000000	8000.000000	Trillphee	12.953063	-37.655931	0
303	Spectrogram 1	3	1482.044000	1482.082000	4000.000000	18000.000000	8000.000000	Trill	12.057229	-36.216430	0
304	Spectrogram 1	3	1482.152000	1482.184000	4000.000000	18000.000000	8000.000000	Trill	17.405339	-36.148404	0
305	Spectrogram 1	3	1493.312000	1493.374000	4000.000000	18000.000000	8000.000000	Trill	10.350652	-38.362721	1
306	Spectrogram 1	3	1506.000000	1506.038000	4000.000000	18000.000000	8000.000000	Trill	10.779968	-37.047769	1
307	Spectrogram 1	3	1512.708000	1512.788000	4000.000000	18000.000000	8000.000000	Trill	13.084552	-35.365755	0
308	Spectrogram 1	3	1517.178000	1517.234000	4000.000000	18000.000000	8000.000000	Trill	15.430926	-38.050609	0
309	Spectrogram 1	3	1517.562000	1517.594000	4000.000000	18000.000000	8000.000000	Phee	14.604123	-36.404810	0
310	Spectrogram 1	3	1524.726000	1524.758000	4000.000000	18000.000000	8000.000000	Trill	12.432304	-37.532013	0
311	Spectrogram 1	3	1529.148000	1529.222000	4000.000000	18000.000000	8000.000000	Phee	16.136690	-37.852438	0
312	Spectrogram 1	3	1529.256000	1529.300000	4000.000000	18000.000000	8000.000000	Trill	14.974684	-38.367480	0
313	Spectrogram 1	3	1549.506000	1549.550000	4000.000000	18000.000000	8000.000000	Trill	14.229148	-38.066126	0
314	Spectrogram 1	3	1550.028000	1550.084000	4000.000000	18000.000000	8000.000000	Phee	14.926775	-38.012021	0
315	Spectrogram 1	3	1550.226000	1550.258000	4000.000000	18000.000000	8000.000000	Trill	14.484625	-37.422845	0
316	Spectrogram 1	3	1554.978000	1555.016000	4000.000000	18000.000000	8000.000000	Trill	19.345773	-38.164415	0
317	Spectrogram 1	3	1558.284000	1558.364000	4000.000000	18000.000000	8000.000000	Phee	13.730709	-36.622615	0
318	Spectrogram 1	3	1574.148000	1574.180000	4000.000000	18000.000000	8000.000000	Trill	15.816834	-38.427761	0
319	Spectrogram 1	3	1577.514000	1577.546000	4000.000000	18000.000000	8000.000000	Trill	10.624474	-36.971331	1
320	Spectrogram 1	3	1577.646000	1577.678000	4000.000000	18000.000000	8000.000000	Trill	10.007268	-37.132079	1
321	Spectrogram 1	3	1577.760000	1577.804000	4000.000000	18000.000000	8000.000000	Trill	10.072799	-37.078937	1
322	Spectrogram 1	3	1587.846000	1587.878000	4000.000000	18000.000000	8000.000000	Phee	13.847469	-38.792175	0
323	Spectrogram 1	3	1596.402000	1596.452000	4000.000000	18000.000000	8000.000000	Trill	13.090099	-37.859351	0
324	Spectrogram 1	3	1604.884000	1604.928000	4000.000000	18000.000000	8000.000000	Trill	14.208453	-38.364067	0
325	Spectrogram 1	3	1606.996000	1607.064000	4000.000000	18000.000000	8000.000000	Trill	9.416935	-38.944127	1
326	Spectrogram 1	3	1617.994000	1618.158000	4000.000000	18000.000000	8000.000000	Trill	12.588536	-37.030378	0
327	Spectrogram 1	3	1620.370000	1620.744000	4000.000000	18000.000000	8000.000000	Trill	10.643586	-36.453983	1
328	Spectrogram 1	3	1622.320000	1622.376000	4000.000000	18000.000000	8000.000000	Trill	15.812798	-37.745544	0
329	Spectrogram 1	3	1622.446000	1622.502000	4000.000000	18000.000000	8000.000000	Trill	17.063709	-38.889733	0
330	Spectrogram 1	3	1630.804000	1630.836000	4000.000000	18000.000000	8000.000000	Trill	11.274505	-38.040552	1
331	Spectrogram 1	3	1633.486000	1633.536000	4000.000000	18000.000000	8000.000000	Trill	11.803177	-35.679441	1
332	Spectrogram 1	3	1636.186000	1636.218000	4000.000000	18000.000000	8000.000000	Trill	9.187199	-37.865093	1
333	Spectrogram 1	3	1636.600000	1636.632000	4000.000000	18000.000000	8000.000000	Trill	9.536572	-37.461391	1
334	Spectrogram 1	3	1641.616000	1641.762000	4000.000000	18000.000000	8000.000000	Trill	13.145536	-32.196879	0
335	Spectrogram 1	3	1641.784000	1641.816000	4000.000000	18000.000000	8000.000000	Trill	18.937623	-33.802255	0
336	Spectrogram 1	3	1647.178000	1647.414000	4000.000000	18000.000000	8000.000000	Trill	16.961091	-34.131669	0
337	Spectrogram 1	3	1655.230000	1655.466000	4000.000000	18000.000000	8000.000000	Trill	12.151532	-30.261728	0
338	Spectrogram 1	3	1657.942000	1657.998000	4000.000000	18000.000000	8000.000000	Trill	16.162420	-38.628107	0
339	Spectrogram 1	3	1667.494000	1667.526000	4000.000000	18000.000000	8000.000000	Phee	13.903723	-37.602139	0
340	Spectrogram 1	3	1671.376000	1671.408000	4000.000000	18000.000000	8000.000000	Trill	10.436056	-37.963298	1
341	Spectrogram 1	3	1672.468000	1672.500000	4000.000000	18000.000000	8000.000000	Trill	9.346136	-38.013464	1
342	Spectrogram 1	3	1673.536000	1673.568000	4000.000000	18000.000000	8000.000000	Trill	10.373474	-37.903381	1
343	Spectrogram 1	3	1674.664000	1674.696000	4000.000000	18000.000000	8000.000000	Trill	12.976042	-38.793842	0
344	Spectrogram 1	3	1677.382000	1677.504000	4000.000000	18000.000000	8000.000000	Trill	14.328583	-36.484350	0
345	Spectrogram 1	3	1677.766000	1677.798000	4000.000000	18000.000000	8000.000000	Phee	17.414427	-38.622847	0
346	Spectrogram 1	3	1677.940000	1677.990000	4000.000000	18000.000000	8000.000000	Trill	16.226520	-37.454922	0
347	Spectrogram 1	3	1690.810000	1690.938000	4000.000000	18000.000000	8000.000000	Phee	15.701768	-14.154597	0
348	Spectrogram 1	3	1692.964000	1693.014000	4000.000000	18000.000000	8000.000000	Phee	13.651113	-37.966434	0
349	Spectrogram 1	3	1699.408000	1699.458000	4000.000000	18000.000000	8000.000000	Trill	13.894722	-38.118364	0
350	Spectrogram 1	3	1699.534000	1699.578000	4000.000000	18000.000000	8000.000000	Trill	17.234292	-38.379326	0
351	Spectrogram 1	3	1704.170000	1704.232000	4000.000000	18000.000000	8000.000000	Trill	14.239528	-37.886818	0
352	Spectrogram 1	3	1707.284000	1707.322000	4000.000000	18000.000000	8000.000000	Trill	19.171968	-38.642522	0
353	Spectrogram 1	3	1707.842000	1707.892000	4000.000000	18000.000000	8000.000000	Trill	10.546537	-37.948119	1
354	Spectrogram 1	3	1717.262000	1717.294000	4000.000000	18000.000000	8000.000000	Trill	21.007042	-38.676838	0
355	Spectrogram 1	3	1721.702000	1721.734000	4000.000000	18000.000000	8000.000000	Trill	14.856880	-38.722719	0
356	Spectrogram 1	3	1722.134000	1722.190000	4000.000000	18000.000000	8000.000000	Trill	15.418726	-37.540948	0
357	Spectrogram 1	3	1726.286000	1726.330000	4000.000000	18000.000000	8000.000000	Trill	11.245773	-37.859852	1
358	Spectrogram 1	3	1728.140000	1728.172000	4000.000000	18000.000000	8000.000000	Trill	10.825015	-35.613632	1
359	Spectrogram 1	3	1732.028000	1732.060000	4000.000000	18000.000000	8000.000000	Trill	10.575335	-37.157175	1
360	Spectrogram 1	3	1732.196000	1732.228000	4000.000000	18000.000000	8000.000000	Trill	10.869887	-38.226066	1
361	Spectrogram 1	3	1732.520000	1732.552000	4000.000000	18000.000000	8000.000000	Trill	10.477263	-37.635362	1
362	Spectrogram 1	3	1733.162000	1733.194000	4000.000000	18000.000000	8000.000000	Trill	10.226440	-37.813857	1
363	Spectrogram 1	3	1733.270000	1733.308000	4000.000000	18000.000000	8000.000000	Trill	14.280984	-38.547535	0
364	Spectrogram 1	3	1734.068000	1734.100000	4000.000000	18000.000000	8000.000000	Trill	14.556810	-38.918722	0
365	Spectrogram 1	3	1734.608000	1734.802000	4000.000000	18000.000000	8000.000000	Trill	10.869499	-36.876335	1
366	Spectrogram 1	3	1735.460000	1735.492000	4000.000000	18000.000000	8000.000000	Trill	10.808820	-37.581529	1
367	Spectrogram 1	3	1737.182000	1737.232000	4000.000000	18000.000000	8000.000000	Trill	13.700549	-37.548667	0
368	Spectrogram 1	3	1744.808000	1744.858000	4000.000000	18000.000000	8000.000000	Trill	17.025251	-37.556641	0
369	Spectrogram 1	3	1745.432000	1745.488000	4000.000000	18000.000000	8000.000000	Trill	13.623889	-38.459686	0
370	Spectrogram 1	3	1756.526000	1756.582000	4000.000000	18000.000000	8000.000000	Trill	16.098819	-37.341925	0
371	Spectrogram 1	3	1757.186000	1757.308000	4000.000000	18000.000000	8000.000000	Trill	14.615057	-38.986469	0
372	Spectrogram 1	3	1762.418000	1762.450000	4000.000000	18000.000000	8000.000000	Trill	17.150365	-38.996651	0
373	Spectrogram 1	3	1765.520000	1765.576000	4000.000000	18000.000000	8000.000000	Phee	15.380747	-38.269708	0
374	Spectrogram 1	3	1780.160000	1780.198000	4000.000000	18000.000000	8000.000000	Phee	13.491581	-38.614577	0
375	Spectrogram 1	3	1807.884000	1807.916000	4000.000000	18000.000000	8000.000000	Trill	12.822584	-38.394669	0
376	Spectrogram 1	3	1811.508000	1811.540000	4000.000000	18000.000000	8000.000000	Trill	10.931459	-38.451172	1
377	Spectrogram 1	3	1833.744000	1833.806000	4000.000000	18000.000000	8000.000000	Trill	14.690154	-36.489390	0
378	Spectrogram 1	3	1838.028000	1838.168000	4000.000000	18000.000000	8000.000000	Phee	12.293417	-36.223473	0
379	Spectrogram 1	3	1838.304000	1838.372000	4000.000000	18000.000000	8000.000000	Phee	15.146441	-38.145825	0
380	Spectrogram 1	3	1838.460000	1838.504000	4000.000000	18000.000000	8000.000000	Trill	16.448253	-38.183644	0
381	Spectrogram 1	3	1847.490000	1847.576000	4000.000000	18000.000000	8000.000000	Trill	10.201710	-38.240732	1
382	Spectrogram 1	3	1847.628000	1847.684000	4000.000000	18000.000000	8000.000000	Trill	11.920811	-36.607036	1
383	Spectrogram 1	3	1847.796000	1847.828000	4000.000000	18000.000000	8000.000000	Trill	12.543952	-36.551385	0
384	Spectrogram 1	3	1850.868000	1850.906000	4000.000000	18000.000000	8000.000000	Trill	14.909697	-38.763410	0
385	Spectrogram 1	3	1851.198000	1851.230000	4000.000000	18000.000000	8000.000000	Phee	16.085019	-38.744682	0
386	Spectrogram 1	3	1852.794000	1852.862000	4000.000000	18000.000000	8000.000000	Trill	10.991154	-34.992962	1
387	Spectrogram 1	3	1860.360000	1860.398000	4000.000000	18000.000000	8000.000000	Trill	10.079433	-37.809398	1
388	Spectrogram 1	3	1866.090000	1866.122000	4000.000000	18000.000000	8000.000000	Phee	13.440736	-36.545469	0
389	Spectrogram 1	3	1868.226000	1868.270000	4000.000000	18000.000000	8000.000000	Trill	14.503061	-37.099644	0
390	Spectrogram 1	3	1875.606000	1875.638000	4000.000000	18000.000000	8000.000000	Trill	10.742599	-38.134909	1
391	Spectrogram 1	3	1884.828000	1884.866000	4000.000000	18000.000000	8000.000000	Trill	17.076028	-37.809029	0
392	Spectrogram 1	3	1884.894000	1885.034000	4000.000000	18000.000000	8000.000000	Trill	16.289265	-38.300808	0
393	Spectrogram 1	3	1885.074000	1885.172000	4000.000000	18000.000000	8000.000000	Trill	14.440337	-38.630323	0
394	Spectrogram 1	3	1885.302000	1885.340000	4000.000000	18000.000000	8000.000000	Trill	12.623108	-38.924575	0
395	Spectrogram 1	3	1894.086000	1894.142000	4000.000000	18000.000000	8000.000000	Phee	16.201681	-36.719913	0
396	Spectrogram 1	3	1896.516000	1896.578000	4000.000000	18000.000000	8000.000000	Trill	14.916951	-38.973568	0
397	Spectrogram 1	3	1897.608000	1897.652000	4000.000000	18000.000000	8000.000000	Trill	12.177010	-37.923440	0
398	Spectrogram 1	3	1897.866000	1897.904000	4000.000000	18000.000000	8000.000000	Trill	11.894564	-38.111648	1
399	Spectrogram 1	3	1899.180000	1899.212000	4000.000000	18000.000000	8000.000000	Trill	9.200410	-38.875473	1
400	Spectrogram 1	3	1904.908000	1904.940000	4000.000000	18000.000000	8000.000000	Trill	14.403187	-37.915603	0
401	Spectrogram 1	3	1906.084000	1906.272000	4000.000000	18000.000000	8000.000000	Trill	16.247483	-34.461458	0
402	Spectrogram 1	3	1906.348000	1906.386000	4000.000000	18000.000000	8000.000000	Trill	10.279334	-37.271812	1
403	Spectrogram 1	3	1912.534000	1912.632000	4000.000000	18000.000000	8000.000000	Trill	11.397579	-31.436064	1
404	Spectrogram 1	3	1912.696000	1912.764000	4000.000000	18000.000000	8000.000000	Trill	12.669130	-30.176808	0
405	Spectrogram 1	3	1912.840000	1912.908000	4000.000000	18000.000000	8000.000000	Trill	12.947566	-30.015783	0
406	Spectrogram 1	3	1912.978000	1913.046000	4000.000000	18000.000000	8000.000000	Trill	12.989779	-30.035899	0
407	Spectrogram 1	3	1913.116000	1913.184000	4000.000000	18000.000000	8000.000000	Trill	12.951565	-30.116803	0
408	Spectrogram 1	3	1913.236000	1913.316000	4000.000000	18000.000000	8000.000000	Trill	14.551283	-29.884079	0
409	Spectrogram 1	3	1913.380000	1913.430000	4000.000000	18000.000000	8000.000000	Trill	16.293030	-31.267570	0
410	Spectrogram 1	3	1922.434000	1922.490000	4000.000000	18000.000000	8000.000000	Trill	16.457236	-38.962586	0
411	Spectrogram 1	3	1922.962000	1923.000000	4000.000000	18000.000000	8000.000000	Trill	10.587590	-38.618492	1
412	Spectrogram 1	3	1934.368000	1934.496000	4000.000000	18000.000000	8000.000000	Trill	9.380562	-38.836433	1
413	Spectrogram 1	3	1934.698000	1934.742000	4000.000000	18000.000000	8000.000000	Phee	17.940874	-37.782575	0
414	Spectrogram 1	3	1935.826000	1935.894000	4000.000000	18000.000000	8000.000000	Trill	9.324655	-36.429399	1
415	Spectrogram 1	3	1938.136000	1938.204000	4000.000000	18000.000000	8000.000000	Trill	11.591058	-36.379727	1
416	Spectrogram 1	3	1938.340000	1938.372000	4000.000000	18000.000000	8000.000000	Trill	13.909933	-37.607440	0
417	Spectrogram 1	3	1938.394000	1938.432000	4000.000000	18000.000000	8000.000000	Trill	15.434338	-38.436814	0
418	Spectrogram 1	3	1938.664000	1938.852000	4000.000000	18000.000000	8000.000000	Trill	14.065305	-37.351899	0
419	Spectrogram 1	3	1948.780000	1948.812000	4000.000000	18000.000000	8000.000000	Trill	12.090500	-36.203904	0
420	Spectrogram 1	3	1952.794000	1952.862000	4000.000000	18000.000000	8000.000000	Trill	12.183227	-37.810630	0
421	Spectrogram 1	3	1956.028000	1956.102000	4000.000000	18000.000000	8000.000000	Trill	15.108053	-38.295541	0
422	Spectrogram 1	3	1959.226000	1959.264000	4000.000000	18000.000000	8000.000000	Trill	13.052373	-38.430575	0
423	Spectrogram 1	3	1978.696000	1978.776000	4000.000000	18000.000000	8000.000000	Trill	11.090091	-35.613447	1
424	Spectrogram 1	3	1978.810000	1978.902000	4000.000000	18000.000000	8000.000000	Trill	13.986054	-36.677182	0
425	Spectrogram 1	3	1987.630000	1987.956000	4000.000000	18000.000000	8000.000000	Trill	13.158912	-31.136151	0
426	Spectrogram 1	3	1991.200000	1991.544000	4000.000000	18000.000000	8000.000000	Trill	10.113057	-33.807633	1
427	Spectrogram 1	3	2017.244000	2017.294000	4000.000000	18000.000000	8000.000000	Trill	18.848345	-37.688933	0
428	Spectrogram 1	3	2017.388000	2017.480000	4000.000000	18000.000000	8000.000000	Trill	17.786654	-37.261823	0
429	Spectrogram 1	3	2039.732000	2040.022000	4000.000000	18000.000000	8000.000000	Trill	22.979221	-29.224838	0
430	Spectrogram 1	3	2044.748000	2044.786000	4000.000000	18000.000000	8000.000000	Trill	15.311851	-37.879920	0
431	Spectrogram 1	3	2064.218000	2064.268000	4000.000000	18000.000000	8000.000000	Trill	11.514809	-36.561926	1
432	Spectrogram 1	3	2066.390000	2066.434000	4000.000000	18000.000000	8000.000000	Trill	11.204386	-37.175793	1
433	Spectrogram 1	3	2069.114000	2069.146000	4000.000000	18000.000000	8000.000000	Trill	19.495129	-37.804567	0
434	Spectrogram 1	3	2069.912000	2069.950000	4000.000000	18000.000000	8000.000000	Trill	14.349651	-38.351674	0
435	Spectrogram 1	3	2073.512000	2073.544000	4000.000000	18000.000000	8000.000000	Trill	11.841637	-38.893398	1
436	Spectrogram 1	3	2074.454000	2074.498000	4000.000000	18000.000000	8000.000000	Trill	17.731478	-38.559349	0
437	Spectrogram 1	3	2078.138000	2078.182000	4000.000000	18000.000000	8000.000000	Phee	13.916595	-38.813702	0
438	Spectrogram 1	3	2078.480000	2078.530000	4000.000000	18000.000000	8000.000000	Phee	15.372831	-38.830751	0
439	Spectrogram 1	3	2079.278000	2079.334000	4000.000000	18000.000000	8000.000000	Phee	16.804244	-37.872950	0
440	Spectrogram 1	3	2085.170000	2085.202000	4000.000000	18000.000000	8000.000000	Trill	10.331192	-37.040662	1
441	Spectrogram 1	3	2085.302000	2085.334000	4000.000000	18000.000000	8000.000000	Trill	9.993861	-36.307445	1
442	Spectrogram 1	3	2085.674000	2085.712000	4000.000000	18000.000000	8000.000000	Trill	10.847598	-35.139488	1
443	Spectrogram 1	3	2085.794000	2085.832000	4000.000000	18000.000000	8000.000000	Trill	11.040987	-35.687704	1
444	Spectrogram 1	3	2085.902000	2085.976000	4000.000000	18000.000000	8000.000000	Trill	10.925205	-36.398222	1
445	Spectrogram 1	3	2086.028000	2086.078000	4000.000000	18000.000000	8000.000000	Trill	11.629481	-35.943892	1
446	Spectrogram 1	3	2086.148000	2086.186000	4000.000000	18000.000000	8000.000000	Trill	10.789573	-35.838442	1
447	Spectrogram 1	3	2086.256000	2086.300000	4000.000000	18000.000000	8000.000000	Trill	9.714414	-35.784961	1
448	Spectrogram 1	3	2086.376000	2086.450000	4000.000000	18000.000000	8000.000000	Trill	11.641375	-37.639264	1
449	Spectrogram 1	3	2090.522000	2090.590000	4000.000000	18000.000000	8000.000000	Trill	13.529802	-35.996155	0
450	Spectrogram 1	3	2090.924000	2090.962000	4000.000000	18000.000000	8000.000000	Trill	10.261950	-38.659839	1
451	Spectrogram 1	3	2093.798000	2093.830000	4000.000000	18000.000000	8000.000000	Phee	14.032205	-38.530908	0
452	Spectrogram 1	3	2096.642000	2096.698000	4000.000000	18000.000000	8000.000000	Trill	14.902616	-38.794525	0
453	Spectrogram 1	3	2099.354000	2099.686000	4000.000000	18000.000000	8000.000000	Trill	11.741514	-32.036834	1
454	Spectrogram 1	3	2105.676000	2105.762000	4000.000000	18000.000000	8000.000000	Trill	10.929265	-31.041675	1
455	Spectrogram 1	3	2105.826000	2105.906000	4000.000000	18000.000000	8000.000000	Trill	12.221245	-31.206784	0
456	Spectrogram 1	3	2105.970000	2106.056000	4000.000000	18000.000000	8000.000000	Trill	13.340350	-30.687096	0
457	Spectrogram 1	3	2106.108000	2106.188000	4000.000000	18000.000000	8000.000000	Trill	13.916402	-30.870794	0
458	Spectrogram 1	3	2106.240000	2106.320000	4000.000000	18000.000000	8000.000000	Trill	13.919730	-31.050840	0
459	Spectrogram 1	3	2106.372000	2106.458000	4000.000000	18000.000000	8000.000000	Trill	13.540265	-32.664921	0
460	Spectrogram 1	3	2106.510000	2106.566000	4000.000000	18000.000000	8000.000000	Trill	17.203297	-33.913826	0
461	Spectrogram 1	3	2114.232000	2114.288000	4000.000000	18000.000000	8000.000000	Trill	11.044315	-36.898757	1
462	Spectrogram 1	3	2114.616000	2114.648000	4000.000000	18000.000000	8000.000000	Trill	16.292230	-37.619359	0
463	Spectrogram 1	3	2120.766000	2120.906000	4000.000000	18000.000000	8000.000000	Trill	9.508521	-33.309451	1
464	Spectrogram 1	3	2121.456000	2121.950000	4000.000000	18000.000000	8000.000000	Trill	11.747505	-28.608443	1
465	Spectrogram 1	3	2136.564000	2136.626000	4000.000000	18000.000000	8000.000000	Trill	10.709233	-34.742081	1
466	Spectrogram 1	3	2142.498000	2142.530000	4000.000000	18000.000000	8000.000000	Trill	9.829702	-38.129023	1
467	Spectrogram 1	3	2142.750000	2142.788000	4000.000000	18000.000000	8000.000000	Trill	9.653877	-36.703449	1
468	Spectrogram 1	3	2151.618000	2151.656000	4000.000000	18000.000000	8000.000000	Trill	11.204859	-38.866241	1
469	Spectrogram 1	3	2171.160000	2171.354000	4000.000000	18000.000000	8000.000000	Trill	9.641690	-36.250129	1
470	Spectrogram 1	3	2176.764000	2176.826000	4000.000000	18000.000000	8000.000000	Trill	18.250346	-37.894434	0
471	Spectrogram 1	3	2176.932000	2176.964000	4000.000000	18000.000000	8000.000000	Trill	20.193006	-38.817605	0
472	Spectrogram 1	3	2181.096000	2181.146000	4000.000000	18000.000000	8000.000000	Trill	9.185354	-38.133283	1
473	Spectrogram 1	3	2181.198000	2181.260000	4000.000000	18000.000000	8000.000000	Trill	9.754820	-37.761156	1
474	Spectrogram 1	3	2181.324000	2181.356000	4000.000000	18000.000000	8000.000000	Trill	9.527244	-37.924402	1
475	Spectrogram 1	3	2181.414000	2181.464000	4000.000000	18000.000000	8000.000000	Trill	10.635649	-38.519461	1
476	Spectrogram 1	3	2197.950000	2198.078000	4000.000000	18000.000000	8000.000000	Trill	14.639743	-32.102599	0
477	Spectrogram 1	3	2201.950000	2202.030000	4000.000000	18000.000000	8000.000000	Trill	14.182043	-33.823211	0
478	Spectrogram 1	3	2208.016000	2208.072000	4000.000000	18000.000000	8000.000000	Trill	9.239791	-35.255600	1
479	Spectrogram 1	3	2216.248000	2216.286000	4000.000000	18000.000000	8000.000000	Trill	10.304245	-35.680575	1
480	Spectrogram 1	3	2216.380000	2216.418000	4000.000000	18000.000000	8000.000000	Trill	10.418662	-35.417245	1
481	Spectrogram 1	3	2216.512000	2216.562000	4000.000000	18000.000000	8000.000000	Trill	10.454000	-35.559574	1
482	Spectrogram 1	3	2216.644000	2216.676000	4000.000000	18000.000000	8000.000000	Trill	10.062011	-36.109524	1
483	Spectrogram 1	3	2228.422000	2228.454000	4000.000000	18000.000000	8000.000000	Trill	13.678206	-37.425635	0
484	Spectrogram 1	3	2235.550000	2235.588000	4000.000000	18000.000000	8000.000000	Trill	12.975473	-35.584643	0
485	Spectrogram 1	3	2241.670000	2241.774000	4000.000000	18000.000000	8000.000000	Trill	14.884866	-34.181951	0
486	Spectrogram 1	3	2249.140000	2249.184000	4000.000000	18000.000000	8000.000000	Trill	18.541447	-36.935673	0
487	Spectrogram 1	3	2250.340000	2250.420000	4000.000000	18000.000000	8000.000000	Phee	12.625003	-36.919673	0
488	Spectrogram 1	3	2250.610000	2250.774000	4000.000000	18000.000000	8000.000000	Trill	11.678027	-36.822555	1
489	Spectrogram 1	3	2251.132000	2251.188000	4000.000000	18000.000000	8000.000000	Trill	15.752300	-37.831636	0
490	Spectrogram 1	3	2251.252000	2251.464000	4000.000000	18000.000000	8000.000000	Trillphee	12.292771	-36.094636	0
491	Spectrogram 1	3	2254.060000	2254.176000	4000.000000	18000.000000	8000.000000	Trill	13.022262	-37.975870	0
492	Spectrogram 1	3	2255.452000	2255.502000	4000.000000	18000.000000	8000.000000	Phee	16.686220	-36.843007	0
493	Spectrogram 1	3	2260.390000	2260.434000	4000.000000	18000.000000	8000.000000	Trill	14.970093	-36.798914	0
494	Spectrogram 1	3	2263.282000	2263.404000	4000.000000	18000.000000	8000.000000	Trill	9.836979	-36.631263	1
495	Spectrogram 1	3	2276.932000	2276.988000	4000.000000	18000.000000	8000.000000	Phee	13.317844	-38.327545	0
496	Spectrogram 1	3	2289.016000	2289.048000	4000.000000	18000.000000	8000.000000	Phee	12.721381	-38.687551	0
497	Spectrogram 1	3	2289.172000	2289.204000	4000.000000	18000.000000	8000.000000	Phee	12.202496	-37.684814	0
498	Spectrogram 1	3	2293.546000	2293.770000	4000.000000	18000.000000	8000.000000	Trill	15.843531	-38.542413	0
499	Spectrogram 1	3	2294.044000	2294.094000	4000.000000	18000.000000	8000.000000	Trill	15.548541	-38.808795	0
500	Spectrogram 1	3	2296.510000	2296.548000	4000.000000	18000.000000	8000.000000	Trill	19.269811	-38.476911	0
501	Spectrogram 1	3	2297.308000	2297.364000	4000.000000	18000.000000	8000.000000	Trill	11.724921	-35.538270	1
502	Spectrogram 1	3	2303.012000	2303.062000	4000.000000	18000.000000	8000.000000	Trill	9.862219	-34.483363	1
503	Spectrogram 1	3	2306.822000	2306.890000	4000.000000	18000.000000	8000.000000	Trill	12.125061	-33.883062	0
504	Spectrogram 1	3	2313.026000	2313.070000	4000.000000	18000.000000	8000.000000	Trill	14.849642	-38.994590	0
505	Spectrogram 1	3	2315.636000	2315.782000	4000.000000	18000.000000	8000.000000	Trill	10.493972	-35.909554	1
506	Spectrogram 1	3	2331.080000	2331.112000	4000.000000	18000.000000	8000.000000	Trill	13.898790	-38.768857	0
507	Spectrogram 1	3	2331.212000	2331.256000	4000.000000	18000.000000	8000.000000	Trill	11.799897	-38.720063	1
508	Spectrogram 1	3	2333.420000	2333.458000	4000.000000	18000.000000	8000.000000	Trill	15.370943	-38.479512	0
509	Spectrogram 1	3	2339.228000	2339.356000	4000.000000	18000.000000	8000.000000	Trill	14.900692	-35.836388	0
510	Spectrogram 1	3	2341.022000	2341.096000	4000.000000	18000.000000	8000.000000	Trill	16.685508	-36.926119	0
511	Spectrogram 1	3	2354.378000	2354.404000	4000.000000	18000.000000	8000.000000	Phee	12.081178	-37.702093	0
512	Spectrogram 1	3	2354.480000	2354.728000	4000.000000	18000.000000	8000.000000	Trillphee	11.948452	-32.868126	1
513	Spectrogram 1	3	2374.832000	2375.314000	4000.000000	18000.000000	8000.000000	Trill	11.035634	-31.048412	1
514	Spectrogram 1	3	2395.286000	2395.384000	4000.000000	18000.000000	8000.000000	Trill	14.266544	-38.288471	0
515	Spectrogram 1	3	2396.738000	2396.866000	4000.000000	18000.000000	8000.000000	Trill	12.782560	-36.387427	0
516	Spectrogram 1	3	2434.392000	2434.490000	4000.000000	18000.000000	8000.000000	Trill	13.577380	-38.321487	0
517	Spectrogram 1	3	2440.770000	2440.844000	4000.000000	18000.000000	8000.000000	Trill	12.290383	-37.144173	0
518	Spectrogram 1	3	2451.738000	2451.776000	4000.000000	18000.000000	8000.000000	Trill	10.038546	-37.266908	1
519	Spectrogram 1	3	2456.688000	2456.720000	4000.000000	18000.000000	8000.000000	Trill	12.076702	-38.253608	0
520	Spectrogram 1	3	2461.362000	2461.394000	4000.000000	18000.000000	8000.000000	Trill	20.455941	-37.671167	0
521	Spectrogram 1	3	2465.208000	2465.252000	4000.000000	18000.000000	8000.000000	Phee	13.443215	-38.618679	0
522	Spectrogram 1	3	2465.298000	2465.360000	4000.000000	18000.000000	8000.000000	Trill	17.989022	-37.933729	0
523	Spectrogram 1	3	2466.522000	2466.602000	4000.000000	18000.000000	8000.000000	Trill	13.905186	-38.932474	0
524	Spectrogram 1	3	2467.176000	2467.220000	4000.000000	18000.000000	8000.000000	Trill	18.249776	-38.823887	0
525	Spectrogram 1	3	2471.886000	2471.954000	4000.000000	18000.000000	8000.000000	Trill	14.707573	-35.312082	0
526	Spectrogram 1	3	2483.598000	2483.660000	4000.000000	18000.000000	8000.000000	Trill	14.078443	-36.299664	0
527	Spectrogram 1	3	2483.796000	2483.852000	4000.000000	18000.000000	8000.000000	Trill	11.403214	-38.983643	1
528	Spectrogram 1	3	2484.150000	2484.200000	4000.000000	18000.000000	8000.000000	Trill	15.981541	-38.601409	0
529	Spectrogram 1	3	2485.968000	2486.438000	4000.000000	18000.000000	8000.000000	Trill	20.708965	-27.160853	0
530	Spectrogram 1	3	2487.120000	2487.278000	4000.000000	18000.000000	8000.000000	Trill	14.578170	-35.995438	0
531	Spectrogram 1	3	2487.348000	2487.380000	4000.000000	18000.000000	8000.000000	Trill	17.615248	-36.742196	0
532	Spectrogram 1	3	2499.660000	2499.728000	4000.000000	18000.000000	8000.000000	Trill	11.515428	-35.306810	1
533	Spectrogram 1	3	2509.480000	2509.536000	4000.000000	18000.000000	8000.000000	Trill	12.740464	-37.140357	0
534	Spectrogram 1	3	2509.618000	2509.668000	4000.000000	18000.000000	8000.000000	Trill	15.808715	-35.780129	0
535	Spectrogram 1	3	2512.942000	2512.974000	4000.000000	18000.000000	8000.000000	Trill	11.883860	-37.555675	1
536	Spectrogram 1	3	2513.248000	2513.286000	4000.000000	18000.000000	8000.000000	Trill	11.242504	-37.674630	1
537	Spectrogram 1	3	2529.400000	2529.444000	4000.000000	18000.000000	8000.000000	Trill	13.613577	-37.488650	0
538	Spectrogram 1	3	2529.748000	2529.780000	4000.000000	18000.000000	8000.000000	Trill	14.444916	-38.466398	0
539	Spectrogram 1	3	2534.398000	2534.430000	4000.000000	18000.000000	8000.000000	Trill	20.114182	-38.557052	0
540	Spectrogram 1	3	2537.290000	2537.388000	4000.000000	18000.000000	8000.000000	Trill	15.979285	-36.698198	0
541	Spectrogram 1	3	2538.388000	2538.480000	4000.000000	18000.000000	8000.000000	Trill	11.721257	-35.215085	1
542	Spectrogram 1	3	2538.622000	2538.690000	4000.000000	18000.000000	8000.000000	Trill	14.723487	-38.979853	0
543	Spectrogram 1	3	2539.288000	2539.338000	4000.000000	18000.000000	8000.000000	Trill	14.560731	-38.781549	0
544	Spectrogram 1	3	2542.570000	2542.656000	4000.000000	18000.000000	8000.000000	Phee	14.648965	-37.358991	0
545	Spectrogram 1	3	2543.614000	2543.958000	4000.000000	18000.000000	8000.000000	Trill	10.312762	-33.551856	1
546	Spectrogram 1	3	2547.868000	2547.936000	4000.000000	18000.000000	8000.000000	Trill	11.173679	-34.725915	1
547	Spectrogram 1	3	2547.994000	2548.086000	4000.000000	18000.000000	8000.000000	Trill	10.589379	-32.585880	1
548	Spectrogram 1	3	2548.132000	2548.212000	4000.000000	18000.000000	8000.000000	Trill	10.565290	-33.139416	1
549	Spectrogram 1	3	2548.264000	2548.344000	4000.000000	18000.000000	8000.000000	Trill	10.439064	-33.298061	1
550	Spectrogram 1	3	2548.396000	2548.476000	4000.000000	18000.000000	8000.000000	Trill	10.525199	-33.591686	1
551	Spectrogram 1	3	2548.528000	2548.608000	4000.000000	18000.000000	8000.000000	Trill	10.779654	-33.836470	1
552	Spectrogram 1	3	2552.662000	2552.700000	4000.000000	18000.000000	8000.000000	Trill	11.650431	-36.868794	1
553	Spectrogram 1	3	2559.418000	2559.462000	4000.000000	18000.000000	8000.000000	Trill	16.207142	-38.685840	0
554	Spectrogram 1	3	2560.012000	2560.110000	4000.000000	18000.000000	8000.000000	Trill	14.472048	-38.580941	0
555	Spectrogram 1	3	2560.564000	2560.602000	4000.000000	18000.000000	8000.000000	Trill	14.274638	-37.250651	0
556	Spectrogram 1	3	2564.056000	2564.100000	4000.000000	18000.000000	8000.000000	Phee	12.832326	-36.713659	0
557	Spectrogram 1	3	2565.700000	2565.828000	4000.000000	18000.000000	8000.000000	Trill	10.199804	-30.675810	1
558	Spectrogram 1	3	2565.868000	2565.948000	4000.000000	18000.000000	8000.000000	Trill	11.288030	-31.724365	1
559	Spectrogram 1	3	2566.012000	2566.086000	4000.000000	18000.000000	8000.000000	Trill	10.994735	-31.976806	1
560	Spectrogram 1	3	2566.150000	2566.224000	4000.000000	18000.000000	8000.000000	Trill	11.587148	-32.238234	1
561	Spectrogram 1	3	2566.282000	2566.368000	4000.000000	18000.000000	8000.000000	Trill	11.980816	-32.983280	1
562	Spectrogram 1	3	2566.414000	2566.482000	4000.000000	18000.000000	8000.000000	Trill	12.426464	-34.984902	0
563	Spectrogram 1	3	2569.480000	2569.518000	4000.000000	18000.000000	8000.000000	Trill	13.009409	-37.275301	0
564	Spectrogram 1	3	2569.600000	2569.644000	4000.000000	18000.000000	8000.000000	Trill	9.972659	-37.314111	1
565	Spectrogram 1	3	2581.558000	2581.680000	4000.000000	18000.000000	8000.000000	Phee	9.802982	-31.526643	1
566	Spectrogram 1	3	2581.744000	2581.818000	4000.000000	18000.000000	8000.000000	Trill	9.122520	-32.277006	1
567	Spectrogram 1	3	2581.882000	2581.950000	4000.000000	18000.000000	8000.000000	Trill	9.266332	-32.663582	1
568	Spectrogram 1	3	2582.014000	2582.088000	4000.000000	18000.000000	8000.000000	Trill	9.661984	-32.939718	1
569	Spectrogram 1	3	2582.152000	2582.226000	4000.000000	18000.000000	8000.000000	Trill	9.898946	-33.112883	1
570	Spectrogram 1	3	2582.284000	2582.352000	4000.000000	18000.000000	8000.000000	Trill	11.185556	-34.224499	1
571	Spectrogram 1	3	2590.474000	2590.710000	4000.000000	18000.000000	8000.000000	Trillphee	13.116543	-36.953430	0
572	Spectrogram 1	3	2591.374000	2591.406000	4000.000000	18000.000000	8000.000000	Phee	11.671593	-37.737335	1
573	Spectrogram 1	3	2594.410000	2594.454000	4000.000000	18000.000000	8000.000000	Trill	18.981129	-37.994271	0
574	Spectrogram 1	3	2596.456000	2596.488000	4000.000000	18000.000000	8000.000000	Trill	15.417833	-37.796806	0
575	Spectrogram 1	3	2608.034000	2608.066000	4000.000000	18000.000000	8000.000000	Trill	13.969052	-37.572894	0
576	Spectrogram 1	3	2610.518000	2610.790000	4000.000000	18000.000000	8000.000000	Trill	15.640492	-33.262887	0
577	Spectrogram 1	3	2630.744000	2630.866000	4000.000000	18000.000000	8000.000000	Trill	19.854459	-24.016711	0
578	Spectrogram 1	3	2630.924000	2630.998000	4000.000000	18000.000000	8000.000000	Twitter	18.863771	-24.847614	0
579	Spectrogram 1	3	2631.062000	2631.136000	4000.000000	18000.000000	8000.000000	Twitter	19.346305	-25.330098	0
580	Spectrogram 1	3	2631.194000	2631.268000	4000.000000	18000.000000	8000.000000	Twitter	21.161456	-24.697039	0
581	Spectrogram 1	3	2631.326000	2631.394000	4000.000000	18000.000000	8000.000000	Trill	24.035718	-26.211988	0
582	Spectrogram 1	3	2642.744000	2643.130000	4000.000000	18000.000000	8000.000000	Trill	13.024128	-27.638623	0
583	Spectrogram 1	3	2643.170000	2643.646000	4000.000000	18000.000000	8000.000000	Trill	12.891039	-26.957166	0
584	Spectrogram 1	3	2643.902000	2644.114000	4000.000000	18000.000000	8000.000000	Trill	12.139057	-26.166307	0
585	Spectrogram 1	3	2644.190000	2644.288000	4000.000000	18000.000000	8000.000000	Trill	12.723985	-26.500781	0
586	Spectrogram 1	3	2645.582000	2645.620000	4000.000000	18000.000000	8000.000000	Trill	9.457619	-37.227360	1
587	Spectrogram 1	3	2647.928000	2648.020000	4000.000000	18000.000000	8000.000000	Trill	13.366871	-36.347203	0
588	Spectrogram 1	3	2650.022000	2650.390000	4000.000000	18000.000000	8000.000000	Trill	9.134190	-38.479333	1
589	Spectrogram 1	3	2660.234000	2660.296000	4000.000000	18000.000000	8000.000000	Trill	13.259184	-35.483702	0
590	Spectrogram 1	3	2663.036000	2663.080000	4000.000000	18000.000000	8000.000000	Trill	19.465425	-38.356617	0
591	Spectrogram 1	3	2666.408000	2666.482000	4000.000000	18000.000000	8000.000000	Trill	9.003928	-34.834464	1
592	Spectrogram 1	3	2666.552000	2666.632000	4000.000000	18000.000000	8000.000000	Trill	9.342674	-34.095185	1
593	Spectrogram 1	3	2669.606000	2669.668000	4000.000000	18000.000000	8000.000000	Trill	13.898193	-38.362540	0
594	Spectrogram 1	3	2675.684000	2675.770000	4000.000000	18000.000000	8000.000000	Trill	10.736614	-36.097799	1
595	Spectrogram 1	3	2675.846000	2676.160000	4000.000000	18000.000000	8000.000000	Trill	12.111618	-36.835064	0
596	Spectrogram 1	3	2684.912000	2684.944000	4000.000000	18000.000000	8000.000000	Trill	9.739250	-38.494639	1
597	Spectrogram 1	3	2685.344000	2685.376000	4000.000000	18000.000000	8000.000000	Trill	10.830033	-38.711950	1
598	Spectrogram 1	3	2685.782000	2685.814000	4000.000000	18000.000000	8000.000000	Trill	11.004193	-38.508669	1
599	Spectrogram 1	3	2685.992000	2686.030000	4000.000000	18000.000000	8000.000000	Trill	9.512188	-37.265605	1
600	Spectrogram 1	3	2686.328000	2686.360000	4000.000000	18000.000000	8000.000000	Trill	11.215834	-37.765517	1
601	Spectrogram 1	3	2686.904000	2686.954000	4000.000000	18000.000000	8000.000000	Trill	9.422130	-36.760522	1
602	Spectrogram 1	3	2687.192000	2687.224000	4000.000000	18000.000000	8000.000000	Trill	10.155207	-37.092189	1
603	Spectrogram 1	3	2709.132000	2709.170000	4000.000000	18000.000000	8000.000000	Trill	11.277052	-38.675328	1
604	Spectrogram 1	3	2717.712000	2717.762000	4000.000000	18000.000000	8000.000000	Trill	14.508663	-38.718243	0
605	Spectrogram 1	3	2720.268000	2720.606000	4000.000000	18000.000000	8000.000000	Trill	12.334925	-33.098072	0
606	Spectrogram 1	3	2731.254000	2731.304000	4000.000000	18000.000000	8000.000000	Trill	10.610317	-34.487703	1
607	Spectrogram 1	3	2736.582000	2736.608000	4000.000000	18000.000000	8000.000000	Phee	12.397812	-36.355942	0
608	Spectrogram 1	3	2736.828000	2737.202000	4000.000000	18000.000000	8000.000000	Trill	12.106011	-34.844095	0
609	Spectrogram 1	3	2737.386000	2737.502000	4000.000000	18000.000000	8000.000000	Trill	12.434008	-38.223461	0
610	Spectrogram 1	3	2738.796000	2738.906000	4000.000000	18000.000000	8000.000000	Trill	13.932290	-36.369983	0
611	Spectrogram 1	3	2739.288000	2739.374000	4000.000000	18000.000000	8000.000000	Trill	15.948054	-38.536441	0
612	Spectrogram 1	3	2740.644000	2741.006000	4000.000000	18000.000000	8000.000000	Trill	17.470322	-28.785566	0
613	Spectrogram 1	3	2741.046000	2741.078000	4000.000000	18000.000000	8000.000000	Trill	20.223898	-31.905497	0
614	Spectrogram 1	3	2741.130000	2741.174000	4000.000000	18000.000000	8000.000000	Trill	13.340890	-30.954920	0
615	Spectrogram 1	3	2741.346000	2741.462000	4000.000000	18000.000000	8000.000000	Trill	19.041012	-31.060209	0
616	Spectrogram 1	3	2743.104000	2743.154000	4000.000000	18000.000000	8000.000000	Trill	19.236404	-38.238871	0
617	Spectrogram 1	3	2771.592000	2771.624000	4000.000000	18000.000000	8000.000000	Trill	13.273122	-37.832782	0
618	Spectrogram 1	3	2772.336000	2772.380000	4000.000000	18000.000000	8000.000000	Trill	20.623815	-38.396977	0
619	Spectrogram 1	3	2773.908000	2773.976000	4000.000000	18000.000000	8000.000000	Trill	10.097464	-37.282112	1
620	Spectrogram 1	3	2782.092000	2782.124000	4000.000000	18000.000000	8000.000000	Trill	10.584472	-37.717137	1
621	Spectrogram 1	3	2785.986000	2786.048000	4000.000000	18000.000000	8000.000000	Trill	9.496768	-35.978048	1
622	Spectrogram 1	3	2786.964000	2787.014000	4000.000000	18000.000000	8000.000000	Phee	13.277874	-37.383792	0
623	Spectrogram 1	3	2788.596000	2788.634000	4000.000000	18000.000000	8000.000000	Phee	16.266377	-37.523136	0
624	Spectrogram 1	3	2792.592000	2792.912000	4000.000000	18000.000000	8000.000000	Trill	14.139730	-34.435176	0
625	Spectrogram 1	3	2798.130000	2798.258000	4000.000000	18000.000000	8000.000000	Trill	11.207555	-32.603241	1
626	Spectrogram 1	3	2798.310000	2798.390000	4000.000000	18000.000000	8000.000000	Trill	11.870167	-32.310089	1
627	Spectrogram 1	3	2798.442000	2798.516000	4000.000000	18000.000000	8000.000000	Trill	12.469265	-32.831880	0
628	Spectrogram 1	3	2798.580000	2798.660000	4000.000000	18000.000000	8000.000000	Trill	13.060644	-34.012488	0
629	Spectrogram 1	3	2807.410000	2810.112000	4000.000000	18000.000000	8000.000000	Phee	12.674937	-20.517371	0
630	Spectrogram 1	3	2843.284000	2843.334000	4000.000000	18000.000000	8000.000000	Trill	10.221772	-36.530047	1
631	Spectrogram 1	3	2843.392000	2843.460000	4000.000000	18000.000000	8000.000000	Trill	9.216648	-36.829783	1
632	Spectrogram 1	3	2845.054000	2845.110000	4000.000000	18000.000000	8000.000000	Trill	9.679849	-34.902428	1
633	Spectrogram 1	3	2848.762000	2848.794000	4000.000000	18000.000000	8000.000000	Trill	12.507125	-38.178349	0
634	Spectrogram 1	3	2851.180000	2851.230000	4000.000000	18000.000000	8000.000000	Trill	17.711055	-36.804829	0
635	Spectrogram 1	3	2859.838000	2860.128000	4000.000000	18000.000000	8000.000000	Trill	18.768471	-29.837762	0
636	Spectrogram 1	3	2861.146000	2861.208000	4000.000000	18000.000000	8000.000000	Trill	13.263035	-35.087631	0
637	Spectrogram 1	3	2870.434000	2870.670000	4000.000000	18000.000000	8000.000000	Trill	10.461858	-34.585734	1
638	Spectrogram 1	3	2871.700000	2871.756000	4000.000000	18000.000000	8000.000000	Trill	12.235933	-36.449264	0
639	Spectrogram 1	3	2880.958000	2881.020000	4000.000000	18000.000000	8000.000000	Trill	10.352140	-38.912752	1
640	Spectrogram 1	3	2883.082000	2883.222000	4000.000000	18000.000000	8000.000000	Phee	12.363679	-28.153872	0
641	Spectrogram 1	3	2885.296000	2885.568000	4000.000000	18000.000000	8000.000000	Trill	17.339848	-33.799750	0
642	Spectrogram 1	3	2890.864000	2891.142000	4000.000000	18000.000000	8000.000000	Trill	13.988530	-36.591243	0
643	Spectrogram 1	3	2891.872000	2891.916000	4000.000000	18000.000000	8000.000000	Trill	10.593297	-34.571847	1
644	Spectrogram 1	3	2899.876000	2899.932000	4000.000000	18000.000000	8000.000000	Phee	17.250897	-37.243507	0
645	Spectrogram 1	3	2901.038000	2901.094000	4000.000000	18000.000000	8000.000000	Phee	16.752533	-36.956953	0
646	Spectrogram 1	3	2901.164000	2901.208000	4000.000000	18000.000000	8000.000000	Trill	18.635415	-36.587912	0
647	Spectrogram 1	3	2901.770000	2901.802000	4000.000000	18000.000000	8000.000000	Phee	12.078442	-38.224003	0
648	Spectrogram 1	3	2903.354000	2903.386000	4000.000000	18000.000000	8000.000000	Trill	13.304176	-38.656162	0
649	Spectrogram 1	3	2904.770000	2904.826000	4000.000000	18000.000000	8000.000000	Phee	16.642811	-37.841094	0
650	Spectrogram 1	3	2904.908000	2904.946000	4000.000000	18000.000000	8000.000000	Trill	14.701545	-38.727740	0
651	Spectrogram 1	3	2904.968000	2905.006000	4000.000000	18000.000000	8000.000000	Trill	18.275075	-37.945237	0
652	Spectrogram 1	3	2914.106000	2914.156000	4000.000000	18000.000000	8000.000000	Trill	13.630863	-35.849437	0
653	Spectrogram 1	3	2916.488000	2916.520000	4000.000000	18000.000000	8000.000000	Trill	15.098766	-38.830795	0
654	Spectrogram 1	3	2920.214000	2920.258000	4000.000000	18000.000000	8000.000000	Trill	20.535676	-38.934462	0
655	Spectrogram 1	3	2932.298000	2932.336000	4000.000000	18000.000000	8000.000000	Trill	13.433513	-38.877653	0
656	Spectrogram 1	3	2935.970000	2936.032000	4000.000000	18000.000000	8000.000000	Trill	11.827030	-35.680805	1
657	Spectrogram 1	3	2936.114000	2936.152000	4000.000000	18000.000000	8000.000000	Trill	16.016906	-36.555997	0
658	Spectrogram 1	3	2945.996000	2946.202000	4000.000000	18000.000000	8000.000000	Trill	21.597640	-28.914853	0
659	Spectrogram 1	3	2947.688000	2947.732000	4000.000000	18000.000000	8000.000000	Phee	13.132555	-38.458561	0
660	Spectrogram 1	3	2952.008000	2952.058000	4000.000000	18000.000000	8000.000000	Trill	12.310521	-36.341412	0
661	Spectrogram 1	3	2953.454000	2953.492000	4000.000000	18000.000000	8000.000000	Phee	18.201844	-38.139161	0
662	Spectrogram 1	3	2954.648000	2954.692000	4000.000000	18000.000000	8000.000000	Phee	13.669238	-37.329031	0
663	Spectrogram 1	3	2959.448000	2960.050000	4000.000000	18000.000000	8000.000000	Trill	15.110259	-29.486408	0
664	Spectrogram 1	3	2960.174000	2960.218000	4000.000000	18000.000000	8000.000000	Trill	11.782389	-32.402059	1
665	Spectrogram 1	3	2968.604000	2968.714000	4000.000000	18000.000000	8000.000000	Trill	10.677066	-36.801923	1
666	Spectrogram 1	3	2991.470000	2991.514000	4000.000000	18000.000000	8000.000000	Phee	13.902004	-38.466997	0
667	Spectrogram 1	3	2992.604000	2992.678000	4000.000000	18000.000000	8000.000000	Trill	13.100926	-36.700909	0
668	Spectrogram 1	3	2994.674000	2994.724000	4000.000000	18000.000000	8000.000000	Phee	14.357843	-38.656394	0
669	Spectrogram 1	3	2998.508000	2998.600000	4000.000000	18000.000000	8000.000000	Trill	11.781868	-37.720735	1
670	Spectrogram 1	3	2999.222000	2999.302000	4000.000000	18000.000000	8000.000000	Trill	13.769506	-36.854377	0
671	Spectrogram 1	3	2999.384000	2999.416000	4000.000000	18000.000000	8000.000000	Trill	14.108789	-38.488656	0
672	Spectrogram 1	3	3015.300000	3015.338000	4000.000000	18000.000000	8000.000000	Phee	15.660784	-37.292990	0
673	Spectrogram 1	3	3015.528000	3015.560000	4000.000000	18000.000000	8000.000000	Trill	16.210532	-37.889063	0
674	Spectrogram 1	3	3016.518000	3016.550000	4000.000000	18000.000000	8000.000000	Trill	13.367650	-38.917513	0
675	Spectrogram 1	3	3019.320000	3019.706000	4000.000000	18000.000000	8000.000000	Trill	13.236601	-31.805045	0
676	Spectrogram 1	3	3023.820000	3026.360000	4000.000000	18000.000000	8000.000000	Phee	22.782827	-18.579258	0
677	Spectrogram 1	3	3042.852000	3042.896000	4000.000000	18000.000000	8000.000000	Trill	13.349908	-38.175013	0
678	Spectrogram 1	3	3060.162000	3060.242000	4000.000000	18000.000000	8000.000000	Trill	13.300762	-35.764825	0
679	Spectrogram 1	3	3066.354000	3066.386000	4000.000000	18000.000000	8000.000000	Trill	11.721698	-37.579431	1
680	Spectrogram 1	3	3085.620000	3085.664000	4000.000000	18000.000000	8000.000000	Trill	14.235950	-37.022780	0
681	Spectrogram 1	3	3086.490000	3086.540000	4000.000000	18000.000000	8000.000000	Trill	18.536847	-37.154043	0
682	Spectrogram 1	3	3092.196000	3092.228000	4000.000000	18000.000000	8000.000000	Phee	15.691438	-38.361163	0
683	Spectrogram 1	3	3121.402000	3121.476000	4000.000000	18000.000000	8000.000000	Trill	9.924046	-33.542595	1
684	Spectrogram 1	3	3121.540000	3121.620000	4000.000000	18000.000000	8000.000000	Trill	9.979298	-33.724691	1
685	Spectrogram 1	3	3121.678000	3121.746000	4000.000000	18000.000000	8000.000000	Trill	9.661852	-33.263628	1
686	Spectrogram 1	3	3121.798000	3121.884000	4000.000000	18000.000000	8000.000000	Trill	10.803142	-34.985395	1
687	Spectrogram 1	3	3147.466000	3147.690000	4000.000000	18000.000000	8000.000000	Trill	11.562310	-33.616465	1
688	Spectrogram 1	3	3147.856000	3147.948000	4000.000000	18000.000000	8000.000000	Phee	10.370724	-29.749162	1
689	Spectrogram 1	3	3148.948000	3148.998000	4000.000000	18000.000000	8000.000000	Trill	14.240544	-38.223032	0
690	Spectrogram 1	3	3151.042000	3151.104000	4000.000000	18000.000000	8000.000000	Trill	14.858984	-38.424072	0
691	Spectrogram 1	3	3154.696000	3154.728000	4000.000000	18000.000000	8000.000000	Trill	23.002130	-37.698666	0
692	Spectrogram 1	3	3169.714000	3169.770000	4000.000000	18000.000000	8000.000000	Trill	12.269857	-37.258820	0
693	Spectrogram 1	3	3200.468000	3200.674000	4000.000000	18000.000000	8000.000000	Trill	13.769980	-35.628727	0
694	Spectrogram 1	3	3206.726000	3206.758000	4000.000000	18000.000000	8000.000000	Trill	9.436318	-36.808102	1
695	Spectrogram 1	3	3208.994000	3209.092000	4000.000000	18000.000000	8000.000000	Trill	14.448057	-30.448792	0
696	Spectrogram 1	3	3209.228000	3209.350000	4000.000000	18000.000000	8000.000000	Trill	15.573953	-30.110917	0
697	Spectrogram 1	3	3209.462000	3209.536000	4000.000000	18000.000000	8000.000000	Trill	15.019764	-34.224946	0
698	Spectrogram 1	3	3214.220000	3214.264000	4000.000000	18000.000000	8000.000000	Trill	10.761791	-35.338166	1
699	Spectrogram 1	3	3220.154000	3220.186000	4000.000000	18000.000000	8000.000000	Trill	10.800757	-38.134668	1
700	Spectrogram 1	3	3220.922000	3220.984000	4000.000000	18000.000000	8000.000000	Trill	11.922632	-36.694326	1
701	Spectrogram 1	3	3223.820000	3223.864000	4000.000000	18000.000000	8000.000000	Trill	10.374096	-37.810531	1
702	Spectrogram 1	3	3246.380000	3246.412000	4000.000000	18000.000000	8000.000000	Trill	12.965693	-35.918959	0
703	Spectrogram 1	3	3296.888000	3296.968000	4000.000000	18000.000000	8000.000000	Trill	12.997545	-36.618543	0
704	Spectrogram 1	3	3331.380000	3331.412000	4000.000000	18000.000000	8000.000000	Trill	12.920664	-37.718572	0
705	Spectrogram 1	3	3339.318000	3339.350000	4000.000000	18000.000000	8000.000000	Trill	9.494176	-38.379063	1
706	Spectrogram 1	3	3371.478000	3371.510000	4000.000000	18000.000000	8000.000000	Trill	9.754194	-37.378044	1
707	Spectrogram 1	3	3371.622000	3371.660000	4000.000000	18000.000000	8000.000000	Trill	9.140434	-37.599298	1
708	Spectrogram 1	3	3376.044000	3376.076000	4000.000000	18000.000000	8000.000000	Trill	12.154436	-35.447614	0
709	Spectrogram 1	3	3378.360000	3378.392000	4000.000000	18000.000000	8000.000000	Phee	13.215257	-36.067221	0
710	Spectrogram 1	3	3379.014000	3379.046000	4000.000000	18000.000000	8000.000000	Trill	12.773405	-36.777681	0
711	Spectrogram 1	3	3389.118000	3389.186000	4000.000000	18000.000000	8000.000000	Trill	14.114963	-36.508837	0
712	Spectrogram 1	3	3390.846000	3390.884000	4000.000000	18000.000000	8000.000000	Trill	9.908315	-37.241036	1
713	Spectrogram 1	3	3411.142000	3411.210000	4000.000000	18000.000000	8000.000000	Trill	12.278436	-35.177052	0
714	Spectrogram 1	3	3411.328000	3411.378000	4000.000000	18000.000000	8000.000000	Trill	12.923216	-33.915921	0
715	Spectrogram 1	3	3411.556000	3411.606000	4000.000000	18000.000000	8000.000000	Trill	13.961733	-35.061282	0
716	Spectrogram 1	3	3413.374000	3413.424000	4000.000000	18000.000000	8000.000000	Trill	14.181999	-36.117439	0
717	Spectrogram 1	3	3413.584000	3413.634000	4000.000000	18000.000000	8000.000000	Trill	13.866719	-32.920963	0
718	Spectrogram 1	3	3413.722000	3413.778000	4000.000000	18000.000000	8000.000000	Trill	17.961526	-31.973948	0
719	Spectrogram 1	3	3413.878000	3413.940000	4000.000000	18000.000000	8000.000000	Trill	16.521575	-33.653830	0
720	Spectrogram 1	3	3414.016000	3414.090000	4000.000000	18000.000000	8000.000000	Trill	16.338480	-33.541836	0
721	Spectrogram 1	3	3414.172000	3414.252000	4000.000000	18000.000000	8000.000000	Trill	17.358689	-33.512982	0
722	Spectrogram 1	3	3414.484000	3414.558000	4000.000000	18000.000000	8000.000000	Trill	15.961487	-33.230386	0
723	Spectrogram 1	3	3430.168000	3430.200000	4000.000000	18000.000000	8000.000000	Trill	11.839137	-37.253899	1
724	Spectrogram 1	3	3436.522000	3436.626000	4000.000000	18000.000000	8000.000000	Trill	12.806993	-38.162911	0
725	Spectrogram 1	3	3453.544000	3453.588000	4000.000000	18000.000000	8000.000000	Trill	12.716318	-35.190243	0
726	Spectrogram 1	3	3468.586000	3468.648000	4000.000000	18000.000000	8000.000000	Trill	12.942189	-37.210395	0
727	Spectrogram 1	3	3469.972000	3470.052000	4000.000000	18000.000000	8000.000000	Trill	13.294803	-38.788743	0
728	Spectrogram 1	3	3480.082000	3480.120000	4000.000000	18000.000000	8000.000000	Trill	13.310840	-36.882847	0
729	Spectrogram 1	3	3489.598000	3489.684000	4000.000000	18000.000000	8000.000000	Trill	11.453589	-34.271659	1
730	Spectrogram 1	3	3490.258000	3490.344000	4000.000000	18000.000000	8000.000000	Trill	11.388980	-34.655643	1
731	Spectrogram 1	3	3490.420000	3490.524000	4000.000000	18000.000000	8000.000000	Trill	13.100598	-36.163931	0
732	Spectrogram 1	3	3490.744000	3490.812000	4000.000000	18000.000000	8000.000000	Trill	12.362273	-35.226721	0
733	Spectrogram 1	3	3492.196000	3492.240000	4000.000000	18000.000000	8000.000000	Trill	11.228503	-36.880626	1
734	Spectrogram 1	3	3498.496000	3498.582000	4000.000000	18000.000000	8000.000000	Trill	16.846038	-31.006572	0
735	Spectrogram 1	3	3498.670000	3498.714000	4000.000000	18000.000000	8000.000000	Trill	18.547089	-31.897232	0
736	Spectrogram 1	3	3498.826000	3498.948000	4000.000000	18000.000000	8000.000000	Trill	17.407361	-29.941218	0
737	Spectrogram 1	3	3499.018000	3499.080000	4000.000000	18000.000000	8000.000000	Trill	18.086157	-30.942794	0
738	Spectrogram 1	3	3499.324000	3499.410000	4000.000000	18000.000000	8000.000000	Trill	17.619305	-31.763347	0
739	Spectrogram 1	3	3500.042000	3500.092000	4000.000000	18000.000000	8000.000000	Trill	20.841337	-31.169502	0
740	Spectrogram 1	3	3527.132000	3527.188000	4000.000000	18000.000000	8000.000000	Trill	13.063283	-35.859222	0
741	Spectrogram 1	3	3528.272000	3528.304000	4000.000000	18000.000000	8000.000000	Phee	20.256229	-33.629027	0
742	Spectrogram 1	3	3545.750000	3546.010000	4000.000000	18000.000000	8000.000000	Trill	12.026839	-35.296143	0
743	Spectrogram 1	3	3550.310000	3550.444000	4000.000000	18000.000000	8000.000000	Trill	13.374374	-37.586080	0
744	Spectrogram 1	3	3550.592000	3550.660000	4000.000000	18000.000000	8000.000000	Phee	13.343817	-37.912589	0
745	Spectrogram 1	3	3551.726000	3551.758000	4000.000000	18000.000000	8000.000000	Trill	11.250465	-38.105548	1
746	Spectrogram 1	3	3553.118000	3553.228000	4000.000000	18000.000000	8000.000000	Trill	13.644319	-37.358386	0
747	Spectrogram 1	3	3554.318000	3554.356000	4000.000000	18000.000000	8000.000000	Trill	13.436119	-38.919888	0
748	Spectrogram 1	3	3557.282000	3557.314000	4000.000000	18000.000000	8000.000000	Trill	13.456034	-34.556640	0
749	Spectrogram 1	3	3560.882000	3560.920000	4000.000000	18000.000000	8000.000000	Trill	12.068534	-38.252323	0
750	Spectrogram 1	3	3561.038000	3561.070000	4000.000000	18000.000000	8000.000000	Trill	11.454938	-38.787270	1
751	Spectrogram 1	3	3561.194000	3561.232000	4000.000000	18000.000000	8000.000000	Trill	10.477838	-38.578843	1
752	Spectrogram 1	3	3561.368000	3561.406000	4000.000000	18000.000000	8000.000000	Trill	11.824750	-38.646718	1
753	Spectrogram 1	3	3561.554000	3561.586000	4000.000000	18000.000000	8000.000000	Trill	12.786698	-38.682771	0
754	Spectrogram 1	3	3563.936000	3563.992000	4000.000000	18000.000000	8000.000000	Phee	12.641223	-37.477768	0
755	Spectrogram 1	3	3572.132000	3572.164000	4000.000000	18000.000000	8000.000000	Trill	10.624217	-37.832711	1
756	Spectrogram 1	3	3572.438000	3572.476000	4000.000000	18000.000000	8000.000000	Phee	11.277774	-36.499349	1
757	Spectrogram 1	3	3576.572000	3576.622000	4000.000000	18000.000000	8000.000000	Trill	11.326667	-38.886851	1
758	Spectrogram 1	3	3584.474000	3584.512000	4000.000000	18000.000000	8000.000000	Trill	9.691230	-35.284717	1
759	Spectrogram 1	3	3584.600000	3584.644000	4000.000000	18000.000000	8000.000000	Trill	9.118917	-35.699050	1
760	Spectrogram 1	3	3584.720000	3584.764000	4000.000000	18000.000000	8000.000000	Trill	9.527168	-35.600798	1
761	Spectrogram 1	3	3584.846000	3584.896000	4000.000000	18000.000000	8000.000000	Trill	9.767706	-35.811181	1
762	Spectrogram 1	3	3588.044000	3588.094000	4000.000000	18000.000000	8000.000000	Trill	9.832816	-36.970935	1
763	Spectrogram 1	3	3590.870000	3590.908000	4000.000000	18000.000000	8000.000000	Trill	9.588183	-37.342524	1
764	Spectrogram 1	3	3591.002000	3591.034000	4000.000000	18000.000000	8000.000000	Trill	10.984434	-37.781985	1
765	Spectrogram 1	3	3591.128000	3591.202000	4000.000000	18000.000000	8000.000000	Trill	11.185432	-38.027412	1
766	Spectrogram 1	3	3591.278000	3591.310000	4000.000000	18000.000000	8000.000000	Trill	10.107350	-37.729160	1
767	Spectrogram 1	3	3591.428000	3591.460000	4000.000000	18000.000000	8000.000000	Trill	10.244097	-37.585074	1
768	Spectrogram 1	3	3591.590000	3591.622000	4000.000000	18000.000000	8000.000000	Trill	11.817634	-37.807692	1
769	Spectrogram 1	3	3592.160000	3592.210000	4000.000000	18000.000000	8000.000000	Trill	12.396952	-34.601255	0
770	Spectrogram 1	3	3592.250000	3592.282000	4000.000000	18000.000000	8000.000000	Trill	11.903123	-37.443722	1
771	Spectrogram 1	3	3592.412000	3592.450000	4000.000000	18000.000000	8000.000000	Trill	12.282557	-38.186117	0
772	Spectrogram 1	3	3592.604000	3592.636000	4000.000000	18000.000000	8000.000000	Trill	11.389567	-37.826711	1
773	Spectrogram 1	3	3592.754000	3592.792000	4000.000000	18000.000000	8000.000000	Trill	10.363502	-37.556520	1
774	Spectrogram 1	3	3592.880000	3592.996000	4000.000000	18000.000000	8000.000000	Trill	9.040975	-35.831212	1
775	Spectrogram 1	3	3593.270000	3593.302000	4000.000000	18000.000000	8000.000000	Trill	11.247105	-37.974321	1
776	Spectrogram 1	3	3593.630000	3593.662000	4000.000000	18000.000000	8000.000000	Trill	10.779864	-38.070653	1
777	Spectrogram 1	3	3605.436000	3605.462000	4000.000000	18000.000000	8000.000000	Trill	14.940311	-37.825073	0
778	Spectrogram 1	3	3606.012000	3606.086000	4000.000000	18000.000000	8000.000000	Phee	16.593781	-38.535217	0
779	Spectrogram 1	3	3613.392000	3613.436000	4000.000000	18000.000000	8000.000000	Trill	9.752949	-37.451678	1
780	Spectrogram 1	3	3621.744000	3621.800000	4000.000000	18000.000000	8000.000000	Trill	9.709523	-37.534685	1
781	Spectrogram 1	3	3627.354000	3627.884000	4000.000000	18000.000000	8000.000000	Trill	11.486951	-33.408359	1
782	Spectrogram 1	3	3630.684000	3630.776000	4000.000000	18000.000000	8000.000000	Trill	13.639501	-35.301616	0
783	Spectrogram 1	3	3637.266000	3637.346000	4000.000000	18000.000000	8000.000000	Trill	10.095420	-38.593727	1
784	Spectrogram 1	3	3637.434000	3637.490000	4000.000000	18000.000000	8000.000000	Trill	9.167425	-38.399607	1
785	Spectrogram 1	3	3638.742000	3638.774000	4000.000000	18000.000000	8000.000000	Trill	12.701296	-37.089931	0
786	Spectrogram 1	3	3640.098000	3640.172000	4000.000000	18000.000000	8000.000000	Trill	10.113431	-33.432326	1
787	Spectrogram 1	3	3640.242000	3640.304000	4000.000000	18000.000000	8000.000000	Trill	9.892690	-33.481311	1
788	Spectrogram 1	3	3640.500000	3640.598000	4000.000000	18000.000000	8000.000000	Trill	9.369397	-34.812845	1
789	Spectrogram 1	3	3640.938000	3641.012000	4000.000000	18000.000000	8000.000000	Trill	10.034433	-34.373037	1
790	Spectrogram 1	3	3641.082000	3641.156000	4000.000000	18000.000000	8000.000000	Trill	9.401825	-34.075276	1
791	Spectrogram 1	3	3641.220000	3641.288000	4000.000000	18000.000000	8000.000000	Trill	10.322185	-34.463232	1
792	Spectrogram 1	3	3641.352000	3641.420000	4000.000000	18000.000000	8000.000000	Trill	11.016821	-35.597039	1
793	Spectrogram 1	3	3643.212000	3643.298000	4000.000000	18000.000000	8000.000000	Trill	12.750699	-38.545002	0
