Selection	View	Channel	Begin Time (s)	End Time (s)	Low Freq (Hz)	High Freq (Hz)	Max Freq (Hz)	Call Type	Energy Diff	Energy Par	Energy Diff (wl)	Energy Par (wl)	AHR	Exception
1	Spectrogram 1	1	2.370000	3.900000	4000.000000	18000.000000	8000.000000	Trill	5.420190	27.913427	NaN	NaN	81.711076	0.000000
2	Spectrogram 1	1	4.890000	4.920000	4000.000000	18000.000000	8000.000000	Sd-peep	4.786952	9.154588	NaN	NaN	66.630990	0.000000
3	Spectrogram 1	1	15.670000	15.740000	4000.000000	18000.000000	8000.000000	Trill	7.897312	10.849965	NaN	NaN	28.917713	0.000000
4	Spectrogram 1	1	30.730000	30.750000	4000.000000	18000.000000	8000.000000	Sd-peep	11.991886	13.145011	NaN	NaN	34.212424	0.000000
5	Spectrogram 1	1	61.490000	62.510000	4000.000000	18000.000000	8000.000000	Trill	16.364191	30.000000	NaN	NaN	59.783517	0.000000
6	Spectrogram 1	1	62.630000	62.970000	4000.000000	18000.000000	8000.000000	Trill	13.962733	30.000000	NaN	NaN	90.134267	0.000000
7	Spectrogram 1	1	63.080000	63.340000	4000.000000	18000.000000	8000.000000	Trill	12.875842	25.815252	NaN	NaN	147.720933	0.000000
8	Spectrogram 1	1	65.980000	66.650000	4000.000000	18000.000000	8000.000000	Trill	13.519080	29.842594	NaN	NaN	69.226219	0.000000
9	Spectrogram 1	1	66.740000	67.240000	4000.000000	18000.000000	8000.000000	Trill	13.535740	30.000000	NaN	NaN	68.302396	0.000000
10	Spectrogram 1	1	67.320000	68.180000	4000.000000	18000.000000	8000.000000	Trill	12.574011	29.239942	NaN	NaN	73.777771	0.000000
11	Spectrogram 1	1	70.410000	72.470000	4000.000000	18000.000000	8000.000000	Trill	7.571131	23.764599	NaN	NaN	55.392546	0.000000
12	Spectrogram 1	1	72.510000	72.860000	4000.000000	18000.000000	8000.000000	Trill	5.871056	21.675887	NaN	NaN	40.270678	0.000000
13	Spectrogram 1	1	75.110000	75.270000	4000.000000	18000.000000	8000.000000	Phee	6.041182	12.352758	NaN	NaN	30.689225	0.000000
14	Spectrogram 1	1	75.880000	76.540000	4000.000000	18000.000000	8000.000000	Trill	9.322748	29.518759	NaN	NaN	56.476032	0.000000
15	Spectrogram 1	1	76.600000	77.320000	4000.000000	18000.000000	8000.000000	Trill	10.106300	30.000000	NaN	NaN	59.403380	0.000000
16	Spectrogram 1	1	77.360000	77.900000	4000.000000	18000.000000	8000.000000	Trill	11.167636	30.000000	NaN	NaN	64.560281	0.000000
17	Spectrogram 1	1	77.950000	78.480000	4000.000000	18000.000000	8000.000000	Trill	12.022132	29.080894	NaN	NaN	88.841822	0.000000
18	Spectrogram 1	1	81.370000	81.750000	4000.000000	18000.000000	8000.000000	Trill	6.130955	21.007792	NaN	NaN	36.738010	0.000000
19	Spectrogram 1	1	89.220000	89.880000	4000.000000	18000.000000	8000.000000	Trill	10.737715	30.000000	NaN	NaN	63.196317	0.000000
20	Spectrogram 1	1	89.930000	90.680000	4000.000000	18000.000000	8000.000000	Trill	12.636879	30.000000	NaN	NaN	68.330017	0.000000
21	Spectrogram 1	1	90.780000	92.280000	4000.000000	18000.000000	8000.000000	Trill	10.982481	29.333531	NaN	NaN	77.462176	0.000000
22	Spectrogram 1	1	92.320000	92.700000	4000.000000	18000.000000	8000.000000	Trill	5.633299	16.409861	NaN	NaN	72.989601	0.000000
23	Spectrogram 1	1	93.700000	94.070000	4000.000000	18000.000000	8000.000000	Trill	8.355094	20.556910	NaN	NaN	38.001732	0.000000
24	Spectrogram 1	1	94.200000	95.160000	4000.000000	18000.000000	8000.000000	Trill	9.804493	30.000000	NaN	NaN	58.781058	0.000000
25	Spectrogram 1	1	95.230000	95.850000	4000.000000	18000.000000	8000.000000	Trill	9.881005	30.000000	NaN	NaN	66.631447	0.000000
26	Spectrogram 1	1	95.890000	96.340000	4000.000000	18000.000000	8000.000000	Trill	9.984125	30.000000	NaN	NaN	63.930541	0.000000
27	Spectrogram 1	1	96.380000	97.120000	4000.000000	18000.000000	8000.000000	Trill	8.723242	23.568938	NaN	NaN	68.135320	0.000000
28	Spectrogram 1	1	97.490000	97.890000	4000.000000	18000.000000	8000.000000	Trill	5.195804	17.172051	NaN	NaN	31.220383	0.000000
29	Spectrogram 1	1	97.950000	97.990000	4000.000000	18000.000000	8000.000000	Trill	11.750302	13.959781	NaN	NaN	48.687932	0.000000
30	Spectrogram 1	1	108.820000	108.860000	4000.000000	18000.000000	8000.000000	Trillphee	9.054847	15.093414	NaN	NaN	37.696139	0.000000
31	Spectrogram 1	1	108.950000	108.980000	4000.000000	18000.000000	8000.000000	Trill	4.994074	10.361789	NaN	NaN	34.072839	0.000000
32	Spectrogram 1	1	112.420000	113.680000	4000.000000	18000.000000	8000.000000	Trill	8.627175	29.754790	NaN	NaN	69.078556	0.000000
33	Spectrogram 1	1	113.800000	114.240000	4000.000000	18000.000000	8000.000000	Trill	9.251336	30.000000	NaN	NaN	85.973870	0.000000
34	Spectrogram 1	1	114.360000	114.730000	4000.000000	18000.000000	8000.000000	Trill	10.031410	30.000000	NaN	NaN	104.515045	0.000000
35	Spectrogram 1	1	121.660000	122.010000	4000.000000	18000.000000	8000.000000	Trill	4.685795	19.607968	NaN	NaN	31.942564	0.000000
36	Spectrogram 1	1	123.410000	123.560000	4000.000000	18000.000000	8000.000000	Sd-peep	7.730339	26.934811	NaN	NaN	31.661675	0.000000
37	Spectrogram 1	1	123.840000	124.060000	4000.000000	18000.000000	8000.000000	Sd-peep	6.037077	19.945656	NaN	NaN	43.817072	0.000000
38	Spectrogram 1	1	131.880000	132.100000	4000.000000	18000.000000	8000.000000	Trill	7.597731	19.806568	NaN	NaN	44.833492	0.000000
39	Spectrogram 1	1	132.260000	132.560000	4000.000000	18000.000000	8000.000000	Trill	6.428776	17.517088	NaN	NaN	57.615762	0.000000
40	Spectrogram 1	1	132.700000	132.850000	4000.000000	18000.000000	8000.000000	Sd-peep	7.726691	20.584092	NaN	NaN	50.714024	0.000000
41	Spectrogram 1	1	140.610000	141.240000	4000.000000	18000.000000	8000.000000	Trill	8.390612	24.149732	NaN	NaN	56.061977	0.000000
42	Spectrogram 1	1	141.360000	141.880000	4000.000000	18000.000000	8000.000000	Trill	9.620348	30.000000	NaN	NaN	87.682608	0.000000
43	Spectrogram 1	1	141.980000	143.350000	4000.000000	18000.000000	8000.000000	Trill	6.517400	22.369334	NaN	NaN	50.714458	0.000000
44	Spectrogram 1	1	152.690000	152.990000	4000.000000	18000.000000	8000.000000	Trill	4.198361	12.245246	NaN	NaN	38.240080	0.000000
45	Spectrogram 1	1	153.060000	153.200000	4000.000000	18000.000000	8000.000000	Sd-peep	8.755487	20.448032	NaN	NaN	57.094235	0.000000
46	Spectrogram 1	1	153.320000	153.430000	4000.000000	18000.000000	8000.000000	Sd-peep	9.013166	20.285119	NaN	NaN	50.875060	0.000000
47	Spectrogram 1	1	159.780000	160.470000	4000.000000	18000.000000	8000.000000	Trill	7.672532	23.187237	NaN	NaN	79.139965	0.000000
48	Spectrogram 1	1	160.580000	161.160000	4000.000000	18000.000000	8000.000000	Trill	9.217450	30.000000	NaN	NaN	78.790480	0.000000
49	Spectrogram 1	1	161.220000	161.750000	4000.000000	18000.000000	8000.000000	Trill	8.346698	28.848896	NaN	NaN	62.488256	0.000000
50	Spectrogram 1	1	161.800000	162.990000	4000.000000	18000.000000	8000.000000	Trill	6.218697	20.804474	NaN	NaN	52.275622	0.000000
51	Spectrogram 1	1	166.240000	166.320000	4000.000000	18000.000000	8000.000000	Sd-peep	9.312781	29.670357	NaN	NaN	68.277288	0.000000
52	Spectrogram 1	1	166.770000	166.920000	4000.000000	18000.000000	8000.000000	Sd-peep	8.356321	22.994556	NaN	NaN	60.497583	0.000000
53	Spectrogram 1	1	167.070000	167.250000	4000.000000	18000.000000	8000.000000	Trill	5.875551	21.635991	NaN	NaN	47.918478	0.000000
54	Spectrogram 1	1	168.110000	168.280000	4000.000000	18000.000000	8000.000000	Sd-peep	6.862589	23.344670	NaN	NaN	35.985287	0.000000
55	Spectrogram 1	1	168.390000	168.470000	4000.000000	18000.000000	8000.000000	Sd-peep	12.617880	24.188597	NaN	NaN	86.784772	0.000000
56	Spectrogram 1	1	168.820000	168.920000	4000.000000	18000.000000	8000.000000	Sd-peep	8.294209	18.279032	NaN	NaN	41.434951	0.000000
57	Spectrogram 1	1	171.010000	171.450000	4000.000000	18000.000000	8000.000000	Sd-peep	8.286409	24.830425	NaN	NaN	44.759246	0.000000
58	Spectrogram 1	1	171.490000	171.540000	4000.000000	18000.000000	8000.000000	Trill	11.613014	14.941472	NaN	NaN	32.673667	0.000000
59	Spectrogram 1	1	171.630000	171.670000	4000.000000	18000.000000	8000.000000	Trillphee	10.188907	13.425327	NaN	NaN	46.052211	0.000000
60	Spectrogram 1	1	173.420000	176.050000	4000.000000	18000.000000	8000.000000	Trill	6.003449	20.860486	NaN	NaN	34.400148	0.000000
61	Spectrogram 1	1	179.790000	179.850000	4000.000000	18000.000000	8000.000000	Trill	5.077684	9.434060	NaN	NaN	30.722850	0.000000
62	Spectrogram 1	1	179.950000	179.980000	4000.000000	18000.000000	8000.000000	Sd-peep	11.134764	20.895521	NaN	NaN	29.628743	0.000000
63	Spectrogram 1	1	181.170000	181.730000	4000.000000	18000.000000	8000.000000	Trill	6.199126	20.365891	NaN	NaN	33.142284	0.000000
64	Spectrogram 1	1	182.050000	182.180000	4000.000000	18000.000000	8000.000000	Sd-peep	10.147579	23.690549	NaN	NaN	61.510916	0.000000
65	Spectrogram 1	1	194.900000	195.790000	4000.000000	18000.000000	8000.000000	Trill	4.144424	17.117839	NaN	NaN	32.704157	0.000000
66	Spectrogram 1	1	195.960000	196.280000	4000.000000	18000.000000	8000.000000	Trill	4.182172	14.993674	NaN	NaN	38.104015	0.000000
67	Spectrogram 1	1	219.270000	219.430000	4000.000000	18000.000000	8000.000000	Sd-peep	6.994239	20.026255	NaN	NaN	44.330865	0.000000
68	Spectrogram 1	1	220.590000	220.700000	4000.000000	18000.000000	8000.000000	Sd-peep	6.566375	22.381946	NaN	NaN	40.334662	0.000000
69	Spectrogram 1	1	230.270000	230.320000	4000.000000	18000.000000	8000.000000	Trill	6.727505	13.651624	NaN	NaN	33.514580	0.000000
70	Spectrogram 1	1	250.780000	251.290000	4000.000000	18000.000000	8000.000000	Trill	10.514813	30.000000	NaN	NaN	112.375209	0.000000
71	Spectrogram 1	1	251.420000	252.040000	4000.000000	18000.000000	8000.000000	Trill	9.275433	30.000000	NaN	NaN	66.685849	0.000000
72	Spectrogram 1	1	252.080000	252.730000	4000.000000	18000.000000	8000.000000	Trill	8.660046	28.721965	NaN	NaN	63.661362	0.000000
73	Spectrogram 1	1	252.770000	253.540000	4000.000000	18000.000000	8000.000000	Trill	6.345548	25.684914	NaN	NaN	55.814132	0.000000
74	Spectrogram 1	1	267.660000	267.980000	4000.000000	18000.000000	8000.000000	Trill	7.863937	21.235559	NaN	NaN	43.314333	0.000000
75	Spectrogram 1	1	280.200000	280.380000	4000.000000	18000.000000	8000.000000	Sd-peep	6.674971	19.288578	NaN	NaN	38.017600	0.000000
76	Spectrogram 1	1	284.280000	284.410000	4000.000000	18000.000000	8000.000000	Sd-peep	9.224436	26.384027	NaN	NaN	52.375735	0.000000
77	Spectrogram 1	1	284.620000	284.890000	4000.000000	18000.000000	8000.000000	Trill	5.025702	15.453650	NaN	NaN	39.135192	0.000000
78	Spectrogram 1	1	287.710000	287.900000	4000.000000	18000.000000	8000.000000	Sd-peep	7.776356	22.343217	NaN	NaN	70.416734	0.000000
79	Spectrogram 1	1	288.340000	288.480000	4000.000000	18000.000000	8000.000000	Sd-peep	11.257089	26.090667	NaN	NaN	73.049829	0.000000
80	Spectrogram 1	1	294.280000	294.310000	4000.000000	18000.000000	8000.000000	Sd-peep	5.388332	8.592116	NaN	NaN	33.491532	0.000000
81	Spectrogram 1	1	303.350000	303.890000	4000.000000	18000.000000	8000.000000	Trill	9.820285	25.524905	NaN	NaN	81.582153	0.000000
82	Spectrogram 1	1	303.980000	304.460000	4000.000000	18000.000000	8000.000000	Trill	12.258957	30.000000	NaN	NaN	90.397555	0.000000
83	Spectrogram 1	1	304.560000	305.000000	4000.000000	18000.000000	8000.000000	Trill	7.575662	24.496138	NaN	NaN	53.522035	0.000000
84	Spectrogram 1	1	305.070000	305.490000	4000.000000	18000.000000	8000.000000	Trill	7.810996	24.430281	NaN	NaN	48.199000	0.000000
85	Spectrogram 1	1	305.570000	305.810000	4000.000000	18000.000000	8000.000000	Trill	11.640436	24.493539	NaN	NaN	99.747213	0.000000
86	Spectrogram 1	1	312.920000	313.190000	4000.000000	18000.000000	8000.000000	Trillphee	4.070242	10.112735	NaN	NaN	36.802714	0.000000
87	Spectrogram 1	1	330.920000	331.070000	4000.000000	18000.000000	8000.000000	Sd-peep	6.093238	22.799193	NaN	NaN	34.257791	0.000000
88	Spectrogram 1	1	331.140000	332.380000	4000.000000	18000.000000	8000.000000	Trill	9.997501	29.478697	NaN	NaN	69.356568	0.000000
89	Spectrogram 1	1	332.470000	333.640000	4000.000000	18000.000000	8000.000000	Trill	6.888740	25.877235	NaN	NaN	58.103140	0.000000
90	Spectrogram 1	1	338.010000	338.060000	4000.000000	18000.000000	8000.000000	Trill	6.900839	8.769438	NaN	NaN	30.171315	0.000000
91	Spectrogram 1	1	360.250000	360.320000	4000.000000	18000.000000	8000.000000	Trill	5.142493	10.347367	NaN	NaN	31.317488	0.000000
92	Spectrogram 1	1	388.280000	388.400000	4000.000000	18000.000000	8000.000000	Sd-peep	5.681411	15.494921	NaN	NaN	41.935972	0.000000
93	Spectrogram 1	1	414.010000	414.170000	4000.000000	18000.000000	8000.000000	Sd-peep	5.967355	22.004572	NaN	NaN	40.748680	0.000000
94	Spectrogram 1	1	414.210000	414.540000	4000.000000	18000.000000	8000.000000	Trill	5.316215	16.961678	NaN	NaN	36.973179	0.000000
95	Spectrogram 1	1	415.010000	415.180000	4000.000000	18000.000000	8000.000000	Trill	6.680087	20.137165	NaN	NaN	41.646135	0.000000
96	Spectrogram 1	1	430.340000	430.630000	4000.000000	18000.000000	8000.000000	Trill	6.715102	18.616145	NaN	NaN	50.892891	0.000000
97	Spectrogram 1	1	430.980000	431.100000	4000.000000	18000.000000	8000.000000	Sd-peep	9.412717	23.317681	NaN	NaN	64.431568	0.000000
98	Spectrogram 1	1	431.200000	431.340000	4000.000000	18000.000000	8000.000000	Trill	7.176082	19.270216	NaN	NaN	48.081411	0.000000
99	Spectrogram 1	1	441.820000	441.840000	4000.000000	18000.000000	8000.000000	Sd-peep	4.277299	11.997708	NaN	NaN	46.158479	0.000000
100	Spectrogram 1	1	478.530000	479.980000	4000.000000	18000.000000	8000.000000	Trill	7.652679	26.074872	NaN	NaN	56.906448	0.000000
101	Spectrogram 1	1	480.010000	480.850000	4000.000000	18000.000000	8000.000000	Trill	9.114508	27.444344	NaN	NaN	68.502388	0.000000
102	Spectrogram 1	1	480.900000	480.930000	4000.000000	18000.000000	8000.000000	Trill	10.407003	18.305517	NaN	NaN	97.677525	0.000000
103	Spectrogram 1	1	571.340000	571.500000	4000.000000	18000.000000	8000.000000	Trill	4.082387	12.137592	NaN	NaN	43.581745	0.000000
104	Spectrogram 1	1	583.410000	583.510000	4000.000000	18000.000000	8000.000000	Phee	4.091333	9.682243	NaN	NaN	46.551666	0.000000
105	Spectrogram 1	1	593.060000	593.120000	4000.000000	18000.000000	8000.000000	Phee	4.727477	25.103295	NaN	NaN	53.894050	0.000000
106	Spectrogram 1	1	625.970000	625.990000	4000.000000	18000.000000	8000.000000	Sd-peep	6.609246	15.830322	NaN	NaN	63.263251	0.000000
107	Spectrogram 1	1	654.250000	654.290000	4000.000000	18000.000000	8000.000000	Trill	4.901016	7.960629	NaN	NaN	31.472035	0.000000
108	Spectrogram 1	1	658.110000	658.160000	4000.000000	18000.000000	8000.000000	Trill	4.709198	6.923680	NaN	NaN	30.922601	0.000000
109	Spectrogram 1	1	666.920000	667.030000	4000.000000	18000.000000	8000.000000	Trill	5.056526	8.778372	NaN	NaN	38.648063	0.000000
110	Spectrogram 1	1	684.340000	684.620000	4000.000000	18000.000000	8000.000000	Trill	4.703258	12.840203	NaN	NaN	33.902615	0.000000
111	Spectrogram 1	1	685.690000	685.740000	4000.000000	18000.000000	8000.000000	Phee	9.154896	9.601726	NaN	NaN	30.575806	0.000000
112	Spectrogram 1	1	686.930000	687.010000	4000.000000	18000.000000	8000.000000	Twitter	11.776820	26.488786	NaN	NaN	80.797940	0.000000
113	Spectrogram 1	1	687.100000	688.000000	4000.000000	18000.000000	8000.000000	Twitter	9.804713	24.914822	NaN	NaN	45.088613	0.000000
114	Spectrogram 1	1	688.050000	688.680000	4000.000000	18000.000000	8000.000000	Trill	15.063762	30.000000	NaN	NaN	165.387607	0.000000
115	Spectrogram 1	1	688.810000	689.300000	4000.000000	18000.000000	8000.000000	Trill	15.192545	30.000000	NaN	NaN	149.201235	0.000000
116	Spectrogram 1	1	689.460000	690.120000	4000.000000	18000.000000	8000.000000	Trillphee	11.013907	24.774972	NaN	NaN	118.529202	0.000000
117	Spectrogram 1	1	809.210000	809.250000	4000.000000	18000.000000	8000.000000	Trill	11.016484	10.707864	NaN	NaN	29.672907	0.000000
118	Spectrogram 1	1	809.500000	809.560000	4000.000000	18000.000000	8000.000000	Trillphee	8.216305	9.258446	NaN	NaN	29.766777	0.000000
119	Spectrogram 1	1	845.490000	845.550000	4000.000000	18000.000000	8000.000000	Trillphee	4.825603	8.980150	NaN	NaN	47.873612	0.000000
120	Spectrogram 1	1	880.840000	880.980000	4000.000000	18000.000000	8000.000000	Phee	5.448047	12.006781	NaN	NaN	39.603898	0.000000
121	Spectrogram 1	1	905.140000	905.160000	4000.000000	18000.000000	8000.000000	Sd-peep	10.204916	10.834096	NaN	NaN	32.837044	0.000000
122	Spectrogram 1	1	927.950000	928.110000	4000.000000	18000.000000	8000.000000	Trill	7.056461	29.055363	NaN	NaN	117.496566	0.000000
123	Spectrogram 1	1	928.990000	929.420000	4000.000000	18000.000000	8000.000000	Trill	4.608933	26.324257	NaN	NaN	97.929625	0.000000
124	Spectrogram 1	1	965.820000	966.440000	4000.000000	18000.000000	8000.000000	Trill	12.557026	29.384897	NaN	NaN	103.002850	0.000000
125	Spectrogram 1	1	973.900000	973.950000	4000.000000	18000.000000	8000.000000	Trill	10.846975	11.461553	NaN	NaN	31.298235	0.000000
126	Spectrogram 1	1	1012.750000	1013.740000	4000.000000	18000.000000	8000.000000	Phee	4.005342	28.321523	NaN	NaN	42.911193	0.000000
127	Spectrogram 1	1	1032.020000	1032.090000	4000.000000	18000.000000	8000.000000	Trill	4.838510	8.504408	NaN	NaN	39.574171	0.000000
128	Spectrogram 1	1	1067.140000	1067.950000	4000.000000	18000.000000	8000.000000	Trill	13.982474	30.000000	NaN	NaN	154.053507	0.000000
129	Spectrogram 1	1	1068.080000	1068.630000	4000.000000	18000.000000	8000.000000	Trill	13.868225	30.000000	NaN	NaN	151.780400	0.000000
130	Spectrogram 1	1	1089.000000	1089.050000	4000.000000	18000.000000	8000.000000	Trill	10.602173	14.771134	NaN	NaN	32.814797	0.000000
131	Spectrogram 1	1	1114.230000	1114.360000	4000.000000	18000.000000	8000.000000	Trill	8.548695	10.631727	NaN	NaN	32.040033	0.000000
132	Spectrogram 1	1	1119.690000	1119.710000	4000.000000	18000.000000	8000.000000	Sd-peep	6.882064	8.738708	NaN	NaN	29.333239	0.000000
133	Spectrogram 1	1	1129.540000	1129.610000	4000.000000	18000.000000	8000.000000	Phee	4.079209	12.125771	NaN	NaN	64.275311	0.000000
134	Spectrogram 1	1	1131.190000	1132.640000	4000.000000	18000.000000	8000.000000	Twitter	6.988297	24.327552	NaN	NaN	40.003407	0.000000
135	Spectrogram 1	1	1132.750000	1132.810000	4000.000000	18000.000000	8000.000000	Trill	10.990635	16.935375	NaN	NaN	107.922449	0.000000
136	Spectrogram 1	1	1144.550000	1144.690000	4000.000000	18000.000000	8000.000000	Trillphee	7.315984	11.731804	NaN	NaN	32.279334	0.000000
137	Spectrogram 1	1	1149.670000	1149.740000	4000.000000	18000.000000	8000.000000	Trill	9.069985	13.381819	NaN	NaN	31.179973	0.000000
138	Spectrogram 1	1	1172.420000	1172.480000	4000.000000	18000.000000	8000.000000	Trill	11.475858	12.787128	NaN	NaN	31.160197	0.000000
139	Spectrogram 1	1	1174.620000	1174.640000	4000.000000	18000.000000	8000.000000	Sd-peep	10.196061	10.517240	NaN	NaN	35.621343	0.000000
140	Spectrogram 1	1	1175.880000	1175.910000	4000.000000	18000.000000	8000.000000	Trill	9.433184	9.205203	NaN	NaN	28.814441	0.000000
141	Spectrogram 1	1	1189.950000	1190.070000	4000.000000	18000.000000	8000.000000	Twitter	9.288977	24.834972	NaN	NaN	79.805468	0.000000
142	Spectrogram 1	1	1190.140000	1191.020000	4000.000000	18000.000000	8000.000000	Twitter	9.942426	24.890388	NaN	NaN	50.065154	0.000000
143	Spectrogram 1	1	1191.080000	1191.750000	4000.000000	18000.000000	8000.000000	Trill	15.391253	30.000000	NaN	NaN	116.246922	0.000000
144	Spectrogram 1	1	1191.960000	1192.530000	4000.000000	18000.000000	8000.000000	Trill	14.346459	30.000000	NaN	NaN	110.447909	0.000000
145	Spectrogram 1	1	1192.680000	1193.200000	4000.000000	18000.000000	8000.000000	Trill	12.894018	30.000000	NaN	NaN	140.896182	0.000000
146	Spectrogram 1	1	1196.490000	1196.530000	4000.000000	18000.000000	8000.000000	Trill	7.188644	8.196710	NaN	NaN	29.507522	0.000000
147	Spectrogram 1	1	1235.970000	1236.510000	4000.000000	18000.000000	8000.000000	Trill	13.150660	28.304875	NaN	NaN	111.590947	0.000000
148	Spectrogram 1	1	1298.870000	1298.970000	4000.000000	18000.000000	8000.000000	Twitter	9.978804	29.503997	NaN	NaN	88.552600	0.000000
149	Spectrogram 1	1	1299.030000	1300.470000	4000.000000	18000.000000	8000.000000	Twitter	7.630307	26.657952	NaN	NaN	37.196735	0.000000
150	Spectrogram 1	1	1302.830000	1303.610000	4000.000000	18000.000000	8000.000000	Trill	12.448533	30.000000	NaN	NaN	105.890388	0.000000
151	Spectrogram 1	1	1303.690000	1304.120000	4000.000000	18000.000000	8000.000000	Trill	13.068653	30.000000	NaN	NaN	116.808081	0.000000
152	Spectrogram 1	1	1304.260000	1304.340000	4000.000000	18000.000000	8000.000000	Trill	7.243648	17.468893	NaN	NaN	98.801982	0.000000
153	Spectrogram 1	1	1309.470000	1309.550000	4000.000000	18000.000000	8000.000000	Trill	9.088941	10.977542	NaN	NaN	30.049368	0.000000
154	Spectrogram 1	1	1354.060000	1354.130000	4000.000000	18000.000000	8000.000000	Trill	4.547988	9.131589	NaN	NaN	54.850990	0.000000
155	Spectrogram 1	1	1365.920000	1365.970000	4000.000000	18000.000000	8000.000000	Trill	4.489884	17.496125	NaN	NaN	85.271450	0.000000
156	Spectrogram 1	1	1382.320000	1382.400000	4000.000000	18000.000000	8000.000000	Trillphee	4.756478	13.973339	NaN	NaN	31.481333	0.000000
157	Spectrogram 1	1	1450.510000	1452.780000	4000.000000	18000.000000	8000.000000	Trill	12.211062	29.057790	NaN	NaN	50.428388	0.000000
158	Spectrogram 1	1	1452.820000	1454.130000	4000.000000	18000.000000	8000.000000	Trill	14.247502	30.000000	NaN	NaN	74.716803	0.000000
159	Spectrogram 1	1	1468.420000	1468.700000	4000.000000	18000.000000	8000.000000	Trill	4.851844	10.955657	NaN	NaN	69.265754	0.000000
160	Spectrogram 1	1	1472.580000	1472.610000	4000.000000	18000.000000	8000.000000	Phee	5.262905	6.930387	NaN	NaN	51.807895	0.000000
161	Spectrogram 1	1	1494.580000	1497.600000	4000.000000	18000.000000	8000.000000	Trill	11.098815	27.780072	NaN	NaN	55.503414	0.000000
162	Spectrogram 1	1	1497.710000	1498.470000	4000.000000	18000.000000	8000.000000	Trill	12.139516	28.665402	NaN	NaN	58.289780	0.000000
163	Spectrogram 1	1	1498.530000	1499.420000	4000.000000	18000.000000	8000.000000	Trill	10.392604	26.143734	NaN	NaN	63.375051	0.000000
164	Spectrogram 1	1	1506.160000	1506.860000	4000.000000	18000.000000	8000.000000	Trill	6.193518	19.057960	NaN	NaN	38.341231	0.000000
165	Spectrogram 1	1	1506.930000	1507.070000	4000.000000	18000.000000	8000.000000	Trill	7.607780	16.651513	NaN	NaN	60.949391	0.000000
166	Spectrogram 1	1	1507.210000	1507.280000	4000.000000	18000.000000	8000.000000	Sd-peep	9.716732	21.670439	NaN	NaN	55.452539	0.000000
167	Spectrogram 1	1	1516.980000	1517.100000	4000.000000	18000.000000	8000.000000	Trill	6.933723	12.916840	NaN	NaN	29.766191	0.000000
168	Spectrogram 1	1	1535.780000	1535.810000	4000.000000	18000.000000	8000.000000	Twitter	4.717145	12.383488	NaN	NaN	48.380890	0.000000
169	Spectrogram 1	1	1546.140000	1546.470000	4000.000000	18000.000000	8000.000000	Trill	5.127543	10.282713	NaN	NaN	67.095917	0.000000
170	Spectrogram 1	1	1555.770000	1555.880000	4000.000000	18000.000000	8000.000000	Twitter	13.528939	30.653920	NaN	NaN	106.064570	0.000000
171	Spectrogram 1	1	1555.930000	1557.840000	4000.000000	18000.000000	8000.000000	Twitter	11.400662	29.363171	NaN	NaN	63.861433	0.000000
172	Spectrogram 1	1	1558.010000	1558.740000	4000.000000	18000.000000	8000.000000	Trill	13.672254	30.000000	NaN	NaN	79.261784	0.000000
173	Spectrogram 1	1	1558.810000	1559.440000	4000.000000	18000.000000	8000.000000	Trill	13.286663	30.000000	NaN	NaN	85.198571	0.000000
174	Spectrogram 1	1	1600.890000	1600.950000	4000.000000	18000.000000	8000.000000	Phee	4.937230	15.933763	NaN	NaN	73.393464	0.000000
175	Spectrogram 1	1	1602.330000	1602.540000	4000.000000	18000.000000	8000.000000	Trill	12.101206	23.709760	NaN	NaN	93.714583	0.000000
176	Spectrogram 1	1	1602.600000	1602.920000	4000.000000	18000.000000	8000.000000	Trill	12.941538	20.566599	NaN	NaN	108.121408	0.000000
177	Spectrogram 1	1	1616.890000	1617.020000	4000.000000	18000.000000	8000.000000	Twitter	11.303021	27.976683	NaN	NaN	52.914328	0.000000
178	Spectrogram 1	1	1617.080000	1618.410000	4000.000000	18000.000000	8000.000000	Twitter	8.363957	23.872465	NaN	NaN	46.838159	0.000000
179	Spectrogram 1	1	1628.230000	1628.260000	4000.000000	18000.000000	8000.000000	Trill	7.146367	12.502708	NaN	NaN	34.887683	0.000000
180	Spectrogram 1	1	1652.350000	1653.650000	4000.000000	18000.000000	8000.000000	Twitter	7.971168	26.189719	NaN	NaN	35.532752	0.000000
181	Spectrogram 1	1	1668.730000	1668.860000	4000.000000	18000.000000	8000.000000	Trill	4.796390	13.515190	NaN	NaN	76.775361	0.000000
182	Spectrogram 1	1	1673.050000	1673.090000	4000.000000	18000.000000	8000.000000	Trill	4.237860	13.353137	NaN	NaN	42.294203	0.000000
183	Spectrogram 1	1	1673.590000	1673.630000	4000.000000	18000.000000	8000.000000	Trill	7.035708	13.659953	NaN	NaN	34.172408	0.000000
184	Spectrogram 1	1	1673.850000	1673.950000	4000.000000	18000.000000	8000.000000	Trill	7.207490	12.016198	NaN	NaN	33.792448	0.000000
185	Spectrogram 1	1	1678.890000	1678.950000	4000.000000	18000.000000	8000.000000	Trill	4.518643	18.680757	NaN	NaN	75.183998	0.000000
186	Spectrogram 1	1	1679.010000	1679.840000	4000.000000	18000.000000	8000.000000	Trill	4.398370	23.643248	NaN	NaN	85.435464	0.000000
187	Spectrogram 1	1	1686.030000	1686.140000	4000.000000	18000.000000	8000.000000	Trill	4.694566	13.790041	NaN	NaN	63.568796	0.000000
188	Spectrogram 1	1	1706.700000	1706.760000	4000.000000	18000.000000	8000.000000	Trill	5.089645	11.132524	NaN	NaN	31.363794	0.000000
189	Spectrogram 1	1	1714.520000	1714.830000	4000.000000	18000.000000	8000.000000	Trill	5.013405	16.253235	NaN	NaN	73.632756	0.000000
190	Spectrogram 1	1	1715.740000	1716.210000	4000.000000	18000.000000	8000.000000	Phee	5.370814	21.511076	NaN	NaN	102.017121	0.000000
191	Spectrogram 1	1	1720.950000	1721.410000	4000.000000	18000.000000	8000.000000	Trill	4.127680	13.757218	NaN	NaN	40.549508	0.000000
192	Spectrogram 1	1	1721.450000	1721.660000	4000.000000	18000.000000	8000.000000	Trill	4.404043	15.947363	NaN	NaN	48.686234	0.000000
193	Spectrogram 1	1	1742.810000	1742.980000	4000.000000	18000.000000	8000.000000	Trill	4.461291	16.761485	NaN	NaN	68.829644	0.000000
194	Spectrogram 1	1	1743.060000	1743.090000	4000.000000	18000.000000	8000.000000	Trill	4.224239	15.911521	NaN	NaN	42.928546	0.000000
195	Spectrogram 1	1	1744.850000	1745.690000	4000.000000	18000.000000	8000.000000	Trill	11.364352	26.508698	NaN	NaN	57.787547	0.000000
196	Spectrogram 1	1	1745.820000	1746.390000	4000.000000	18000.000000	8000.000000	Trill	13.808179	28.582375	NaN	NaN	79.745644	0.000000
197	Spectrogram 1	1	1751.330000	1751.380000	4000.000000	18000.000000	8000.000000	Trill	4.158024	15.289210	NaN	NaN	71.183839	0.000000
198	Spectrogram 1	1	1751.450000	1751.620000	4000.000000	18000.000000	8000.000000	Trill	4.541517	15.657795	NaN	NaN	79.781834	0.000000
199	Spectrogram 1	1	1773.170000	1773.460000	4000.000000	18000.000000	8000.000000	Phee	5.117732	24.134279	NaN	NaN	51.879790	0.000000
200	Spectrogram 1	1	1784.600000	1786.670000	4000.000000	18000.000000	8000.000000	Trill	7.374022	26.522101	NaN	NaN	34.259066	0.000000
201	Spectrogram 1	1	1786.760000	1788.630000	4000.000000	18000.000000	8000.000000	Trill	5.194455	24.005822	NaN	NaN	49.118641	0.000000
202	Spectrogram 1	1	1858.000000	1858.080000	4000.000000	18000.000000	8000.000000	Phee	5.394891	10.933308	NaN	NaN	49.452062	0.000000
203	Spectrogram 1	1	1876.430000	1876.790000	4000.000000	18000.000000	8000.000000	Trillphee	4.439662	14.997347	NaN	NaN	32.503759	0.000000
204	Spectrogram 1	1	1900.140000	1900.310000	4000.000000	18000.000000	8000.000000	Trill	7.950051	17.110679	NaN	NaN	106.662519	0.000000
205	Spectrogram 1	1	1900.350000	1900.480000	4000.000000	18000.000000	8000.000000	Trill	5.714787	19.457266	NaN	NaN	89.604392	0.000000
206	Spectrogram 1	1	1927.260000	1927.400000	4000.000000	18000.000000	8000.000000	Trillphee	6.536613	11.721801	NaN	NaN	37.953119	0.000000
207	Spectrogram 1	1	1949.010000	1949.370000	4000.000000	18000.000000	8000.000000	Trill	17.825104	28.422914	NaN	NaN	152.040371	0.000000
208	Spectrogram 1	1	1960.780000	1960.890000	4000.000000	18000.000000	8000.000000	Trill	4.063876	18.597924	NaN	NaN	63.757807	0.000000
209	Spectrogram 1	1	1973.990000	1974.030000	4000.000000	18000.000000	8000.000000	Trill	9.744591	12.094534	NaN	NaN	32.417244	0.000000
210	Spectrogram 1	1	1977.080000	1977.120000	4000.000000	18000.000000	8000.000000	Trill	12.204978	13.302120	NaN	NaN	32.523289	0.000000
211	Spectrogram 1	1	1983.290000	1983.500000	4000.000000	18000.000000	8000.000000	Trillphee	4.130734	14.841803	NaN	NaN	36.159898	0.000000
212	Spectrogram 1	1	2024.080000	2024.100000	4000.000000	18000.000000	8000.000000	Sd-peep	7.634528	8.962369	NaN	NaN	31.971169	0.000000
213	Spectrogram 1	1	2025.080000	2026.200000	4000.000000	18000.000000	8000.000000	Trill	12.743926	30.000000	NaN	NaN	100.047695	0.000000
214	Spectrogram 1	1	2026.360000	2026.960000	4000.000000	18000.000000	8000.000000	Trill	12.535577	30.000000	NaN	NaN	85.685191	0.000000
215	Spectrogram 1	1	2027.050000	2027.700000	4000.000000	18000.000000	8000.000000	Trill	11.696891	27.192550	NaN	NaN	98.494035	0.000000
216	Spectrogram 1	1	2030.950000	2031.050000	4000.000000	18000.000000	8000.000000	Sd-peep	9.573083	22.777268	NaN	NaN	42.282223	0.000000
217	Spectrogram 1	1	2031.130000	2031.980000	4000.000000	18000.000000	8000.000000	Trill	13.779756	30.000000	NaN	NaN	98.741207	0.000000
218	Spectrogram 1	1	2032.110000	2032.870000	4000.000000	18000.000000	8000.000000	Trill	14.090062	30.000000	NaN	NaN	76.272298	0.000000
219	Spectrogram 1	1	2032.970000	2033.580000	4000.000000	18000.000000	8000.000000	Trill	14.085774	30.000000	NaN	NaN	82.253478	0.000000
220	Spectrogram 1	1	2033.640000	2034.160000	4000.000000	18000.000000	8000.000000	Trill	13.303255	30.000000	NaN	NaN	96.714905	0.000000
221	Spectrogram 1	1	2054.040000	2054.150000	4000.000000	18000.000000	8000.000000	Twitter	5.632426	22.211824	NaN	NaN	57.351721	0.000000
222	Spectrogram 1	1	2054.200000	2056.620000	4000.000000	18000.000000	8000.000000	Trill	9.200213	30.000000	NaN	NaN	38.176643	0.000000
223	Spectrogram 1	1	2056.840000	2057.580000	4000.000000	18000.000000	8000.000000	Trill	12.700370	30.000000	NaN	NaN	47.370824	0.000000
224	Spectrogram 1	1	2057.760000	2058.410000	4000.000000	18000.000000	8000.000000	Trill	14.447690	30.000000	NaN	NaN	54.572573	0.000000
225	Spectrogram 1	1	2062.520000	2062.810000	4000.000000	18000.000000	8000.000000	Sd-peep	7.510987	24.356530	NaN	NaN	31.572196	0.000000
226	Spectrogram 1	1	2062.860000	2062.900000	4000.000000	18000.000000	8000.000000	Trill	10.854046	12.175095	NaN	NaN	43.246390	0.000000
227	Spectrogram 1	1	2064.510000	2065.750000	4000.000000	18000.000000	8000.000000	Trill	9.928696	30.000000	NaN	NaN	84.916451	0.000000
228	Spectrogram 1	1	2066.020000	2066.730000	4000.000000	18000.000000	8000.000000	Trill	10.280460	30.000000	NaN	NaN	66.065118	0.000000
229	Spectrogram 1	1	2066.890000	2067.520000	4000.000000	18000.000000	8000.000000	Trill	10.289351	30.000000	NaN	NaN	74.802093	0.000000
230	Spectrogram 1	1	2067.660000	2068.270000	4000.000000	18000.000000	8000.000000	Trill	10.290739	30.000000	NaN	NaN	92.271056	0.000000
231	Spectrogram 1	1	2101.960000	2102.080000	4000.000000	18000.000000	8000.000000	Phee	6.607256	11.541980	NaN	NaN	37.165427	0.000000
232	Spectrogram 1	1	2106.690000	2108.190000	4000.000000	18000.000000	8000.000000	Twitter	8.783191	27.238079	NaN	NaN	39.457315	0.000000
233	Spectrogram 1	1	2122.810000	2124.400000	4000.000000	18000.000000	8000.000000	Trill	6.758943	24.302216	NaN	NaN	60.267805	0.000000
234	Spectrogram 1	1	2124.650000	2125.430000	4000.000000	18000.000000	8000.000000	Trill	9.700935	30.000000	NaN	NaN	62.908825	0.000000
235	Spectrogram 1	1	2125.560000	2126.270000	4000.000000	18000.000000	8000.000000	Trill	11.273192	30.000000	NaN	NaN	67.509962	0.000000
236	Spectrogram 1	1	2126.420000	2127.070000	4000.000000	18000.000000	8000.000000	Trill	10.376595	30.000000	NaN	NaN	81.644328	0.000000
237	Spectrogram 1	1	2127.320000	2127.340000	4000.000000	18000.000000	8000.000000	Sd-peep	8.540789	13.605870	NaN	NaN	75.647890	0.000000
238	Spectrogram 1	1	2154.720000	2154.740000	4000.000000	18000.000000	8000.000000	Sd-peep	6.032946	10.788276	NaN	NaN	76.964630	0.000000
239	Spectrogram 1	1	2155.100000	2155.690000	4000.000000	18000.000000	8000.000000	Phee	5.335510	17.144721	NaN	NaN	89.967695	0.000000
240	Spectrogram 1	1	2198.480000	2198.570000	4000.000000	18000.000000	8000.000000	Trill	5.611119	13.793474	NaN	NaN	53.051459	0.000000
241	Spectrogram 1	1	2206.140000	2206.390000	4000.000000	18000.000000	8000.000000	Trill	5.375369	13.593080	NaN	NaN	61.345864	0.000000
242	Spectrogram 1	1	2206.430000	2206.540000	4000.000000	18000.000000	8000.000000	Trill	9.409045	14.259707	NaN	NaN	47.231815	0.000000
243	Spectrogram 1	1	2212.220000	2212.250000	4000.000000	18000.000000	8000.000000	Trill	5.808515	9.287372	NaN	NaN	80.386563	0.000000
244	Spectrogram 1	1	2227.610000	2227.890000	4000.000000	18000.000000	8000.000000	Trill	4.655560	16.835334	NaN	NaN	39.210909	0.000000
245	Spectrogram 1	1	2228.030000	2228.950000	4000.000000	18000.000000	8000.000000	Trill	11.990507	30.000000	NaN	NaN	68.158261	0.000000
246	Spectrogram 1	1	2229.080000	2229.740000	4000.000000	18000.000000	8000.000000	Trill	11.696051	30.000000	NaN	NaN	71.161572	0.000000
247	Spectrogram 1	1	2229.790000	2230.470000	4000.000000	18000.000000	8000.000000	Trill	12.745516	30.000000	NaN	NaN	73.499127	0.000000
248	Spectrogram 1	1	2230.580000	2231.200000	4000.000000	18000.000000	8000.000000	Trill	13.356793	30.000000	NaN	NaN	80.538896	0.000000
249	Spectrogram 1	1	2231.320000	2231.980000	4000.000000	18000.000000	8000.000000	Trill	11.497919	30.000000	NaN	NaN	113.359119	0.000000
250	Spectrogram 1	1	2239.020000	2239.080000	4000.000000	18000.000000	8000.000000	Trill	4.191971	13.286385	NaN	NaN	38.757820	0.000000
251	Spectrogram 1	1	2258.010000	2260.540000	4000.000000	18000.000000	8000.000000	Twitter	10.396952	31.034987	NaN	NaN	38.754950	0.000000
252	Spectrogram 1	1	2260.700000	2261.370000	4000.000000	18000.000000	8000.000000	Trill	13.888361	30.000000	NaN	NaN	53.588043	0.000000
253	Spectrogram 1	1	2261.470000	2262.570000	4000.000000	18000.000000	8000.000000	Trill	8.440679	25.589158	NaN	NaN	46.002285	0.000000
254	Spectrogram 1	1	2267.980000	2270.120000	4000.000000	18000.000000	8000.000000	Trill	9.786430	27.175399	NaN	NaN	70.111243	0.000000
255	Spectrogram 1	1	2270.250000	2271.590000	4000.000000	18000.000000	8000.000000	Trill	10.943913	30.000000	NaN	NaN	51.379174	0.000000
256	Spectrogram 1	1	2306.210000	2306.880000	4000.000000	18000.000000	8000.000000	Trill	10.996906	30.000000	NaN	NaN	89.178073	0.000000
257	Spectrogram 1	1	2307.040000	2307.730000	4000.000000	18000.000000	8000.000000	Trill	9.643894	30.000000	NaN	NaN	50.566059	0.000000
258	Spectrogram 1	1	2307.770000	2309.000000	4000.000000	18000.000000	8000.000000	Trill	10.156611	30.000000	NaN	NaN	68.890048	0.000000
259	Spectrogram 1	1	2309.100000	2309.160000	4000.000000	18000.000000	8000.000000	Trill	10.199473	24.786176	NaN	NaN	119.223702	0.000000
260	Spectrogram 1	1	2325.690000	2325.780000	4000.000000	18000.000000	8000.000000	Sd-peep	12.276123	32.078538	NaN	NaN	66.961703	0.000000
261	Spectrogram 1	1	2325.820000	2325.940000	4000.000000	18000.000000	8000.000000	Sd-peep	11.689775	29.813525	NaN	NaN	61.431805	0.000000
262	Spectrogram 1	1	2325.980000	2326.710000	4000.000000	18000.000000	8000.000000	Trill	12.747446	30.000000	NaN	NaN	97.260892	0.000000
263	Spectrogram 1	1	2326.790000	2327.540000	4000.000000	18000.000000	8000.000000	Trill	10.140444	30.000000	NaN	NaN	41.520525	0.000000
264	Spectrogram 1	1	2327.660000	2328.280000	4000.000000	18000.000000	8000.000000	Trill	12.298505	30.000000	NaN	NaN	71.188495	0.000000
265	Spectrogram 1	1	2328.390000	2329.070000	4000.000000	18000.000000	8000.000000	Trill	13.026628	30.000000	NaN	NaN	72.542382	0.000000
266	Spectrogram 1	1	2329.160000	2329.220000	4000.000000	18000.000000	8000.000000	Trill	8.751862	23.529107	NaN	NaN	48.573938	0.000000
267	Spectrogram 1	1	2378.800000	2379.050000	4000.000000	18000.000000	8000.000000	Phee	4.983175	11.760786	NaN	NaN	41.485054	0.000000
268	Spectrogram 1	1	2401.440000	2401.470000	4000.000000	18000.000000	8000.000000	Sd-peep	5.990537	17.530232	NaN	NaN	73.671911	0.000000
269	Spectrogram 1	1	2420.470000	2421.620000	4000.000000	18000.000000	8000.000000	Trill	13.467532	30.000000	NaN	NaN	82.368029	0.000000
270	Spectrogram 1	1	2421.700000	2422.210000	4000.000000	18000.000000	8000.000000	Trill	14.319550	29.206783	NaN	NaN	84.179254	0.000000
271	Spectrogram 1	1	2422.330000	2422.810000	4000.000000	18000.000000	8000.000000	Trill	14.044954	30.000000	NaN	NaN	88.394492	0.000000
272	Spectrogram 1	1	2441.620000	2443.490000	4000.000000	18000.000000	8000.000000	Twitter	7.580146	25.131291	NaN	NaN	38.524837	0.000000
273	Spectrogram 1	1	2449.210000	2449.270000	4000.000000	18000.000000	8000.000000	Phee	7.272367	9.588819	NaN	NaN	32.982714	0.000000
274	Spectrogram 1	1	2488.040000	2488.120000	4000.000000	18000.000000	8000.000000	Trill	10.970648	12.674329	NaN	NaN	33.516356	0.000000
275	Spectrogram 1	1	2502.160000	2502.190000	4000.000000	18000.000000	8000.000000	Trill	4.551054	13.323463	NaN	NaN	37.404361	0.000000
276	Spectrogram 1	1	2522.850000	2523.140000	4000.000000	18000.000000	8000.000000	Trillphee	5.496214	19.472560	NaN	NaN	31.915492	0.000000
277	Spectrogram 1	1	2537.070000	2537.130000	4000.000000	18000.000000	8000.000000	Trill	4.074090	18.332806	NaN	NaN	61.455733	0.000000
278	Spectrogram 1	1	2599.000000	2599.760000	4000.000000	18000.000000	8000.000000	Trill	6.163480	20.474131	NaN	NaN	71.623919	0.000000
279	Spectrogram 1	1	2599.800000	2600.170000	4000.000000	18000.000000	8000.000000	Trill	4.237050	22.397106	NaN	NaN	67.629197	0.000000
280	Spectrogram 1	1	2600.290000	2600.390000	4000.000000	18000.000000	8000.000000	Trill	6.074841	17.183207	NaN	NaN	84.104728	0.000000
281	Spectrogram 1	1	2607.350000	2607.410000	4000.000000	18000.000000	8000.000000	Phee	5.078533	13.323158	NaN	NaN	82.031959	0.000000
282	Spectrogram 1	1	2617.830000	2618.170000	4000.000000	18000.000000	8000.000000	Phee	4.447750	15.038980	NaN	NaN	32.810851	0.000000
283	Spectrogram 1	1	2639.550000	2639.580000	4000.000000	18000.000000	8000.000000	Trill	4.873897	11.490673	NaN	NaN	37.701575	0.000000
284	Spectrogram 1	1	2656.220000	2656.480000	4000.000000	18000.000000	8000.000000	Trill	7.972719	18.755952	NaN	NaN	58.450034	0.000000
285	Spectrogram 1	1	2659.040000	2659.070000	4000.000000	18000.000000	8000.000000	Sd-peep	6.133257	13.455534	NaN	NaN	45.894764	0.000000
286	Spectrogram 1	1	2679.970000	2679.990000	4000.000000	18000.000000	8000.000000	Sd-peep	4.544647	14.196423	NaN	NaN	33.244515	0.000000
287	Spectrogram 1	1	2692.510000	2695.280000	4000.000000	18000.000000	8000.000000	Trill	8.027051	29.050542	NaN	NaN	44.772438	0.000000
288	Spectrogram 1	1	2695.400000	2695.920000	4000.000000	18000.000000	8000.000000	Trill	9.507326	30.000000	NaN	NaN	98.490956	0.000000
289	Spectrogram 1	1	2696.050000	2696.130000	4000.000000	18000.000000	8000.000000	Trill	10.499533	19.123823	NaN	NaN	104.017759	0.000000
290	Spectrogram 1	1	2717.490000	2718.090000	4000.000000	18000.000000	8000.000000	Trill	13.801524	29.429747	NaN	NaN	106.693475	0.000000
291	Spectrogram 1	1	2797.810000	2797.860000	4000.000000	18000.000000	8000.000000	Trill	4.346556	6.683074	NaN	NaN	32.473789	0.000000
292	Spectrogram 1	1	2800.510000	2800.570000	4000.000000	18000.000000	8000.000000	Trill	9.445206	10.958595	NaN	NaN	30.277821	0.000000
293	Spectrogram 1	1	2806.300000	2806.460000	4000.000000	18000.000000	8000.000000	Trill	8.463496	15.952276	NaN	NaN	35.389981	0.000000
294	Spectrogram 1	1	2815.710000	2815.800000	4000.000000	18000.000000	8000.000000	Twitter	11.764802	29.211501	NaN	NaN	73.626293	0.000000
295	Spectrogram 1	1	2815.890000	2817.350000	4000.000000	18000.000000	8000.000000	Twitter	9.004449	25.258984	NaN	NaN	41.446942	0.000000
296	Spectrogram 1	1	2843.450000	2843.630000	4000.000000	18000.000000	8000.000000	Trillphee	6.279377	12.401311	NaN	NaN	49.271714	0.000000
297	Spectrogram 1	1	2848.520000	2850.180000	4000.000000	18000.000000	8000.000000	Twitter	7.483969	27.965011	NaN	NaN	29.375358	0.000000
298	Spectrogram 1	1	2891.110000	2891.130000	4000.000000	18000.000000	8000.000000	Sd-peep	11.463839	11.607427	NaN	NaN	36.585342	0.000000
299	Spectrogram 1	1	2912.950000	2914.530000	4000.000000	18000.000000	8000.000000	Trill	10.891157	28.554602	NaN	NaN	75.410593	0.000000
300	Spectrogram 1	1	2927.510000	2927.540000	4000.000000	18000.000000	8000.000000	Trill	4.496759	9.765733	NaN	NaN	37.751640	0.000000
301	Spectrogram 1	1	2927.650000	2927.680000	4000.000000	18000.000000	8000.000000	Trill	4.509933	10.023261	NaN	NaN	41.708129	0.000000
302	Spectrogram 1	1	2940.010000	2940.070000	4000.000000	18000.000000	8000.000000	Trill	5.434023	9.838429	NaN	NaN	64.113262	0.000000
303	Spectrogram 1	1	2987.790000	2987.860000	4000.000000	18000.000000	8000.000000	Trill	4.129278	13.913708	NaN	NaN	43.732107	0.000000
304	Spectrogram 1	1	2998.330000	2998.350000	4000.000000	18000.000000	8000.000000	Sd-peep	4.318220	13.511321	NaN	NaN	46.705394	0.000000
305	Spectrogram 1	1	3000.440000	3000.500000	4000.000000	18000.000000	8000.000000	Phee	4.211491	9.364332	NaN	NaN	63.340779	0.000000
306	Spectrogram 1	1	3024.220000	3024.260000	4000.000000	18000.000000	8000.000000	Phee	4.542853	10.954977	NaN	NaN	34.114677	0.000000
307	Spectrogram 1	1	3068.960000	3069.620000	4000.000000	18000.000000	8000.000000	Trill	7.278493	28.571506	NaN	NaN	86.620273	0.000000
308	Spectrogram 1	1	3069.750000	3070.910000	4000.000000	18000.000000	8000.000000	Trill	7.148746	27.034566	NaN	NaN	77.070539	0.000000
309	Spectrogram 1	1	3092.190000	3092.290000	4000.000000	18000.000000	8000.000000	Twitter	4.223327	25.732280	NaN	NaN	49.001003	0.000000
310	Spectrogram 1	1	3101.220000	3101.470000	4000.000000	18000.000000	8000.000000	Trill	5.790408	16.900816	NaN	NaN	44.342256	0.000000
311	Spectrogram 1	1	3111.760000	3111.880000	4000.000000	18000.000000	8000.000000	Phee	4.115119	7.721643	NaN	NaN	38.444179	0.000000
312	Spectrogram 1	1	3122.830000	3122.900000	4000.000000	18000.000000	8000.000000	Trill	5.984985	15.067910	NaN	NaN	97.733940	0.000000
313	Spectrogram 1	1	3172.400000	3173.580000	4000.000000	18000.000000	8000.000000	Twitter	9.182600	24.245776	NaN	NaN	49.424197	0.000000
314	Spectrogram 1	1	3187.610000	3188.610000	4000.000000	18000.000000	8000.000000	Trill	15.223870	30.000000	NaN	NaN	140.268593	0.000000
315	Spectrogram 1	1	3204.110000	3204.260000	4000.000000	18000.000000	8000.000000	Twitter	16.032846	32.146368	NaN	NaN	130.365121	0.000000
316	Spectrogram 1	1	3204.320000	3205.640000	4000.000000	18000.000000	8000.000000	Twitter	9.867491	24.572551	NaN	NaN	45.682590	0.000000
317	Spectrogram 1	1	3205.690000	3205.720000	4000.000000	18000.000000	8000.000000	Sd-peep	5.126754	6.554548	NaN	NaN	45.021973	0.000000
318	Spectrogram 1	1	3217.600000	3217.630000	4000.000000	18000.000000	8000.000000	Trill	9.351219	9.328817	NaN	NaN	33.610498	0.000000
319	Spectrogram 1	1	3223.540000	3223.570000	4000.000000	18000.000000	8000.000000	Trill	10.012366	12.435367	NaN	NaN	33.183583	0.000000
320	Spectrogram 1	1	3253.190000	3253.230000	4000.000000	18000.000000	8000.000000	Sd-peep	4.690673	17.604960	NaN	NaN	93.362923	0.000000
321	Spectrogram 1	1	3259.850000	3259.880000	4000.000000	18000.000000	8000.000000	Trill	4.710061	9.896278	NaN	NaN	71.317828	0.000000
322	Spectrogram 1	1	3261.040000	3262.730000	4000.000000	18000.000000	8000.000000	Trill	9.853193	30.000000	NaN	NaN	71.770771	0.000000
323	Spectrogram 1	1	3263.010000	3263.790000	4000.000000	18000.000000	8000.000000	Trill	9.824902	30.000000	NaN	NaN	89.347138	0.000000
324	Spectrogram 1	1	3264.000000	3264.760000	4000.000000	18000.000000	8000.000000	Trill	11.131872	30.000000	NaN	NaN	125.676049	0.000000
325	Spectrogram 1	1	3283.180000	3285.440000	4000.000000	18000.000000	8000.000000	Trill	8.850163	26.126269	NaN	NaN	41.477222	0.000000
326	Spectrogram 1	1	3285.500000	3286.090000	4000.000000	18000.000000	8000.000000	Trill	13.383351	30.000000	NaN	NaN	71.724249	0.000000
327	Spectrogram 1	1	3286.230000	3286.830000	4000.000000	18000.000000	8000.000000	Trill	13.211785	30.000000	NaN	NaN	65.869694	0.000000
328	Spectrogram 1	1	3287.010000	3288.250000	4000.000000	18000.000000	8000.000000	Trill	8.883741	23.885374	NaN	NaN	56.766518	0.000000
329	Spectrogram 1	1	3311.650000	3311.820000	4000.000000	18000.000000	8000.000000	Trillphee	4.289790	14.164512	NaN	NaN	71.314635	0.000000
330	Spectrogram 1	1	3327.280000	3327.690000	4000.000000	18000.000000	8000.000000	Trillphee	4.058241	17.201048	NaN	NaN	43.653794	0.000000
331	Spectrogram 1	1	3379.750000	3379.780000	4000.000000	18000.000000	8000.000000	Trill	4.189662	9.496088	NaN	NaN	48.219655	0.000000
332	Spectrogram 1	1	3385.250000	3385.300000	4000.000000	18000.000000	8000.000000	Trill	4.449122	11.558279	NaN	NaN	45.185065	0.000000
333	Spectrogram 1	1	3415.200000	3415.240000	4000.000000	18000.000000	8000.000000	Trillphee	5.561692	10.438198	NaN	NaN	37.248553	0.000000
334	Spectrogram 1	1	3420.280000	3420.310000	4000.000000	18000.000000	8000.000000	Sd-peep	11.735758	13.275016	NaN	NaN	30.670090	0.000000
335	Spectrogram 1	1	3423.640000	3423.750000	4000.000000	18000.000000	8000.000000	Twitter	11.814472	29.690949	NaN	NaN	70.584866	0.000000
336	Spectrogram 1	1	3423.800000	3424.840000	4000.000000	18000.000000	8000.000000	Twitter	9.478435	24.564754	NaN	NaN	51.836898	0.000000
337	Spectrogram 1	1	3424.880000	3425.710000	4000.000000	18000.000000	8000.000000	Trill	14.842744	30.000000	NaN	NaN	111.048289	0.000000
338	Spectrogram 1	1	3425.860000	3426.530000	4000.000000	18000.000000	8000.000000	Trill	14.915675	30.000000	NaN	NaN	94.466992	0.000000
339	Spectrogram 1	1	3433.740000	3433.790000	4000.000000	18000.000000	8000.000000	Trill	12.126050	12.646435	NaN	NaN	29.849231	0.000000
340	Spectrogram 1	1	3448.080000	3448.800000	4000.000000	18000.000000	8000.000000	Trill	11.043653	30.000000	NaN	NaN	119.103272	0.000000
341	Spectrogram 1	1	3448.930000	3449.500000	4000.000000	18000.000000	8000.000000	Trill	11.633209	30.000000	NaN	NaN	113.919044	0.000000
342	Spectrogram 1	1	3449.630000	3450.180000	4000.000000	18000.000000	8000.000000	Trill	10.794567	30.000000	NaN	NaN	104.673162	0.000000
343	Spectrogram 1	1	3457.450000	3457.530000	4000.000000	18000.000000	8000.000000	Sd-peep	10.055128	19.360513	NaN	NaN	77.086259	0.000000
344	Spectrogram 1	1	3457.600000	3458.250000	4000.000000	18000.000000	8000.000000	Trill	11.924867	30.000000	NaN	NaN	106.548675	0.000000
345	Spectrogram 1	1	3458.390000	3458.970000	4000.000000	18000.000000	8000.000000	Trill	10.618348	30.000000	NaN	NaN	86.506383	0.000000
346	Spectrogram 1	1	3459.090000	3459.620000	4000.000000	18000.000000	8000.000000	Trill	9.714125	30.000000	NaN	NaN	87.616926	0.000000
347	Spectrogram 1	1	3485.970000	3485.990000	4000.000000	18000.000000	8000.000000	Sd-peep	7.812578	14.352113	NaN	NaN	30.224877	0.000000
348	Spectrogram 1	1	3526.690000	3527.720000	4000.000000	18000.000000	8000.000000	Trill	5.226546	17.680195	NaN	NaN	62.121500	0.000000
