Selection	View	Channel	Begin Time (s)	End Time (s)	Low Freq (Hz)	High Freq (Hz)	Max Freq (Hz)	Call Type	Energy Diff	Energy Par	Energy Diff (wl)	Energy Par (wl)	AHR	Exception
1	Spectrogram 1	1	12.850000	13.710000	4000.000000	18000.000000	8000.000000	Trill	7.893251	24.865889	NaN	NaN	130.469548	0.000000
2	Spectrogram 1	1	22.360000	22.440000	4000.000000	18000.000000	8000.000000	Trill	4.339378	14.486050	NaN	NaN	43.998739	0.000000
3	Spectrogram 1	1	23.700000	23.820000	4000.000000	18000.000000	8000.000000	Phee	5.808682	10.339280	NaN	NaN	74.947626	0.000000
4	Spectrogram 1	1	27.770000	28.600000	4000.000000	18000.000000	8000.000000	Trill	12.014254	30.000000	NaN	NaN	81.989266	0.000000
5	Spectrogram 1	1	36.710000	36.780000	4000.000000	18000.000000	8000.000000	Trill	5.757664	20.574912	NaN	NaN	77.710301	0.000000
6	Spectrogram 1	1	63.750000	63.810000	4000.000000	18000.000000	8000.000000	Phee	9.259207	13.699884	NaN	NaN	43.036039	0.000000
7	Spectrogram 1	1	80.090000	80.810000	4000.000000	18000.000000	8000.000000	Trill	12.181057	30.000000	NaN	NaN	125.927561	0.000000
8	Spectrogram 1	1	166.670000	166.710000	4000.000000	18000.000000	8000.000000	Trill	6.522311	10.018822	NaN	NaN	35.984622	0.000000
9	Spectrogram 1	1	327.330000	327.380000	4000.000000	18000.000000	8000.000000	Trill	11.669534	10.629666	NaN	NaN	35.581561	0.000000
10	Spectrogram 1	1	351.350000	352.280000	4000.000000	18000.000000	8000.000000	Trillphee	4.166447	28.149354	NaN	NaN	51.625273	0.000000
11	Spectrogram 1	1	352.560000	353.380000	4000.000000	18000.000000	8000.000000	Trillphee	4.843630	28.616364	NaN	NaN	52.619132	0.000000
12	Spectrogram 1	1	444.040000	444.070000	4000.000000	18000.000000	8000.000000	Sd-peep	5.322146	14.992678	NaN	NaN	39.675204	0.000000
13	Spectrogram 1	1	459.650000	460.900000	4000.000000	18000.000000	8000.000000	Twitter	8.794750	26.481435	NaN	NaN	38.871920	0.000000
14	Spectrogram 1	1	543.130000	544.230000	4000.000000	18000.000000	8000.000000	Phee	12.464729	30.000000	NaN	NaN	50.722126	0.000000
15	Spectrogram 1	1	544.510000	545.490000	4000.000000	18000.000000	8000.000000	Phee	12.432593	30.000000	NaN	NaN	50.652425	0.000000
16	Spectrogram 1	1	545.720000	546.550000	4000.000000	18000.000000	8000.000000	Phee	13.551437	30.000000	NaN	NaN	45.647982	0.000000
17	Spectrogram 1	1	600.410000	600.440000	4000.000000	18000.000000	8000.000000	Trill	7.997165	9.008323	NaN	NaN	30.697995	0.000000
18	Spectrogram 1	1	621.620000	622.100000	4000.000000	18000.000000	8000.000000	Trill	6.882928	17.988546	NaN	NaN	52.831070	0.000000
19	Spectrogram 1	1	647.160000	648.420000	4000.000000	18000.000000	8000.000000	Trill	5.048958	24.660047	NaN	NaN	63.823133	0.000000
20	Spectrogram 1	1	658.700000	658.730000	4000.000000	18000.000000	8000.000000	Twitter	7.106797	9.416199	NaN	NaN	34.487288	0.000000
21	Spectrogram 1	1	658.810000	658.840000	4000.000000	18000.000000	8000.000000	Trill	4.637524	7.164693	NaN	NaN	32.191385	0.000000
22	Spectrogram 1	1	667.150000	667.910000	4000.000000	18000.000000	8000.000000	Trill	5.608663	20.018352	NaN	NaN	74.721495	0.000000
23	Spectrogram 1	1	668.070000	669.180000	4000.000000	18000.000000	8000.000000	Trillphee	5.179277	25.057385	NaN	NaN	80.375296	0.000000
24	Spectrogram 1	1	692.950000	692.980000	4000.000000	18000.000000	8000.000000	Trill	10.460087	14.437641	NaN	NaN	30.143803	0.000000
25	Spectrogram 1	1	706.810000	707.930000	4000.000000	18000.000000	8000.000000	Phee	8.344949	30.000000	NaN	NaN	49.772473	0.000000
26	Spectrogram 1	1	708.230000	709.170000	4000.000000	18000.000000	8000.000000	Phee	7.845767	30.000000	NaN	NaN	39.340788	0.000000
27	Spectrogram 1	1	709.400000	710.280000	4000.000000	18000.000000	8000.000000	Phee	7.426320	28.083234	NaN	NaN	33.322974	0.000000
28	Spectrogram 1	1	723.970000	724.890000	4000.000000	18000.000000	8000.000000	Phee	9.934234	30.000000	NaN	NaN	37.572013	0.000000
29	Spectrogram 1	1	725.070000	725.940000	4000.000000	18000.000000	8000.000000	Phee	8.740437	30.000000	NaN	NaN	38.027954	0.000000
30	Spectrogram 1	1	726.150000	726.980000	4000.000000	18000.000000	8000.000000	Phee	9.160893	30.000000	NaN	NaN	35.873354	0.000000
31	Spectrogram 1	1	727.130000	727.930000	4000.000000	18000.000000	8000.000000	Phee	8.983867	28.779767	NaN	NaN	35.151449	0.000000
32	Spectrogram 1	1	728.130000	728.950000	4000.000000	18000.000000	8000.000000	Phee	8.573965	29.097685	NaN	NaN	38.994698	0.000000
33	Spectrogram 1	1	813.780000	814.210000	4000.000000	18000.000000	8000.000000	Trill	6.281890	19.154462	NaN	NaN	56.967401	0.000000
34	Spectrogram 1	1	819.370000	819.790000	4000.000000	18000.000000	8000.000000	Trill	4.752456	16.915475	NaN	NaN	46.656040	0.000000
35	Spectrogram 1	1	830.650000	831.010000	4000.000000	18000.000000	8000.000000	Trill	4.590744	17.709405	NaN	NaN	46.552654	0.000000
36	Spectrogram 1	1	852.870000	852.970000	4000.000000	18000.000000	8000.000000	Trill	4.393230	11.615443	NaN	NaN	38.315490	0.000000
37	Spectrogram 1	1	863.580000	863.940000	4000.000000	18000.000000	8000.000000	Trill	6.111026	17.727399	NaN	NaN	48.976134	0.000000
38	Spectrogram 1	1	921.890000	922.310000	4000.000000	18000.000000	8000.000000	Trill	4.742837	15.011107	NaN	NaN	45.896427	0.000000
39	Spectrogram 1	1	961.980000	962.310000	4000.000000	18000.000000	8000.000000	Trill	12.239067	23.611411	NaN	NaN	75.836604	0.000000
40	Spectrogram 1	1	997.400000	997.440000	4000.000000	18000.000000	8000.000000	Trill	8.876259	11.232823	NaN	NaN	34.289918	0.000000
41	Spectrogram 1	1	1004.010000	1004.530000	4000.000000	18000.000000	8000.000000	Trill	6.882026	20.417916	NaN	NaN	57.600694	0.000000
42	Spectrogram 1	1	1004.660000	1004.930000	4000.000000	18000.000000	8000.000000	Trill	7.374272	21.087655	NaN	NaN	74.638060	0.000000
43	Spectrogram 1	1	1078.200000	1078.230000	4000.000000	18000.000000	8000.000000	Trill	4.647257	11.340418	NaN	NaN	56.558091	0.000000
44	Spectrogram 1	1	1106.000000	1106.370000	4000.000000	18000.000000	8000.000000	Trill	11.415253	25.451220	NaN	NaN	53.228098	0.000000
45	Spectrogram 1	1	1109.530000	1109.620000	4000.000000	18000.000000	8000.000000	Phee	4.636092	11.300701	NaN	NaN	32.620527	0.000000
46	Spectrogram 1	1	1110.020000	1110.350000	4000.000000	18000.000000	8000.000000	Trill	10.797127	24.500273	NaN	NaN	70.009100	0.000000
47	Spectrogram 1	1	1132.520000	1133.310000	4000.000000	18000.000000	8000.000000	Trill	13.401749	30.000000	NaN	NaN	116.507013	0.000000
48	Spectrogram 1	1	1143.410000	1144.210000	4000.000000	18000.000000	8000.000000	Trill	9.289856	21.320047	NaN	NaN	76.339698	0.000000
49	Spectrogram 1	1	1176.260000	1176.290000	4000.000000	18000.000000	8000.000000	Twitter	6.580567	16.833323	NaN	NaN	49.496552	0.000000
50	Spectrogram 1	1	1191.150000	1192.050000	4000.000000	18000.000000	8000.000000	Trill	7.293058	25.587634	NaN	NaN	45.230371	0.000000
51	Spectrogram 1	1	1216.410000	1216.430000	4000.000000	18000.000000	8000.000000	Sd-peep	10.836477	13.611682	NaN	NaN	33.319999	0.000000
52	Spectrogram 1	1	1216.490000	1217.800000	4000.000000	18000.000000	8000.000000	Phee	4.180889	24.305053	NaN	NaN	47.426708	0.000000
53	Spectrogram 1	1	1232.230000	1232.280000	4000.000000	18000.000000	8000.000000	Trill	4.166217	11.073659	NaN	NaN	44.822369	0.000000
54	Spectrogram 1	1	1233.720000	1234.010000	4000.000000	18000.000000	8000.000000	Phee	4.168169	9.663357	NaN	NaN	40.996170	0.000000
55	Spectrogram 1	1	1253.820000	1254.140000	4000.000000	18000.000000	8000.000000	Trill	5.060768	8.036692	NaN	NaN	34.682784	0.000000
56	Spectrogram 1	1	1257.100000	1257.130000	4000.000000	18000.000000	8000.000000	Trill	4.672488	6.938333	NaN	NaN	31.407588	0.000000
57	Spectrogram 1	1	1280.260000	1280.900000	4000.000000	18000.000000	8000.000000	Trill	4.399060	17.045309	NaN	NaN	43.101862	0.000000
58	Spectrogram 1	1	1311.630000	1311.680000	4000.000000	18000.000000	8000.000000	Trill	9.444684	16.024061	NaN	NaN	29.475438	0.000000
59	Spectrogram 1	1	1323.940000	1325.810000	4000.000000	18000.000000	8000.000000	Phee	9.467001	29.362946	NaN	NaN	41.977362	0.000000
60	Spectrogram 1	1	1326.000000	1326.860000	4000.000000	18000.000000	8000.000000	Phee	10.965937	30.000000	NaN	NaN	47.138842	0.000000
61	Spectrogram 1	1	1334.640000	1334.960000	4000.000000	18000.000000	8000.000000	Trill	6.004375	11.759681	NaN	NaN	32.492858	0.000000
62	Spectrogram 1	1	1372.970000	1373.120000	4000.000000	18000.000000	8000.000000	Phee	5.938353	12.003723	NaN	NaN	33.417720	0.000000
63	Spectrogram 1	1	1394.180000	1395.490000	4000.000000	18000.000000	8000.000000	Phee	13.886640	30.000000	NaN	NaN	36.066838	0.000000
64	Spectrogram 1	1	1395.690000	1396.660000	4000.000000	18000.000000	8000.000000	Phee	16.131245	30.000000	NaN	NaN	32.183546	0.000000
65	Spectrogram 1	1	1396.860000	1397.760000	4000.000000	18000.000000	8000.000000	Phee	13.846639	30.000000	NaN	NaN	35.772498	0.000000
66	Spectrogram 1	1	1397.940000	1398.930000	4000.000000	18000.000000	8000.000000	Phee	13.362535	30.000000	NaN	NaN	40.659632	0.000000
67	Spectrogram 1	1	1405.810000	1406.020000	4000.000000	18000.000000	8000.000000	Trill	4.386367	12.643460	NaN	NaN	50.086957	0.000000
68	Spectrogram 1	1	1447.600000	1448.890000	4000.000000	18000.000000	8000.000000	Trillphee	6.872979	26.030746	NaN	NaN	34.204669	0.000000
69	Spectrogram 1	1	1449.180000	1450.020000	4000.000000	18000.000000	8000.000000	Phee	8.148636	30.000000	NaN	NaN	48.345313	0.000000
70	Spectrogram 1	1	1455.420000	1456.050000	4000.000000	18000.000000	8000.000000	Phee	4.710340	22.430082	NaN	NaN	102.355591	0.000000
71	Spectrogram 1	1	1469.050000	1470.350000	4000.000000	18000.000000	8000.000000	Phee	7.500918	26.538269	NaN	NaN	37.589498	0.000000
72	Spectrogram 1	1	1470.420000	1470.460000	4000.000000	18000.000000	8000.000000	Trill	6.318771	13.444255	NaN	NaN	41.778124	0.000000
73	Spectrogram 1	1	1470.720000	1471.670000	4000.000000	18000.000000	8000.000000	Phee	8.063931	28.455219	NaN	NaN	35.461363	0.000000
74	Spectrogram 1	1	1471.950000	1472.900000	4000.000000	18000.000000	8000.000000	Phee	7.422167	28.005989	NaN	NaN	37.972756	0.000000
75	Spectrogram 1	1	1473.010000	1473.900000	4000.000000	18000.000000	8000.000000	Phee	7.749951	30.000000	NaN	NaN	43.302874	0.000000
76	Spectrogram 1	1	1485.700000	1485.740000	4000.000000	18000.000000	8000.000000	Trill	4.642611	10.374253	NaN	NaN	32.704079	0.000000
77	Spectrogram 1	1	1523.600000	1523.940000	4000.000000	18000.000000	8000.000000	Trill	5.195373	19.696863	NaN	NaN	44.490788	0.000000
78	Spectrogram 1	1	1552.560000	1552.930000	4000.000000	18000.000000	8000.000000	Trill	4.361769	14.185880	NaN	NaN	39.636724	0.000000
79	Spectrogram 1	1	1565.980000	1566.030000	4000.000000	18000.000000	8000.000000	Trillphee	4.275996	9.994329	NaN	NaN	44.706814	0.000000
80	Spectrogram 1	1	1580.620000	1581.520000	4000.000000	18000.000000	8000.000000	Trill	7.984169	23.032097	NaN	NaN	85.340177	0.000000
81	Spectrogram 1	1	1687.980000	1688.070000	4000.000000	18000.000000	8000.000000	Trill	5.257962	10.327504	NaN	NaN	35.549746	0.000000
82	Spectrogram 1	1	1695.040000	1695.080000	4000.000000	18000.000000	8000.000000	Trill	7.946092	13.334958	NaN	NaN	31.066585	0.000000
83	Spectrogram 1	1	1701.140000	1702.060000	4000.000000	18000.000000	8000.000000	Trill	12.617743	26.097694	NaN	NaN	114.876734	0.000000
84	Spectrogram 1	1	1750.080000	1750.110000	4000.000000	18000.000000	8000.000000	Trill	7.723055	8.792942	NaN	NaN	33.204498	0.000000
85	Spectrogram 1	1	1774.710000	1776.120000	4000.000000	18000.000000	8000.000000	Trillphee	14.711904	34.366377	NaN	NaN	123.172822	0.000000
86	Spectrogram 1	1	1823.350000	1823.390000	4000.000000	18000.000000	8000.000000	Trillphee	9.101626	11.269895	NaN	NaN	29.067192	0.000000
87	Spectrogram 1	1	1823.670000	1823.710000	4000.000000	18000.000000	8000.000000	Trill	10.089912	12.365695	NaN	NaN	28.878225	0.000000
88	Spectrogram 1	1	1823.770000	1823.800000	4000.000000	18000.000000	8000.000000	Trill	13.287257	13.750707	NaN	NaN	30.288524	0.000000
89	Spectrogram 1	1	1823.870000	1823.940000	4000.000000	18000.000000	8000.000000	Trill	9.161796	12.352266	NaN	NaN	30.812054	0.000000
90	Spectrogram 1	1	1823.980000	1824.010000	4000.000000	18000.000000	8000.000000	Trill	12.327253	13.050209	NaN	NaN	32.999392	0.000000
91	Spectrogram 1	1	1825.040000	1825.070000	4000.000000	18000.000000	8000.000000	Twitter	8.313232	11.326916	NaN	NaN	35.634029	0.000000
92	Spectrogram 1	1	1825.150000	1825.180000	4000.000000	18000.000000	8000.000000	Trill	10.279485	12.490678	NaN	NaN	37.502671	0.000000
93	Spectrogram 1	1	1826.290000	1826.780000	4000.000000	18000.000000	8000.000000	Trill	12.521118	25.038462	NaN	NaN	74.193559	0.000000
94	Spectrogram 1	1	1833.040000	1833.580000	4000.000000	18000.000000	8000.000000	Trill	9.264321	24.356712	NaN	NaN	66.376409	0.000000
95	Spectrogram 1	1	1837.430000	1837.740000	4000.000000	18000.000000	8000.000000	Trill	9.701491	21.586867	NaN	NaN	58.417906	0.000000
96	Spectrogram 1	1	1849.670000	1849.720000	4000.000000	18000.000000	8000.000000	Trill	8.030128	13.088953	NaN	NaN	29.292747	0.000000
97	Spectrogram 1	1	1858.540000	1858.940000	4000.000000	18000.000000	8000.000000	Trill	5.875499	19.190963	NaN	NaN	44.952875	0.000000
98	Spectrogram 1	1	1934.580000	1935.510000	4000.000000	18000.000000	8000.000000	Trill	4.539887	13.291535	NaN	NaN	35.906146	0.000000
99	Spectrogram 1	1	1944.290000	1945.440000	4000.000000	18000.000000	8000.000000	Phee	4.718591	20.928601	NaN	NaN	51.692422	0.000000
100	Spectrogram 1	1	1971.600000	1971.790000	4000.000000	18000.000000	8000.000000	Twitter	5.395917	22.214700	NaN	NaN	40.307150	0.000000
101	Spectrogram 1	1	1973.720000	1973.770000	4000.000000	18000.000000	8000.000000	Trillphee	4.282326	9.958646	NaN	NaN	59.027587	0.000000
102	Spectrogram 1	1	2017.320000	2017.560000	4000.000000	18000.000000	8000.000000	Trill	7.193869	15.337995	NaN	NaN	40.881969	0.000000
103	Spectrogram 1	1	2051.470000	2052.900000	4000.000000	18000.000000	8000.000000	Phee	7.126452	24.490782	NaN	NaN	41.747559	0.000000
104	Spectrogram 1	1	2053.220000	2054.070000	4000.000000	18000.000000	8000.000000	Phee	8.858743	30.000000	NaN	NaN	48.388220	0.000000
105	Spectrogram 1	1	2054.290000	2055.130000	4000.000000	18000.000000	8000.000000	Phee	8.599027	28.840931	NaN	NaN	44.024258	0.000000
106	Spectrogram 1	1	2055.360000	2056.250000	4000.000000	18000.000000	8000.000000	Trillphee	7.981667	29.030569	NaN	NaN	54.365161	0.000000
107	Spectrogram 1	1	2107.290000	2107.320000	4000.000000	18000.000000	8000.000000	Sd-peep	4.877971	13.349888	NaN	NaN	63.476667	0.000000
108	Spectrogram 1	1	2117.240000	2117.270000	4000.000000	18000.000000	8000.000000	Sd-peep	5.864155	11.822155	NaN	NaN	36.533774	0.000000
109	Spectrogram 1	1	2126.600000	2126.640000	4000.000000	18000.000000	8000.000000	Trill	11.156335	14.230656	NaN	NaN	29.830145	0.000000
110	Spectrogram 1	1	2128.000000	2128.360000	4000.000000	18000.000000	8000.000000	Trill	8.857523	17.765516	NaN	NaN	64.337010	0.000000
111	Spectrogram 1	1	2133.720000	2133.910000	4000.000000	18000.000000	8000.000000	Trill	4.847490	15.700100	NaN	NaN	33.578759	0.000000
112	Spectrogram 1	1	2154.830000	2155.640000	4000.000000	18000.000000	8000.000000	Phee	4.924777	28.036221	NaN	NaN	44.691152	0.000000
113	Spectrogram 1	1	2155.840000	2156.600000	4000.000000	18000.000000	8000.000000	Trillphee	5.849735	29.681455	NaN	NaN	48.624801	0.000000
114	Spectrogram 1	1	2189.540000	2190.170000	4000.000000	18000.000000	8000.000000	Phee	5.703384	10.951506	NaN	NaN	76.672565	0.000000
115	Spectrogram 1	1	2206.740000	2208.140000	4000.000000	18000.000000	8000.000000	Phee	5.956986	21.613979	NaN	NaN	39.099471	0.000000
116	Spectrogram 1	1	2208.440000	2209.310000	4000.000000	18000.000000	8000.000000	Phee	8.838177	30.000000	NaN	NaN	38.168752	0.000000
117	Spectrogram 1	1	2209.570000	2210.420000	4000.000000	18000.000000	8000.000000	Phee	8.509139	30.000000	NaN	NaN	41.831455	0.000000
118	Spectrogram 1	1	2210.670000	2211.610000	4000.000000	18000.000000	8000.000000	Phee	8.197612	29.893069	NaN	NaN	48.079129	0.000000
119	Spectrogram 1	1	2227.970000	2227.990000	4000.000000	18000.000000	8000.000000	Sd-peep	9.436684	10.959534	NaN	NaN	28.574836	0.000000
120	Spectrogram 1	1	2229.360000	2229.380000	4000.000000	18000.000000	8000.000000	Sd-peep	10.039248	15.210059	NaN	NaN	29.692719	0.000000
121	Spectrogram 1	1	2267.090000	2268.120000	4000.000000	18000.000000	8000.000000	Phee	6.274410	24.823351	NaN	NaN	62.211620	0.000000
122	Spectrogram 1	1	2273.810000	2273.840000	4000.000000	18000.000000	8000.000000	Trill	7.323469	25.750680	NaN	NaN	154.100400	0.000000
123	Spectrogram 1	1	2275.680000	2276.110000	4000.000000	18000.000000	8000.000000	Trill	4.044499	28.473873	NaN	NaN	115.869176	0.000000
124	Spectrogram 1	1	2295.800000	2296.830000	4000.000000	18000.000000	8000.000000	Phee	12.821480	30.000000	NaN	NaN	56.981995	0.000000
125	Spectrogram 1	1	2296.980000	2298.020000	4000.000000	18000.000000	8000.000000	Phee	12.068164	30.000000	NaN	NaN	41.272134	0.000000
126	Spectrogram 1	1	2298.230000	2299.060000	4000.000000	18000.000000	8000.000000	Phee	10.504203	30.000000	NaN	NaN	44.384954	0.000000
127	Spectrogram 1	1	2320.720000	2320.750000	4000.000000	18000.000000	8000.000000	Trill	7.198699	13.028262	NaN	NaN	33.088009	0.000000
128	Spectrogram 1	1	2328.940000	2329.430000	4000.000000	18000.000000	8000.000000	Phee	5.111943	27.986012	NaN	NaN	97.366816	0.000000
129	Spectrogram 1	1	2411.830000	2411.870000	4000.000000	18000.000000	8000.000000	Trill	12.391755	14.703743	NaN	NaN	28.771677	0.000000
130	Spectrogram 1	1	2457.620000	2459.730000	4000.000000	18000.000000	8000.000000	Phee	4.645288	24.939693	NaN	NaN	94.396535	0.000000
131	Spectrogram 1	1	2460.010000	2461.340000	4000.000000	18000.000000	8000.000000	Phee	5.851319	28.090427	NaN	NaN	95.724008	0.000000
132	Spectrogram 1	1	2474.740000	2474.830000	4000.000000	18000.000000	8000.000000	Trillphee	7.140425	11.761706	NaN	NaN	32.695633	0.000000
133	Spectrogram 1	1	2489.510000	2490.410000	4000.000000	18000.000000	8000.000000	Trillphee	4.549322	27.837123	NaN	NaN	46.783295	0.000000
134	Spectrogram 1	1	2490.620000	2491.500000	4000.000000	18000.000000	8000.000000	Phee	4.884989	25.391549	NaN	NaN	41.967045	0.000000
135	Spectrogram 1	1	2495.620000	2495.750000	4000.000000	18000.000000	8000.000000	Trill	9.331434	15.863332	NaN	NaN	30.074107	0.000000
136	Spectrogram 1	1	2506.870000	2506.960000	4000.000000	18000.000000	8000.000000	Phee	4.513609	9.997431	NaN	NaN	35.757571	0.000000
137	Spectrogram 1	1	2538.790000	2540.070000	4000.000000	18000.000000	8000.000000	Trillphee	12.511451	33.005682	NaN	NaN	85.052022	0.000000
138	Spectrogram 1	1	2553.030000	2554.140000	4000.000000	18000.000000	8000.000000	Phee	8.556227	30.000000	NaN	NaN	46.437001	0.000000
139	Spectrogram 1	1	2554.380000	2554.410000	4000.000000	18000.000000	8000.000000	Trill	9.458868	15.424695	NaN	NaN	37.032944	0.000000
140	Spectrogram 1	1	2554.710000	2555.640000	4000.000000	18000.000000	8000.000000	Phee	8.379700	30.000000	NaN	NaN	40.475174	0.000000
141	Spectrogram 1	1	2555.860000	2556.750000	4000.000000	18000.000000	8000.000000	Phee	8.608918	30.000000	NaN	NaN	46.748759	0.000000
142	Spectrogram 1	1	2576.360000	2576.630000	4000.000000	18000.000000	8000.000000	Trill	12.481289	24.285353	NaN	NaN	61.370501	0.000000
143	Spectrogram 1	1	2588.850000	2589.850000	4000.000000	18000.000000	8000.000000	Phee	8.838738	30.000000	NaN	NaN	41.640487	0.000000
144	Spectrogram 1	1	2590.010000	2590.060000	4000.000000	18000.000000	8000.000000	Trill	6.259433	13.618930	NaN	NaN	34.710932	0.000000
145	Spectrogram 1	1	2590.330000	2591.190000	4000.000000	18000.000000	8000.000000	Phee	9.243409	30.000000	NaN	NaN	38.321799	0.000000
146	Spectrogram 1	1	2591.420000	2592.230000	4000.000000	18000.000000	8000.000000	Phee	9.380213	30.000000	NaN	NaN	38.820284	0.000000
147	Spectrogram 1	1	2592.410000	2593.200000	4000.000000	18000.000000	8000.000000	Phee	8.636970	30.000000	NaN	NaN	40.385073	0.000000
148	Spectrogram 1	1	2593.350000	2594.210000	4000.000000	18000.000000	8000.000000	Phee	8.217964	29.034877	NaN	NaN	43.553262	0.000000
149	Spectrogram 1	1	2612.470000	2613.440000	4000.000000	18000.000000	8000.000000	Phee	9.177040	29.835379	NaN	NaN	39.914227	0.000000
150	Spectrogram 1	1	2613.890000	2613.940000	4000.000000	18000.000000	8000.000000	Trill	8.576198	15.203641	NaN	NaN	37.865011	0.000000
151	Spectrogram 1	1	2614.190000	2615.000000	4000.000000	18000.000000	8000.000000	Phee	8.837989	30.000000	NaN	NaN	39.937404	0.000000
152	Spectrogram 1	1	2615.180000	2615.230000	4000.000000	18000.000000	8000.000000	Trill	7.295021	14.654923	NaN	NaN	42.293915	0.000000
153	Spectrogram 1	1	2615.520000	2616.340000	4000.000000	18000.000000	8000.000000	Phee	10.202967	29.607313	NaN	NaN	38.254080	0.000000
154	Spectrogram 1	1	2616.440000	2617.330000	4000.000000	18000.000000	8000.000000	Phee	9.243093	28.581292	NaN	NaN	39.745634	0.000000
155	Spectrogram 1	1	2617.510000	2618.290000	4000.000000	18000.000000	8000.000000	Phee	8.114443	30.000000	NaN	NaN	45.895935	0.000000
156	Spectrogram 1	1	2641.080000	2642.080000	4000.000000	18000.000000	8000.000000	Trillphee	5.332231	25.146091	NaN	NaN	52.924960	0.000000
157	Spectrogram 1	1	2647.440000	2647.800000	4000.000000	18000.000000	8000.000000	Trill	14.374419	29.101572	NaN	NaN	101.187707	0.000000
158	Spectrogram 1	1	2652.660000	2652.700000	4000.000000	18000.000000	8000.000000	Trill	10.631342	13.150163	NaN	NaN	28.928397	0.000000
159	Spectrogram 1	1	2664.920000	2665.210000	4000.000000	18000.000000	8000.000000	Trill	9.039942	19.415866	NaN	NaN	53.009510	0.000000
160	Spectrogram 1	1	2680.140000	2680.990000	4000.000000	18000.000000	8000.000000	Phee	5.791282	28.786310	NaN	NaN	32.892885	0.000000
161	Spectrogram 1	1	2730.150000	2730.240000	4000.000000	18000.000000	8000.000000	Trillphee	7.426724	13.668406	NaN	NaN	33.390004	0.000000
162	Spectrogram 1	1	2732.920000	2733.220000	4000.000000	18000.000000	8000.000000	Trill	5.962587	17.220165	NaN	NaN	107.314286	0.000000
163	Spectrogram 1	1	2735.400000	2735.790000	4000.000000	18000.000000	8000.000000	Trill	4.555680	8.748339	NaN	NaN	47.781860	0.000000
164	Spectrogram 1	1	2736.290000	2737.270000	4000.000000	18000.000000	8000.000000	Trillphee	5.373304	21.438665	NaN	NaN	81.747637	0.000000
165	Spectrogram 1	1	2742.610000	2742.640000	4000.000000	18000.000000	8000.000000	Twitter	5.102736	10.954603	NaN	NaN	57.871811	0.000000
166	Spectrogram 1	1	2778.620000	2779.310000	4000.000000	18000.000000	8000.000000	Trillphee	4.042767	23.516916	NaN	NaN	66.781794	0.000000
167	Spectrogram 1	1	2797.680000	2797.990000	4000.000000	18000.000000	8000.000000	Trill	7.712400	19.134006	NaN	NaN	54.532671	0.000000
168	Spectrogram 1	1	2801.470000	2801.790000	4000.000000	18000.000000	8000.000000	Trill	6.965389	17.632271	NaN	NaN	53.976574	0.000000
169	Spectrogram 1	1	2811.030000	2811.670000	4000.000000	18000.000000	8000.000000	Trill	4.242657	16.196349	NaN	NaN	45.738979	0.000000
170	Spectrogram 1	1	2819.570000	2819.980000	4000.000000	18000.000000	8000.000000	Trill	13.582592	25.737517	NaN	NaN	119.627142	0.000000
171	Spectrogram 1	1	2820.010000	2820.400000	4000.000000	18000.000000	8000.000000	Trill	9.578371	23.570928	NaN	NaN	136.506610	0.000000
172	Spectrogram 1	1	2845.780000	2845.820000	4000.000000	18000.000000	8000.000000	Trill	7.951446	9.875192	NaN	NaN	31.529766	0.000000
173	Spectrogram 1	1	2857.180000	2858.060000	4000.000000	18000.000000	8000.000000	Trill	9.012196	30.000000	NaN	NaN	108.169438	0.000000
174	Spectrogram 1	1	2858.190000	2858.870000	4000.000000	18000.000000	8000.000000	Trill	7.161282	30.000000	NaN	NaN	66.274698	0.000000
175	Spectrogram 1	1	2860.050000	2860.180000	4000.000000	18000.000000	8000.000000	Sd-peep	7.035402	23.751866	NaN	NaN	31.345659	0.000000
176	Spectrogram 1	1	2860.250000	2860.360000	4000.000000	18000.000000	8000.000000	Sd-peep	9.635174	25.905785	NaN	NaN	51.420994	0.000000
177	Spectrogram 1	1	2860.820000	2861.110000	4000.000000	18000.000000	8000.000000	Sd-peep	7.784132	21.893753	NaN	NaN	43.040670	0.000000
178	Spectrogram 1	1	2862.490000	2862.600000	4000.000000	18000.000000	8000.000000	Sd-peep	6.902694	18.750863	NaN	NaN	56.988771	0.000000
179	Spectrogram 1	1	2862.640000	2863.230000	4000.000000	18000.000000	8000.000000	Trill	12.985646	30.000000	NaN	NaN	95.483053	0.000000
180	Spectrogram 1	1	2863.310000	2863.800000	4000.000000	18000.000000	8000.000000	Trill	11.174232	30.000000	NaN	NaN	107.672041	0.000000
181	Spectrogram 1	1	2863.900000	2864.360000	4000.000000	18000.000000	8000.000000	Trill	11.566213	30.000000	NaN	NaN	97.761062	0.000000
182	Spectrogram 1	1	2864.500000	2864.690000	4000.000000	18000.000000	8000.000000	Trill	13.335511	30.000000	NaN	NaN	162.426138	0.000000
183	Spectrogram 1	1	2864.860000	2864.910000	4000.000000	18000.000000	8000.000000	Trill	11.077042	18.655417	NaN	NaN	122.423976	0.000000
184	Spectrogram 1	1	2871.220000	2871.310000	4000.000000	18000.000000	8000.000000	Trill	4.281291	11.350905	NaN	NaN	40.580660	0.000000
185	Spectrogram 1	1	2871.350000	2871.520000	4000.000000	18000.000000	8000.000000	Trill	4.856237	10.981957	NaN	NaN	45.302888	0.000000
186	Spectrogram 1	1	2871.570000	2871.600000	4000.000000	18000.000000	8000.000000	Trill	6.648411	11.904952	NaN	NaN	70.786548	0.000000
187	Spectrogram 1	1	2873.000000	2873.610000	4000.000000	18000.000000	8000.000000	Trill	12.471884	26.092127	NaN	NaN	90.591050	0.000000
188	Spectrogram 1	1	2884.350000	2884.420000	4000.000000	18000.000000	8000.000000	Trill	4.168445	8.476248	NaN	NaN	41.535298	0.000000
189	Spectrogram 1	1	2884.480000	2884.520000	4000.000000	18000.000000	8000.000000	Trill	4.350743	9.981744	NaN	NaN	53.116452	0.000000
190	Spectrogram 1	1	2884.690000	2884.740000	4000.000000	18000.000000	8000.000000	Trill	4.705187	10.466056	NaN	NaN	56.627578	0.000000
191	Spectrogram 1	1	2888.430000	2889.000000	4000.000000	18000.000000	8000.000000	Trill	9.026179	30.000000	NaN	NaN	106.456822	0.000000
192	Spectrogram 1	1	2889.100000	2889.650000	4000.000000	18000.000000	8000.000000	Trill	8.130576	30.000000	NaN	NaN	104.302753	0.000000
193	Spectrogram 1	1	2889.740000	2890.140000	4000.000000	18000.000000	8000.000000	Trill	9.647990	30.000000	NaN	NaN	121.036553	0.000000
194	Spectrogram 1	1	2890.250000	2890.610000	4000.000000	18000.000000	8000.000000	Trill	10.632135	30.000000	NaN	NaN	145.035426	0.000000
195	Spectrogram 1	1	2890.690000	2890.790000	4000.000000	18000.000000	8000.000000	Trill	10.742695	22.110729	NaN	NaN	162.168286	0.000000
196	Spectrogram 1	1	2914.230000	2914.790000	4000.000000	18000.000000	8000.000000	Trill	13.936091	30.000000	NaN	NaN	128.191036	0.000000
197	Spectrogram 1	1	2914.930000	2915.000000	4000.000000	18000.000000	8000.000000	Trill	9.491427	15.891613	NaN	NaN	81.915396	0.000000
198	Spectrogram 1	1	2945.470000	2945.540000	4000.000000	18000.000000	8000.000000	Trill	15.382107	15.110822	NaN	NaN	36.034887	0.000000
199	Spectrogram 1	1	2954.710000	2954.740000	4000.000000	18000.000000	8000.000000	Sd-peep	4.100191	10.065355	NaN	NaN	42.133638	0.000000
200	Spectrogram 1	1	2960.540000	2960.580000	4000.000000	18000.000000	8000.000000	Trill	6.621931	11.414079	NaN	NaN	65.356352	0.000000
201	Spectrogram 1	1	2960.780000	2960.810000	4000.000000	18000.000000	8000.000000	Trill	4.642714	10.912804	NaN	NaN	55.968312	0.000000
202	Spectrogram 1	1	2971.280000	2971.470000	4000.000000	18000.000000	8000.000000	Trill	11.245400	23.016837	NaN	NaN	67.575423	0.000000
203	Spectrogram 1	1	2987.200000	2987.350000	4000.000000	18000.000000	8000.000000	Phee	4.501571	13.418169	NaN	NaN	84.021283	0.000000
204	Spectrogram 1	1	2988.350000	2989.200000	4000.000000	18000.000000	8000.000000	Trill	7.596472	21.714037	NaN	NaN	76.449401	0.000000
205	Spectrogram 1	1	2991.120000	2991.210000	4000.000000	18000.000000	8000.000000	Trill	6.789352	9.833924	NaN	NaN	32.682388	0.000000
206	Spectrogram 1	1	2992.010000	2992.100000	4000.000000	18000.000000	8000.000000	Trill	9.330782	10.394093	NaN	NaN	30.232173	0.000000
207	Spectrogram 1	1	3010.630000	3011.820000	4000.000000	18000.000000	8000.000000	Phee	7.294915	29.124903	NaN	NaN	49.433934	0.000000
208	Spectrogram 1	1	3012.020000	3012.920000	4000.000000	18000.000000	8000.000000	Trillphee	7.152411	31.308561	NaN	NaN	52.899594	0.000000
209	Spectrogram 1	1	3013.080000	3014.000000	4000.000000	18000.000000	8000.000000	Trillphee	5.335383	27.166206	NaN	NaN	52.604303	0.000000
210	Spectrogram 1	1	3055.840000	3056.150000	4000.000000	18000.000000	8000.000000	Trill	4.010925	15.061110	NaN	NaN	53.501391	0.000000
211	Spectrogram 1	1	3058.650000	3059.140000	4000.000000	18000.000000	8000.000000	Trill	4.776804	17.118372	NaN	NaN	49.821468	0.000000
212	Spectrogram 1	1	3061.150000	3062.520000	4000.000000	18000.000000	8000.000000	Trill	4.342254	29.521047	NaN	NaN	70.048331	0.000000
213	Spectrogram 1	1	3086.020000	3086.040000	4000.000000	18000.000000	8000.000000	Sd-peep	9.118535	14.300496	NaN	NaN	37.746457	0.000000
214	Spectrogram 1	1	3103.680000	3104.530000	4000.000000	18000.000000	8000.000000	Trillphee	5.462849	16.104813	NaN	NaN	42.500250	0.000000
215	Spectrogram 1	1	3104.640000	3105.040000	4000.000000	18000.000000	8000.000000	Trillphee	4.063334	14.165984	NaN	NaN	51.505303	0.000000
216	Spectrogram 1	1	3128.010000	3129.440000	4000.000000	18000.000000	8000.000000	Trillphee	10.388606	34.381804	NaN	NaN	98.323648	0.000000
217	Spectrogram 1	1	3156.910000	3157.800000	4000.000000	18000.000000	8000.000000	Trill	8.485738	20.425840	NaN	NaN	68.363525	0.000000
218	Spectrogram 1	1	3158.830000	3160.080000	4000.000000	18000.000000	8000.000000	Twitter	8.142652	27.468152	NaN	NaN	32.527905	0.000000
219	Spectrogram 1	1	3163.280000	3163.310000	4000.000000	18000.000000	8000.000000	Trill	10.821166	14.550989	NaN	NaN	31.132996	0.000000
220	Spectrogram 1	1	3164.860000	3164.980000	4000.000000	18000.000000	8000.000000	Phee	4.461137	13.255095	NaN	NaN	54.261522	0.000000
221	Spectrogram 1	1	3167.060000	3167.090000	4000.000000	18000.000000	8000.000000	Trill	5.629307	7.928177	NaN	NaN	38.488326	0.000000
222	Spectrogram 1	1	3207.420000	3207.460000	4000.000000	18000.000000	8000.000000	Phee	4.175751	8.603320	NaN	NaN	55.322159	0.000000
223	Spectrogram 1	1	3217.490000	3217.960000	4000.000000	18000.000000	8000.000000	Trill	13.833845	26.215018	NaN	NaN	91.695016	0.000000
224	Spectrogram 1	1	3222.340000	3223.720000	4000.000000	18000.000000	8000.000000	Trill	10.064672	25.379202	NaN	NaN	78.573785	0.000000
225	Spectrogram 1	1	3227.020000	3227.060000	4000.000000	18000.000000	8000.000000	Trill	6.606707	11.465036	NaN	NaN	39.202591	0.000000
226	Spectrogram 1	1	3233.810000	3235.270000	4000.000000	18000.000000	8000.000000	Trill	5.227118	22.851545	NaN	NaN	70.810188	0.000000
227	Spectrogram 1	1	3255.680000	3255.760000	4000.000000	18000.000000	8000.000000	Trillphee	6.748656	10.869797	NaN	NaN	57.266937	0.000000
228	Spectrogram 1	1	3260.230000	3260.350000	4000.000000	18000.000000	8000.000000	Twitter	4.855929	24.921605	NaN	NaN	41.187669	0.000000
229	Spectrogram 1	1	3289.600000	3289.720000	4000.000000	18000.000000	8000.000000	Trill	7.733653	11.243485	NaN	NaN	29.888786	0.000000
230	Spectrogram 1	1	3290.850000	3292.420000	4000.000000	18000.000000	8000.000000	Twitter	8.533596	27.182305	NaN	NaN	34.317301	0.000000
231	Spectrogram 1	1	3298.360000	3298.690000	4000.000000	18000.000000	8000.000000	Trill	17.671984	30.000000	NaN	NaN	66.553864	0.000000
232	Spectrogram 1	1	3320.400000	3321.110000	4000.000000	18000.000000	8000.000000	Trill	8.063672	20.288610	NaN	NaN	79.621366	0.000000
233	Spectrogram 1	1	3342.900000	3343.720000	4000.000000	18000.000000	8000.000000	Trill	13.604068	30.000000	NaN	NaN	97.850811	0.000000
234	Spectrogram 1	1	3366.510000	3366.530000	4000.000000	18000.000000	8000.000000	Sd-peep	5.385828	8.004559	NaN	NaN	32.032020	0.000000
235	Spectrogram 1	1	3366.570000	3366.720000	4000.000000	18000.000000	8000.000000	Phee	4.673345	8.281037	NaN	NaN	37.134976	0.000000
236	Spectrogram 1	1	3368.520000	3368.890000	4000.000000	18000.000000	8000.000000	Trill	4.941425	13.617760	NaN	NaN	41.172396	0.000000
237	Spectrogram 1	1	3382.450000	3382.470000	4000.000000	18000.000000	8000.000000	Sd-peep	9.382416	14.615822	NaN	NaN	38.218268	0.000000
238	Spectrogram 1	1	3385.440000	3386.340000	4000.000000	18000.000000	8000.000000	Trillphee	6.731787	25.062365	NaN	NaN	71.956871	0.000000
239	Spectrogram 1	1	3386.670000	3387.670000	4000.000000	18000.000000	8000.000000	Phee	4.182618	26.077181	NaN	NaN	86.287024	0.000000
240	Spectrogram 1	1	3391.970000	3392.440000	4000.000000	18000.000000	8000.000000	Trill	4.723317	18.013466	NaN	NaN	51.139207	0.000000
241	Spectrogram 1	1	3410.170000	3410.750000	4000.000000	18000.000000	8000.000000	Trill	12.724043	25.064257	NaN	NaN	84.222855	0.000000
242	Spectrogram 1	1	3425.850000	3426.410000	4000.000000	18000.000000	8000.000000	Trill	10.202764	30.000000	NaN	NaN	102.386085	0.000000
243	Spectrogram 1	1	3426.510000	3427.110000	4000.000000	18000.000000	8000.000000	Trill	9.890002	30.000000	NaN	NaN	84.037891	0.000000
244	Spectrogram 1	1	3427.160000	3427.650000	4000.000000	18000.000000	8000.000000	Trill	9.984584	30.000000	NaN	NaN	80.375382	0.000000
245	Spectrogram 1	1	3427.730000	3428.230000	4000.000000	18000.000000	8000.000000	Trill	9.942398	30.000000	NaN	NaN	86.838320	0.000000
246	Spectrogram 1	1	3428.290000	3428.920000	4000.000000	18000.000000	8000.000000	Trill	6.957405	23.785222	NaN	NaN	67.694059	0.000000
247	Spectrogram 1	1	3433.840000	3434.770000	4000.000000	18000.000000	8000.000000	Trill	11.356790	28.479203	NaN	NaN	66.644096	0.000000
248	Spectrogram 1	1	3434.820000	3435.490000	4000.000000	18000.000000	8000.000000	Trill	13.853776	30.000000	NaN	NaN	62.088099	0.000000
249	Spectrogram 1	1	3435.570000	3436.190000	4000.000000	18000.000000	8000.000000	Trill	13.086587	30.000000	NaN	NaN	64.736582	0.000000
250	Spectrogram 1	1	3436.260000	3436.880000	4000.000000	18000.000000	8000.000000	Trill	13.063640	30.000000	NaN	NaN	91.424742	0.000000
251	Spectrogram 1	1	3440.640000	3440.890000	4000.000000	18000.000000	8000.000000	Trill	6.139662	21.408931	NaN	NaN	36.645039	0.000000
252	Spectrogram 1	1	3440.970000	3440.990000	4000.000000	18000.000000	8000.000000	Sd-peep	10.073856	14.291339	NaN	NaN	64.611086	0.000000
253	Spectrogram 1	1	3442.060000	3442.540000	4000.000000	18000.000000	8000.000000	Sd-peep	9.907030	26.846164	NaN	NaN	49.022940	0.000000
254	Spectrogram 1	1	3442.590000	3442.670000	4000.000000	18000.000000	8000.000000	Sd-peep	13.957755	30.146650	NaN	NaN	67.816057	0.000000
255	Spectrogram 1	1	3442.710000	3443.580000	4000.000000	18000.000000	8000.000000	Trill	10.383812	24.500923	NaN	NaN	51.781959	0.000000
256	Spectrogram 1	1	3443.630000	3444.000000	4000.000000	18000.000000	8000.000000	Trill	8.813367	22.204447	NaN	NaN	48.299492	0.000000
257	Spectrogram 1	1	3444.050000	3444.150000	4000.000000	18000.000000	8000.000000	Sd-peep	7.870025	18.942460	NaN	NaN	44.896838	0.000000
258	Spectrogram 1	1	3444.190000	3444.330000	4000.000000	18000.000000	8000.000000	Trill	5.720220	17.818038	NaN	NaN	52.165897	0.000000
259	Spectrogram 1	1	3444.600000	3444.690000	4000.000000	18000.000000	8000.000000	Trill	5.415575	10.953817	NaN	NaN	52.977347	0.000000
260	Spectrogram 1	1	3446.420000	3446.500000	4000.000000	18000.000000	8000.000000	Sd-peep	8.610829	24.831409	NaN	NaN	67.400909	0.000000
261	Spectrogram 1	1	3446.810000	3446.900000	4000.000000	18000.000000	8000.000000	Trill	7.507280	21.912396	NaN	NaN	64.766856	0.000000
262	Spectrogram 1	1	3447.330000	3447.480000	4000.000000	18000.000000	8000.000000	Sd-peep	6.022217	18.490153	NaN	NaN	52.935866	0.000000
263	Spectrogram 1	1	3450.160000	3450.810000	4000.000000	18000.000000	8000.000000	Trill	14.645774	30.000000	NaN	NaN	81.678300	0.000000
264	Spectrogram 1	1	3450.940000	3451.950000	4000.000000	18000.000000	8000.000000	Trill	14.812433	30.000000	NaN	NaN	68.070653	0.000000
265	Spectrogram 1	1	3452.060000	3452.800000	4000.000000	18000.000000	8000.000000	Trill	13.957760	30.000000	NaN	NaN	65.783766	0.000000
266	Spectrogram 1	1	3452.900000	3453.440000	4000.000000	18000.000000	8000.000000	Trill	15.157014	30.000000	NaN	NaN	78.816241	0.000000
267	Spectrogram 1	1	3453.480000	3453.590000	4000.000000	18000.000000	8000.000000	Trill	5.552123	17.597860	NaN	NaN	43.112412	0.000000
268	Spectrogram 1	1	3459.630000	3460.810000	4000.000000	18000.000000	8000.000000	Trill	8.754451	26.813610	NaN	NaN	66.178623	0.000000
269	Spectrogram 1	1	3460.910000	3461.610000	4000.000000	18000.000000	8000.000000	Trill	9.349189	30.000000	NaN	NaN	76.384339	0.000000
270	Spectrogram 1	1	3461.730000	3462.390000	4000.000000	18000.000000	8000.000000	Trill	11.107042	30.000000	NaN	NaN	90.978570	0.000000
271	Spectrogram 1	1	3462.480000	3462.810000	4000.000000	18000.000000	8000.000000	Trill	10.955775	30.000000	NaN	NaN	136.051542	0.000000
272	Spectrogram 1	1	3462.890000	3463.120000	4000.000000	18000.000000	8000.000000	Trill	11.637435	30.000000	NaN	NaN	148.723089	0.000000
273	Spectrogram 1	1	3475.380000	3476.510000	4000.000000	18000.000000	8000.000000	Trill	11.269130	25.856302	NaN	NaN	59.528150	0.000000
274	Spectrogram 1	1	3476.620000	3477.330000	4000.000000	18000.000000	8000.000000	Trill	13.630475	30.000000	NaN	NaN	55.243302	0.000000
275	Spectrogram 1	1	3477.420000	3478.170000	4000.000000	18000.000000	8000.000000	Trill	13.653834	30.000000	NaN	NaN	58.925274	0.000000
276	Spectrogram 1	1	3478.280000	3478.770000	4000.000000	18000.000000	8000.000000	Trill	14.171200	30.000000	NaN	NaN	76.724033	0.000000
277	Spectrogram 1	1	3478.860000	3478.940000	4000.000000	18000.000000	8000.000000	Trill	12.913325	27.062647	NaN	NaN	116.568923	0.000000
278	Spectrogram 1	1	3481.990000	3483.020000	4000.000000	18000.000000	8000.000000	Trill	8.637280	23.345096	NaN	NaN	38.635209	0.000000
279	Spectrogram 1	1	3483.060000	3483.440000	4000.000000	18000.000000	8000.000000	Trill	8.405600	22.254038	NaN	NaN	38.812403	0.000000
280	Spectrogram 1	1	3483.540000	3483.630000	4000.000000	18000.000000	8000.000000	Sd-peep	9.944516	24.694967	NaN	NaN	41.856730	0.000000
281	Spectrogram 1	1	3483.700000	3483.770000	4000.000000	18000.000000	8000.000000	Trill	12.025620	22.334062	NaN	NaN	67.218339	0.000000
282	Spectrogram 1	1	3483.900000	3483.990000	4000.000000	18000.000000	8000.000000	Sd-peep	10.189582	20.190664	NaN	NaN	54.748450	0.000000
283	Spectrogram 1	1	3484.110000	3484.180000	4000.000000	18000.000000	8000.000000	Sd-peep	12.651322	23.681840	NaN	NaN	66.133932	0.000000
284	Spectrogram 1	1	3484.260000	3484.330000	4000.000000	18000.000000	8000.000000	Sd-peep	9.115914	21.490665	NaN	NaN	54.611481	0.000000
285	Spectrogram 1	1	3484.440000	3484.500000	4000.000000	18000.000000	8000.000000	Sd-peep	9.012532	17.851311	NaN	NaN	41.180866	0.000000
286	Spectrogram 1	1	3484.760000	3484.990000	4000.000000	18000.000000	8000.000000	Trill	8.133062	17.539602	NaN	NaN	48.430525	0.000000
287	Spectrogram 1	1	3485.050000	3485.130000	4000.000000	18000.000000	8000.000000	Sd-peep	10.016586	21.793716	NaN	NaN	43.016468	0.000000
288	Spectrogram 1	1	3485.220000	3485.330000	4000.000000	18000.000000	8000.000000	Trill	7.431941	19.168561	NaN	NaN	32.150371	0.000000
289	Spectrogram 1	1	3485.380000	3485.470000	4000.000000	18000.000000	8000.000000	Trill	11.324279	21.022016	NaN	NaN	54.232605	0.000000
290	Spectrogram 1	1	3485.830000	3485.970000	4000.000000	18000.000000	8000.000000	Trill	4.819757	16.670827	NaN	NaN	42.892353	0.000000
291	Spectrogram 1	1	3486.140000	3486.190000	4000.000000	18000.000000	8000.000000	Trill	9.189299	17.691691	NaN	NaN	76.801052	0.000000
292	Spectrogram 1	1	3487.510000	3487.620000	4000.000000	18000.000000	8000.000000	Phee	4.941479	13.073918	NaN	NaN	89.038441	0.000000
293	Spectrogram 1	1	3488.900000	3490.830000	4000.000000	18000.000000	8000.000000	Trill	11.583855	30.000000	NaN	NaN	51.289554	0.000000
294	Spectrogram 1	1	3490.990000	3491.930000	4000.000000	18000.000000	8000.000000	Trill	12.356388	30.000000	NaN	NaN	55.151417	0.000000
295	Spectrogram 1	1	3492.040000	3492.710000	4000.000000	18000.000000	8000.000000	Trill	12.132180	30.000000	NaN	NaN	62.335746	0.000000
296	Spectrogram 1	1	3492.850000	3493.490000	4000.000000	18000.000000	8000.000000	Trill	6.154105	23.904303	NaN	NaN	63.595147	0.000000
297	Spectrogram 1	1	3493.540000	3493.770000	4000.000000	18000.000000	8000.000000	Sd-peep	8.000534	23.488395	NaN	NaN	38.290767	0.000000
298	Spectrogram 1	1	3493.850000	3494.220000	4000.000000	18000.000000	8000.000000	Trill	6.005339	20.136279	NaN	NaN	33.397092	0.000000
299	Spectrogram 1	1	3494.260000	3494.730000	4000.000000	18000.000000	8000.000000	Trill	5.557997	22.971552	NaN	NaN	35.370458	0.000000
300	Spectrogram 1	1	3495.100000	3495.930000	4000.000000	18000.000000	8000.000000	Trill	6.121557	21.745156	NaN	NaN	35.385723	0.000000
301	Spectrogram 1	1	3495.970000	3496.060000	4000.000000	18000.000000	8000.000000	Trill	8.648009	20.562768	NaN	NaN	36.692650	0.000000
302	Spectrogram 1	1	3496.460000	3496.570000	4000.000000	18000.000000	8000.000000	Trill	7.172964	21.640117	NaN	NaN	29.604112	0.000000
303	Spectrogram 1	1	3496.840000	3497.410000	4000.000000	18000.000000	8000.000000	Trill	4.854083	20.700736	NaN	NaN	39.492765	0.000000
304	Spectrogram 1	1	3497.450000	3497.530000	4000.000000	18000.000000	8000.000000	Trill	10.010917	24.430808	NaN	NaN	60.219795	0.000000
305	Spectrogram 1	1	3497.570000	3497.780000	4000.000000	18000.000000	8000.000000	Trill	7.450784	20.496676	NaN	NaN	39.113007	0.000000
306	Spectrogram 1	1	3497.840000	3498.200000	4000.000000	18000.000000	8000.000000	Trill	9.626872	24.058750	NaN	NaN	45.161093	0.000000
307	Spectrogram 1	1	3498.250000	3499.360000	4000.000000	18000.000000	8000.000000	Trill	7.553372	20.783202	NaN	NaN	54.427102	0.000000
308	Spectrogram 1	1	3499.400000	3499.490000	4000.000000	18000.000000	8000.000000	Sd-peep	10.334283	25.999273	NaN	NaN	58.890099	0.000000
309	Spectrogram 1	1	3499.530000	3499.640000	4000.000000	18000.000000	8000.000000	Sd-peep	9.071485	22.837608	NaN	NaN	56.320785	0.000000
310	Spectrogram 1	1	3499.680000	3499.900000	4000.000000	18000.000000	8000.000000	Trill	8.154073	21.344272	NaN	NaN	51.157521	0.000000
311	Spectrogram 1	1	3499.970000	3500.510000	4000.000000	18000.000000	8000.000000	Trill	5.355849	16.907575	NaN	NaN	45.235302	0.000000
312	Spectrogram 1	1	3502.760000	3502.850000	4000.000000	18000.000000	8000.000000	Sd-peep	14.224679	27.059515	NaN	NaN	71.158201	0.000000
313	Spectrogram 1	1	3502.900000	3502.990000	4000.000000	18000.000000	8000.000000	Trill	11.754020	26.691958	NaN	NaN	64.955179	0.000000
314	Spectrogram 1	1	3503.040000	3503.130000	4000.000000	18000.000000	8000.000000	Trill	9.144660	25.055270	NaN	NaN	54.198483	0.000000
315	Spectrogram 1	1	3503.180000	3504.000000	4000.000000	18000.000000	8000.000000	Trill	8.179354	26.551609	NaN	NaN	74.406371	0.000000
316	Spectrogram 1	1	3504.100000	3504.690000	4000.000000	18000.000000	8000.000000	Trill	9.721380	30.000000	NaN	NaN	89.660027	0.000000
317	Spectrogram 1	1	3504.810000	3505.440000	4000.000000	18000.000000	8000.000000	Trill	9.915160	30.000000	NaN	NaN	82.484334	0.000000
318	Spectrogram 1	1	3505.480000	3506.080000	4000.000000	18000.000000	8000.000000	Trill	9.327724	30.000000	NaN	NaN	70.561806	0.000000
319	Spectrogram 1	1	3506.200000	3506.270000	4000.000000	18000.000000	8000.000000	Trill	10.067139	24.375749	NaN	NaN	114.338508	0.000000
320	Spectrogram 1	1	3508.700000	3509.320000	4000.000000	18000.000000	8000.000000	Trill	7.802317	22.886815	NaN	NaN	35.880375	0.000000
321	Spectrogram 1	1	3509.400000	3509.860000	4000.000000	18000.000000	8000.000000	Trill	10.101069	26.096303	NaN	NaN	38.258109	0.000000
322	Spectrogram 1	1	3509.920000	3510.100000	4000.000000	18000.000000	8000.000000	Trill	8.049185	19.204577	NaN	NaN	30.994042	0.000000
323	Spectrogram 1	1	3510.760000	3510.900000	4000.000000	18000.000000	8000.000000	Trill	5.261809	18.434949	NaN	NaN	33.842761	0.000000
324	Spectrogram 1	1	3511.000000	3511.140000	4000.000000	18000.000000	8000.000000	Trill	5.644376	16.666697	NaN	NaN	41.694118	0.000000
325	Spectrogram 1	1	3511.370000	3511.570000	4000.000000	18000.000000	8000.000000	Trill	8.306818	21.890386	NaN	NaN	34.950916	0.000000
326	Spectrogram 1	1	3511.670000	3511.780000	4000.000000	18000.000000	8000.000000	Trill	5.359342	17.575433	NaN	NaN	46.921353	0.000000
327	Spectrogram 1	1	3511.830000	3511.950000	4000.000000	18000.000000	8000.000000	Trill	5.690883	17.359720	NaN	NaN	54.686898	0.000000
328	Spectrogram 1	1	3512.060000	3512.780000	4000.000000	18000.000000	8000.000000	Trill	12.255029	30.000000	NaN	NaN	79.436029	0.000000
329	Spectrogram 1	1	3512.870000	3513.660000	4000.000000	18000.000000	8000.000000	Trill	11.752893	30.000000	NaN	NaN	44.762398	0.000000
330	Spectrogram 1	1	3513.740000	3514.390000	4000.000000	18000.000000	8000.000000	Trill	11.845802	30.000000	NaN	NaN	50.183537	0.000000
331	Spectrogram 1	1	3514.430000	3515.140000	4000.000000	18000.000000	8000.000000	Trill	10.248686	29.259440	NaN	NaN	53.667320	0.000000
332	Spectrogram 1	1	3524.940000	3525.460000	4000.000000	18000.000000	8000.000000	Trill	6.329907	20.332792	NaN	NaN	36.125239	0.000000
333	Spectrogram 1	1	3525.540000	3526.200000	4000.000000	18000.000000	8000.000000	Trill	9.763109	30.000000	NaN	NaN	66.700628	0.000000
334	Spectrogram 1	1	3526.330000	3526.900000	4000.000000	18000.000000	8000.000000	Trill	9.860458	29.603113	NaN	NaN	59.058619	0.000000
335	Spectrogram 1	1	3526.970000	3527.590000	4000.000000	18000.000000	8000.000000	Trill	10.326536	30.000000	NaN	NaN	71.237150	0.000000
336	Spectrogram 1	1	3527.660000	3528.140000	4000.000000	18000.000000	8000.000000	Trill	7.267936	25.286900	NaN	NaN	51.963378	0.000000
337	Spectrogram 1	1	3528.210000	3528.840000	4000.000000	18000.000000	8000.000000	Trill	5.645796	22.713096	NaN	NaN	46.231466	0.000000
338	Spectrogram 1	1	3532.310000	3532.400000	4000.000000	18000.000000	8000.000000	Sd-peep	7.241403	20.112401	NaN	NaN	35.671999	0.000000
339	Spectrogram 1	1	3532.490000	3533.040000	4000.000000	18000.000000	8000.000000	Trill	5.838813	19.344833	NaN	NaN	29.863433	0.000000
340	Spectrogram 1	1	3533.820000	3533.960000	4000.000000	18000.000000	8000.000000	Trillphee	7.928951	13.731422	NaN	NaN	59.393144	0.000000
341	Spectrogram 1	1	3539.680000	3539.980000	4000.000000	18000.000000	8000.000000	Trill	7.210626	22.618450	NaN	NaN	44.507613	0.000000
342	Spectrogram 1	1	3540.070000	3540.140000	4000.000000	18000.000000	8000.000000	Trill	7.649219	21.769309	NaN	NaN	36.731731	0.000000
343	Spectrogram 1	1	3540.210000	3540.920000	4000.000000	18000.000000	8000.000000	Trill	10.860797	30.000000	NaN	NaN	95.229444	0.000000
344	Spectrogram 1	1	3541.000000	3541.700000	4000.000000	18000.000000	8000.000000	Trill	11.389987	30.000000	NaN	NaN	88.637641	0.000000
345	Spectrogram 1	1	3541.850000	3542.610000	4000.000000	18000.000000	8000.000000	Trill	9.787612	28.582912	NaN	NaN	61.609010	0.000000
346	Spectrogram 1	1	3542.660000	3543.630000	4000.000000	18000.000000	8000.000000	Trill	7.819372	26.045788	NaN	NaN	64.140079	0.000000
347	Spectrogram 1	1	3547.720000	3550.480000	4000.000000	18000.000000	8000.000000	Trill	7.563251	24.763522	NaN	NaN	35.953422	0.000000
348	Spectrogram 1	1	3550.530000	3550.630000	4000.000000	18000.000000	8000.000000	Trill	8.355794	22.609035	NaN	NaN	55.519062	0.000000
349	Spectrogram 1	1	3550.680000	3551.420000	4000.000000	18000.000000	8000.000000	Trill	8.473803	23.187592	NaN	NaN	53.102068	0.000000
350	Spectrogram 1	1	3551.500000	3552.210000	4000.000000	18000.000000	8000.000000	Trill	6.154426	19.169898	NaN	NaN	37.880355	0.000000
351	Spectrogram 1	1	3552.250000	3552.360000	4000.000000	18000.000000	8000.000000	Sd-peep	8.598482	24.128631	NaN	NaN	55.298189	0.000000
352	Spectrogram 1	1	3552.410000	3552.760000	4000.000000	18000.000000	8000.000000	Trill	7.388117	22.219234	NaN	NaN	48.011596	0.000000
353	Spectrogram 1	1	3553.840000	3554.780000	4000.000000	18000.000000	8000.000000	Trill	7.658526	25.544192	NaN	NaN	31.221424	0.000000
354	Spectrogram 1	1	3554.820000	3555.190000	4000.000000	18000.000000	8000.000000	Trill	6.227684	19.134833	NaN	NaN	45.608105	0.000000
355	Spectrogram 1	1	3555.420000	3557.070000	4000.000000	18000.000000	8000.000000	Trill	11.642445	30.000000	NaN	NaN	46.397699	0.000000
356	Spectrogram 1	1	3557.220000	3558.160000	4000.000000	18000.000000	8000.000000	Trill	14.617351	30.000000	NaN	NaN	48.879059	0.000000
357	Spectrogram 1	1	3558.260000	3558.980000	4000.000000	18000.000000	8000.000000	Trill	12.273434	30.000000	NaN	NaN	52.548769	0.000000
358	Spectrogram 1	1	3566.800000	3568.690000	4000.000000	18000.000000	8000.000000	Trill	9.328895	27.061851	NaN	NaN	44.887118	0.000000
359	Spectrogram 1	1	3568.750000	3569.570000	4000.000000	18000.000000	8000.000000	Trill	12.780735	30.000000	NaN	NaN	42.829468	0.000000
360	Spectrogram 1	1	3569.680000	3570.360000	4000.000000	18000.000000	8000.000000	Trill	13.666702	30.000000	NaN	NaN	54.752524	0.000000
361	Spectrogram 1	1	3570.470000	3570.560000	4000.000000	18000.000000	8000.000000	Trill	12.218747	30.000000	NaN	NaN	114.418534	0.000000
362	Spectrogram 1	1	3570.620000	3571.300000	4000.000000	18000.000000	8000.000000	Trill	11.932605	30.000000	NaN	NaN	80.600600	0.000000
363	Spectrogram 1	1	3583.540000	3583.990000	4000.000000	18000.000000	8000.000000	Sd-peep	10.205849	25.792331	NaN	NaN	42.278130	0.000000
364	Spectrogram 1	1	3584.210000	3584.290000	4000.000000	18000.000000	8000.000000	Sd-peep	7.591470	22.912902	NaN	NaN	32.518400	0.000000
365	Spectrogram 1	1	3584.330000	3584.400000	4000.000000	18000.000000	8000.000000	Sd-peep	9.759351	24.474780	NaN	NaN	38.317917	0.000000
366	Spectrogram 1	1	3584.470000	3584.550000	4000.000000	18000.000000	8000.000000	Sd-peep	7.887712	23.649545	NaN	NaN	32.509594	0.000000
367	Spectrogram 1	1	3584.610000	3584.690000	4000.000000	18000.000000	8000.000000	Sd-peep	8.435925	25.279893	NaN	NaN	52.260055	0.000000
368	Spectrogram 1	1	3584.760000	3584.830000	4000.000000	18000.000000	8000.000000	Sd-peep	7.177588	22.665679	NaN	NaN	42.617932	0.000000
369	Spectrogram 1	1	3584.950000	3585.030000	4000.000000	18000.000000	8000.000000	Trill	8.317658	19.041085	NaN	NaN	83.259705	0.000000
370	Spectrogram 1	1	3585.160000	3585.920000	4000.000000	18000.000000	8000.000000	Trill	13.065418	30.000000	NaN	NaN	88.988784	0.000000
371	Spectrogram 1	1	3586.020000	3586.620000	4000.000000	18000.000000	8000.000000	Trill	14.419745	30.000000	NaN	NaN	59.927640	0.000000
372	Spectrogram 1	1	3586.670000	3587.250000	4000.000000	18000.000000	8000.000000	Trill	14.543534	29.844974	NaN	NaN	64.597908	0.000000
373	Spectrogram 1	1	3587.320000	3587.720000	4000.000000	18000.000000	8000.000000	Trill	15.000227	30.000000	NaN	NaN	86.706730	0.000000
374	Spectrogram 1	1	3587.790000	3587.870000	4000.000000	18000.000000	8000.000000	Trill	12.123579	24.780926	NaN	NaN	140.475729	0.000000
375	Spectrogram 1	1	3598.300000	3599.050000	4000.000000	18000.000000	8000.000000	Phee	5.026720	28.154148	NaN	NaN	110.392833	0.000000
376	Spectrogram 1	1	3600.020000	3600.730000	4000.000000	18000.000000	8000.000000	Phee	4.667060	26.033139	NaN	NaN	122.334392	0.000000
377	Spectrogram 1	1	3602.120000	3602.690000	4000.000000	18000.000000	8000.000000	Sd-peep	9.361898	27.665353	NaN	NaN	40.301781	0.000000
378	Spectrogram 1	1	3602.740000	3602.810000	4000.000000	18000.000000	8000.000000	Sd-peep	9.304145	26.718670	NaN	NaN	48.710810	0.000000
379	Spectrogram 1	1	3602.850000	3602.940000	4000.000000	18000.000000	8000.000000	Sd-peep	8.538690	23.573499	NaN	NaN	49.616321	0.000000
380	Spectrogram 1	1	3602.990000	3603.090000	4000.000000	18000.000000	8000.000000	Sd-peep	7.679537	23.120696	NaN	NaN	56.901886	0.000000
381	Spectrogram 1	1	3603.130000	3603.210000	4000.000000	18000.000000	8000.000000	Sd-peep	10.127183	24.377721	NaN	NaN	64.826059	0.000000
382	Spectrogram 1	1	3603.260000	3603.340000	4000.000000	18000.000000	8000.000000	Sd-peep	8.456122	22.830096	NaN	NaN	53.118657	0.000000
383	Spectrogram 1	1	3603.400000	3603.480000	4000.000000	18000.000000	8000.000000	Sd-peep	9.880219	25.057938	NaN	NaN	67.015322	0.000000
384	Spectrogram 1	1	3603.530000	3603.610000	4000.000000	18000.000000	8000.000000	Sd-peep	9.663608	25.748819	NaN	NaN	55.123907	0.000000
385	Spectrogram 1	1	3603.680000	3603.750000	4000.000000	18000.000000	8000.000000	Sd-peep	9.130772	24.297651	NaN	NaN	56.864188	0.000000
386	Spectrogram 1	1	3603.830000	3603.880000	4000.000000	18000.000000	8000.000000	Trill	8.837713	19.169665	NaN	NaN	74.494787	0.000000
387	Spectrogram 1	1	3604.080000	3604.150000	4000.000000	18000.000000	8000.000000	Sd-peep	8.749133	20.957834	NaN	NaN	72.466132	0.000000
388	Spectrogram 1	1	3604.330000	3604.420000	4000.000000	18000.000000	8000.000000	Sd-peep	6.436596	18.610681	NaN	NaN	41.094878	0.000000
389	Spectrogram 1	1	3604.840000	3604.910000	4000.000000	18000.000000	8000.000000	Sd-peep	8.861278	21.973019	NaN	NaN	58.320127	0.000000
390	Spectrogram 1	1	3605.030000	3605.260000	4000.000000	18000.000000	8000.000000	Trill	6.758061	22.876298	NaN	NaN	49.570778	0.000000
391	Spectrogram 1	1	3605.360000	3606.910000	4000.000000	18000.000000	8000.000000	Trill	8.795458	28.078393	NaN	NaN	80.755811	0.000000
392	Spectrogram 1	1	3607.010000	3607.530000	4000.000000	18000.000000	8000.000000	Trill	11.068231	30.000000	NaN	NaN	84.615701	0.000000
393	Spectrogram 1	1	3607.580000	3607.950000	4000.000000	18000.000000	8000.000000	Trill	11.235760	30.000000	NaN	NaN	77.150986	0.000000
394	Spectrogram 1	1	3608.080000	3608.320000	4000.000000	18000.000000	8000.000000	Trill	5.114374	17.740173	NaN	NaN	81.523148	0.000000
395	Spectrogram 1	1	3623.950000	3624.780000	4000.000000	18000.000000	8000.000000	Trill	8.837537	29.350920	NaN	NaN	61.086991	0.000000
396	Spectrogram 1	1	3624.960000	3625.690000	4000.000000	18000.000000	8000.000000	Trill	10.118071	30.000000	NaN	NaN	72.667627	0.000000
397	Spectrogram 1	1	3625.830000	3626.460000	4000.000000	18000.000000	8000.000000	Trill	9.787409	30.000000	NaN	NaN	65.076926	0.000000
398	Spectrogram 1	1	3626.610000	3627.140000	4000.000000	18000.000000	8000.000000	Trill	8.414852	27.463266	NaN	NaN	92.170391	0.000000
399	Spectrogram 1	1	3631.820000	3632.200000	4000.000000	18000.000000	8000.000000	Trill	8.439154	25.247837	NaN	NaN	37.853741	0.000000
400	Spectrogram 1	1	3640.190000	3641.300000	4000.000000	18000.000000	8000.000000	Trill	12.020924	30.000000	NaN	NaN	43.874844	0.000000
401	Spectrogram 1	1	3641.430000	3642.280000	4000.000000	18000.000000	8000.000000	Trill	10.186686	30.000000	NaN	NaN	33.576783	0.000000
402	Spectrogram 1	1	3642.400000	3643.700000	4000.000000	18000.000000	8000.000000	Trill	11.216426	30.000000	NaN	NaN	34.369069	0.000000
403	Spectrogram 1	1	3671.000000	3671.030000	4000.000000	18000.000000	8000.000000	Sd-peep	6.033306	18.440591	NaN	NaN	129.081251	0.000000
404	Spectrogram 1	1	3671.220000	3671.290000	4000.000000	18000.000000	8000.000000	Phee	4.614343	18.137118	NaN	NaN	103.134934	0.000000
405	Spectrogram 1	1	3691.630000	3692.070000	4000.000000	18000.000000	8000.000000	Trill	12.625817	27.367224	NaN	NaN	76.528140	0.000000
406	Spectrogram 1	1	3692.210000	3692.440000	4000.000000	18000.000000	8000.000000	Trill	10.225967	24.477722	NaN	NaN	79.176751	0.000000
407	Spectrogram 1	1	3692.550000	3692.770000	4000.000000	18000.000000	8000.000000	Trill	9.918203	23.760022	NaN	NaN	73.233162	0.000000
408	Spectrogram 1	1	3704.220000	3705.210000	4000.000000	18000.000000	8000.000000	Trill	14.927706	30.000000	NaN	NaN	102.744512	0.000000
409	Spectrogram 1	1	3705.270000	3705.620000	4000.000000	18000.000000	8000.000000	Trill	13.277422	30.000000	NaN	NaN	71.740046	0.000000
410	Spectrogram 1	1	3721.100000	3721.290000	4000.000000	18000.000000	8000.000000	Twitter	13.431823	31.247235	NaN	NaN	74.081691	0.000000
411	Spectrogram 1	1	3721.340000	3721.450000	4000.000000	18000.000000	8000.000000	Twitter	8.856705	27.602278	NaN	NaN	35.596608	0.000000
412	Spectrogram 1	1	3721.490000	3722.760000	4000.000000	18000.000000	8000.000000	Twitter	10.072003	27.659273	NaN	NaN	38.057591	0.000000
413	Spectrogram 1	1	3722.800000	3723.480000	4000.000000	18000.000000	8000.000000	Trill	12.476620	30.000000	NaN	NaN	65.036259	0.000000
414	Spectrogram 1	1	3723.550000	3724.220000	4000.000000	18000.000000	8000.000000	Trill	9.846595	30.000000	NaN	NaN	63.560690	0.000000
415	Spectrogram 1	1	3743.270000	3743.480000	4000.000000	18000.000000	8000.000000	Trill	11.498880	21.702586	NaN	NaN	64.457931	0.000000
416	Spectrogram 1	1	3751.260000	3751.740000	4000.000000	18000.000000	8000.000000	Trill	13.627053	28.286883	NaN	NaN	128.519273	0.000000
417	Spectrogram 1	1	3751.790000	3752.130000	4000.000000	18000.000000	8000.000000	Trill	11.108786	27.654410	NaN	NaN	113.596232	0.000000
418	Spectrogram 1	1	3752.190000	3753.160000	4000.000000	18000.000000	8000.000000	Trill	9.185306	25.442280	NaN	NaN	75.991987	0.000000
419	Spectrogram 1	1	3793.600000	3793.660000	4000.000000	18000.000000	8000.000000	Sd-peep	7.940112	20.233693	NaN	NaN	48.988737	0.000000
420	Spectrogram 1	1	3793.760000	3794.140000	4000.000000	18000.000000	8000.000000	Trill	12.916642	25.667837	NaN	NaN	112.444365	0.000000
421	Spectrogram 1	1	3794.260000	3794.590000	4000.000000	18000.000000	8000.000000	Trill	11.786148	30.000000	NaN	NaN	111.158395	0.000000
422	Spectrogram 1	1	3794.700000	3795.180000	4000.000000	18000.000000	8000.000000	Trill	11.055988	30.000000	NaN	NaN	113.003068	0.000000
423	Spectrogram 1	1	3795.240000	3795.670000	4000.000000	18000.000000	8000.000000	Trill	11.201072	30.000000	NaN	NaN	95.940977	0.000000
424	Spectrogram 1	1	3795.710000	3795.990000	4000.000000	18000.000000	8000.000000	Trill	7.054189	24.897107	NaN	NaN	96.515241	0.000000
425	Spectrogram 1	1	3796.030000	3796.210000	4000.000000	18000.000000	8000.000000	Trill	12.549066	30.000000	NaN	NaN	157.823307	0.000000
426	Spectrogram 1	1	3804.220000	3804.300000	4000.000000	18000.000000	8000.000000	Sd-peep	7.869623	19.966420	NaN	NaN	39.268194	0.000000
427	Spectrogram 1	1	3804.450000	3804.520000	4000.000000	18000.000000	8000.000000	Sd-peep	10.939391	20.936539	NaN	NaN	62.890659	0.000000
428	Spectrogram 1	1	3804.600000	3804.680000	4000.000000	18000.000000	8000.000000	Sd-peep	8.530475	22.254578	NaN	NaN	54.579558	0.000000
429	Spectrogram 1	1	3804.730000	3804.820000	4000.000000	18000.000000	8000.000000	Trill	10.600897	21.954629	NaN	NaN	80.991155	0.000000
430	Spectrogram 1	1	3804.860000	3804.930000	4000.000000	18000.000000	8000.000000	Sd-peep	10.047650	19.996913	NaN	NaN	51.494618	0.000000
431	Spectrogram 1	1	3804.980000	3805.060000	4000.000000	18000.000000	8000.000000	Trill	9.531237	19.056111	NaN	NaN	49.906944	0.000000
432	Spectrogram 1	1	3805.150000	3805.560000	4000.000000	18000.000000	8000.000000	Trill	5.759363	19.498661	NaN	NaN	30.398805	0.000000
433	Spectrogram 1	1	3805.640000	3805.910000	4000.000000	18000.000000	8000.000000	Trill	12.722022	25.401621	NaN	NaN	82.690031	0.000000
434	Spectrogram 1	1	3806.000000	3806.500000	4000.000000	18000.000000	8000.000000	Trill	11.428158	30.000000	NaN	NaN	114.229567	0.000000
435	Spectrogram 1	1	3806.580000	3807.180000	4000.000000	18000.000000	8000.000000	Trill	10.885321	30.000000	NaN	NaN	125.538420	0.000000
436	Spectrogram 1	1	3807.240000	3807.930000	4000.000000	18000.000000	8000.000000	Trill	12.632691	30.000000	NaN	NaN	147.278227	0.000000
437	Spectrogram 1	1	3838.740000	3839.260000	4000.000000	18000.000000	8000.000000	Trill	6.546968	19.939548	NaN	NaN	43.787024	0.000000
438	Spectrogram 1	1	3839.300000	3839.790000	4000.000000	18000.000000	8000.000000	Trill	6.318102	20.278233	NaN	NaN	48.050295	0.000000
439	Spectrogram 1	1	3839.840000	3839.980000	4000.000000	18000.000000	8000.000000	Trill	11.824109	30.000000	NaN	NaN	116.064805	0.000000
440	Spectrogram 1	1	3840.010000	3841.140000	4000.000000	18000.000000	8000.000000	Trill	10.958649	30.000000	NaN	NaN	102.140347	0.000000
441	Spectrogram 1	1	3841.230000	3842.140000	4000.000000	18000.000000	8000.000000	Trill	4.142918	20.615850	NaN	NaN	71.137293	0.000000
442	Spectrogram 1	1	3883.430000	3883.760000	4000.000000	18000.000000	8000.000000	Trill	13.166350	29.535904	NaN	NaN	122.970222	0.000000
443	Spectrogram 1	1	3883.850000	3884.340000	4000.000000	18000.000000	8000.000000	Trill	12.272948	30.000000	NaN	NaN	98.132165	0.000000
444	Spectrogram 1	1	3884.430000	3885.000000	4000.000000	18000.000000	8000.000000	Trill	12.377805	30.000000	NaN	NaN	66.917212	0.000000
445	Spectrogram 1	1	3885.080000	3885.580000	4000.000000	18000.000000	8000.000000	Trill	12.887066	30.000000	NaN	NaN	82.066019	0.000000
446	Spectrogram 1	1	3885.640000	3885.990000	4000.000000	18000.000000	8000.000000	Trill	13.773507	30.000000	NaN	NaN	95.497772	0.000000
447	Spectrogram 1	1	3886.040000	3886.250000	4000.000000	18000.000000	8000.000000	Trill	14.855824	30.000000	NaN	NaN	135.367473	0.000000
448	Spectrogram 1	1	3886.340000	3886.420000	4000.000000	18000.000000	8000.000000	Trill	13.349168	28.644119	NaN	NaN	147.156761	0.000000
449	Spectrogram 1	1	3889.180000	3889.590000	4000.000000	18000.000000	8000.000000	Trill	4.737050	17.902497	NaN	NaN	35.403009	0.000000
450	Spectrogram 1	1	3889.650000	3889.720000	4000.000000	18000.000000	8000.000000	Trill	9.856300	22.456241	NaN	NaN	59.259906	0.000000
451	Spectrogram 1	1	3889.840000	3890.040000	4000.000000	18000.000000	8000.000000	Trill	8.247695	19.409239	NaN	NaN	56.578781	0.000000
452	Spectrogram 1	1	3890.100000	3890.170000	4000.000000	18000.000000	8000.000000	Sd-peep	8.528236	20.558139	NaN	NaN	60.339831	0.000000
453	Spectrogram 1	1	3890.220000	3890.290000	4000.000000	18000.000000	8000.000000	Sd-peep	8.416918	19.858058	NaN	NaN	60.643710	0.000000
454	Spectrogram 1	1	3890.340000	3890.410000	4000.000000	18000.000000	8000.000000	Sd-peep	8.148023	20.550181	NaN	NaN	58.179993	0.000000
455	Spectrogram 1	1	3890.450000	3890.640000	4000.000000	18000.000000	8000.000000	Trill	4.201236	18.774904	NaN	NaN	44.063942	0.000000
456	Spectrogram 1	1	3916.880000	3918.120000	4000.000000	18000.000000	8000.000000	Trill	6.467638	23.776560	NaN	NaN	69.011380	0.000000
457	Spectrogram 1	1	3918.180000	3918.910000	4000.000000	18000.000000	8000.000000	Trill	8.624081	29.174961	NaN	NaN	86.432402	0.000000
458	Spectrogram 1	1	3919.010000	3919.850000	4000.000000	18000.000000	8000.000000	Trill	10.270350	30.000000	NaN	NaN	115.545067	0.000000
459	Spectrogram 1	1	3919.910000	3920.080000	4000.000000	18000.000000	8000.000000	Trill	9.833792	30.000000	NaN	NaN	169.271887	0.000000
460	Spectrogram 1	1	3921.580000	3921.790000	4000.000000	18000.000000	8000.000000	Sd-peep	7.845826	21.139902	NaN	NaN	38.531340	0.000000
461	Spectrogram 1	1	3921.870000	3921.930000	4000.000000	18000.000000	8000.000000	Sd-peep	8.981476	22.905314	NaN	NaN	35.436115	0.000000
462	Spectrogram 1	1	3944.500000	3944.910000	4000.000000	18000.000000	8000.000000	Sd-peep	8.659228	23.402044	NaN	NaN	48.562964	0.000000
463	Spectrogram 1	1	3945.100000	3946.290000	4000.000000	18000.000000	8000.000000	Trill	9.298604	29.420709	NaN	NaN	72.443502	0.000000
464	Spectrogram 1	1	3946.370000	3946.920000	4000.000000	18000.000000	8000.000000	Trill	10.994056	30.000000	NaN	NaN	76.818476	0.000000
465	Spectrogram 1	1	3947.000000	3947.360000	4000.000000	18000.000000	8000.000000	Trill	11.152224	30.000000	NaN	NaN	88.610411	0.000000
466	Spectrogram 1	1	3947.410000	3947.710000	4000.000000	18000.000000	8000.000000	Trill	9.459169	26.675082	NaN	NaN	75.917150	0.000000
467	Spectrogram 1	1	3947.750000	3947.800000	4000.000000	18000.000000	8000.000000	Trill	6.526453	16.193461	NaN	NaN	48.924069	0.000000
468	Spectrogram 1	1	3993.360000	3993.860000	4000.000000	18000.000000	8000.000000	Trill	13.671090	25.339440	NaN	NaN	105.742460	0.000000
469	Spectrogram 1	1	4005.030000	4005.060000	4000.000000	18000.000000	8000.000000	Sd-peep	5.488149	10.890811	NaN	NaN	68.351029	0.000000
470	Spectrogram 1	1	4086.820000	4087.270000	4000.000000	18000.000000	8000.000000	Trill	15.563936	26.683947	NaN	NaN	104.652120	0.000000
471	Spectrogram 1	1	4087.380000	4088.010000	4000.000000	18000.000000	8000.000000	Trill	5.848992	19.312002	NaN	NaN	52.010294	0.000000
472	Spectrogram 1	1	4088.050000	4088.200000	4000.000000	18000.000000	8000.000000	Trill	12.249419	28.952663	NaN	NaN	99.061782	0.000000
473	Spectrogram 1	1	4088.370000	4088.510000	4000.000000	18000.000000	8000.000000	Trill	14.541891	29.354255	NaN	NaN	181.880452	0.000000
474	Spectrogram 1	1	4088.670000	4088.710000	4000.000000	18000.000000	8000.000000	Trill	8.161580	13.205722	NaN	NaN	109.214765	0.000000
475	Spectrogram 1	1	4113.990000	4114.630000	4000.000000	18000.000000	8000.000000	Trill	13.843481	27.357093	NaN	NaN	122.695562	0.000000
476	Spectrogram 1	1	4120.550000	4120.610000	4000.000000	18000.000000	8000.000000	Trill	4.551953	25.342997	NaN	NaN	120.041673	0.000000
477	Spectrogram 1	1	4120.660000	4120.880000	4000.000000	18000.000000	8000.000000	Trill	5.945173	29.668582	NaN	NaN	158.298388	0.000000
478	Spectrogram 1	1	4121.000000	4121.890000	4000.000000	18000.000000	8000.000000	Trill	4.080451	23.165973	NaN	NaN	93.265653	0.000000
479	Spectrogram 1	1	4123.550000	4123.630000	4000.000000	18000.000000	8000.000000	Sd-peep	10.628184	24.006621	NaN	NaN	71.130297	0.000000
480	Spectrogram 1	1	4123.690000	4124.090000	4000.000000	18000.000000	8000.000000	Trill	16.056344	25.910359	NaN	NaN	133.093919	0.000000
481	Spectrogram 1	1	4124.130000	4124.830000	4000.000000	18000.000000	8000.000000	Trill	11.829822	25.790151	NaN	NaN	115.046797	0.000000
482	Spectrogram 1	1	4124.870000	4125.220000	4000.000000	18000.000000	8000.000000	Trill	13.487471	29.858032	NaN	NaN	139.088668	0.000000
483	Spectrogram 1	1	4125.310000	4125.650000	4000.000000	18000.000000	8000.000000	Trill	13.749259	30.000000	NaN	NaN	157.663783	0.000000
484	Spectrogram 1	1	4125.720000	4125.980000	4000.000000	18000.000000	8000.000000	Trill	15.218990	30.000000	NaN	NaN	167.932128	0.000000
485	Spectrogram 1	1	4126.070000	4126.320000	4000.000000	18000.000000	8000.000000	Trill	14.859032	29.069210	NaN	NaN	166.148691	0.000000
486	Spectrogram 1	1	4126.360000	4126.520000	4000.000000	18000.000000	8000.000000	Trill	11.894458	26.453469	NaN	NaN	127.288224	0.000000
487	Spectrogram 1	1	4126.650000	4126.680000	4000.000000	18000.000000	8000.000000	Trill	8.586288	13.775329	NaN	NaN	78.093339	0.000000
488	Spectrogram 1	1	4127.480000	4127.540000	4000.000000	18000.000000	8000.000000	Sd-peep	13.007606	23.783388	NaN	NaN	79.907452	0.000000
489	Spectrogram 1	1	4127.620000	4127.700000	4000.000000	18000.000000	8000.000000	Sd-peep	8.316658	17.746949	NaN	NaN	60.770187	0.000000
490	Spectrogram 1	1	4127.840000	4127.910000	4000.000000	18000.000000	8000.000000	Sd-peep	11.352418	20.847859	NaN	NaN	81.093905	0.000000
491	Spectrogram 1	1	4127.970000	4128.040000	4000.000000	18000.000000	8000.000000	Sd-peep	11.261172	18.613009	NaN	NaN	64.628628	0.000000
492	Spectrogram 1	1	4128.100000	4128.170000	4000.000000	18000.000000	8000.000000	Sd-peep	10.509211	17.317087	NaN	NaN	66.469844	0.000000
493	Spectrogram 1	1	4129.160000	4129.280000	4000.000000	18000.000000	8000.000000	Trill	4.221477	13.782280	NaN	NaN	42.951983	0.000000
494	Spectrogram 1	1	4129.360000	4129.460000	4000.000000	18000.000000	8000.000000	Trill	6.132309	15.031242	NaN	NaN	37.119648	0.000000
495	Spectrogram 1	1	4130.200000	4130.400000	4000.000000	18000.000000	8000.000000	Sd-peep	9.753146	25.008875	NaN	NaN	53.624818	0.000000
496	Spectrogram 1	1	4130.450000	4130.530000	4000.000000	18000.000000	8000.000000	Trill	10.426425	27.089947	NaN	NaN	67.960578	0.000000
497	Spectrogram 1	1	4130.570000	4130.640000	4000.000000	18000.000000	8000.000000	Sd-peep	9.243345	24.340756	NaN	NaN	48.801853	0.000000
498	Spectrogram 1	1	4130.710000	4130.770000	4000.000000	18000.000000	8000.000000	Sd-peep	10.792714	25.896592	NaN	NaN	61.504554	0.000000
499	Spectrogram 1	1	4130.830000	4130.900000	4000.000000	18000.000000	8000.000000	Trill	7.804011	21.942584	NaN	NaN	53.656884	0.000000
500	Spectrogram 1	1	4130.970000	4131.020000	4000.000000	18000.000000	8000.000000	Trill	8.776588	21.360799	NaN	NaN	51.911552	0.000000
501	Spectrogram 1	1	4146.590000	4146.810000	4000.000000	18000.000000	8000.000000	Sd-peep	8.706639	22.211519	NaN	NaN	62.927807	0.000000
502	Spectrogram 1	1	4146.860000	4147.400000	4000.000000	18000.000000	8000.000000	Trill	15.669173	29.557969	NaN	NaN	147.134616	0.000000
503	Spectrogram 1	1	4147.540000	4148.040000	4000.000000	18000.000000	8000.000000	Trill	11.478003	30.000000	NaN	NaN	129.350020	0.000000
504	Spectrogram 1	1	4148.160000	4148.600000	4000.000000	18000.000000	8000.000000	Trill	12.216053	30.000000	NaN	NaN	139.686399	0.000000
505	Spectrogram 1	1	4148.660000	4149.640000	4000.000000	18000.000000	8000.000000	Trill	7.816781	24.295679	NaN	NaN	63.283800	0.000000
506	Spectrogram 1	1	4183.890000	4185.510000	4000.000000	18000.000000	8000.000000	Trill	11.250269	30.000000	NaN	NaN	80.082403	0.000000
507	Spectrogram 1	1	4185.560000	4185.680000	4000.000000	18000.000000	8000.000000	Trill	6.992481	20.224958	NaN	NaN	65.210050	0.000000
508	Spectrogram 1	1	4185.760000	4185.820000	4000.000000	18000.000000	8000.000000	Trill	9.780197	24.121493	NaN	NaN	107.428487	0.000000
509	Spectrogram 1	1	4190.280000	4190.630000	4000.000000	18000.000000	8000.000000	Trill	13.894889	22.789168	NaN	NaN	43.033621	0.000000
510	Spectrogram 1	1	4196.200000	4196.260000	4000.000000	18000.000000	8000.000000	Sd-peep	8.826083	18.139723	NaN	NaN	73.861146	0.000000
511	Spectrogram 1	1	4196.370000	4196.560000	4000.000000	18000.000000	8000.000000	Trill	12.786107	24.513301	NaN	NaN	150.356861	0.000000
512	Spectrogram 1	1	4196.630000	4196.750000	4000.000000	18000.000000	8000.000000	Trill	7.301467	20.073264	NaN	NaN	69.100119	0.000000
513	Spectrogram 1	1	4196.840000	4197.380000	4000.000000	18000.000000	8000.000000	Trill	8.749479	27.856420	NaN	NaN	75.374297	0.000000
514	Spectrogram 1	1	4197.480000	4198.070000	4000.000000	18000.000000	8000.000000	Trill	9.730869	29.347679	NaN	NaN	73.094290	0.000000
515	Spectrogram 1	1	4198.130000	4198.940000	4000.000000	18000.000000	8000.000000	Trill	11.028175	30.000000	NaN	NaN	97.176515	0.000000
516	Spectrogram 1	1	4199.020000	4199.350000	4000.000000	18000.000000	8000.000000	Trill	7.011472	19.364223	NaN	NaN	75.636491	0.000000
517	Spectrogram 1	1	4235.160000	4235.750000	4000.000000	18000.000000	8000.000000	Trill	12.410502	25.116813	NaN	NaN	85.471444	0.000000
518	Spectrogram 1	1	4249.220000	4249.930000	4000.000000	18000.000000	8000.000000	Trill	12.161083	30.000000	NaN	NaN	77.090057	0.000000
519	Spectrogram 1	1	4250.040000	4250.510000	4000.000000	18000.000000	8000.000000	Trill	10.057326	30.000000	NaN	NaN	63.933586	0.000000
520	Spectrogram 1	1	4250.620000	4251.070000	4000.000000	18000.000000	8000.000000	Trill	11.468365	30.000000	NaN	NaN	95.476503	0.000000
521	Spectrogram 1	1	4251.210000	4251.680000	4000.000000	18000.000000	8000.000000	Trill	10.252075	30.000000	NaN	NaN	86.721917	0.000000
522	Spectrogram 1	1	4251.830000	4252.030000	4000.000000	18000.000000	8000.000000	Trill	5.343007	23.782099	NaN	NaN	54.136256	0.000000
523	Spectrogram 1	1	4252.140000	4252.200000	4000.000000	18000.000000	8000.000000	Trill	7.254080	19.206479	NaN	NaN	55.240434	0.000000
524	Spectrogram 1	1	4253.390000	4253.480000	4000.000000	18000.000000	8000.000000	Sd-peep	8.855857	22.267856	NaN	NaN	37.900174	0.000000
525	Spectrogram 1	1	4253.530000	4253.600000	4000.000000	18000.000000	8000.000000	Sd-peep	11.218684	22.240277	NaN	NaN	63.220734	0.000000
526	Spectrogram 1	1	4253.680000	4253.750000	4000.000000	18000.000000	8000.000000	Sd-peep	12.413728	23.271100	NaN	NaN	57.740302	0.000000
527	Spectrogram 1	1	4253.820000	4254.070000	4000.000000	18000.000000	8000.000000	Trill	5.302018	15.010035	NaN	NaN	37.619392	0.000000
528	Spectrogram 1	1	4310.130000	4310.270000	4000.000000	18000.000000	8000.000000	Trill	4.757185	15.875001	NaN	NaN	52.717196	0.000000
529	Spectrogram 1	1	4310.320000	4311.570000	4000.000000	18000.000000	8000.000000	Trill	11.022251	29.655679	NaN	NaN	70.065375	0.000000
530	Spectrogram 1	1	4311.660000	4313.190000	4000.000000	18000.000000	8000.000000	Trill	11.431412	29.823911	NaN	NaN	78.764697	0.000000
531	Spectrogram 1	1	4313.240000	4313.770000	4000.000000	18000.000000	8000.000000	Trill	6.415836	21.682790	NaN	NaN	49.549464	0.000000
532	Spectrogram 1	1	4315.230000	4315.300000	4000.000000	18000.000000	8000.000000	Sd-peep	9.124757	25.764082	NaN	NaN	32.187240	0.000000
533	Spectrogram 1	1	4315.360000	4315.430000	4000.000000	18000.000000	8000.000000	Sd-peep	11.454729	25.463452	NaN	NaN	43.193230	0.000000
534	Spectrogram 1	1	4315.510000	4315.580000	4000.000000	18000.000000	8000.000000	Trill	11.504056	22.913089	NaN	NaN	49.233821	0.000000
535	Spectrogram 1	1	4315.670000	4315.730000	4000.000000	18000.000000	8000.000000	Sd-peep	13.940055	25.611772	NaN	NaN	47.920841	0.000000
536	Spectrogram 1	1	4315.900000	4316.130000	4000.000000	18000.000000	8000.000000	Trill	7.632642	17.066312	NaN	NaN	53.438619	0.000000
537	Spectrogram 1	1	4316.310000	4316.370000	4000.000000	18000.000000	8000.000000	Sd-peep	12.305333	20.233274	NaN	NaN	66.220916	0.000000
538	Spectrogram 1	1	4316.490000	4316.560000	4000.000000	18000.000000	8000.000000	Sd-peep	12.693823	23.049601	NaN	NaN	81.170566	0.000000
539	Spectrogram 1	1	4316.630000	4316.710000	4000.000000	18000.000000	8000.000000	Sd-peep	11.178245	22.486944	NaN	NaN	68.611410	0.000000
540	Spectrogram 1	1	4316.780000	4316.840000	4000.000000	18000.000000	8000.000000	Sd-peep	13.358426	21.400080	NaN	NaN	82.465289	0.000000
541	Spectrogram 1	1	4319.470000	4319.830000	4000.000000	18000.000000	8000.000000	Trill	8.161376	23.651470	NaN	NaN	46.513891	0.000000
542	Spectrogram 1	1	4319.900000	4319.980000	4000.000000	18000.000000	8000.000000	Sd-peep	11.430584	27.589245	NaN	NaN	70.358165	0.000000
543	Spectrogram 1	1	4320.100000	4320.180000	4000.000000	18000.000000	8000.000000	Trill	11.777527	25.252772	NaN	NaN	99.532159	0.000000
544	Spectrogram 1	1	4324.700000	4325.360000	4000.000000	18000.000000	8000.000000	Trill	13.628999	30.000000	NaN	NaN	96.418933	0.000000
545	Spectrogram 1	1	4325.450000	4325.980000	4000.000000	18000.000000	8000.000000	Trill	14.106969	30.000000	NaN	NaN	77.857887	0.000000
546	Spectrogram 1	1	4326.110000	4326.680000	4000.000000	18000.000000	8000.000000	Trill	14.207807	30.000000	NaN	NaN	64.497231	0.000000
547	Spectrogram 1	1	4326.780000	4327.340000	4000.000000	18000.000000	8000.000000	Trill	14.644941	30.000000	NaN	NaN	68.085510	0.000000
548	Spectrogram 1	1	4331.170000	4331.370000	4000.000000	18000.000000	8000.000000	Sd-peep	9.410058	25.548491	NaN	NaN	38.507044	0.000000
549	Spectrogram 1	1	4331.450000	4331.520000	4000.000000	18000.000000	8000.000000	Sd-peep	8.943146	24.185302	NaN	NaN	40.791212	0.000000
550	Spectrogram 1	1	4331.560000	4331.630000	4000.000000	18000.000000	8000.000000	Sd-peep	8.883776	22.125901	NaN	NaN	38.608663	0.000000
551	Spectrogram 1	1	4331.690000	4331.760000	4000.000000	18000.000000	8000.000000	Sd-peep	9.769656	25.504457	NaN	NaN	43.496063	0.000000
552	Spectrogram 1	1	4331.820000	4331.890000	4000.000000	18000.000000	8000.000000	Sd-peep	8.120433	23.514712	NaN	NaN	34.139498	0.000000
553	Spectrogram 1	1	4341.670000	4341.750000	4000.000000	18000.000000	8000.000000	Phee	6.018624	16.879328	NaN	NaN	110.027898	0.000000
554	Spectrogram 1	1	4346.180000	4347.380000	4000.000000	18000.000000	8000.000000	Trill	13.849758	29.245814	NaN	NaN	120.471350	0.000000
555	Spectrogram 1	1	4347.490000	4347.980000	4000.000000	18000.000000	8000.000000	Trill	11.974040	30.000000	NaN	NaN	95.347885	0.000000
556	Spectrogram 1	1	4348.070000	4348.540000	4000.000000	18000.000000	8000.000000	Trill	12.918154	30.000000	NaN	NaN	124.500437	0.000000
557	Spectrogram 1	1	4348.580000	4349.020000	4000.000000	18000.000000	8000.000000	Trill	13.114315	30.000000	NaN	NaN	146.579056	0.000000
558	Spectrogram 1	1	4349.100000	4349.310000	4000.000000	18000.000000	8000.000000	Trill	13.173863	30.000000	NaN	NaN	213.888626	0.000000
559	Spectrogram 1	1	4349.420000	4349.470000	4000.000000	18000.000000	8000.000000	Trill	13.167373	22.829736	NaN	NaN	164.074876	0.000000
560	Spectrogram 1	1	4392.090000	4392.680000	4000.000000	18000.000000	8000.000000	Trill	15.798645	30.000000	NaN	NaN	167.233058	0.000000
561	Spectrogram 1	1	4392.800000	4393.290000	4000.000000	18000.000000	8000.000000	Trill	13.051707	30.000000	NaN	NaN	101.507047	0.000000
562	Spectrogram 1	1	4393.360000	4393.870000	4000.000000	18000.000000	8000.000000	Trill	13.504692	30.000000	NaN	NaN	111.052551	0.000000
563	Spectrogram 1	1	4393.950000	4394.360000	4000.000000	18000.000000	8000.000000	Trill	14.242893	30.000000	NaN	NaN	111.135629	0.000000
564	Spectrogram 1	1	4394.440000	4394.850000	4000.000000	18000.000000	8000.000000	Trill	13.547977	30.000000	NaN	NaN	98.811197	0.000000
565	Spectrogram 1	1	4394.940000	4395.110000	4000.000000	18000.000000	8000.000000	Trill	14.170965	30.000000	NaN	NaN	142.499734	0.000000
566	Spectrogram 1	1	4398.200000	4398.520000	4000.000000	18000.000000	8000.000000	Sd-peep	9.685095	24.824563	NaN	NaN	44.766731	0.000000
567	Spectrogram 1	1	4398.580000	4398.900000	4000.000000	18000.000000	8000.000000	Trill	7.600176	18.598984	NaN	NaN	57.929245	0.000000
568	Spectrogram 1	1	4399.090000	4399.290000	4000.000000	18000.000000	8000.000000	Trill	10.886784	25.235980	NaN	NaN	64.377542	0.000000
569	Spectrogram 1	1	4404.030000	4406.210000	4000.000000	18000.000000	8000.000000	Twitter	8.743974	25.269944	NaN	NaN	44.910585	0.000000
570	Spectrogram 1	1	4406.290000	4406.330000	4000.000000	18000.000000	8000.000000	Trill	7.031798	9.915735	NaN	NaN	68.956189	0.000000
571	Spectrogram 1	1	4426.090000	4428.180000	4000.000000	18000.000000	8000.000000	Trill	8.489552	25.343285	NaN	NaN	56.762846	0.000000
572	Spectrogram 1	1	4434.800000	4435.000000	4000.000000	18000.000000	8000.000000	Sd-peep	9.949904	24.844173	NaN	NaN	45.920283	0.000000
573	Spectrogram 1	1	4435.040000	4435.530000	4000.000000	18000.000000	8000.000000	Trill	9.267931	20.365737	NaN	NaN	51.019169	0.000000
574	Spectrogram 1	1	4435.570000	4436.160000	4000.000000	18000.000000	8000.000000	Trill	9.142220	20.637444	NaN	NaN	63.632789	0.000000
575	Spectrogram 1	1	4436.230000	4436.290000	4000.000000	18000.000000	8000.000000	Sd-peep	11.279898	22.964837	NaN	NaN	73.823514	0.000000
576	Spectrogram 1	1	4436.380000	4436.430000	4000.000000	18000.000000	8000.000000	Trill	12.709521	20.164416	NaN	NaN	72.911544	0.000000
577	Spectrogram 1	1	4436.490000	4436.730000	4000.000000	18000.000000	8000.000000	Trill	7.940393	17.604141	NaN	NaN	54.813487	0.000000
578	Spectrogram 1	1	4436.830000	4436.910000	4000.000000	18000.000000	8000.000000	Trill	11.525032	20.852267	NaN	NaN	52.267570	0.000000
579	Spectrogram 1	1	4437.040000	4437.080000	4000.000000	18000.000000	8000.000000	Trill	9.992816	16.261445	NaN	NaN	42.261890	0.000000
580	Spectrogram 1	1	4438.010000	4438.390000	4000.000000	18000.000000	8000.000000	Trill	8.643168	23.271496	NaN	NaN	47.990438	0.000000
581	Spectrogram 1	1	4438.450000	4438.520000	4000.000000	18000.000000	8000.000000	Trill	10.920774	25.723821	NaN	NaN	66.690815	0.000000
582	Spectrogram 1	1	4438.570000	4438.640000	4000.000000	18000.000000	8000.000000	Sd-peep	10.726419	27.174025	NaN	NaN	62.918699	0.000000
583	Spectrogram 1	1	4438.780000	4438.870000	4000.000000	18000.000000	8000.000000	Sd-peep	9.258364	25.728655	NaN	NaN	52.722937	0.000000
584	Spectrogram 1	1	4438.910000	4438.990000	4000.000000	18000.000000	8000.000000	Sd-peep	9.593666	24.962160	NaN	NaN	34.578984	0.000000
585	Spectrogram 1	1	4439.080000	4439.170000	4000.000000	18000.000000	8000.000000	Sd-peep	11.241074	27.842152	NaN	NaN	69.140764	0.000000
586	Spectrogram 1	1	4439.270000	4439.360000	4000.000000	18000.000000	8000.000000	Trill	7.334607	18.408422	NaN	NaN	88.034570	0.000000
587	Spectrogram 1	1	4439.480000	4439.980000	4000.000000	18000.000000	8000.000000	Trill	13.056324	30.000000	NaN	NaN	109.560036	0.000000
588	Spectrogram 1	1	4440.010000	4440.140000	4000.000000	18000.000000	8000.000000	Trill	9.756661	28.100577	NaN	NaN	83.132871	0.000000
589	Spectrogram 1	1	4440.280000	4441.430000	4000.000000	18000.000000	8000.000000	Trill	12.731456	29.657966	NaN	NaN	68.135707	0.000000
590	Spectrogram 1	1	4441.500000	4442.250000	4000.000000	18000.000000	8000.000000	Trill	8.765274	27.447536	NaN	NaN	52.675803	0.000000
591	Spectrogram 1	1	4446.290000	4446.380000	4000.000000	18000.000000	8000.000000	Sd-peep	10.095241	24.062258	NaN	NaN	34.188131	0.000000
592	Spectrogram 1	1	4449.110000	4449.210000	4000.000000	18000.000000	8000.000000	Sd-peep	8.811382	22.408668	NaN	NaN	52.083716	0.000000
593	Spectrogram 1	1	4449.250000	4449.300000	4000.000000	18000.000000	8000.000000	Trill	11.772483	21.310019	NaN	NaN	71.647098	0.000000
594	Spectrogram 1	1	4457.690000	4457.980000	4000.000000	18000.000000	8000.000000	Trill	9.854832	27.185204	NaN	NaN	38.149769	0.000000
595	Spectrogram 1	1	4458.060000	4458.530000	4000.000000	18000.000000	8000.000000	Trill	13.306754	30.000000	NaN	NaN	102.813626	0.000000
596	Spectrogram 1	1	4458.620000	4459.080000	4000.000000	18000.000000	8000.000000	Trill	13.396860	30.000000	NaN	NaN	129.967836	0.000000
597	Spectrogram 1	1	4459.150000	4459.540000	4000.000000	18000.000000	8000.000000	Trill	12.707370	30.000000	NaN	NaN	132.873749	0.000000
598	Spectrogram 1	1	4459.610000	4459.900000	4000.000000	18000.000000	8000.000000	Trill	12.544440	30.000000	NaN	NaN	176.970124	0.000000
599	Spectrogram 1	1	4459.950000	4460.150000	4000.000000	18000.000000	8000.000000	Trill	13.347984	30.000000	NaN	NaN	190.376356	0.000000
600	Spectrogram 1	1	4460.280000	4460.310000	4000.000000	18000.000000	8000.000000	Trill	10.836190	17.351210	NaN	NaN	137.176863	0.000000
601	Spectrogram 1	1	4478.670000	4478.820000	4000.000000	18000.000000	8000.000000	Sd-peep	4.451362	15.852598	NaN	NaN	52.993265	0.000000
602	Spectrogram 1	1	4478.870000	4479.510000	4000.000000	18000.000000	8000.000000	Trill	14.491919	26.987632	NaN	NaN	131.757158	0.000000
603	Spectrogram 1	1	4479.610000	4480.110000	4000.000000	18000.000000	8000.000000	Trill	13.830139	30.000000	NaN	NaN	148.805393	0.000000
604	Spectrogram 1	1	4480.190000	4480.660000	4000.000000	18000.000000	8000.000000	Trill	14.123547	30.000000	NaN	NaN	139.947198	0.000000
605	Spectrogram 1	1	4480.740000	4481.150000	4000.000000	18000.000000	8000.000000	Trill	13.438264	30.000000	NaN	NaN	143.415399	0.000000
606	Spectrogram 1	1	4481.200000	4481.610000	4000.000000	18000.000000	8000.000000	Trill	12.611933	27.238834	NaN	NaN	113.511913	0.000000
607	Spectrogram 1	1	4482.900000	4483.000000	4000.000000	18000.000000	8000.000000	Sd-peep	9.125707	22.588322	NaN	NaN	63.342073	0.000000
608	Spectrogram 1	1	4483.040000	4483.240000	4000.000000	18000.000000	8000.000000	Trill	7.145638	20.354698	NaN	NaN	44.187459	0.000000
609	Spectrogram 1	1	4483.340000	4483.420000	4000.000000	18000.000000	8000.000000	Sd-peep	11.092540	20.312327	NaN	NaN	60.844842	0.000000
610	Spectrogram 1	1	4483.480000	4483.540000	4000.000000	18000.000000	8000.000000	Sd-peep	13.113950	23.364373	NaN	NaN	78.953599	0.000000
611	Spectrogram 1	1	4483.590000	4483.850000	4000.000000	18000.000000	8000.000000	Trill	4.675755	14.588471	NaN	NaN	37.586132	0.000000
612	Spectrogram 1	1	4483.910000	4483.980000	4000.000000	18000.000000	8000.000000	Sd-peep	11.856368	23.849194	NaN	NaN	55.691563	0.000000
613	Spectrogram 1	1	4484.030000	4484.260000	4000.000000	18000.000000	8000.000000	Trill	8.001026	19.034145	NaN	NaN	55.353871	0.000000
614	Spectrogram 1	1	4540.820000	4540.900000	4000.000000	18000.000000	8000.000000	Sd-peep	14.273514	27.336318	NaN	NaN	58.873548	0.000000
615	Spectrogram 1	1	4540.950000	4541.010000	4000.000000	18000.000000	8000.000000	Sd-peep	12.452018	23.578699	NaN	NaN	49.003755	0.000000
616	Spectrogram 1	1	4541.260000	4541.580000	4000.000000	18000.000000	8000.000000	Trill	12.107862	28.924606	NaN	NaN	79.291020	0.000000
617	Spectrogram 1	1	4541.630000	4542.170000	4000.000000	18000.000000	8000.000000	Trill	13.227012	30.000000	NaN	NaN	72.745662	0.000000
618	Spectrogram 1	1	4542.270000	4542.640000	4000.000000	18000.000000	8000.000000	Trill	13.022320	30.000000	NaN	NaN	68.703966	0.000000
619	Spectrogram 1	1	4547.950000	4548.670000	4000.000000	18000.000000	8000.000000	Trill	8.705299	26.352846	NaN	NaN	39.176672	0.000000
620	Spectrogram 1	1	4548.710000	4551.600000	4000.000000	18000.000000	8000.000000	Trill	12.846527	30.000000	NaN	NaN	83.083982	0.000000
621	Spectrogram 1	1	4551.690000	4551.960000	4000.000000	18000.000000	8000.000000	Trill	13.324129	30.000000	NaN	NaN	164.495603	0.000000
622	Spectrogram 1	1	4552.070000	4552.160000	4000.000000	18000.000000	8000.000000	Trill	14.811971	26.806367	NaN	NaN	151.454221	0.000000
623	Spectrogram 1	1	4556.910000	4556.980000	4000.000000	18000.000000	8000.000000	Sd-peep	12.054954	23.169054	NaN	NaN	59.082199	0.000000
624	Spectrogram 1	1	4557.070000	4557.140000	4000.000000	18000.000000	8000.000000	Sd-peep	12.589145	21.620802	NaN	NaN	76.881526	0.000000
625	Spectrogram 1	1	4557.190000	4557.270000	4000.000000	18000.000000	8000.000000	Sd-peep	11.787217	21.904397	NaN	NaN	75.858122	0.000000
626	Spectrogram 1	1	4557.320000	4557.390000	4000.000000	18000.000000	8000.000000	Sd-peep	13.726009	23.773833	NaN	NaN	76.456790	0.000000
627	Spectrogram 1	1	4557.450000	4557.540000	4000.000000	18000.000000	8000.000000	Trill	10.899066	19.621615	NaN	NaN	69.486402	0.000000
628	Spectrogram 1	1	4557.600000	4557.670000	4000.000000	18000.000000	8000.000000	Trill	11.362281	19.995992	NaN	NaN	79.065574	0.000000
629	Spectrogram 1	1	4557.740000	4557.790000	4000.000000	18000.000000	8000.000000	Trill	12.520737	20.070003	NaN	NaN	90.882605	0.000000
630	Spectrogram 1	1	4559.670000	4559.920000	4000.000000	18000.000000	8000.000000	Trill	10.037705	21.131799	NaN	NaN	63.804492	0.000000
631	Spectrogram 1	1	4560.010000	4560.550000	4000.000000	18000.000000	8000.000000	Trill	17.500738	30.000000	NaN	NaN	165.113238	0.000000
632	Spectrogram 1	1	4560.660000	4561.120000	4000.000000	18000.000000	8000.000000	Trill	13.538583	30.000000	NaN	NaN	166.225501	0.000000
633	Spectrogram 1	1	4561.220000	4561.690000	4000.000000	18000.000000	8000.000000	Trill	12.394552	30.000000	NaN	NaN	135.440525	0.000000
634	Spectrogram 1	1	4561.810000	4562.270000	4000.000000	18000.000000	8000.000000	Trill	13.518505	30.000000	NaN	NaN	146.805890	0.000000
635	Spectrogram 1	1	4562.360000	4562.780000	4000.000000	18000.000000	8000.000000	Trill	13.979278	30.000000	NaN	NaN	177.699704	0.000000
636	Spectrogram 1	1	4562.850000	4563.020000	4000.000000	18000.000000	8000.000000	Trill	15.943943	28.812313	NaN	NaN	184.362685	0.000000
637	Spectrogram 1	1	4567.560000	4567.640000	4000.000000	18000.000000	8000.000000	Sd-peep	11.465521	27.163887	NaN	NaN	51.809397	0.000000
638	Spectrogram 1	1	4567.690000	4567.770000	4000.000000	18000.000000	8000.000000	Sd-peep	11.645356	26.426394	NaN	NaN	61.861991	0.000000
639	Spectrogram 1	1	4567.850000	4567.920000	4000.000000	18000.000000	8000.000000	Trill	10.562190	21.109376	NaN	NaN	59.928558	0.000000
640	Spectrogram 1	1	4570.480000	4570.590000	4000.000000	18000.000000	8000.000000	Sd-peep	9.775214	21.014582	NaN	NaN	39.048041	0.000000
641	Spectrogram 1	1	4570.630000	4570.950000	4000.000000	18000.000000	8000.000000	Trill	10.705892	24.239855	NaN	NaN	60.230093	0.000000
642	Spectrogram 1	1	4570.990000	4571.060000	4000.000000	18000.000000	8000.000000	Sd-peep	13.438273	26.929915	NaN	NaN	51.172890	0.000000
643	Spectrogram 1	1	4571.120000	4571.180000	4000.000000	18000.000000	8000.000000	Sd-peep	12.557082	23.873237	NaN	NaN	67.290213	0.000000
644	Spectrogram 1	1	4609.980000	4610.040000	4000.000000	18000.000000	8000.000000	Sd-peep	14.520090	24.950832	NaN	NaN	59.125316	0.000000
645	Spectrogram 1	1	4610.120000	4610.200000	4000.000000	18000.000000	8000.000000	Sd-peep	12.159697	21.335107	NaN	NaN	75.411918	0.000000
646	Spectrogram 1	1	4610.260000	4610.340000	4000.000000	18000.000000	8000.000000	Trill	11.067580	19.636585	NaN	NaN	96.661284	0.000000
647	Spectrogram 1	1	4610.430000	4610.830000	4000.000000	18000.000000	8000.000000	Trill	17.177349	30.000000	NaN	NaN	168.239928	0.000000
648	Spectrogram 1	1	4610.910000	4611.210000	4000.000000	18000.000000	8000.000000	Trill	14.641529	30.000000	NaN	NaN	142.564365	0.000000
649	Spectrogram 1	1	4611.310000	4611.630000	4000.000000	18000.000000	8000.000000	Trill	14.721338	30.000000	NaN	NaN	129.696307	0.000000
650	Spectrogram 1	1	4611.700000	4612.250000	4000.000000	18000.000000	8000.000000	Trill	12.574332	25.573497	NaN	NaN	118.236775	0.000000
651	Spectrogram 1	1	4613.540000	4614.710000	4000.000000	18000.000000	8000.000000	Trill	8.472742	25.200920	NaN	NaN	37.346018	0.000000
652	Spectrogram 1	1	4614.750000	4614.830000	4000.000000	18000.000000	8000.000000	Trill	11.701793	19.334252	NaN	NaN	61.229206	0.000000
653	Spectrogram 1	1	4614.890000	4614.970000	4000.000000	18000.000000	8000.000000	Trill	11.889441	21.907574	NaN	NaN	59.001344	0.000000
654	Spectrogram 1	1	4615.040000	4615.110000	4000.000000	18000.000000	8000.000000	Sd-peep	12.870835	23.085698	NaN	NaN	62.852583	0.000000
655	Spectrogram 1	1	4615.160000	4615.390000	4000.000000	18000.000000	8000.000000	Trill	8.625966	16.213214	NaN	NaN	51.086764	0.000000
656	Spectrogram 1	1	4615.620000	4615.690000	4000.000000	18000.000000	8000.000000	Sd-peep	12.836137	23.426416	NaN	NaN	68.879222	0.000000
657	Spectrogram 1	1	4615.740000	4615.940000	4000.000000	18000.000000	8000.000000	Trill	8.003192	18.862243	NaN	NaN	59.519914	0.000000
658	Spectrogram 1	1	4616.030000	4616.100000	4000.000000	18000.000000	8000.000000	Sd-peep	12.756778	22.774431	NaN	NaN	71.117314	0.000000
659	Spectrogram 1	1	4616.190000	4616.260000	4000.000000	18000.000000	8000.000000	Trill	11.416810	20.930856	NaN	NaN	65.336749	0.000000
660	Spectrogram 1	1	4616.320000	4616.390000	4000.000000	18000.000000	8000.000000	Trill	11.002277	19.821705	NaN	NaN	86.007639	0.000000
661	Spectrogram 1	1	4618.960000	4619.520000	4000.000000	18000.000000	8000.000000	Trill	8.783399	24.577027	NaN	NaN	49.700880	0.000000
662	Spectrogram 1	1	4619.560000	4619.640000	4000.000000	18000.000000	8000.000000	Sd-peep	9.195906	24.853805	NaN	NaN	46.315320	0.000000
663	Spectrogram 1	1	4619.680000	4619.800000	4000.000000	18000.000000	8000.000000	Trill	6.050774	18.401600	NaN	NaN	35.103046	0.000000
664	Spectrogram 1	1	4620.200000	4620.570000	4000.000000	18000.000000	8000.000000	Trill	9.017156	24.850512	NaN	NaN	49.011995	0.000000
665	Spectrogram 1	1	4620.650000	4620.800000	4000.000000	18000.000000	8000.000000	Trill	5.786244	17.836535	NaN	NaN	42.862089	0.000000
666	Spectrogram 1	1	4630.570000	4630.760000	4000.000000	18000.000000	8000.000000	Trill	7.670836	10.910655	NaN	NaN	46.025007	0.000000
667	Spectrogram 1	1	4670.650000	4671.130000	4000.000000	18000.000000	8000.000000	Trill	16.271062	25.138724	NaN	NaN	120.670293	0.000000
668	Spectrogram 1	1	4671.330000	4671.440000	4000.000000	18000.000000	8000.000000	Trill	12.926628	21.682531	NaN	NaN	145.626415	0.000000
669	Spectrogram 1	1	4699.460000	4700.060000	4000.000000	18000.000000	8000.000000	Trillphee	6.208493	26.406991	NaN	NaN	117.282278	0.000000
670	Spectrogram 1	1	4700.120000	4700.330000	4000.000000	18000.000000	8000.000000	Trillphee	8.335449	27.279018	NaN	NaN	154.209765	0.000000
671	Spectrogram 1	1	4735.430000	4735.600000	4000.000000	18000.000000	8000.000000	Phee	5.782158	8.854768	NaN	NaN	30.640002	0.000000
