Selection	View	Channel	Begin Time (s)	End Time (s)	Low Freq (Hz)	High Freq (Hz)	Max Freq (Hz)	Call Type	Energy Diff	Energy Par	Energy Diff (wl)	Energy Par (wl)	AHR	Exception
1	Spectrogram 1	1	37.520000	37.830000	4000.000000	18000.000000	8000.000000	Trill	5.868838	9.611602	NaN	NaN	47.232790	0.000000
2	Spectrogram 1	1	79.090000	79.420000	4000.000000	18000.000000	8000.000000	Trill	13.182798	18.425363	NaN	NaN	86.615161	0.000000
3	Spectrogram 1	1	85.590000	85.850000	4000.000000	18000.000000	8000.000000	Trill	11.957132	16.227939	NaN	NaN	91.427876	0.000000
4	Spectrogram 1	1	203.600000	203.780000	4000.000000	18000.000000	8000.000000	Trill	6.967411	9.134967	NaN	NaN	51.569849	0.000000
5	Spectrogram 1	1	247.950000	248.140000	4000.000000	18000.000000	8000.000000	Trill	10.090728	13.965189	NaN	NaN	62.590562	0.000000
6	Spectrogram 1	1	248.190000	248.310000	4000.000000	18000.000000	8000.000000	Trill	9.804796	11.550932	NaN	NaN	59.868818	0.000000
7	Spectrogram 1	1	250.840000	251.960000	4000.000000	18000.000000	8000.000000	Phee	15.939621	24.695884	NaN	NaN	141.464768	0.000000
8	Spectrogram 1	1	268.750000	268.990000	4000.000000	18000.000000	8000.000000	Trill	5.337621	10.841841	NaN	NaN	49.514194	0.000000
9	Spectrogram 1	1	282.980000	283.300000	4000.000000	18000.000000	8000.000000	Trill	6.118604	10.775823	NaN	NaN	50.254975	0.000000
10	Spectrogram 1	1	287.720000	287.900000	4000.000000	18000.000000	8000.000000	Trill	4.316255	8.336486	NaN	NaN	44.960947	0.000000
11	Spectrogram 1	1	291.900000	292.340000	4000.000000	18000.000000	8000.000000	Phee	5.698134	14.602715	NaN	NaN	58.652608	0.000000
12	Spectrogram 1	1	500.790000	501.110000	4000.000000	18000.000000	8000.000000	Phee	4.129399	8.820999	NaN	NaN	57.871190	0.000000
13	Spectrogram 1	1	511.780000	511.910000	4000.000000	18000.000000	8000.000000	Trill	4.391496	10.113351	NaN	NaN	52.630880	0.000000
14	Spectrogram 1	1	621.460000	621.660000	4000.000000	18000.000000	8000.000000	Trill	5.011895	9.730057	NaN	NaN	47.480578	0.000000
15	Spectrogram 1	1	717.690000	717.970000	4000.000000	18000.000000	8000.000000	Trill	4.303051	9.575504	NaN	NaN	50.370600	0.000000
16	Spectrogram 1	1	723.780000	723.830000	4000.000000	18000.000000	8000.000000	Twitter	7.373612	19.021738	NaN	NaN	68.154779	0.000000
17	Spectrogram 1	1	723.900000	723.920000	4000.000000	18000.000000	8000.000000	Tse	8.844596	18.509890	NaN	NaN	48.375851	0.000000
18	Spectrogram 1	1	727.350000	727.840000	4000.000000	18000.000000	8000.000000	Trill	4.603846	8.620489	NaN	NaN	41.721728	0.000000
19	Spectrogram 1	1	744.020000	744.040000	4000.000000	18000.000000	8000.000000	Twitter	9.353449	22.131661	NaN	NaN	61.424984	0.000000
20	Spectrogram 1	1	744.590000	744.620000	4000.000000	18000.000000	8000.000000	Twitter	7.690882	15.672250	NaN	NaN	47.523241	0.000000
21	Spectrogram 1	1	760.600000	760.700000	4000.000000	18000.000000	8000.000000	Phee	7.173868	13.148366	NaN	NaN	53.648838	0.000000
22	Spectrogram 1	1	760.850000	761.160000	4000.000000	18000.000000	8000.000000	Trill	4.762531	11.215707	NaN	NaN	49.311457	0.000000
23	Spectrogram 1	1	764.920000	765.130000	4000.000000	18000.000000	8000.000000	Phee	3.464553	7.694814	NaN	NaN	45.140886	0.000000
24	Spectrogram 1	1	765.170000	765.220000	4000.000000	18000.000000	8000.000000	Trill	3.827457	8.279939	NaN	NaN	51.873137	0.000000
25	Spectrogram 1	1	765.480000	765.780000	4000.000000	18000.000000	8000.000000	Phee	5.162286	13.137314	NaN	NaN	52.443942	0.000000
26	Spectrogram 1	1	792.590000	793.750000	4000.000000	18000.000000	8000.000000	Trill	4.507353	10.651185	NaN	NaN	65.696592	0.000000
27	Spectrogram 1	1	795.900000	796.630000	4000.000000	18000.000000	8000.000000	Phee	4.820967	13.272158	NaN	NaN	64.107398	0.000000
28	Spectrogram 1	1	804.270000	804.680000	4000.000000	18000.000000	8000.000000	Trill	6.430955	10.392681	NaN	NaN	46.856387	0.000000
29	Spectrogram 1	1	806.660000	807.030000	4000.000000	18000.000000	8000.000000	Trill	6.323731	11.280997	NaN	NaN	51.400040	0.000000
30	Spectrogram 1	1	823.140000	823.190000	4000.000000	18000.000000	8000.000000	Trill	4.462243	7.595753	NaN	NaN	45.274866	0.000000
31	Spectrogram 1	1	843.000000	843.050000	4000.000000	18000.000000	8000.000000	Phee	3.334138	8.715436	NaN	NaN	50.943387	0.000000
32	Spectrogram 1	1	843.360000	843.720000	4000.000000	18000.000000	8000.000000	Phee	8.373253	15.840960	NaN	NaN	85.760818	0.000000
33	Spectrogram 1	1	843.760000	843.900000	4000.000000	18000.000000	8000.000000	Phee	5.546891	12.687984	NaN	NaN	66.933500	0.000000
34	Spectrogram 1	1	844.050000	844.280000	4000.000000	18000.000000	8000.000000	Phee	6.271672	13.482266	NaN	NaN	72.720160	0.000000
35	Spectrogram 1	1	859.310000	859.570000	4000.000000	18000.000000	8000.000000	Trill	11.681219	14.857643	NaN	NaN	78.474027	0.000000
36	Spectrogram 1	1	866.710000	867.050000	4000.000000	18000.000000	8000.000000	Trill	5.485039	8.428448	NaN	NaN	46.944114	0.000000
37	Spectrogram 1	1	876.120000	876.300000	4000.000000	18000.000000	8000.000000	Trill	4.665217	8.191365	NaN	NaN	39.856152	0.000000
38	Spectrogram 1	1	893.560000	894.750000	4000.000000	18000.000000	8000.000000	Phee	5.249126	12.180956	NaN	NaN	60.921415	0.000000
39	Spectrogram 1	1	904.230000	904.420000	4000.000000	18000.000000	8000.000000	Phee	3.252889	9.919440	NaN	NaN	56.943828	0.000000
40	Spectrogram 1	1	904.470000	905.410000	4000.000000	18000.000000	8000.000000	Phee	5.259490	13.415562	NaN	NaN	66.386436	0.000000
41	Spectrogram 1	1	920.580000	921.390000	4000.000000	18000.000000	8000.000000	Phee	5.977620	13.316020	NaN	NaN	70.139437	0.000000
42	Spectrogram 1	1	939.980000	940.290000	4000.000000	18000.000000	8000.000000	Trill	6.679474	9.839498	NaN	NaN	53.753291	0.000000
43	Spectrogram 1	1	968.800000	969.090000	4000.000000	18000.000000	8000.000000	Trill	10.499177	13.435680	NaN	NaN	80.070903	0.000000
44	Spectrogram 1	1	977.220000	977.570000	4000.000000	18000.000000	8000.000000	Trill	14.927074	18.304854	NaN	NaN	103.132062	0.000000
45	Spectrogram 1	1	1059.040000	1059.090000	4000.000000	18000.000000	8000.000000	Trill	3.343337	7.737856	NaN	NaN	41.374899	0.000000
46	Spectrogram 1	1	1123.560000	1123.650000	4000.000000	18000.000000	8000.000000	Phee	3.419102	10.907075	NaN	NaN	43.915081	0.000000
47	Spectrogram 1	1	1124.140000	1124.440000	4000.000000	18000.000000	8000.000000	Phee	4.948230	24.985615	NaN	NaN	92.993453	0.000000
48	Spectrogram 1	1	1167.080000	1167.130000	4000.000000	18000.000000	8000.000000	Trill	4.278265	9.065197	NaN	NaN	41.542501	0.000000
49	Spectrogram 1	1	1231.980000	1232.130000	4000.000000	18000.000000	8000.000000	Trill	7.348084	14.052725	NaN	NaN	71.488154	0.000000
50	Spectrogram 1	1	1265.260000	1265.360000	4000.000000	18000.000000	8000.000000	Trill	4.810745	10.196682	NaN	NaN	43.049526	0.000000
51	Spectrogram 1	1	1471.820000	1472.410000	4000.000000	18000.000000	8000.000000	Trill	5.860812	12.493223	NaN	NaN	51.338891	0.000000
52	Spectrogram 1	1	1521.400000	1521.560000	4000.000000	18000.000000	8000.000000	Trill	4.212695	8.171400	NaN	NaN	46.804199	0.000000
53	Spectrogram 1	1	1542.510000	1542.710000	4000.000000	18000.000000	8000.000000	Trill	13.116215	17.424839	NaN	NaN	88.125895	0.000000
54	Spectrogram 1	1	1558.430000	1558.550000	4000.000000	18000.000000	8000.000000	Trill	10.210168	15.779584	NaN	NaN	91.674866	0.000000
55	Spectrogram 1	1	1558.730000	1559.080000	4000.000000	18000.000000	8000.000000	Trill	13.789025	17.846176	NaN	NaN	101.901890	0.000000
56	Spectrogram 1	1	1613.870000	1613.940000	4000.000000	18000.000000	8000.000000	Trill	7.349694	11.481618	NaN	NaN	56.083574	0.000000
57	Spectrogram 1	1	1649.300000	1649.380000	4000.000000	18000.000000	8000.000000	Trill	5.053356	10.086898	NaN	NaN	52.783666	0.000000
58	Spectrogram 1	1	1649.900000	1649.960000	4000.000000	18000.000000	8000.000000	Trill	3.526676	7.377778	NaN	NaN	46.165885	0.000000
59	Spectrogram 1	1	1657.000000	1657.090000	4000.000000	18000.000000	8000.000000	Trill	10.557638	13.530173	NaN	NaN	75.070036	0.000000
60	Spectrogram 1	1	1667.320000	1667.340000	4000.000000	18000.000000	8000.000000	Tse	15.105558	16.608476	NaN	NaN	51.345827	0.000000
61	Spectrogram 1	1	1667.390000	1667.410000	4000.000000	18000.000000	8000.000000	Tse	13.072667	15.742130	NaN	NaN	54.030417	0.000000
62	Spectrogram 1	1	1668.180000	1668.280000	4000.000000	18000.000000	8000.000000	Trill	10.527974	12.638052	NaN	NaN	41.426004	0.000000
63	Spectrogram 1	1	1668.400000	1668.450000	4000.000000	18000.000000	8000.000000	Trill	9.495429	11.730188	NaN	NaN	37.996615	0.000000
64	Spectrogram 1	1	1681.300000	1681.560000	4000.000000	18000.000000	8000.000000	Trill	6.052260	10.615836	NaN	NaN	48.643042	0.000000
65	Spectrogram 1	1	1693.690000	1694.020000	4000.000000	18000.000000	8000.000000	Phee	4.423410	10.340370	NaN	NaN	52.981763	0.000000
66	Spectrogram 1	1	1718.190000	1719.360000	4000.000000	18000.000000	8000.000000	Phee	6.002632	14.334726	NaN	NaN	66.006901	0.000000
67	Spectrogram 1	1	1724.780000	1724.990000	4000.000000	18000.000000	8000.000000	Phee	5.322295	9.853366	NaN	NaN	45.710066	0.000000
68	Spectrogram 1	1	1725.060000	1725.340000	4000.000000	18000.000000	8000.000000	Phee	5.504031	9.435954	NaN	NaN	56.177435	0.000000
69	Spectrogram 1	1	1725.570000	1725.640000	4000.000000	18000.000000	8000.000000	Phee	4.036976	10.482367	NaN	NaN	45.900965	0.000000
70	Spectrogram 1	1	1743.520000	1743.580000	4000.000000	18000.000000	8000.000000	Trill	5.867054	8.132446	NaN	NaN	45.349917	0.000000
71	Spectrogram 1	1	1743.690000	1743.730000	4000.000000	18000.000000	8000.000000	Trill	4.523868	8.251196	NaN	NaN	50.903774	0.000000
72	Spectrogram 1	1	1744.040000	1744.100000	4000.000000	18000.000000	8000.000000	P-peep	4.545539	8.037438	NaN	NaN	50.015541	0.000000
73	Spectrogram 1	1	1763.010000	1763.100000	4000.000000	18000.000000	8000.000000	Trill	4.382394	8.645461	NaN	NaN	45.417646	0.000000
74	Spectrogram 1	1	1935.070000	1935.180000	4000.000000	18000.000000	8000.000000	Trill	5.792148	11.969203	NaN	NaN	54.191375	0.000000
75	Spectrogram 1	1	2033.460000	2033.630000	4000.000000	18000.000000	8000.000000	Trill	7.627708	11.547393	NaN	NaN	55.814801	0.000000
76	Spectrogram 1	1	2070.940000	2071.020000	4000.000000	18000.000000	8000.000000	Trill	4.828858	9.960905	NaN	NaN	46.663106	0.000000
77	Spectrogram 1	1	2132.750000	2133.060000	4000.000000	18000.000000	8000.000000	Trill	4.885985	8.591480	NaN	NaN	44.106743	0.000000
78	Spectrogram 1	1	2203.240000	2203.290000	4000.000000	18000.000000	8000.000000	Trill	4.777572	9.352115	NaN	NaN	47.318197	0.000000
79	Spectrogram 1	1	2212.570000	2212.850000	4000.000000	18000.000000	8000.000000	Trill	5.592876	9.851482	NaN	NaN	47.345119	0.000000
80	Spectrogram 1	1	2533.990000	2534.390000	4000.000000	18000.000000	8000.000000	Trill	8.890030	16.308545	NaN	NaN	67.970299	0.000000
81	Spectrogram 1	1	2566.850000	2566.980000	4000.000000	18000.000000	8000.000000	Trill	6.439826	11.904245	NaN	NaN	49.688324	0.000000
82	Spectrogram 1	1	2616.560000	2616.780000	4000.000000	18000.000000	8000.000000	Trill	11.477457	15.749957	NaN	NaN	85.267950	0.000000
83	Spectrogram 1	1	2628.720000	2628.790000	4000.000000	18000.000000	8000.000000	Trill	4.741050	8.348390	NaN	NaN	39.058218	0.000000
84	Spectrogram 1	1	2640.140000	2640.320000	4000.000000	18000.000000	8000.000000	Phee	5.602321	11.861254	NaN	NaN	65.787437	0.000000
85	Spectrogram 1	1	2657.610000	2658.020000	4000.000000	18000.000000	8000.000000	Trill	5.139738	11.060753	NaN	NaN	57.740245	0.000000
86	Spectrogram 1	1	2670.840000	2671.790000	4000.000000	18000.000000	8000.000000	Trill	7.181018	12.735433	NaN	NaN	67.185941	0.000000
87	Spectrogram 1	1	2697.110000	2697.820000	4000.000000	18000.000000	8000.000000	Trill	6.130956	11.127913	NaN	NaN	56.343548	0.000000
88	Spectrogram 1	1	2722.040000	2722.190000	4000.000000	18000.000000	8000.000000	Trill	5.244276	11.979560	NaN	NaN	50.345194	0.000000
89	Spectrogram 1	1	2741.310000	2741.480000	4000.000000	18000.000000	8000.000000	Trill	4.207412	8.614434	NaN	NaN	39.067920	0.000000
90	Spectrogram 1	1	2766.450000	2766.750000	4000.000000	18000.000000	8000.000000	Trill	9.638263	14.100366	NaN	NaN	71.360624	0.000000
91	Spectrogram 1	1	2776.530000	2776.850000	4000.000000	18000.000000	8000.000000	Trill	4.824537	9.421991	NaN	NaN	49.385851	0.000000
92	Spectrogram 1	1	2780.390000	2780.550000	4000.000000	18000.000000	8000.000000	Phee	6.317384	13.009921	NaN	NaN	55.596000	0.000000
93	Spectrogram 1	1	2793.400000	2793.520000	4000.000000	18000.000000	8000.000000	Trill	5.875615	11.647272	NaN	NaN	52.669655	0.000000
94	Spectrogram 1	1	2797.190000	2797.230000	4000.000000	18000.000000	8000.000000	Trill	4.830579	10.313113	NaN	NaN	43.462913	0.000000
95	Spectrogram 1	1	2864.360000	2864.390000	4000.000000	18000.000000	8000.000000	Trill	3.374971	11.736652	NaN	NaN	51.120565	0.000000
96	Spectrogram 1	1	2882.590000	2882.660000	4000.000000	18000.000000	8000.000000	Trill	4.401280	7.796529	NaN	NaN	36.221047	0.000000
97	Spectrogram 1	1	2910.290000	2910.320000	4000.000000	18000.000000	8000.000000	P-peep	5.686926	6.784802	NaN	NaN	39.354340	0.000000
98	Spectrogram 1	1	2914.750000	2915.040000	4000.000000	18000.000000	8000.000000	Trill	16.737227	21.655421	NaN	NaN	117.815887	0.000000
99	Spectrogram 1	1	2915.180000	2915.230000	4000.000000	18000.000000	8000.000000	Trill	6.155017	9.440277	NaN	NaN	60.962747	0.000000
100	Spectrogram 1	1	2918.870000	2919.140000	4000.000000	18000.000000	8000.000000	Trill	6.425105	10.526807	NaN	NaN	57.376424	0.000000
101	Spectrogram 1	1	2919.290000	2919.370000	4000.000000	18000.000000	8000.000000	Trill	5.675629	14.359906	NaN	NaN	70.317128	0.000000
102	Spectrogram 1	1	2923.600000	2923.690000	4000.000000	18000.000000	8000.000000	Trill	11.697258	17.026936	NaN	NaN	85.226445	0.000000
103	Spectrogram 1	1	2923.790000	2923.850000	4000.000000	18000.000000	8000.000000	Trill	6.279161	11.380006	NaN	NaN	58.178029	0.000000
104	Spectrogram 1	1	2927.960000	2928.250000	4000.000000	18000.000000	8000.000000	Trill	5.485817	10.803459	NaN	NaN	50.084976	0.000000
105	Spectrogram 1	1	2961.180000	2961.290000	4000.000000	18000.000000	8000.000000	Phee	4.549541	16.661824	NaN	NaN	56.292004	0.000000
106	Spectrogram 1	1	2961.410000	2961.790000	4000.000000	18000.000000	8000.000000	Trill	4.120691	12.153149	NaN	NaN	54.256990	0.000000
107	Spectrogram 1	1	2976.970000	2977.400000	4000.000000	18000.000000	8000.000000	Phee	3.427234	11.973188	NaN	NaN	64.134534	0.000000
108	Spectrogram 1	1	2983.270000	2983.310000	4000.000000	18000.000000	8000.000000	Trill	4.440045	9.730371	NaN	NaN	56.133950	0.000000
109	Spectrogram 1	1	3057.650000	3057.780000	4000.000000	18000.000000	8000.000000	Trill	5.275238	10.147508	NaN	NaN	44.000733	0.000000
110	Spectrogram 1	1	3086.730000	3086.960000	4000.000000	18000.000000	8000.000000	Trill	4.199367	8.321655	NaN	NaN	40.130735	0.000000
111	Spectrogram 1	1	3091.800000	3092.270000	4000.000000	18000.000000	8000.000000	Trill	5.618610	11.459656	NaN	NaN	52.185209	0.000000
112	Spectrogram 1	1	3136.530000	3136.710000	4000.000000	18000.000000	8000.000000	Trill	5.117071	10.814237	NaN	NaN	51.472011	0.000000
113	Spectrogram 1	1	3156.660000	3156.910000	4000.000000	18000.000000	8000.000000	Trill	3.609440	6.943351	NaN	NaN	37.203503	0.000000
114	Spectrogram 1	1	3163.470000	3163.630000	4000.000000	18000.000000	8000.000000	Trill	9.469665	14.457448	NaN	NaN	79.621071	0.000000
115	Spectrogram 1	1	3163.740000	3163.900000	4000.000000	18000.000000	8000.000000	Trill	4.479289	8.055001	NaN	NaN	43.958820	0.000000
116	Spectrogram 1	1	3170.070000	3170.300000	4000.000000	18000.000000	8000.000000	Trill	7.298762	11.412914	NaN	NaN	51.543789	0.000000
117	Spectrogram 1	1	3209.050000	3209.160000	4000.000000	18000.000000	8000.000000	Trill	3.794974	9.067018	NaN	NaN	43.841268	0.000000
118	Spectrogram 1	1	3235.460000	3235.650000	4000.000000	18000.000000	8000.000000	Phee	3.572862	9.007785	NaN	NaN	46.186717	0.000000
119	Spectrogram 1	1	3236.200000	3236.350000	4000.000000	18000.000000	8000.000000	Trill	3.743584	9.112931	NaN	NaN	53.155784	0.000000
120	Spectrogram 1	1	3242.630000	3242.730000	4000.000000	18000.000000	8000.000000	Tse	8.535407	20.054026	NaN	NaN	60.961102	0.000000
121	Spectrogram 1	1	3242.780000	3242.820000	4000.000000	18000.000000	8000.000000	Twitter	10.551616	21.803332	NaN	NaN	56.928958	0.000000
122	Spectrogram 1	1	3242.890000	3242.920000	4000.000000	18000.000000	8000.000000	Twitter	10.660351	20.183286	NaN	NaN	49.324652	0.000000
123	Spectrogram 1	1	3243.000000	3243.020000	4000.000000	18000.000000	8000.000000	Tse	11.173039	22.241458	NaN	NaN	53.326434	0.000000
124	Spectrogram 1	1	3243.200000	3243.230000	4000.000000	18000.000000	8000.000000	Twitter	10.154377	19.780746	NaN	NaN	46.667158	0.000000
125	Spectrogram 1	1	3263.900000	3264.520000	4000.000000	18000.000000	8000.000000	Trill	6.393530	13.647942	NaN	NaN	55.997067	0.000000
126	Spectrogram 1	1	3268.160000	3269.070000	4000.000000	18000.000000	8000.000000	Phee	6.937300	14.553752	NaN	NaN	64.662616	0.000000
127	Spectrogram 1	1	3269.140000	3269.460000	4000.000000	18000.000000	8000.000000	Phee	7.863222	14.896949	NaN	NaN	63.208594	0.000000
128	Spectrogram 1	1	3279.690000	3279.980000	4000.000000	18000.000000	8000.000000	Phee	3.766116	11.925497	NaN	NaN	47.032612	0.000000
129	Spectrogram 1	1	3280.010000	3280.190000	4000.000000	18000.000000	8000.000000	Phee	4.424492	10.147858	NaN	NaN	55.472207	0.000000
130	Spectrogram 1	1	3280.280000	3280.650000	4000.000000	18000.000000	8000.000000	Phee	5.528473	12.712280	NaN	NaN	62.599992	0.000000
131	Spectrogram 1	1	3441.020000	3441.350000	4000.000000	18000.000000	8000.000000	Trill	5.123852	9.400517	NaN	NaN	40.972813	0.000000
132	Spectrogram 1	1	3586.060000	3586.540000	4000.000000	18000.000000	8000.000000	Trill	5.178584	11.361094	NaN	NaN	49.449898	0.000000
133	Spectrogram 1	1	3624.490000	3624.590000	4000.000000	18000.000000	8000.000000	Trill	5.331443	11.073780	NaN	NaN	43.871655	0.000000
134	Spectrogram 1	1	3673.940000	3674.000000	4000.000000	18000.000000	8000.000000	Trill	5.796682	9.361945	NaN	NaN	43.884125	0.000000
135	Spectrogram 1	1	3725.480000	3725.730000	4000.000000	18000.000000	8000.000000	Phee	4.018757	13.700776	NaN	NaN	56.384087	0.000000
136	Spectrogram 1	1	3725.880000	3726.180000	4000.000000	18000.000000	8000.000000	Phee	6.277844	16.442629	NaN	NaN	50.526161	0.000000
137	Spectrogram 1	1	3800.650000	3800.740000	4000.000000	18000.000000	8000.000000	Trill	3.991674	7.310712	NaN	NaN	39.059480	0.000000
138	Spectrogram 1	1	3861.090000	3861.250000	4000.000000	18000.000000	8000.000000	Trill	5.421489	10.328615	NaN	NaN	48.788350	0.000000
139	Spectrogram 1	1	3862.050000	3862.200000	4000.000000	18000.000000	8000.000000	Trill	5.781600	11.418690	NaN	NaN	50.875071	0.000000
140	Spectrogram 1	1	3929.030000	3929.250000	4000.000000	18000.000000	8000.000000	Phee	6.450340	14.465312	NaN	NaN	84.467735	0.000000
141	Spectrogram 1	1	3968.540000	3969.150000	4000.000000	18000.000000	8000.000000	Phee	4.976802	14.420544	NaN	NaN	58.774683	0.000000
142	Spectrogram 1	1	3969.240000	3969.630000	4000.000000	18000.000000	8000.000000	Phee	6.902736	17.125479	NaN	NaN	79.862617	0.000000
143	Spectrogram 1	1	3992.710000	3992.760000	4000.000000	18000.000000	8000.000000	Phee	4.660927	18.442263	NaN	NaN	94.760175	0.000000
144	Spectrogram 1	1	4029.380000	4029.930000	4000.000000	18000.000000	8000.000000	Trill	5.395971	13.164538	NaN	NaN	45.800436	0.000000
145	Spectrogram 1	1	4040.210000	4041.860000	4000.000000	18000.000000	8000.000000	Phee	10.802522	23.176846	NaN	NaN	96.410030	0.000000
146	Spectrogram 1	1	4265.020000	4265.360000	4000.000000	18000.000000	8000.000000	Trill	6.376471	11.257547	NaN	NaN	47.502132	0.000000
147	Spectrogram 1	1	4384.580000	4384.640000	4000.000000	18000.000000	8000.000000	Phee	4.506357	16.691586	NaN	NaN	83.979804	0.000000
148	Spectrogram 1	1	4425.960000	4426.450000	4000.000000	18000.000000	8000.000000	Phee	6.238254	14.699732	NaN	NaN	70.561893	0.000000
149	Spectrogram 1	1	4426.710000	4427.610000	4000.000000	18000.000000	8000.000000	Phee	8.615070	21.987143	NaN	NaN	100.426667	0.000000
150	Spectrogram 1	1	4482.410000	4482.650000	4000.000000	18000.000000	8000.000000	Trill	6.119379	9.952677	NaN	NaN	47.962643	0.000000
151	Spectrogram 1	2	266.460000	266.720000	4000.000000	18000.000000	8000.000000	Trill	5.333952	12.075837	NaN	NaN	43.730456	0.000000
152	Spectrogram 1	2	367.500000	367.590000	4000.000000	18000.000000	8000.000000	Trill	3.173196	7.058541	NaN	NaN	49.216059	0.000000
153	Spectrogram 1	2	402.930000	402.970000	4000.000000	18000.000000	8000.000000	Twitter	5.324569	20.392580	NaN	NaN	61.272725	0.000000
154	Spectrogram 1	2	403.500000	403.520000	4000.000000	18000.000000	8000.000000	Twitter	5.849418	15.951870	NaN	NaN	53.030099	0.000000
155	Spectrogram 1	2	405.890000	405.950000	4000.000000	18000.000000	8000.000000	Phee	3.107481	22.050254	NaN	NaN	53.044626	0.000000
156	Spectrogram 1	2	410.270000	410.480000	4000.000000	18000.000000	8000.000000	Tse	3.256629	13.940969	NaN	NaN	51.152099	0.000000
157	Spectrogram 1	2	517.760000	517.920000	4000.000000	18000.000000	8000.000000	Phee	3.565716	14.320243	NaN	NaN	53.589541	0.000000
158	Spectrogram 1	2	687.920000	687.950000	4000.000000	18000.000000	8000.000000	Tse	7.572766	22.273035	NaN	NaN	57.839101	0.000000
159	Spectrogram 1	2	688.790000	688.830000	4000.000000	18000.000000	8000.000000	Tse	7.596003	27.832375	NaN	NaN	67.358939	0.000000
160	Spectrogram 1	2	689.210000	689.260000	4000.000000	18000.000000	8000.000000	Twitter	7.872434	23.509090	NaN	NaN	62.502138	0.000000
161	Spectrogram 1	2	690.690000	690.730000	4000.000000	18000.000000	8000.000000	Twitter	8.262111	31.620810	NaN	NaN	67.310828	0.000000
162	Spectrogram 1	2	691.360000	691.390000	4000.000000	18000.000000	8000.000000	Twitter	5.462637	22.484424	NaN	NaN	52.745662	0.000000
163	Spectrogram 1	2	691.890000	691.920000	4000.000000	18000.000000	8000.000000	Phee	4.321650	21.944811	NaN	NaN	48.765950	0.000000
164	Spectrogram 1	2	693.730000	693.760000	4000.000000	18000.000000	8000.000000	Twitter	8.506029	25.280409	NaN	NaN	54.835856	0.000000
165	Spectrogram 1	2	700.390000	700.410000	4000.000000	18000.000000	8000.000000	Twitter	6.750375	27.838735	NaN	NaN	46.686915	0.000000
166	Spectrogram 1	2	703.220000	703.240000	4000.000000	18000.000000	8000.000000	Twitter	5.498943	19.820175	NaN	NaN	51.540825	0.000000
167	Spectrogram 1	2	705.210000	705.240000	4000.000000	18000.000000	8000.000000	Twitter	5.667516	23.577625	NaN	NaN	55.507277	0.000000
168	Spectrogram 1	2	706.260000	706.360000	4000.000000	18000.000000	8000.000000	Trill	3.589121	17.439592	NaN	NaN	42.342279	0.000000
169	Spectrogram 1	2	707.010000	707.640000	4000.000000	18000.000000	8000.000000	Trill	4.720500	21.375126	NaN	NaN	44.244389	0.000000
170	Spectrogram 1	2	710.410000	710.460000	4000.000000	18000.000000	8000.000000	Twitter	7.952159	17.601027	NaN	NaN	53.968969	0.000000
171	Spectrogram 1	2	710.470000	710.490000	4000.000000	18000.000000	8000.000000	Twitter	8.599530	19.127539	NaN	NaN	45.788209	0.000000
172	Spectrogram 1	2	710.500000	710.530000	4000.000000	18000.000000	8000.000000	Twitter	8.233406	17.978126	NaN	NaN	52.362982	0.000000
173	Spectrogram 1	2	710.540000	710.560000	4000.000000	18000.000000	8000.000000	Twitter	9.534139	17.327376	NaN	NaN	58.323247	0.000000
174	Spectrogram 1	2	710.640000	710.660000	4000.000000	18000.000000	8000.000000	Twitter	5.950226	15.442767	NaN	NaN	46.733390	0.000000
175	Spectrogram 1	2	710.670000	710.700000	4000.000000	18000.000000	8000.000000	Twitter	8.456938	17.310299	NaN	NaN	56.891838	0.000000
176	Spectrogram 1	2	718.680000	719.030000	4000.000000	18000.000000	8000.000000	Trill	7.205007	11.933306	NaN	NaN	53.706493	0.000000
177	Spectrogram 1	2	727.040000	727.420000	4000.000000	18000.000000	8000.000000	Trill	5.380818	12.508361	NaN	NaN	58.605679	0.000000
178	Spectrogram 1	2	732.630000	732.660000	4000.000000	18000.000000	8000.000000	Twitter	5.939354	26.957822	NaN	NaN	53.366627	0.000000
179	Spectrogram 1	2	733.910000	734.500000	4000.000000	18000.000000	8000.000000	Trill	6.927389	11.936683	NaN	NaN	61.988901	0.000000
180	Spectrogram 1	2	739.070000	739.340000	4000.000000	18000.000000	8000.000000	Trill	6.543274	11.753649	NaN	NaN	54.915560	0.000000
181	Spectrogram 1	2	741.700000	741.770000	4000.000000	18000.000000	8000.000000	Trill	6.427091	12.574237	NaN	NaN	47.380281	0.000000
182	Spectrogram 1	2	741.820000	741.890000	4000.000000	18000.000000	8000.000000	Sd-peep	5.753677	8.784077	NaN	NaN	39.383247	0.000000
183	Spectrogram 1	2	778.280000	778.830000	4000.000000	18000.000000	8000.000000	Trill	5.869538	11.535413	NaN	NaN	55.591553	0.000000
184	Spectrogram 1	2	801.300000	801.340000	4000.000000	18000.000000	8000.000000	Twitter	5.473209	23.176781	NaN	NaN	61.780936	0.000000
185	Spectrogram 1	2	801.490000	801.550000	4000.000000	18000.000000	8000.000000	Phee	3.236373	27.209142	NaN	NaN	70.463108	0.000000
186	Spectrogram 1	2	801.810000	801.920000	4000.000000	18000.000000	8000.000000	Phee	4.828921	30.974885	NaN	NaN	77.008116	0.000000
187	Spectrogram 1	2	801.960000	802.030000	4000.000000	18000.000000	8000.000000	Phee	3.723028	31.508032	NaN	NaN	82.505085	0.000000
188	Spectrogram 1	2	825.200000	825.630000	4000.000000	18000.000000	8000.000000	Trill	5.746157	12.253470	NaN	NaN	50.686935	0.000000
189	Spectrogram 1	2	828.320000	828.490000	4000.000000	18000.000000	8000.000000	Trill	5.866982	10.397401	NaN	NaN	51.743378	0.000000
190	Spectrogram 1	2	828.580000	828.720000	4000.000000	18000.000000	8000.000000	Trill	5.653253	9.865427	NaN	NaN	43.249880	0.000000
191	Spectrogram 1	2	834.640000	834.740000	4000.000000	18000.000000	8000.000000	Trill	4.953211	8.477150	NaN	NaN	40.074571	0.000000
192	Spectrogram 1	2	890.610000	890.710000	4000.000000	18000.000000	8000.000000	Trill	3.548757	10.670283	NaN	NaN	57.217726	0.000000
193	Spectrogram 1	2	928.800000	929.080000	4000.000000	18000.000000	8000.000000	Phee	3.677124	31.610759	NaN	NaN	72.330717	0.000000
194	Spectrogram 1	2	951.260000	951.340000	4000.000000	18000.000000	8000.000000	Trill	6.532790	11.902630	NaN	NaN	42.047872	0.000000
195	Spectrogram 1	2	971.660000	971.750000	4000.000000	18000.000000	8000.000000	Trill	6.498236	11.010968	NaN	NaN	43.300341	0.000000
196	Spectrogram 1	2	1004.710000	1004.790000	4000.000000	18000.000000	8000.000000	Trill	6.261528	11.043647	NaN	NaN	42.287530	0.000000
197	Spectrogram 1	2	1005.750000	1005.820000	4000.000000	18000.000000	8000.000000	Phee	7.813289	14.810313	NaN	NaN	87.478648	0.000000
198	Spectrogram 1	2	1430.470000	1430.560000	4000.000000	18000.000000	8000.000000	Trill	5.407766	9.913519	NaN	NaN	47.980650	0.000000
199	Spectrogram 1	2	1469.700000	1469.810000	4000.000000	18000.000000	8000.000000	Phee	4.867523	15.669227	NaN	NaN	66.486142	0.000000
200	Spectrogram 1	2	1498.830000	1498.890000	4000.000000	18000.000000	8000.000000	Trill	5.795880	10.920219	NaN	NaN	51.013583	0.000000
201	Spectrogram 1	2	1498.950000	1499.040000	4000.000000	18000.000000	8000.000000	Trill	6.204801	13.219588	NaN	NaN	60.806470	0.000000
202	Spectrogram 1	2	1499.320000	1499.600000	4000.000000	18000.000000	8000.000000	Trill	5.594067	13.792394	NaN	NaN	76.208105	0.000000
203	Spectrogram 1	2	1500.190000	1500.290000	4000.000000	18000.000000	8000.000000	Sd-peep	4.716398	12.643276	NaN	NaN	66.636526	0.000000
204	Spectrogram 1	2	1710.190000	1710.430000	4000.000000	18000.000000	8000.000000	Trill	5.196531	10.605807	NaN	NaN	61.017862	0.000000
205	Spectrogram 1	2	1953.730000	1953.770000	4000.000000	18000.000000	8000.000000	Tse	5.212823	14.525089	NaN	NaN	37.520689	0.000000
206	Spectrogram 1	2	2312.560000	2312.620000	4000.000000	18000.000000	8000.000000	Trill	7.452406	9.901384	NaN	NaN	50.815198	0.000000
207	Spectrogram 1	2	2914.470000	2914.490000	4000.000000	18000.000000	8000.000000	Twitter	6.338817	10.551612	NaN	NaN	47.552722	0.000000
208	Spectrogram 1	2	2974.650000	2974.760000	4000.000000	18000.000000	8000.000000	Phee	6.374799	16.822802	NaN	NaN	48.024302	0.000000
209	Spectrogram 1	2	3223.280000	3223.450000	4000.000000	18000.000000	8000.000000	Trill	5.007178	12.012425	NaN	NaN	40.862613	0.000000
210	Spectrogram 1	2	3759.700000	3759.790000	4000.000000	18000.000000	8000.000000	Phee	5.033464	12.262541	NaN	NaN	55.843439	0.000000
211	Spectrogram 1	2	3793.020000	3793.130000	4000.000000	18000.000000	8000.000000	Phee	3.920190	18.292551	NaN	NaN	65.539972	0.000000
212	Spectrogram 1	2	3873.240000	3873.380000	4000.000000	18000.000000	8000.000000	Phee	3.829079	10.163953	NaN	NaN	57.691796	0.000000
213	Spectrogram 1	2	3996.900000	3996.920000	4000.000000	18000.000000	8000.000000	Twitter	5.521063	13.418987	NaN	NaN	55.497713	0.000000
214	Spectrogram 1	2	3997.150000	3997.180000	4000.000000	18000.000000	8000.000000	Twitter	4.481127	13.021129	NaN	NaN	49.214274	0.000000
215	Spectrogram 1	2	3997.400000	3997.430000	4000.000000	18000.000000	8000.000000	Twitter	4.803433	13.936623	NaN	NaN	53.801978	0.000000
216	Spectrogram 1	2	3997.760000	3997.790000	4000.000000	18000.000000	8000.000000	Twitter	4.566621	13.804431	NaN	NaN	56.466472	0.000000
217	Spectrogram 1	2	3997.880000	3997.910000	4000.000000	18000.000000	8000.000000	Twitter	4.983439	14.348527	NaN	NaN	48.894876	0.000000
218	Spectrogram 1	2	4000.190000	4000.490000	4000.000000	18000.000000	8000.000000	Trill	5.564640	11.183861	NaN	NaN	41.025476	0.000000
219	Spectrogram 1	2	4000.610000	4000.890000	4000.000000	18000.000000	8000.000000	Trill	3.668954	10.487722	NaN	NaN	42.274556	0.000000
220	Spectrogram 1	2	4384.280000	4384.400000	4000.000000	18000.000000	8000.000000	Phee	4.392084	18.421622	NaN	NaN	71.120844	0.000000
221	Spectrogram 1	2	4384.550000	4384.580000	4000.000000	18000.000000	8000.000000	Phee	4.087523	14.656111	NaN	NaN	70.040342	0.000000
222	Spectrogram 1	2	4401.260000	4401.280000	4000.000000	18000.000000	8000.000000	Twitter	5.025534	13.078962	NaN	NaN	47.508871	0.000000
223	Spectrogram 1	3	144.960000	144.990000	4000.000000	18000.000000	8000.000000	Trill	6.840971	8.844586	NaN	NaN	52.402473	0.000000
224	Spectrogram 1	3	170.860000	170.920000	4000.000000	18000.000000	8000.000000	Trill	4.755920	6.296719	NaN	NaN	40.951907	0.000000
225	Spectrogram 1	3	211.960000	211.990000	4000.000000	18000.000000	8000.000000	Twitter	8.472527	18.496400	NaN	NaN	55.756825	0.000000
226	Spectrogram 1	3	212.100000	212.130000	4000.000000	18000.000000	8000.000000	Twitter	9.608406	18.954639	NaN	NaN	70.548457	0.000000
227	Spectrogram 1	3	212.230000	212.270000	4000.000000	18000.000000	8000.000000	Twitter	7.716158	17.466541	NaN	NaN	58.694710	0.000000
228	Spectrogram 1	3	212.370000	212.400000	4000.000000	18000.000000	8000.000000	Twitter	9.228374	19.824959	NaN	NaN	66.568591	0.000000
229	Spectrogram 1	3	212.500000	212.530000	4000.000000	18000.000000	8000.000000	Twitter	7.547930	19.040878	NaN	NaN	60.986386	0.000000
230	Spectrogram 1	3	212.750000	212.780000	4000.000000	18000.000000	8000.000000	Twitter	7.768928	17.451819	NaN	NaN	65.534083	0.000000
231	Spectrogram 1	3	254.410000	254.460000	4000.000000	18000.000000	8000.000000	Trill	5.426475	7.821981	NaN	NaN	41.480161	0.000000
232	Spectrogram 1	3	303.380000	303.460000	4000.000000	18000.000000	8000.000000	Trill	5.317997	7.984665	NaN	NaN	40.732245	0.000000
233	Spectrogram 1	3	303.520000	303.580000	4000.000000	18000.000000	8000.000000	Trill	4.566222	6.353541	NaN	NaN	39.385117	0.000000
234	Spectrogram 1	3	409.320000	409.350000	4000.000000	18000.000000	8000.000000	Twitter	7.588834	14.268571	NaN	NaN	54.320701	0.000000
235	Spectrogram 1	3	409.580000	409.610000	4000.000000	18000.000000	8000.000000	Twitter	8.082067	15.835326	NaN	NaN	56.657120	0.000000
236	Spectrogram 1	3	409.950000	409.980000	4000.000000	18000.000000	8000.000000	Twitter	7.263666	14.286126	NaN	NaN	55.635420	0.000000
237	Spectrogram 1	3	584.000000	584.040000	4000.000000	18000.000000	8000.000000	Trill	4.961458	6.644509	NaN	NaN	36.381434	0.000000
238	Spectrogram 1	3	616.720000	616.740000	4000.000000	18000.000000	8000.000000	Tse	5.067783	11.876359	NaN	NaN	50.551667	0.000000
239	Spectrogram 1	3	717.120000	717.200000	4000.000000	18000.000000	8000.000000	Trill	6.570052	11.800080	NaN	NaN	47.625587	0.000000
240	Spectrogram 1	3	717.250000	717.330000	4000.000000	18000.000000	8000.000000	Trill	4.456563	8.959762	NaN	NaN	41.702026	0.000000
241	Spectrogram 1	3	736.030000	736.110000	4000.000000	18000.000000	8000.000000	Trill	3.239449	9.078188	NaN	NaN	39.065481	0.000000
242	Spectrogram 1	3	817.450000	817.520000	4000.000000	18000.000000	8000.000000	Trill	15.406725	20.041113	NaN	NaN	112.439078	0.000000
243	Spectrogram 1	3	817.560000	817.990000	4000.000000	18000.000000	8000.000000	Trill	11.080367	14.103275	NaN	NaN	76.248697	0.000000
244	Spectrogram 1	3	866.630000	866.700000	4000.000000	18000.000000	8000.000000	Trill	4.592900	8.210055	NaN	NaN	43.833429	0.000000
245	Spectrogram 1	3	890.090000	890.150000	4000.000000	18000.000000	8000.000000	Trill	4.971526	10.233359	NaN	NaN	66.656060	0.000000
246	Spectrogram 1	3	1459.650000	1459.710000	4000.000000	18000.000000	8000.000000	Trill	4.327323	7.798885	NaN	NaN	55.829285	0.000000
247	Spectrogram 1	3	1606.820000	1606.890000	4000.000000	18000.000000	8000.000000	Trill	10.032927	14.037166	NaN	NaN	80.096588	0.000000
248	Spectrogram 1	3	1643.940000	1644.000000	4000.000000	18000.000000	8000.000000	Trill	9.085108	11.835122	NaN	NaN	69.565759	0.000000
249	Spectrogram 1	3	1644.110000	1644.140000	4000.000000	18000.000000	8000.000000	Trill	5.425288	6.937786	NaN	NaN	39.304074	0.000000
250	Spectrogram 1	3	1654.030000	1654.060000	4000.000000	18000.000000	8000.000000	P-peep	4.599258	6.586785	NaN	NaN	37.173923	0.000000
251	Spectrogram 1	3	1660.920000	1660.980000	4000.000000	18000.000000	8000.000000	Trill	4.632185	6.383190	NaN	NaN	35.969546	0.000000
252	Spectrogram 1	3	1661.020000	1661.090000	4000.000000	18000.000000	8000.000000	Trill	5.422592	7.237515	NaN	NaN	43.962456	0.000000
253	Spectrogram 1	3	1684.400000	1684.570000	4000.000000	18000.000000	8000.000000	Trill	8.449820	11.697293	NaN	NaN	68.156459	0.000000
254	Spectrogram 1	3	1688.810000	1688.840000	4000.000000	18000.000000	8000.000000	Trill	7.594252	9.103614	NaN	NaN	60.413362	0.000000
255	Spectrogram 1	3	1731.550000	1731.580000	4000.000000	18000.000000	8000.000000	Trill	4.847253	8.407203	NaN	NaN	45.433531	0.000000
256	Spectrogram 1	3	1731.650000	1731.700000	4000.000000	18000.000000	8000.000000	Trill	4.326862	7.004709	NaN	NaN	39.763353	0.000000
257	Spectrogram 1	3	1765.790000	1765.910000	4000.000000	18000.000000	8000.000000	Trill	5.680891	11.314366	NaN	NaN	63.031174	0.000000
258	Spectrogram 1	3	1812.080000	1812.320000	4000.000000	18000.000000	8000.000000	Trill	4.389637	6.547856	NaN	NaN	40.443308	0.000000
259	Spectrogram 1	3	1935.630000	1935.990000	4000.000000	18000.000000	8000.000000	Trill	5.906981	8.065069	NaN	NaN	45.164919	0.000000
260	Spectrogram 1	3	2222.080000	2222.150000	4000.000000	18000.000000	8000.000000	Trill	13.190398	15.835823	NaN	NaN	88.482574	0.000000
261	Spectrogram 1	3	2222.210000	2222.250000	4000.000000	18000.000000	8000.000000	Trill	9.075799	11.030631	NaN	NaN	70.232756	0.000000
262	Spectrogram 1	3	2222.290000	2222.360000	4000.000000	18000.000000	8000.000000	Trill	7.992359	9.886623	NaN	NaN	60.499150	0.000000
263	Spectrogram 1	3	2222.400000	2222.460000	4000.000000	18000.000000	8000.000000	Trill	8.967448	10.171653	NaN	NaN	61.180437	0.000000
264	Spectrogram 1	3	2226.740000	2227.100000	4000.000000	18000.000000	8000.000000	Trill	6.358690	9.009536	NaN	NaN	50.832179	0.000000
265	Spectrogram 1	3	2255.130000	2255.210000	4000.000000	18000.000000	8000.000000	Sd-peep	8.525753	12.435783	NaN	NaN	62.767452	0.000000
266	Spectrogram 1	3	2262.260000	2262.340000	4000.000000	18000.000000	8000.000000	Sd-peep	7.665458	10.408228	NaN	NaN	44.490907	0.000000
267	Spectrogram 1	3	2709.510000	2709.580000	4000.000000	18000.000000	8000.000000	Trill	3.502507	6.778939	NaN	NaN	37.906863	0.000000
268	Spectrogram 1	3	2834.430000	2834.500000	4000.000000	18000.000000	8000.000000	Trill	11.298959	13.648539	NaN	NaN	88.257902	0.000000
269	Spectrogram 1	3	2904.580000	2904.610000	4000.000000	18000.000000	8000.000000	Trill	4.982624	5.889886	NaN	NaN	37.045761	0.000000
270	Spectrogram 1	3	2947.410000	2947.430000	4000.000000	18000.000000	8000.000000	Tse	6.638005	15.022915	NaN	NaN	47.581762	0.000000
271	Spectrogram 1	3	2983.220000	2983.260000	4000.000000	18000.000000	8000.000000	Trill	3.505220	8.856651	NaN	NaN	59.416926	0.000000
272	Spectrogram 1	3	2984.790000	2984.810000	4000.000000	18000.000000	8000.000000	Twitter	6.300407	15.921118	NaN	NaN	50.184567	0.000000
273	Spectrogram 1	3	3225.930000	3225.950000	4000.000000	18000.000000	8000.000000	Tse	9.177796	17.133574	NaN	NaN	54.964981	0.000000
274	Spectrogram 1	3	3226.050000	3226.080000	4000.000000	18000.000000	8000.000000	Twitter	8.676825	17.918488	NaN	NaN	52.605534	0.000000
275	Spectrogram 1	3	3226.170000	3226.200000	4000.000000	18000.000000	8000.000000	Twitter	8.214805	17.705610	NaN	NaN	51.676541	0.000000
276	Spectrogram 1	3	3226.290000	3226.320000	4000.000000	18000.000000	8000.000000	Twitter	7.902929	16.335474	NaN	NaN	48.554570	0.000000
277	Spectrogram 1	3	3335.010000	3335.050000	4000.000000	18000.000000	8000.000000	Trill	4.450060	7.270660	NaN	NaN	47.983440	0.000000
278	Spectrogram 1	3	3696.220000	3696.240000	4000.000000	18000.000000	8000.000000	Twitter	6.427210	17.344513	NaN	NaN	49.122466	0.000000
279	Spectrogram 1	3	3696.620000	3696.650000	4000.000000	18000.000000	8000.000000	Twitter	5.430772	18.231423	NaN	NaN	62.741660	0.000000
280	Spectrogram 1	3	3696.890000	3696.950000	4000.000000	18000.000000	8000.000000	Twitter	6.201531	12.226757	NaN	NaN	60.454680	0.000000
281	Spectrogram 1	3	3697.010000	3697.040000	4000.000000	18000.000000	8000.000000	Twitter	4.534829	12.290258	NaN	NaN	58.013359	0.000000
282	Spectrogram 1	3	3706.950000	3706.970000	4000.000000	18000.000000	8000.000000	Sd-peep	3.814696	11.257311	NaN	NaN	45.989065	0.000000
283	Spectrogram 1	3	3720.390000	3720.410000	4000.000000	18000.000000	8000.000000	Tse	4.508199	14.947228	NaN	NaN	59.612070	0.000000
284	Spectrogram 1	3	3720.690000	3720.710000	4000.000000	18000.000000	8000.000000	Twitter	4.438652	15.900445	NaN	NaN	52.461450	0.000000
285	Spectrogram 1	3	3721.690000	3721.710000	4000.000000	18000.000000	8000.000000	Twitter	4.040586	14.012747	NaN	NaN	51.001598	0.000000
286	Spectrogram 1	3	3721.820000	3721.840000	4000.000000	18000.000000	8000.000000	Twitter	4.804272	13.582195	NaN	NaN	57.770656	0.000000
287	Spectrogram 1	3	3739.420000	3739.570000	4000.000000	18000.000000	8000.000000	Trill	5.500744	8.689718	NaN	NaN	35.814690	0.000000
288	Spectrogram 1	3	3763.170000	3764.140000	4000.000000	18000.000000	8000.000000	Trillphee	5.766516	12.674013	NaN	NaN	64.896103	0.000000
289	Spectrogram 1	3	3792.690000	3792.740000	4000.000000	18000.000000	8000.000000	Trill	3.838388	12.989499	NaN	NaN	45.775140	0.000000
290	Spectrogram 1	3	3792.790000	3793.010000	4000.000000	18000.000000	8000.000000	Phee	7.924148	20.732560	NaN	NaN	115.557406	0.000000
291	Spectrogram 1	3	3793.260000	3793.320000	4000.000000	18000.000000	8000.000000	Phee	3.552809	15.104897	NaN	NaN	54.310861	0.000000
292	Spectrogram 1	3	3850.910000	3850.970000	4000.000000	18000.000000	8000.000000	Trill	7.739150	9.566772	NaN	NaN	55.841997	0.000000
293	Spectrogram 1	3	3900.560000	3900.590000	4000.000000	18000.000000	8000.000000	Twitter	5.745679	14.504177	NaN	NaN	58.455805	0.000000
294	Spectrogram 1	3	3900.720000	3900.740000	4000.000000	18000.000000	8000.000000	Tse	7.907322	18.253505	NaN	NaN	67.209136	0.000000
295	Spectrogram 1	3	3900.880000	3900.900000	4000.000000	18000.000000	8000.000000	Phee	6.646806	18.329739	NaN	NaN	47.603173	0.000000
296	Spectrogram 1	3	3994.050000	3994.080000	4000.000000	18000.000000	8000.000000	Twitter	5.308775	17.908648	NaN	NaN	45.879414	0.000000
297	Spectrogram 1	3	3994.450000	3994.490000	4000.000000	18000.000000	8000.000000	Twitter	5.671282	15.752977	NaN	NaN	48.798754	0.000000
298	Spectrogram 1	3	3994.570000	3994.610000	4000.000000	18000.000000	8000.000000	Twitter	5.761757	12.849927	NaN	NaN	60.029510	0.000000
299	Spectrogram 1	3	4295.300000	4295.430000	4000.000000	18000.000000	8000.000000	Trill	7.431973	9.387298	NaN	NaN	47.031638	0.000000
300	Spectrogram 1	3	4300.380000	4300.490000	4000.000000	18000.000000	8000.000000	Trill	11.303869	17.004311	NaN	NaN	101.922408	0.000000
301	Spectrogram 1	3	4321.760000	4322.170000	4000.000000	18000.000000	8000.000000	Trill	6.280539	8.706569	NaN	NaN	49.568096	0.000000
302	Spectrogram 1	3	4347.510000	4347.580000	4000.000000	18000.000000	8000.000000	Trill	8.308008	10.902070	NaN	NaN	62.371915	0.000000
303	Spectrogram 1	3	4381.760000	4381.830000	4000.000000	18000.000000	8000.000000	Trill	4.131943	7.336004	NaN	NaN	56.906671	0.000000
304	Spectrogram 1	3	4385.140000	4385.170000	4000.000000	18000.000000	8000.000000	Twitter	3.699383	19.209689	NaN	NaN	72.380358	0.000000
305	Spectrogram 1	3	4406.160000	4406.260000	4000.000000	18000.000000	8000.000000	Trill	6.679123	9.284175	NaN	NaN	57.449011	0.000000
306	Spectrogram 1	3	4410.300000	4410.360000	4000.000000	18000.000000	8000.000000	Trill	7.036264	16.880356	NaN	NaN	79.934921	0.000000
307	Spectrogram 1	3	4421.640000	4421.700000	4000.000000	18000.000000	8000.000000	Trill	9.499255	12.449095	NaN	NaN	70.144489	0.000000
308	Spectrogram 1	3	4493.860000	4493.880000	4000.000000	18000.000000	8000.000000	Twitter	6.273145	15.267161	NaN	NaN	49.106451	0.000000
309	Spectrogram 1	3	4504.340000	4504.750000	4000.000000	18000.000000	8000.000000	Trill	5.096090	7.508107	NaN	NaN	42.384078	0.000000
