Selection	View	Channel	Begin Time (s)	End Time (s)	Low Freq (Hz)	High Freq (Hz)	Max Freq (Hz)	Call Type	Energy Diff	Energy Par	Energy Diff (wl)	Energy Par (wl)	AHR	Exception
1	Spectrogram 1	1	24.470000	24.840000	4000.000000	18000.000000	8000.000000	Trill	5.746466	10.796891	NaN	NaN	66.473632	0.000000
2	Spectrogram 1	1	41.710000	41.760000	4000.000000	18000.000000	8000.000000	Twitter	4.571954	14.263665	NaN	NaN	39.378038	0.000000
3	Spectrogram 1	1	42.310000	42.370000	4000.000000	18000.000000	8000.000000	Trill	5.276134	16.821709	NaN	NaN	38.434429	0.000000
4	Spectrogram 1	1	52.760000	53.750000	4000.000000	18000.000000	8000.000000	Phee	4.514030	28.137577	NaN	NaN	44.011149	0.000000
5	Spectrogram 1	1	54.050000	54.920000	4000.000000	18000.000000	8000.000000	Trillphee	5.641793	28.727968	NaN	NaN	43.059015	0.000000
6	Spectrogram 1	1	82.410000	83.390000	4000.000000	18000.000000	8000.000000	Phee	6.433348	29.646098	NaN	NaN	44.269949	0.000000
7	Spectrogram 1	1	83.890000	84.770000	4000.000000	18000.000000	8000.000000	Phee	6.031173	30.000000	NaN	NaN	40.034479	0.000000
8	Spectrogram 1	1	85.040000	85.920000	4000.000000	18000.000000	8000.000000	Phee	4.946132	29.414290	NaN	NaN	35.169630	0.000000
9	Spectrogram 1	1	150.230000	151.150000	4000.000000	18000.000000	8000.000000	Phee	5.071600	30.000000	NaN	NaN	44.682719	0.000000
10	Spectrogram 1	1	153.110000	154.050000	4000.000000	18000.000000	8000.000000	Phee	5.253761	27.793891	NaN	NaN	38.043070	0.000000
11	Spectrogram 1	1	154.260000	155.130000	4000.000000	18000.000000	8000.000000	Phee	5.347166	28.575746	NaN	NaN	43.482154	0.000000
12	Spectrogram 1	1	167.800000	168.710000	4000.000000	18000.000000	8000.000000	Phee	5.790382	26.450413	NaN	NaN	37.505189	0.000000
13	Spectrogram 1	1	168.790000	168.820000	4000.000000	18000.000000	8000.000000	Trill	4.878966	12.537252	NaN	NaN	43.954353	0.000000
14	Spectrogram 1	1	169.080000	169.980000	4000.000000	18000.000000	8000.000000	Phee	5.866307	28.683034	NaN	NaN	49.905720	0.000000
15	Spectrogram 1	1	170.160000	171.290000	4000.000000	18000.000000	8000.000000	Phee	5.000349	24.917692	NaN	NaN	49.172374	0.000000
16	Spectrogram 1	1	171.630000	172.470000	4000.000000	18000.000000	8000.000000	Phee	4.799207	27.252211	NaN	NaN	43.045603	0.000000
17	Spectrogram 1	1	212.660000	213.650000	4000.000000	18000.000000	8000.000000	Trillphee	4.409436	23.798167	NaN	NaN	61.453157	0.000000
18	Spectrogram 1	1	219.810000	219.840000	4000.000000	18000.000000	8000.000000	Trill	4.432840	8.790492	NaN	NaN	42.702942	0.000000
19	Spectrogram 1	1	220.560000	221.800000	4000.000000	18000.000000	8000.000000	Trillphee	6.076151	20.662088	NaN	NaN	44.989058	0.000000
20	Spectrogram 1	1	229.760000	229.820000	4000.000000	18000.000000	8000.000000	Trillphee	4.445950	17.029950	NaN	NaN	84.020843	0.000000
21	Spectrogram 1	1	303.460000	303.480000	4000.000000	18000.000000	8000.000000	Sd-peep	4.586005	10.739351	NaN	NaN	61.529380	0.000000
22	Spectrogram 1	1	310.210000	310.250000	4000.000000	18000.000000	8000.000000	Trill	10.199560	10.163815	NaN	NaN	32.262795	0.000000
23	Spectrogram 1	1	314.730000	314.760000	4000.000000	18000.000000	8000.000000	Trill	4.299745	9.585587	NaN	NaN	50.924465	0.000000
24	Spectrogram 1	1	317.390000	317.430000	4000.000000	18000.000000	8000.000000	Trill	5.073759	10.077616	NaN	NaN	36.902055	0.000000
25	Spectrogram 1	1	350.700000	350.820000	4000.000000	18000.000000	8000.000000	Phee	4.133126	10.412211	NaN	NaN	48.375602	0.000000
26	Spectrogram 1	1	353.190000	353.320000	4000.000000	18000.000000	8000.000000	Phee	4.474904	14.558460	NaN	NaN	77.899335	0.000000
27	Spectrogram 1	1	369.330000	369.410000	4000.000000	18000.000000	8000.000000	Trill	6.338469	11.445709	NaN	NaN	37.951236	0.000000
28	Spectrogram 1	1	370.030000	370.110000	4000.000000	18000.000000	8000.000000	Trill	5.572567	11.066255	NaN	NaN	33.769118	0.000000
29	Spectrogram 1	1	370.150000	370.230000	4000.000000	18000.000000	8000.000000	Trill	4.100169	10.032227	NaN	NaN	35.007299	0.000000
30	Spectrogram 1	1	370.520000	370.670000	4000.000000	18000.000000	8000.000000	Trill	4.539014	10.731436	NaN	NaN	32.337299	0.000000
31	Spectrogram 1	1	371.100000	371.150000	4000.000000	18000.000000	8000.000000	Trill	7.223894	9.652119	NaN	NaN	32.047325	0.000000
32	Spectrogram 1	1	373.610000	373.670000	4000.000000	18000.000000	8000.000000	Trill	6.453494	9.138506	NaN	NaN	29.620072	0.000000
33	Spectrogram 1	1	377.440000	377.910000	4000.000000	18000.000000	8000.000000	Trill	6.871224	15.427290	NaN	NaN	30.535265	0.000000
34	Spectrogram 1	1	378.030000	378.550000	4000.000000	18000.000000	8000.000000	Trill	6.608135	15.501602	NaN	NaN	31.361089	0.000000
35	Spectrogram 1	1	382.330000	382.400000	4000.000000	18000.000000	8000.000000	Phee	5.964934	15.698297	NaN	NaN	91.048234	0.000000
36	Spectrogram 1	1	382.440000	382.510000	4000.000000	18000.000000	8000.000000	Phee	4.984264	13.000728	NaN	NaN	87.365846	0.000000
37	Spectrogram 1	1	434.630000	434.690000	4000.000000	18000.000000	8000.000000	Trill	4.848951	8.929009	NaN	NaN	38.517226	0.000000
38	Spectrogram 1	1	435.400000	435.460000	4000.000000	18000.000000	8000.000000	Phee	4.289473	9.788726	NaN	NaN	32.080090	0.000000
39	Spectrogram 1	1	451.910000	452.780000	4000.000000	18000.000000	8000.000000	Trill	4.250683	16.913206	NaN	NaN	52.316573	0.000000
40	Spectrogram 1	1	453.160000	453.220000	4000.000000	18000.000000	8000.000000	Twitter	5.858093	23.534037	NaN	NaN	39.674526	0.000000
41	Spectrogram 1	1	453.320000	454.560000	4000.000000	18000.000000	8000.000000	Twitter	9.073650	23.961411	NaN	NaN	39.749903	0.000000
42	Spectrogram 1	1	455.460000	455.520000	4000.000000	18000.000000	8000.000000	Phee	4.525898	15.290357	NaN	NaN	85.404652	0.000000
43	Spectrogram 1	1	455.560000	455.730000	4000.000000	18000.000000	8000.000000	Trillphee	4.290396	15.661615	NaN	NaN	95.740924	0.000000
44	Spectrogram 1	1	459.000000	459.030000	4000.000000	18000.000000	8000.000000	Trill	10.235948	11.285282	NaN	NaN	32.688923	0.000000
45	Spectrogram 1	1	459.260000	459.410000	4000.000000	18000.000000	8000.000000	Trillphee	4.188263	7.798905	NaN	NaN	35.172644	0.000000
46	Spectrogram 1	1	460.990000	461.820000	4000.000000	18000.000000	8000.000000	Trill	4.410174	20.166774	NaN	NaN	57.790607	0.000000
47	Spectrogram 1	1	461.870000	462.380000	4000.000000	18000.000000	8000.000000	Trillphee	6.103676	22.545938	NaN	NaN	56.209765	0.000000
48	Spectrogram 1	1	495.530000	495.600000	4000.000000	18000.000000	8000.000000	Trill	5.014252	14.689074	NaN	NaN	37.890715	0.000000
49	Spectrogram 1	1	502.870000	502.920000	4000.000000	18000.000000	8000.000000	Trill	10.083794	16.951368	NaN	NaN	38.602074	0.000000
50	Spectrogram 1	1	502.980000	503.020000	4000.000000	18000.000000	8000.000000	Trill	8.535959	13.812376	NaN	NaN	45.711957	0.000000
51	Spectrogram 1	1	503.470000	503.500000	4000.000000	18000.000000	8000.000000	Trill	10.407090	11.327434	NaN	NaN	38.063651	0.000000
52	Spectrogram 1	1	503.670000	503.710000	4000.000000	18000.000000	8000.000000	Trill	11.034251	12.896984	NaN	NaN	38.513242	0.000000
53	Spectrogram 1	1	504.190000	504.220000	4000.000000	18000.000000	8000.000000	Trillphee	6.763738	10.137426	NaN	NaN	34.265909	0.000000
54	Spectrogram 1	1	504.410000	504.430000	4000.000000	18000.000000	8000.000000	Sd-peep	8.199925	9.752240	NaN	NaN	34.472840	0.000000
55	Spectrogram 1	1	504.620000	504.650000	4000.000000	18000.000000	8000.000000	Trill	6.137927	11.423051	NaN	NaN	35.858942	0.000000
56	Spectrogram 1	1	504.730000	504.750000	4000.000000	18000.000000	8000.000000	Sd-peep	9.278055	12.966929	NaN	NaN	34.111516	0.000000
57	Spectrogram 1	1	528.510000	528.540000	4000.000000	18000.000000	8000.000000	Trill	8.051136	11.049925	NaN	NaN	37.588793	0.000000
58	Spectrogram 1	1	529.510000	529.530000	4000.000000	18000.000000	8000.000000	Sd-peep	8.192774	9.815270	NaN	NaN	29.692736	0.000000
59	Spectrogram 1	1	542.650000	542.720000	4000.000000	18000.000000	8000.000000	Trillphee	4.736842	10.411496	NaN	NaN	64.792172	0.000000
60	Spectrogram 1	1	552.370000	552.440000	4000.000000	18000.000000	8000.000000	Trill	8.118974	8.972391	NaN	NaN	39.239822	0.000000
61	Spectrogram 1	1	557.330000	557.740000	4000.000000	18000.000000	8000.000000	Trill	5.090395	16.787714	NaN	NaN	69.170864	0.000000
62	Spectrogram 1	1	571.380000	571.400000	4000.000000	18000.000000	8000.000000	Sd-peep	4.271060	11.054920	NaN	NaN	51.269315	0.000000
63	Spectrogram 1	1	589.550000	589.810000	4000.000000	18000.000000	8000.000000	Trill	4.224165	16.718600	NaN	NaN	46.151026	0.000000
64	Spectrogram 1	1	601.070000	601.920000	4000.000000	18000.000000	8000.000000	Trill	5.380947	17.982376	NaN	NaN	30.272727	0.000000
65	Spectrogram 1	1	602.080000	602.600000	4000.000000	18000.000000	8000.000000	Trill	4.169454	17.919707	NaN	NaN	79.758547	0.000000
66	Spectrogram 1	1	605.340000	605.550000	4000.000000	18000.000000	8000.000000	Trill	5.893441	16.795374	NaN	NaN	82.433496	0.000000
67	Spectrogram 1	1	607.230000	607.540000	4000.000000	18000.000000	8000.000000	Trill	6.655132	14.091008	NaN	NaN	48.366645	0.000000
68	Spectrogram 1	1	632.750000	633.170000	4000.000000	18000.000000	8000.000000	Trill	12.557415	23.264609	NaN	NaN	97.096556	0.000000
69	Spectrogram 1	1	636.970000	637.000000	4000.000000	18000.000000	8000.000000	Twitter	4.680415	24.301117	NaN	NaN	60.439923	0.000000
70	Spectrogram 1	1	679.720000	679.970000	4000.000000	18000.000000	8000.000000	Trill	7.139899	20.439495	NaN	NaN	61.801801	0.000000
71	Spectrogram 1	1	689.460000	689.810000	4000.000000	18000.000000	8000.000000	Trill	6.174769	16.750086	NaN	NaN	50.568866	0.000000
72	Spectrogram 1	1	697.670000	697.710000	4000.000000	18000.000000	8000.000000	Sd-peep	9.753729	13.129512	NaN	NaN	47.116190	0.000000
73	Spectrogram 1	1	700.810000	700.840000	4000.000000	18000.000000	8000.000000	Trill	5.940014	12.964132	NaN	NaN	55.582469	0.000000
74	Spectrogram 1	1	716.400000	716.440000	4000.000000	18000.000000	8000.000000	Phee	4.469213	9.603958	NaN	NaN	53.124883	0.000000
75	Spectrogram 1	1	719.240000	719.980000	4000.000000	18000.000000	8000.000000	Trillphee	9.610894	32.095932	NaN	NaN	55.289472	0.000000
76	Spectrogram 1	1	720.560000	721.630000	4000.000000	18000.000000	8000.000000	Phee	8.174373	27.464368	NaN	NaN	42.730641	0.000000
77	Spectrogram 1	1	721.860000	722.770000	4000.000000	18000.000000	8000.000000	Trill	10.667739	29.619831	NaN	NaN	53.212235	0.000000
78	Spectrogram 1	1	740.480000	740.500000	4000.000000	18000.000000	8000.000000	Sd-peep	12.002406	10.794775	NaN	NaN	31.222804	0.000000
79	Spectrogram 1	1	759.640000	759.770000	4000.000000	18000.000000	8000.000000	Trillphee	4.715673	9.672635	NaN	NaN	31.037442	0.000000
80	Spectrogram 1	1	769.480000	769.540000	4000.000000	18000.000000	8000.000000	Twitter	4.833857	16.454360	NaN	NaN	39.037392	0.000000
81	Spectrogram 1	1	779.440000	779.470000	4000.000000	18000.000000	8000.000000	Phee	5.756460	17.553792	NaN	NaN	100.627558	0.000000
82	Spectrogram 1	1	781.840000	782.520000	4000.000000	18000.000000	8000.000000	Trillphee	5.526899	15.709603	NaN	NaN	44.958779	0.000000
83	Spectrogram 1	1	796.750000	797.720000	4000.000000	18000.000000	8000.000000	Phee	4.047117	19.389877	NaN	NaN	73.919983	0.000000
84	Spectrogram 1	1	919.370000	919.890000	4000.000000	18000.000000	8000.000000	Trill	4.385286	15.332567	NaN	NaN	38.299704	0.000000
85	Spectrogram 1	1	921.090000	921.700000	4000.000000	18000.000000	8000.000000	Trill	5.680697	17.839248	NaN	NaN	38.369479	0.000000
86	Spectrogram 1	1	923.360000	925.020000	4000.000000	18000.000000	8000.000000	Trill	7.041083	16.630239	NaN	NaN	35.727124	0.000000
87	Spectrogram 1	1	926.370000	927.080000	4000.000000	18000.000000	8000.000000	Trill	6.078538	17.699945	NaN	NaN	31.533877	0.000000
88	Spectrogram 1	1	927.190000	927.890000	4000.000000	18000.000000	8000.000000	Trill	4.219399	18.970725	NaN	NaN	62.360546	0.000000
89	Spectrogram 1	1	932.740000	932.800000	4000.000000	18000.000000	8000.000000	Phee	4.336249	11.572798	NaN	NaN	73.821121	0.000000
90	Spectrogram 1	1	934.660000	934.860000	4000.000000	18000.000000	8000.000000	Trill	6.188666	12.527352	NaN	NaN	31.720002	0.000000
91	Spectrogram 1	1	967.450000	968.850000	4000.000000	18000.000000	8000.000000	Trill	4.962922	25.235013	NaN	NaN	84.604578	0.000000
92	Spectrogram 1	1	974.640000	974.980000	4000.000000	18000.000000	8000.000000	Trill	16.648067	26.494758	NaN	NaN	150.874149	0.000000
93	Spectrogram 1	1	985.680000	985.700000	4000.000000	18000.000000	8000.000000	Sd-peep	4.915375	11.223938	NaN	NaN	47.364916	0.000000
94	Spectrogram 1	1	1020.010000	1020.960000	4000.000000	18000.000000	8000.000000	Trillphee	4.701864	15.102897	NaN	NaN	41.411592	0.000000
95	Spectrogram 1	1	1025.860000	1025.910000	4000.000000	18000.000000	8000.000000	Trillphee	4.807877	14.589887	NaN	NaN	87.424496	0.000000
96	Spectrogram 1	1	1047.280000	1047.310000	4000.000000	18000.000000	8000.000000	Phee	5.255710	8.341369	NaN	NaN	60.238200	0.000000
97	Spectrogram 1	1	1063.880000	1064.020000	4000.000000	18000.000000	8000.000000	Trill	7.966154	15.526073	NaN	NaN	38.339643	0.000000
98	Spectrogram 1	1	1070.880000	1072.040000	4000.000000	18000.000000	8000.000000	Phee	4.040251	26.039525	NaN	NaN	34.186070	0.000000
99	Spectrogram 1	1	1077.790000	1077.820000	4000.000000	18000.000000	8000.000000	Phee	4.607655	11.251902	NaN	NaN	75.553223	0.000000
100	Spectrogram 1	1	1101.760000	1101.830000	4000.000000	18000.000000	8000.000000	Twitter	9.063832	25.293184	NaN	NaN	52.374274	0.000000
101	Spectrogram 1	1	1105.770000	1105.920000	4000.000000	18000.000000	8000.000000	Trill	4.274464	11.031851	NaN	NaN	57.681871	0.000000
102	Spectrogram 1	1	1106.430000	1106.510000	4000.000000	18000.000000	8000.000000	Trill	9.384105	22.952344	NaN	NaN	62.234077	0.000000
103	Spectrogram 1	1	1112.080000	1113.150000	4000.000000	18000.000000	8000.000000	Phee	4.636289	18.673437	NaN	NaN	40.519649	0.000000
104	Spectrogram 1	1	1121.150000	1121.190000	4000.000000	18000.000000	8000.000000	Trill	7.319144	17.513941	NaN	NaN	34.153134	0.000000
105	Spectrogram 1	1	1121.280000	1121.350000	4000.000000	18000.000000	8000.000000	Trill	4.992252	14.501081	NaN	NaN	31.373586	0.000000
106	Spectrogram 1	1	1126.330000	1126.350000	4000.000000	18000.000000	8000.000000	Sd-peep	4.401802	10.258319	NaN	NaN	49.458678	0.000000
107	Spectrogram 1	1	1129.830000	1129.870000	4000.000000	18000.000000	8000.000000	Trill	8.474849	10.510480	NaN	NaN	31.579758	0.000000
108	Spectrogram 1	1	1140.300000	1140.920000	4000.000000	18000.000000	8000.000000	Trill	4.069653	15.461396	NaN	NaN	69.855893	0.000000
109	Spectrogram 1	1	1179.370000	1179.400000	4000.000000	18000.000000	8000.000000	Sd-peep	4.225115	7.890110	NaN	NaN	36.755688	0.000000
110	Spectrogram 1	1	1190.900000	1191.160000	4000.000000	18000.000000	8000.000000	Trillphee	4.495820	7.542160	NaN	NaN	55.814589	0.000000
111	Spectrogram 1	1	1219.630000	1219.950000	4000.000000	18000.000000	8000.000000	Trill	8.939576	19.047302	NaN	NaN	57.170002	0.000000
112	Spectrogram 1	1	1282.740000	1282.970000	4000.000000	18000.000000	8000.000000	Trill	7.205664	17.178653	NaN	NaN	54.581369	0.000000
113	Spectrogram 1	1	1296.680000	1296.720000	4000.000000	18000.000000	8000.000000	Trill	9.226913	11.567897	NaN	NaN	31.615059	0.000000
114	Spectrogram 1	1	1312.720000	1312.960000	4000.000000	18000.000000	8000.000000	Phee	4.809781	12.837946	NaN	NaN	35.221332	0.000000
115	Spectrogram 1	1	1393.850000	1393.970000	4000.000000	18000.000000	8000.000000	Phee	4.003692	11.366246	NaN	NaN	39.743142	0.000000
116	Spectrogram 1	1	1413.340000	1413.380000	4000.000000	18000.000000	8000.000000	Trill	6.492450	7.197131	NaN	NaN	35.934271	0.000000
117	Spectrogram 1	1	1422.840000	1423.060000	4000.000000	18000.000000	8000.000000	Trillphee	5.152514	21.140256	NaN	NaN	113.760458	0.000000
118	Spectrogram 1	1	1476.320000	1477.090000	4000.000000	18000.000000	8000.000000	Trill	4.592247	13.184804	NaN	NaN	33.543545	0.000000
119	Spectrogram 1	1	1501.860000	1502.120000	4000.000000	18000.000000	8000.000000	Trill	7.735560	15.866456	NaN	NaN	38.526964	0.000000
120	Spectrogram 1	1	1502.370000	1502.870000	4000.000000	18000.000000	8000.000000	Trill	6.166128	18.376984	NaN	NaN	98.190933	0.000000
121	Spectrogram 1	1	1503.270000	1503.350000	4000.000000	18000.000000	8000.000000	Trill	4.646619	14.365344	NaN	NaN	72.597262	0.000000
122	Spectrogram 1	1	1503.470000	1504.490000	4000.000000	18000.000000	8000.000000	Trillphee	5.628130	13.353491	NaN	NaN	33.892806	0.000000
123	Spectrogram 1	1	1506.230000	1507.400000	4000.000000	18000.000000	8000.000000	Trill	5.696788	14.611742	NaN	NaN	36.965751	0.000000
124	Spectrogram 1	1	1511.060000	1512.230000	4000.000000	18000.000000	8000.000000	Trill	5.166482	15.960911	NaN	NaN	38.708020	0.000000
125	Spectrogram 1	1	1513.150000	1513.330000	4000.000000	18000.000000	8000.000000	Trill	4.942394	10.379333	NaN	NaN	34.448705	0.000000
126	Spectrogram 1	1	1513.620000	1514.170000	4000.000000	18000.000000	8000.000000	Phee	4.879050	10.079599	NaN	NaN	33.715723	0.000000
127	Spectrogram 1	1	1514.470000	1514.960000	4000.000000	18000.000000	8000.000000	Phee	5.858201	19.156854	NaN	NaN	118.023281	0.000000
128	Spectrogram 1	1	1515.490000	1516.020000	4000.000000	18000.000000	8000.000000	Trill	5.108452	15.606606	NaN	NaN	81.469648	0.000000
129	Spectrogram 1	1	1516.100000	1516.440000	4000.000000	18000.000000	8000.000000	Phee	5.936466	12.250817	NaN	NaN	36.073669	0.000000
130	Spectrogram 1	1	1517.600000	1517.680000	4000.000000	18000.000000	8000.000000	Twitter	4.701338	18.131658	NaN	NaN	73.728267	0.000000
131	Spectrogram 1	1	1517.720000	1518.900000	4000.000000	18000.000000	8000.000000	Trill	6.424597	15.977059	NaN	NaN	35.803947	0.000000
132	Spectrogram 1	1	1521.300000	1522.140000	4000.000000	18000.000000	8000.000000	Trill	7.350407	13.156683	NaN	NaN	41.234821	0.000000
133	Spectrogram 1	1	1522.190000	1522.280000	4000.000000	18000.000000	8000.000000	Trill	5.906210	15.986431	NaN	NaN	30.944141	0.000000
134	Spectrogram 1	1	1522.530000	1523.010000	4000.000000	18000.000000	8000.000000	Trill	5.619483	18.701567	NaN	NaN	101.195417	0.000000
135	Spectrogram 1	1	1524.140000	1525.290000	4000.000000	18000.000000	8000.000000	Trill	5.900961	16.162220	NaN	NaN	36.158821	0.000000
136	Spectrogram 1	1	1527.660000	1527.910000	4000.000000	18000.000000	8000.000000	Trill	7.296693	16.264374	NaN	NaN	43.418017	0.000000
137	Spectrogram 1	1	1533.890000	1534.240000	4000.000000	18000.000000	8000.000000	Trill	6.409559	20.265727	NaN	NaN	140.477994	0.000000
138	Spectrogram 1	1	1545.020000	1546.140000	4000.000000	18000.000000	8000.000000	Trillphee	12.015739	32.100883	NaN	NaN	55.596105	0.000000
139	Spectrogram 1	1	1546.390000	1546.420000	4000.000000	18000.000000	8000.000000	Trill	11.025130	13.642343	NaN	NaN	39.939372	0.000000
140	Spectrogram 1	1	1546.760000	1547.790000	4000.000000	18000.000000	8000.000000	Phee	10.493545	28.856214	NaN	NaN	41.076640	0.000000
141	Spectrogram 1	1	1548.050000	1548.910000	4000.000000	18000.000000	8000.000000	Phee	10.232901	29.040168	NaN	NaN	46.889450	0.000000
142	Spectrogram 1	1	1549.160000	1550.010000	4000.000000	18000.000000	8000.000000	Phee	10.020064	27.288670	NaN	NaN	47.534480	0.000000
143	Spectrogram 1	1	1561.520000	1561.540000	4000.000000	18000.000000	8000.000000	Sd-peep	4.936243	8.686364	NaN	NaN	53.993749	0.000000
144	Spectrogram 1	1	1608.720000	1608.740000	4000.000000	18000.000000	8000.000000	Sd-peep	8.723739	9.441805	NaN	NaN	31.182036	0.000000
145	Spectrogram 1	1	1684.040000	1684.220000	4000.000000	18000.000000	8000.000000	Phee	5.069703	10.990584	NaN	NaN	39.998863	0.000000
146	Spectrogram 1	1	1684.610000	1684.680000	4000.000000	18000.000000	8000.000000	Trillphee	6.363001	12.524825	NaN	NaN	67.489785	0.000000
147	Spectrogram 1	1	1684.850000	1685.130000	4000.000000	18000.000000	8000.000000	Trill	6.622948	11.011057	NaN	NaN	47.240480	0.000000
148	Spectrogram 1	1	1690.480000	1690.860000	4000.000000	18000.000000	8000.000000	Trill	6.706011	11.909046	NaN	NaN	34.953864	0.000000
149	Spectrogram 1	1	1691.640000	1691.770000	4000.000000	18000.000000	8000.000000	Trillphee	4.384290	11.527296	NaN	NaN	60.465993	0.000000
150	Spectrogram 1	1	1692.670000	1692.730000	4000.000000	18000.000000	8000.000000	Twitter	4.196123	23.308489	NaN	NaN	54.652456	0.000000
151	Spectrogram 1	1	1702.430000	1702.450000	4000.000000	18000.000000	8000.000000	Sd-peep	5.291816	8.393486	NaN	NaN	40.395222	0.000000
152	Spectrogram 1	1	1704.220000	1704.620000	4000.000000	18000.000000	8000.000000	Trill	4.643374	15.987366	NaN	NaN	66.721158	0.000000
153	Spectrogram 1	1	1705.370000	1705.970000	4000.000000	18000.000000	8000.000000	Phee	5.600536	10.492155	NaN	NaN	47.930993	0.000000
154	Spectrogram 1	1	1709.370000	1709.780000	4000.000000	18000.000000	8000.000000	Phee	4.262607	9.204289	NaN	NaN	36.693163	0.000000
155	Spectrogram 1	1	1710.150000	1710.200000	4000.000000	18000.000000	8000.000000	Trill	4.506119	12.968968	NaN	NaN	55.301103	0.000000
156	Spectrogram 1	1	1710.300000	1710.800000	4000.000000	18000.000000	8000.000000	Phee	6.161888	11.040770	NaN	NaN	47.390757	0.000000
157	Spectrogram 1	1	1711.790000	1712.320000	4000.000000	18000.000000	8000.000000	Trill	4.997035	10.472178	NaN	NaN	35.420088	0.000000
158	Spectrogram 1	1	1713.700000	1714.190000	4000.000000	18000.000000	8000.000000	Phee	6.330104	11.667218	NaN	NaN	33.725225	0.000000
159	Spectrogram 1	1	1733.910000	1734.380000	4000.000000	18000.000000	8000.000000	Trill	6.036971	12.361332	NaN	NaN	33.627899	0.000000
160	Spectrogram 1	1	1742.350000	1742.410000	4000.000000	18000.000000	8000.000000	Trill	5.021234	15.164154	NaN	NaN	32.990641	0.000000
161	Spectrogram 1	1	1767.770000	1767.790000	4000.000000	18000.000000	8000.000000	Sd-peep	4.826909	12.591597	NaN	NaN	39.147796	0.000000
162	Spectrogram 1	1	1772.310000	1772.370000	4000.000000	18000.000000	8000.000000	Trillphee	5.243773	22.939940	NaN	NaN	62.230752	0.000000
163	Spectrogram 1	1	1782.740000	1783.080000	4000.000000	18000.000000	8000.000000	Phee	4.463086	12.457491	NaN	NaN	37.627821	0.000000
164	Spectrogram 1	1	1818.860000	1818.880000	4000.000000	18000.000000	8000.000000	Sd-peep	8.319503	15.595977	NaN	NaN	86.069623	0.000000
165	Spectrogram 1	1	1904.080000	1904.100000	4000.000000	18000.000000	8000.000000	Sd-peep	4.521940	10.411026	NaN	NaN	66.141063	0.000000
166	Spectrogram 1	1	1910.260000	1910.310000	4000.000000	18000.000000	8000.000000	Trill	6.813347	19.298889	NaN	NaN	95.106636	0.000000
167	Spectrogram 1	1	1910.670000	1910.750000	4000.000000	18000.000000	8000.000000	Twitter	6.515462	21.687523	NaN	NaN	135.405599	0.000000
168	Spectrogram 1	1	1921.680000	1921.720000	4000.000000	18000.000000	8000.000000	Trill	4.219807	11.356040	NaN	NaN	50.641130	0.000000
169	Spectrogram 1	1	1921.930000	1921.970000	4000.000000	18000.000000	8000.000000	Trill	4.495840	10.963141	NaN	NaN	53.512736	0.000000
170	Spectrogram 1	1	1922.060000	1922.230000	4000.000000	18000.000000	8000.000000	Trill	7.050084	11.686360	NaN	NaN	37.625377	0.000000
171	Spectrogram 1	1	1922.430000	1922.460000	4000.000000	18000.000000	8000.000000	Trill	4.166475	11.860618	NaN	NaN	58.044404	0.000000
172	Spectrogram 1	1	1931.310000	1931.400000	4000.000000	18000.000000	8000.000000	Trill	6.176964	19.704242	NaN	NaN	65.845621	0.000000
173	Spectrogram 1	1	1931.440000	1931.670000	4000.000000	18000.000000	8000.000000	Trill	7.643196	14.359710	NaN	NaN	60.514843	0.000000
174	Spectrogram 1	1	1932.130000	1932.200000	4000.000000	18000.000000	8000.000000	Phee	4.915242	7.884108	NaN	NaN	31.240343	0.000000
175	Spectrogram 1	1	1932.970000	1933.020000	4000.000000	18000.000000	8000.000000	Trill	5.910951	9.153744	NaN	NaN	33.814530	0.000000
176	Spectrogram 1	1	1934.200000	1934.230000	4000.000000	18000.000000	8000.000000	Trill	7.125134	8.595888	NaN	NaN	33.667519	0.000000
177	Spectrogram 1	1	1943.610000	1943.670000	4000.000000	18000.000000	8000.000000	Trill	4.971378	18.240726	NaN	NaN	50.761882	0.000000
178	Spectrogram 1	1	1949.140000	1949.280000	4000.000000	18000.000000	8000.000000	Trill	4.436392	17.306956	NaN	NaN	64.910869	0.000000
179	Spectrogram 1	1	1954.190000	1954.210000	4000.000000	18000.000000	8000.000000	Sd-peep	8.120742	8.274921	NaN	NaN	30.694189	0.000000
180	Spectrogram 1	1	1983.910000	1983.960000	4000.000000	18000.000000	8000.000000	Trill	4.048911	13.712630	NaN	NaN	45.537692	0.000000
181	Spectrogram 1	1	1991.340000	1991.400000	4000.000000	18000.000000	8000.000000	Phee	5.298015	10.171179	NaN	NaN	73.005112	0.000000
182	Spectrogram 1	1	2000.380000	2000.400000	4000.000000	18000.000000	8000.000000	Sd-peep	5.797167	8.393933	NaN	NaN	57.410105	0.000000
183	Spectrogram 1	1	2004.480000	2004.500000	4000.000000	18000.000000	8000.000000	Sd-peep	4.175815	7.974085	NaN	NaN	61.109926	0.000000
184	Spectrogram 1	1	2028.010000	2028.520000	4000.000000	18000.000000	8000.000000	Trill	12.273282	23.338516	NaN	NaN	103.555937	0.000000
185	Spectrogram 1	1	2073.330000	2073.350000	4000.000000	18000.000000	8000.000000	Sd-peep	5.389224	9.186059	NaN	NaN	33.775430	0.000000
186	Spectrogram 1	1	2102.910000	2102.960000	4000.000000	18000.000000	8000.000000	Trill	9.197195	9.711816	NaN	NaN	49.194268	0.000000
187	Spectrogram 1	1	2160.950000	2161.030000	4000.000000	18000.000000	8000.000000	Twitter	4.818793	23.725873	NaN	NaN	40.099725	0.000000
188	Spectrogram 1	1	2161.090000	2162.020000	4000.000000	18000.000000	8000.000000	Twitter	5.333272	20.441326	NaN	NaN	34.615728	0.000000
189	Spectrogram 1	1	2209.890000	2209.960000	4000.000000	18000.000000	8000.000000	Trill	6.730042	11.184143	NaN	NaN	35.397913	0.000000
190	Spectrogram 1	1	2221.780000	2222.150000	4000.000000	18000.000000	8000.000000	Trill	8.178829	25.383883	NaN	NaN	111.682122	0.000000
191	Spectrogram 1	1	2222.320000	2222.700000	4000.000000	18000.000000	8000.000000	Trill	4.497390	24.885028	NaN	NaN	90.661183	0.000000
192	Spectrogram 1	1	2223.150000	2223.600000	4000.000000	18000.000000	8000.000000	Trill	5.954628	25.521787	NaN	NaN	127.957755	0.000000
193	Spectrogram 1	1	2223.780000	2223.900000	4000.000000	18000.000000	8000.000000	Trillphee	4.371394	18.979536	NaN	NaN	85.850910	0.000000
194	Spectrogram 1	1	2236.000000	2236.020000	4000.000000	18000.000000	8000.000000	Sd-peep	8.462865	9.569038	NaN	NaN	29.783555	0.000000
195	Spectrogram 1	1	2236.110000	2236.140000	4000.000000	18000.000000	8000.000000	Trill	6.273937	8.928395	NaN	NaN	34.553932	0.000000
196	Spectrogram 1	1	2236.250000	2236.270000	4000.000000	18000.000000	8000.000000	Sd-peep	8.439211	10.573579	NaN	NaN	38.981055	0.000000
197	Spectrogram 1	1	2275.710000	2276.280000	4000.000000	18000.000000	8000.000000	Trill	8.253401	16.315600	NaN	NaN	75.203000	0.000000
198	Spectrogram 1	1	2291.380000	2291.440000	4000.000000	18000.000000	8000.000000	Trill	6.399556	12.356741	NaN	NaN	31.302752	0.000000
199	Spectrogram 1	1	2316.070000	2316.710000	4000.000000	18000.000000	8000.000000	Trill	9.422458	20.531782	NaN	NaN	104.499205	0.000000
200	Spectrogram 1	1	2316.880000	2317.200000	4000.000000	18000.000000	8000.000000	Trill	7.407090	22.394627	NaN	NaN	117.193723	0.000000
201	Spectrogram 1	1	2317.410000	2317.460000	4000.000000	18000.000000	8000.000000	Phee	8.259049	15.821706	NaN	NaN	122.684393	0.000000
202	Spectrogram 1	1	2317.500000	2317.810000	4000.000000	18000.000000	8000.000000	Trillphee	6.475323	20.667709	NaN	NaN	104.073447	0.000000
203	Spectrogram 1	1	2341.760000	2341.790000	4000.000000	18000.000000	8000.000000	Trill	4.597157	11.045911	NaN	NaN	67.244190	0.000000
204	Spectrogram 1	1	2362.230000	2362.920000	4000.000000	18000.000000	8000.000000	Trill	9.503231	23.538416	NaN	NaN	122.376541	0.000000
205	Spectrogram 1	1	2363.060000	2363.500000	4000.000000	18000.000000	8000.000000	Trill	8.584772	22.940819	NaN	NaN	98.784610	0.000000
206	Spectrogram 1	1	2363.760000	2363.850000	4000.000000	18000.000000	8000.000000	Trill	10.028537	19.413987	NaN	NaN	119.838362	0.000000
207	Spectrogram 1	1	2436.130000	2436.210000	4000.000000	18000.000000	8000.000000	Phee	5.324285	9.819676	NaN	NaN	36.050305	0.000000
208	Spectrogram 1	1	2436.300000	2436.340000	4000.000000	18000.000000	8000.000000	Trill	4.480479	8.099787	NaN	NaN	38.569489	0.000000
209	Spectrogram 1	1	2459.480000	2459.530000	4000.000000	18000.000000	8000.000000	Trill	8.394587	11.710298	NaN	NaN	33.944359	0.000000
210	Spectrogram 1	1	2463.450000	2463.480000	4000.000000	18000.000000	8000.000000	Trill	4.166968	6.402866	NaN	NaN	34.889651	0.000000
211	Spectrogram 1	1	2464.360000	2464.400000	4000.000000	18000.000000	8000.000000	Trill	6.263897	12.642784	NaN	NaN	43.415752	0.000000
212	Spectrogram 1	1	2466.960000	2467.110000	4000.000000	18000.000000	8000.000000	Trill	8.316036	14.029796	NaN	NaN	59.999875	0.000000
213	Spectrogram 1	1	2556.970000	2557.000000	4000.000000	18000.000000	8000.000000	Trill	4.115293	8.636928	NaN	NaN	58.806142	0.000000
214	Spectrogram 1	1	2640.030000	2640.080000	4000.000000	18000.000000	8000.000000	Sd-peep	7.572337	10.717014	NaN	NaN	58.868680	0.000000
215	Spectrogram 1	1	2645.170000	2645.230000	4000.000000	18000.000000	8000.000000	Sd-peep	9.548967	11.804804	NaN	NaN	55.147393	0.000000
216	Spectrogram 1	1	2646.240000	2646.290000	4000.000000	18000.000000	8000.000000	Sd-peep	9.760370	11.247942	NaN	NaN	72.099677	0.000000
217	Spectrogram 1	1	2656.520000	2656.970000	4000.000000	18000.000000	8000.000000	Trill	9.588589	17.115322	NaN	NaN	76.859645	0.000000
218	Spectrogram 1	1	2675.900000	2676.340000	4000.000000	18000.000000	8000.000000	Trill	4.976049	16.807232	NaN	NaN	64.675335	0.000000
219	Spectrogram 1	1	2700.230000	2700.700000	4000.000000	18000.000000	8000.000000	Trill	8.068071	18.229256	NaN	NaN	79.819767	0.000000
220	Spectrogram 1	1	2720.910000	2720.960000	4000.000000	18000.000000	8000.000000	Trill	8.614838	10.162605	NaN	NaN	32.492424	0.000000
221	Spectrogram 1	1	2721.760000	2721.820000	4000.000000	18000.000000	8000.000000	Trill	8.054235	10.549162	NaN	NaN	31.710288	0.000000
222	Spectrogram 1	1	2723.820000	2723.980000	4000.000000	18000.000000	8000.000000	Trill	4.516204	14.324766	NaN	NaN	39.486139	0.000000
223	Spectrogram 1	1	2754.340000	2754.700000	4000.000000	18000.000000	8000.000000	Trill	5.858309	14.154774	NaN	NaN	53.548433	0.000000
224	Spectrogram 1	1	2829.180000	2829.520000	4000.000000	18000.000000	8000.000000	Trill	6.779798	16.070772	NaN	NaN	58.970453	0.000000
225	Spectrogram 1	1	2856.810000	2856.860000	4000.000000	18000.000000	8000.000000	Phee	8.059097	9.638121	NaN	NaN	29.531431	0.000000
226	Spectrogram 1	1	2861.290000	2861.390000	4000.000000	18000.000000	8000.000000	Twitter	4.239503	26.662175	NaN	NaN	54.104035	0.000000
227	Spectrogram 1	1	2871.570000	2871.650000	4000.000000	18000.000000	8000.000000	Trill	9.617089	11.054840	NaN	NaN	34.463129	0.000000
228	Spectrogram 1	1	2895.410000	2895.460000	4000.000000	18000.000000	8000.000000	Phee	4.329959	8.390359	NaN	NaN	33.151149	0.000000
229	Spectrogram 1	1	2899.410000	2899.440000	4000.000000	18000.000000	8000.000000	Phee	4.655271	8.580153	NaN	NaN	45.046091	0.000000
230	Spectrogram 1	1	2906.430000	2906.450000	4000.000000	18000.000000	8000.000000	Sd-peep	8.379414	10.601492	NaN	NaN	29.491573	0.000000
231	Spectrogram 1	1	2929.200000	2929.300000	4000.000000	18000.000000	8000.000000	Trill	4.555904	18.874785	NaN	NaN	71.505900	0.000000
232	Spectrogram 1	1	2942.670000	2942.690000	4000.000000	18000.000000	8000.000000	Sd-peep	6.538225	8.677823	NaN	NaN	32.573151	0.000000
233	Spectrogram 1	1	2957.480000	2957.540000	4000.000000	18000.000000	8000.000000	Trill	4.010162	8.484878	NaN	NaN	54.040352	0.000000
234	Spectrogram 1	1	2972.860000	2972.890000	4000.000000	18000.000000	8000.000000	Phee	6.048568	20.250356	NaN	NaN	58.061323	0.000000
235	Spectrogram 1	1	2984.630000	2984.760000	4000.000000	18000.000000	8000.000000	Trill	4.385976	11.870727	NaN	NaN	58.999995	0.000000
236	Spectrogram 1	1	3023.540000	3023.690000	4000.000000	18000.000000	8000.000000	Phee	4.352714	9.984806	NaN	NaN	66.619317	0.000000
237	Spectrogram 1	1	3040.070000	3040.100000	4000.000000	18000.000000	8000.000000	Phee	4.132352	9.893879	NaN	NaN	81.120597	0.000000
238	Spectrogram 1	1	3070.740000	3071.020000	4000.000000	18000.000000	8000.000000	Trill	6.745898	16.979950	NaN	NaN	71.107104	0.000000
239	Spectrogram 1	1	3071.070000	3071.800000	4000.000000	18000.000000	8000.000000	Trillphee	6.114058	29.198279	NaN	NaN	86.490976	0.000000
240	Spectrogram 1	1	3072.210000	3073.130000	4000.000000	18000.000000	8000.000000	Trillphee	5.528326	29.060437	NaN	NaN	51.915999	0.000000
241	Spectrogram 1	1	3073.480000	3074.270000	4000.000000	18000.000000	8000.000000	Phee	7.303340	30.000000	NaN	NaN	63.074183	0.000000
242	Spectrogram 1	1	3077.390000	3077.430000	4000.000000	18000.000000	8000.000000	Phee	5.028445	6.971276	NaN	NaN	38.682002	0.000000
243	Spectrogram 1	1	3079.380000	3079.400000	4000.000000	18000.000000	8000.000000	Sd-peep	4.684039	8.517105	NaN	NaN	37.317545	0.000000
244	Spectrogram 1	1	3116.320000	3116.350000	4000.000000	18000.000000	8000.000000	Twitter	5.377925	6.472793	NaN	NaN	30.620930	0.000000
245	Spectrogram 1	1	3171.210000	3171.450000	4000.000000	18000.000000	8000.000000	Trill	5.722203	14.970591	NaN	NaN	34.095225	0.000000
246	Spectrogram 1	1	3177.930000	3178.280000	4000.000000	18000.000000	8000.000000	Trill	5.226322	15.704172	NaN	NaN	51.754606	0.000000
247	Spectrogram 1	1	3190.430000	3190.800000	4000.000000	18000.000000	8000.000000	Trill	6.046686	18.978601	NaN	NaN	68.009085	0.000000
248	Spectrogram 1	1	3234.580000	3234.650000	4000.000000	18000.000000	8000.000000	Phee	7.742861	11.062443	NaN	NaN	35.933347	0.000000
249	Spectrogram 1	1	3240.990000	3241.370000	4000.000000	18000.000000	8000.000000	Trill	12.486903	20.858625	NaN	NaN	89.268429	0.000000
250	Spectrogram 1	1	3243.710000	3243.790000	4000.000000	18000.000000	8000.000000	Trill	4.399159	22.191786	NaN	NaN	87.941705	0.000000
251	Spectrogram 1	1	3302.560000	3302.830000	4000.000000	18000.000000	8000.000000	Trill	6.403885	16.329696	NaN	NaN	53.117226	0.000000
252	Spectrogram 1	1	3332.820000	3333.380000	4000.000000	18000.000000	8000.000000	Trill	9.274733	22.039528	NaN	NaN	84.572535	0.000000
253	Spectrogram 1	1	3347.120000	3347.730000	4000.000000	18000.000000	8000.000000	Trill	10.940745	22.190497	NaN	NaN	90.951817	0.000000
254	Spectrogram 1	1	3387.510000	3387.560000	4000.000000	18000.000000	8000.000000	Trill	4.182433	14.272706	NaN	NaN	97.666428	0.000000
255	Spectrogram 1	1	3411.510000	3412.030000	4000.000000	18000.000000	8000.000000	Trill	7.977551	18.799314	NaN	NaN	78.653676	0.000000
256	Spectrogram 1	1	3424.590000	3424.860000	4000.000000	18000.000000	8000.000000	Trill	10.334434	19.018750	NaN	NaN	94.839506	0.000000
257	Spectrogram 1	1	3424.940000	3425.040000	4000.000000	18000.000000	8000.000000	Trill	9.630165	13.774396	NaN	NaN	89.209326	0.000000
258	Spectrogram 1	1	3434.390000	3434.470000	4000.000000	18000.000000	8000.000000	Trill	5.941080	8.731164	NaN	NaN	30.127743	0.000000
259	Spectrogram 1	1	3439.970000	3440.060000	4000.000000	18000.000000	8000.000000	Trill	5.042422	16.191986	NaN	NaN	60.577301	0.000000
260	Spectrogram 1	1	3495.980000	3496.010000	4000.000000	18000.000000	8000.000000	Sd-peep	4.512458	37.051526	NaN	NaN	58.577099	0.000000
261	Spectrogram 1	1	3499.020000	3499.050000	4000.000000	18000.000000	8000.000000	Trill	5.354837	6.922506	NaN	NaN	38.317686	0.000000
262	Spectrogram 1	1	3525.730000	3525.760000	4000.000000	18000.000000	8000.000000	Trill	9.479588	12.309572	NaN	NaN	28.641939	0.000000
263	Spectrogram 1	1	3527.150000	3527.550000	4000.000000	18000.000000	8000.000000	Trill	4.597993	15.502088	NaN	NaN	67.879576	0.000000
264	Spectrogram 1	1	3535.170000	3535.350000	4000.000000	18000.000000	8000.000000	Trill	4.764176	13.891288	NaN	NaN	46.210880	0.000000
265	Spectrogram 1	1	3549.640000	3549.910000	4000.000000	18000.000000	8000.000000	Trill	7.035165	14.103228	NaN	NaN	74.161106	0.000000
266	Spectrogram 1	1	3565.050000	3565.090000	4000.000000	18000.000000	8000.000000	Trill	5.735918	11.378581	NaN	NaN	55.621312	0.000000
267	Spectrogram 1	1	3570.890000	3570.910000	4000.000000	18000.000000	8000.000000	Sd-peep	6.264713	10.297706	NaN	NaN	47.334303	0.000000
268	Spectrogram 1	1	3579.500000	3579.730000	4000.000000	18000.000000	8000.000000	Trill	7.242661	14.252347	NaN	NaN	68.338685	0.000000
269	Spectrogram 1	1	3579.780000	3579.840000	4000.000000	18000.000000	8000.000000	Trill	7.115725	11.336177	NaN	NaN	63.223862	0.000000
270	Spectrogram 1	1	3588.280000	3588.340000	4000.000000	18000.000000	8000.000000	Trill	5.453352	12.523676	NaN	NaN	42.434020	0.000000
271	Spectrogram 1	1	3594.260000	3594.590000	4000.000000	18000.000000	8000.000000	Trill	4.951938	13.507993	NaN	NaN	55.221038	0.000000
272	Spectrogram 1	1	3613.880000	3613.910000	4000.000000	18000.000000	8000.000000	Trill	9.840148	11.046209	NaN	NaN	33.349479	0.000000
273	Spectrogram 1	1	3643.400000	3644.190000	4000.000000	18000.000000	8000.000000	Twitter	4.089344	19.820657	NaN	NaN	38.167363	0.000000
274	Spectrogram 1	1	3677.370000	3677.780000	4000.000000	18000.000000	8000.000000	Trill	4.909725	17.530431	NaN	NaN	64.904264	0.000000
275	Spectrogram 1	1	3723.720000	3723.830000	4000.000000	18000.000000	8000.000000	Twitter	7.068654	25.497382	NaN	NaN	74.918794	0.000000
276	Spectrogram 1	1	3723.870000	3724.840000	4000.000000	18000.000000	8000.000000	Twitter	7.023284	21.042157	NaN	NaN	40.614662	0.000000
277	Spectrogram 1	1	3728.610000	3728.670000	4000.000000	18000.000000	8000.000000	Trill	4.047731	8.916263	NaN	NaN	56.374587	0.000000
278	Spectrogram 1	1	3760.660000	3762.480000	4000.000000	18000.000000	8000.000000	Trillphee	5.039988	27.385502	NaN	NaN	69.846050	0.000000
279	Spectrogram 1	1	3811.630000	3811.720000	4000.000000	18000.000000	8000.000000	Trill	8.107479	9.503318	NaN	NaN	42.728459	0.000000
280	Spectrogram 1	1	3874.250000	3874.490000	4000.000000	18000.000000	8000.000000	Trill	5.742463	16.573898	NaN	NaN	67.618588	0.000000
281	Spectrogram 1	1	3886.310000	3886.520000	4000.000000	18000.000000	8000.000000	Trill	5.005359	13.239610	NaN	NaN	59.735505	0.000000
282	Spectrogram 1	1	3911.000000	3911.040000	4000.000000	18000.000000	8000.000000	Trill	10.222851	11.977785	NaN	NaN	29.352029	0.000000
283	Spectrogram 1	1	3912.030000	3912.290000	4000.000000	18000.000000	8000.000000	Trill	6.638799	14.843325	NaN	NaN	67.750634	0.000000
284	Spectrogram 1	1	3923.400000	3923.450000	4000.000000	18000.000000	8000.000000	Trill	8.391176	11.550221	NaN	NaN	29.610383	0.000000
285	Spectrogram 1	1	3929.830000	3929.860000	4000.000000	18000.000000	8000.000000	Trill	4.099991	9.871255	NaN	NaN	44.263627	0.000000
286	Spectrogram 1	1	3939.010000	3939.440000	4000.000000	18000.000000	8000.000000	Trill	11.629433	20.372103	NaN	NaN	95.307943	0.000000
287	Spectrogram 1	1	3943.290000	3943.320000	4000.000000	18000.000000	8000.000000	Trill	12.019627	13.109281	NaN	NaN	28.377396	0.000000
288	Spectrogram 1	1	3972.060000	3972.110000	4000.000000	18000.000000	8000.000000	Trill	9.984499	14.248942	NaN	NaN	31.092769	0.000000
289	Spectrogram 1	1	3980.990000	3981.050000	4000.000000	18000.000000	8000.000000	Trillphee	6.061392	11.457810	NaN	NaN	73.466754	0.000000
290	Spectrogram 1	1	3983.190000	3983.490000	4000.000000	18000.000000	8000.000000	Trill	8.601650	14.465311	NaN	NaN	70.243563	0.000000
291	Spectrogram 1	1	3989.560000	3989.790000	4000.000000	18000.000000	8000.000000	Trill	6.796306	14.429008	NaN	NaN	70.805920	0.000000
292	Spectrogram 1	1	3995.850000	3996.160000	4000.000000	18000.000000	8000.000000	Trill	8.696805	16.479159	NaN	NaN	75.852342	0.000000
293	Spectrogram 1	1	4003.840000	4003.900000	4000.000000	18000.000000	8000.000000	Trill	8.662035	9.497758	NaN	NaN	31.084183	0.000000
294	Spectrogram 1	1	4011.090000	4011.440000	4000.000000	18000.000000	8000.000000	Trill	10.521472	18.134084	NaN	NaN	93.291644	0.000000
295	Spectrogram 1	1	4021.220000	4021.530000	4000.000000	18000.000000	8000.000000	Trill	5.667147	13.628197	NaN	NaN	68.559812	0.000000
296	Spectrogram 1	1	4066.230000	4067.210000	4000.000000	18000.000000	8000.000000	Trillphee	8.349516	30.550190	NaN	NaN	67.807061	0.000000
297	Spectrogram 1	1	4067.510000	4068.430000	4000.000000	18000.000000	8000.000000	Phee	8.474673	27.250502	NaN	NaN	49.284145	0.000000
298	Spectrogram 1	1	4068.590000	4069.500000	4000.000000	18000.000000	8000.000000	Phee	9.303399	27.236469	NaN	NaN	52.700666	0.000000
299	Spectrogram 1	1	4069.710000	4069.830000	4000.000000	18000.000000	8000.000000	Trill	7.150297	22.914363	NaN	NaN	120.084812	0.000000
300	Spectrogram 1	1	4069.880000	4069.940000	4000.000000	18000.000000	8000.000000	Trill	5.790779	18.310782	NaN	NaN	129.589259	0.000000
301	Spectrogram 1	1	4074.120000	4074.170000	4000.000000	18000.000000	8000.000000	Phee	4.295172	8.562094	NaN	NaN	38.330073	0.000000
302	Spectrogram 1	1	4195.250000	4195.320000	4000.000000	18000.000000	8000.000000	Trill	6.736220	10.861319	NaN	NaN	29.720535	0.000000
303	Spectrogram 1	1	4195.370000	4195.400000	4000.000000	18000.000000	8000.000000	Trill	8.384223	13.671917	NaN	NaN	32.162724	0.000000
304	Spectrogram 1	1	4228.220000	4228.710000	4000.000000	18000.000000	8000.000000	Trill	10.368183	18.819454	NaN	NaN	95.900166	0.000000
305	Spectrogram 1	1	4237.120000	4237.180000	4000.000000	18000.000000	8000.000000	Trill	7.814679	12.031053	NaN	NaN	31.071544	0.000000
306	Spectrogram 1	1	4237.690000	4237.710000	4000.000000	18000.000000	8000.000000	Sd-peep	9.793031	14.911647	NaN	NaN	39.593984	0.000000
307	Spectrogram 1	1	4252.180000	4252.820000	4000.000000	18000.000000	8000.000000	Trill	12.244156	22.635825	NaN	NaN	120.928768	0.000000
