Selection	View	Channel	Begin Time (s)	End Time (s)	Low Freq (Hz)	High Freq (Hz)	Max Freq (Hz)	Call Type	Energy Diff	Energy Par	Exception
1	Spectrogram 1	2	8.484000	8.600000	4000.000000	18000.000000	8000.000000	Trill	14.463213	-33.714369	0
2	Spectrogram 1	2	8.628000	8.690000	4000.000000	18000.000000	8000.000000	Trill	16.705951	-36.627954	0
3	Spectrogram 1	2	10.440000	10.526000	4000.000000	18000.000000	8000.000000	Twitter	3.954816	-27.807368	1
4	Spectrogram 1	2	10.572000	10.658000	4000.000000	18000.000000	8000.000000	Twitter	4.358943	-28.458800	1
5	Spectrogram 1	2	10.692000	10.796000	4000.000000	18000.000000	8000.000000	Twitter	5.641180	-27.971602	0
6	Spectrogram 1	2	10.818000	10.886000	4000.000000	18000.000000	8000.000000	Twitter	9.287214	-28.982879	0
7	Spectrogram 1	2	10.956000	10.988000	4000.000000	18000.000000	8000.000000	Twitter	15.966970	-31.781022	0
8	Spectrogram 1	2	21.402000	21.566000	4000.000000	18000.000000	8000.000000	Trill	13.264611	-34.396765	0
9	Spectrogram 1	2	27.978000	28.160000	4000.000000	18000.000000	8000.000000	Trill	10.603611	-34.977943	0
10	Spectrogram 1	2	48.186000	48.482000	4000.000000	18000.000000	8000.000000	Trill	7.395975	-35.675791	0
11	Spectrogram 1	2	68.928000	69.158000	4000.000000	18000.000000	8000.000000	Trill	7.067260	-37.239307	0
12	Spectrogram 1	2	78.900000	78.938000	4000.000000	18000.000000	8000.000000	Trill	8.505468	-34.917570	0
13	Spectrogram 1	2	132.562000	132.840000	4000.000000	18000.000000	8000.000000	Trill	6.847037	-34.261516	0
14	Spectrogram 1	2	178.114000	178.488000	4000.000000	18000.000000	8000.000000	Trill	4.053583	-35.379556	1
15	Spectrogram 1	2	182.164000	182.436000	4000.000000	18000.000000	8000.000000	Trill	8.121061	-35.250284	0
16	Spectrogram 1	2	194.566000	194.682000	4000.000000	18000.000000	8000.000000	Trill	8.120815	-34.963968	0
17	Spectrogram 1	2	210.098000	210.328000	4000.000000	18000.000000	8000.000000	Trill	11.599476	-33.684968	0
18	Spectrogram 1	2	215.078000	215.248000	4000.000000	18000.000000	8000.000000	Trill	4.697829	-33.094076	1
19	Spectrogram 1	2	215.348000	215.410000	4000.000000	18000.000000	8000.000000	Twitter	4.431239	-29.347032	1
20	Spectrogram 1	2	215.480000	215.542000	4000.000000	18000.000000	8000.000000	Twitter	3.926162	-26.385285	1
21	Spectrogram 1	2	215.606000	215.680000	4000.000000	18000.000000	8000.000000	Twitter	3.912459	-27.118257	1
22	Spectrogram 1	2	215.846000	215.932000	4000.000000	18000.000000	8000.000000	Twitter	3.948472	-27.917429	1
23	Spectrogram 1	2	215.972000	216.034000	4000.000000	18000.000000	8000.000000	Twitter	4.036772	-27.627060	1
24	Spectrogram 1	2	216.104000	216.160000	4000.000000	18000.000000	8000.000000	Twitter	6.588378	-31.729030	0
25	Spectrogram 1	2	294.500000	294.562000	4000.000000	18000.000000	8000.000000	Trillphee	4.889991	-33.151738	1
26	Spectrogram 1	2	295.202000	295.252000	4000.000000	18000.000000	8000.000000	Phee	7.769379	-29.208915	0
27	Spectrogram 1	2	300.348000	300.440000	4000.000000	18000.000000	8000.000000	Trill	9.591070	-35.238758	0
28	Spectrogram 1	2	300.492000	300.638000	4000.000000	18000.000000	8000.000000	Trill	9.690139	-35.708437	0
29	Spectrogram 1	2	310.974000	311.408000	4000.000000	18000.000000	8000.000000	Trill	11.410490	-33.972150	0
30	Spectrogram 1	2	325.218000	325.574000	4000.000000	18000.000000	8000.000000	Trill	12.599682	-31.941671	0
31	Spectrogram 1	2	325.788000	326.576000	4000.000000	18000.000000	8000.000000	Phee	8.604054	-24.382350	0
32	Spectrogram 1	2	326.604000	326.690000	4000.000000	18000.000000	8000.000000	Phee	8.937260	-31.022771	0
33	Spectrogram 1	2	340.650000	340.814000	4000.000000	18000.000000	8000.000000	Trill	7.188715	-33.514928	0
34	Spectrogram 1	2	341.082000	342.032000	4000.000000	18000.000000	8000.000000	Phee	4.122979	-27.945619	1
35	Spectrogram 1	2	350.286000	350.450000	4000.000000	18000.000000	8000.000000	Trill	14.129086	-32.405918	0
36	Spectrogram 1	2	354.702000	354.896000	4000.000000	18000.000000	8000.000000	Trill	9.904172	-32.856205	0
37	Spectrogram 1	2	446.080000	446.304000	4000.000000	18000.000000	8000.000000	Trill	8.935813	-35.361971	0
38	Spectrogram 1	2	476.374000	476.586000	4000.000000	18000.000000	8000.000000	Trill	12.706344	-32.481172	0
39	Spectrogram 1	2	497.272000	497.730000	4000.000000	18000.000000	8000.000000	Trill	11.852401	-34.198722	0
40	Spectrogram 1	2	498.616000	498.690000	4000.000000	18000.000000	8000.000000	Twitter	4.166610	-27.056189	1
41	Spectrogram 1	2	498.748000	498.816000	4000.000000	18000.000000	8000.000000	Twitter	5.012367	-26.155645	0
42	Spectrogram 1	2	498.874000	498.948000	4000.000000	18000.000000	8000.000000	Twitter	5.353175	-26.233531	0
43	Spectrogram 1	2	498.982000	499.074000	4000.000000	18000.000000	8000.000000	Twitter	5.768325	-26.620299	0
44	Spectrogram 1	2	499.102000	499.194000	4000.000000	18000.000000	8000.000000	Twitter	6.284196	-27.890678	0
45	Spectrogram 1	2	499.234000	499.302000	4000.000000	18000.000000	8000.000000	Trill	7.015485	-32.674238	0
46	Spectrogram 1	2	598.736000	599.020000	4000.000000	18000.000000	8000.000000	Trill	12.015438	-31.490813	0
47	Spectrogram 1	2	629.298000	629.348000	4000.000000	18000.000000	8000.000000	Trill	11.142028	-36.773566	0
48	Spectrogram 1	2	632.880000	633.038000	4000.000000	18000.000000	8000.000000	Trill	5.538105	-35.039504	0
49	Spectrogram 1	2	633.162000	633.350000	4000.000000	18000.000000	8000.000000	Phee	13.754546	-32.876212	0
50	Spectrogram 1	2	633.426000	633.650000	4000.000000	18000.000000	8000.000000	Trill	10.227520	-35.021754	0
51	Spectrogram 1	2	640.098000	640.292000	4000.000000	18000.000000	8000.000000	Trill	8.026669	-35.799439	0
52	Spectrogram 1	2	648.096000	648.272000	4000.000000	18000.000000	8000.000000	Trill	18.069409	-29.906499	0
53	Spectrogram 1	2	651.390000	651.458000	4000.000000	18000.000000	8000.000000	Trill	4.778721	-35.736849	1
54	Spectrogram 1	2	659.622000	660.554000	4000.000000	18000.000000	8000.000000	Phee	5.329708	-28.327314	0
55	Spectrogram 1	2	688.668000	688.928000	4000.000000	18000.000000	8000.000000	Trill	10.034956	-29.241129	0
56	Spectrogram 1	2	689.946000	690.026000	4000.000000	18000.000000	8000.000000	Trill	11.576553	-34.541188	0
57	Spectrogram 1	2	713.266000	713.508000	4000.000000	18000.000000	8000.000000	Trill	12.672329	-31.984842	0
58	Spectrogram 1	2	736.132000	736.350000	4000.000000	18000.000000	8000.000000	Trill	5.461380	-35.475163	0
59	Spectrogram 1	2	738.100000	738.168000	4000.000000	18000.000000	8000.000000	Twitter	4.001498	-26.777494	1
60	Spectrogram 1	2	847.802000	848.074000	4000.000000	18000.000000	8000.000000	Trill	9.797124	-34.159088	0
61	Spectrogram 1	2	850.430000	850.654000	4000.000000	18000.000000	8000.000000	Trill	14.457442	-34.088216	0
62	Spectrogram 1	2	861.554000	861.808000	4000.000000	18000.000000	8000.000000	Trill	15.924404	-32.734179	0
63	Spectrogram 1	2	869.804000	870.034000	4000.000000	18000.000000	8000.000000	Trill	15.018060	-34.416487	0
64	Spectrogram 1	2	883.190000	883.258000	4000.000000	18000.000000	8000.000000	Twitter	4.919768	-24.904325	1
65	Spectrogram 1	2	883.334000	883.402000	4000.000000	18000.000000	8000.000000	Twitter	5.509114	-25.179475	0
66	Spectrogram 1	2	883.454000	883.522000	4000.000000	18000.000000	8000.000000	Twitter	6.104478	-23.899794	0
67	Spectrogram 1	2	883.580000	883.660000	4000.000000	18000.000000	8000.000000	Twitter	5.926308	-24.912120	0
68	Spectrogram 1	2	883.706000	883.792000	4000.000000	18000.000000	8000.000000	Twitter	5.919347	-24.919481	0
69	Spectrogram 1	2	883.838000	884.092000	4000.000000	18000.000000	8000.000000	Twitter	5.975998	-27.508756	0
70	Spectrogram 1	2	884.096000	884.182000	4000.000000	18000.000000	8000.000000	Twitter	6.143415	-30.697541	0
71	Spectrogram 1	2	933.108000	933.308000	4000.000000	18000.000000	8000.000000	Trill	14.244924	-31.246868	0
72	Spectrogram 1	2	943.290000	943.610000	4000.000000	18000.000000	8000.000000	Trill	13.058818	-31.786014	0
73	Spectrogram 1	2	948.810000	948.896000	4000.000000	18000.000000	8000.000000	Twitter	5.130492	-24.729761	0
74	Spectrogram 1	2	948.930000	949.028000	4000.000000	18000.000000	8000.000000	Twitter	5.916607	-25.156567	0
75	Spectrogram 1	2	949.068000	949.154000	4000.000000	18000.000000	8000.000000	Twitter	6.285443	-24.326756	0
76	Spectrogram 1	2	949.194000	949.298000	4000.000000	18000.000000	8000.000000	Twitter	6.302105	-25.056358	0
77	Spectrogram 1	2	949.326000	949.430000	4000.000000	18000.000000	8000.000000	Twitter	6.417461	-25.446207	0
78	Spectrogram 1	2	949.434000	949.562000	4000.000000	18000.000000	8000.000000	Twitter	6.355011	-26.570274	0
79	Spectrogram 1	2	949.560000	949.688000	4000.000000	18000.000000	8000.000000	Twitter	7.897607	-27.675512	0
80	Spectrogram 1	2	949.746000	949.802000	4000.000000	18000.000000	8000.000000	Twitter	14.960576	-31.584326	0
81	Spectrogram 1	2	1004.104000	1004.454000	4000.000000	18000.000000	8000.000000	Trill	10.354830	-33.066862	0
82	Spectrogram 1	2	1005.352000	1005.414000	4000.000000	18000.000000	8000.000000	Twitter	4.685268	-24.298515	1
83	Spectrogram 1	2	1005.430000	1005.444000	4000.000000	18000.000000	8000.000000	Phee	6.032008	-36.036068	2
84	Spectrogram 1	2	1005.484000	1005.540000	4000.000000	18000.000000	8000.000000	Twitter	6.791121	-23.165092	0
85	Spectrogram 1	2	1005.610000	1005.678000	4000.000000	18000.000000	8000.000000	Twitter	6.631673	-24.233098	0
86	Spectrogram 1	2	1005.706000	1005.720000	4000.000000	18000.000000	8000.000000	Twitter	5.157889	-36.471923	2
87	Spectrogram 1	2	1005.730000	1005.804000	4000.000000	18000.000000	8000.000000	Twitter	7.021064	-24.987567	0
88	Spectrogram 1	2	1005.802000	1005.846000	4000.000000	18000.000000	8000.000000	Phee	3.856833	-34.536099	1
89	Spectrogram 1	2	1005.856000	1005.954000	4000.000000	18000.000000	8000.000000	Twitter	8.865663	-27.501901	0
90	Spectrogram 1	2	1006.006000	1006.068000	4000.000000	18000.000000	8000.000000	Trill	7.958488	-33.938437	0
91	Spectrogram 1	2	1009.120000	1009.380000	4000.000000	18000.000000	8000.000000	Trill	13.430025	-34.406669	0
92	Spectrogram 1	2	1014.382000	1014.672000	4000.000000	18000.000000	8000.000000	Trill	13.811163	-34.347137	0
93	Spectrogram 1	2	1024.696000	1024.890000	4000.000000	18000.000000	8000.000000	Trill	12.885964	-31.636657	0
94	Spectrogram 1	2	1027.600000	1027.908000	4000.000000	18000.000000	8000.000000	Trill	12.696745	-34.298549	0
95	Spectrogram 1	2	1041.706000	1041.996000	4000.000000	18000.000000	8000.000000	Trill	12.948320	-33.182742	0
96	Spectrogram 1	2	1042.306000	1042.512000	4000.000000	18000.000000	8000.000000	Trillphee	6.289844	-35.506188	0
97	Spectrogram 1	2	1042.606000	1042.812000	4000.000000	18000.000000	8000.000000	Phee	9.291750	-28.102943	0
98	Spectrogram 1	2	1050.142000	1050.462000	4000.000000	18000.000000	8000.000000	Trill	12.520467	-32.794769	0
99	Spectrogram 1	2	1076.848000	1077.078000	4000.000000	18000.000000	8000.000000	Trill	16.452354	-29.481972	0
100	Spectrogram 1	2	1085.560000	1085.676000	4000.000000	18000.000000	8000.000000	Trill	15.166977	-30.387665	0
101	Spectrogram 1	2	1088.056000	1088.262000	4000.000000	18000.000000	8000.000000	Trill	7.364724	-28.162418	0
102	Spectrogram 1	2	1088.338000	1088.652000	4000.000000	18000.000000	8000.000000	Phee	11.192677	-23.920514	0
103	Spectrogram 1	2	1088.692000	1088.880000	4000.000000	18000.000000	8000.000000	Phee	11.008399	-20.477417	0
104	Spectrogram 1	2	1088.968000	1089.060000	4000.000000	18000.000000	8000.000000	Phee	12.864828	-22.847553	0
105	Spectrogram 1	2	1108.292000	1108.426000	4000.000000	18000.000000	8000.000000	Trill	8.991158	-35.651449	0
106	Spectrogram 1	2	1112.096000	1112.704000	4000.000000	18000.000000	8000.000000	Phee	10.405847	-29.441793	0
107	Spectrogram 1	2	1120.334000	1120.396000	4000.000000	18000.000000	8000.000000	Trill	8.279870	-35.719947	0
108	Spectrogram 1	2	1122.080000	1122.130000	4000.000000	18000.000000	8000.000000	Trill	5.336301	-33.961835	0
109	Spectrogram 1	2	1122.170000	1122.214000	4000.000000	18000.000000	8000.000000	Trill	7.566483	-36.771658	0
110	Spectrogram 1	2	1126.082000	1126.132000	4000.000000	18000.000000	8000.000000	Twitter	9.746208	-30.581465	0
111	Spectrogram 1	2	1126.202000	1126.264000	4000.000000	18000.000000	8000.000000	Twitter	6.136721	-28.070006	0
112	Spectrogram 1	2	1126.322000	1126.378000	4000.000000	18000.000000	8000.000000	Twitter	7.867350	-24.766978	0
113	Spectrogram 1	2	1126.442000	1126.498000	4000.000000	18000.000000	8000.000000	Twitter	7.741940	-26.814035	0
114	Spectrogram 1	2	1126.562000	1126.624000	4000.000000	18000.000000	8000.000000	Twitter	8.219632	-25.007782	0
115	Spectrogram 1	2	1126.688000	1126.738000	4000.000000	18000.000000	8000.000000	Twitter	12.792174	-23.634111	0
116	Spectrogram 1	2	1126.808000	1126.846000	4000.000000	18000.000000	8000.000000	Twitter	16.714696	-28.737445	0
117	Spectrogram 1	2	1129.934000	1130.194000	4000.000000	18000.000000	8000.000000	Trill	14.110060	-36.135032	0
118	Spectrogram 1	2	1168.202000	1168.324000	4000.000000	18000.000000	8000.000000	Trill	14.404099	-31.982469	0
119	Spectrogram 1	2	1175.306000	1175.578000	4000.000000	18000.000000	8000.000000	Trill	11.514335	-31.902029	0
120	Spectrogram 1	2	1179.092000	1179.388000	4000.000000	18000.000000	8000.000000	Trill	12.899397	-32.348886	0
121	Spectrogram 1	2	1190.534000	1191.658000	4000.000000	18000.000000	8000.000000	Phee	13.216328	-26.929388	0
122	Spectrogram 1	2	1191.710000	1191.742000	4000.000000	18000.000000	8000.000000	Phee	14.176708	-30.733845	0
123	Spectrogram 1	2	1197.284000	1197.514000	4000.000000	18000.000000	8000.000000	Trill	10.758302	-35.633139	0
124	Spectrogram 1	2	1212.120000	1212.368000	4000.000000	18000.000000	8000.000000	Trill	12.186054	-32.452251	0
125	Spectrogram 1	2	1214.808000	1215.038000	4000.000000	18000.000000	8000.000000	Trill	6.764312	-35.885658	0
126	Spectrogram 1	2	1215.666000	1215.710000	4000.000000	18000.000000	8000.000000	Trillphee	15.971402	-34.377655	0
127	Spectrogram 1	2	1215.810000	1215.842000	4000.000000	18000.000000	8000.000000	Phee	12.884015	-35.752042	0
128	Spectrogram 1	2	1234.416000	1234.676000	4000.000000	18000.000000	8000.000000	Trill	4.887464	-34.441486	1
129	Spectrogram 1	2	1235.670000	1235.720000	4000.000000	18000.000000	8000.000000	Phee	5.309282	-30.245530	0
130	Spectrogram 1	2	1241.226000	1241.426000	4000.000000	18000.000000	8000.000000	Trill	6.659973	-33.463856	0
131	Spectrogram 1	2	1241.634000	1241.894000	4000.000000	18000.000000	8000.000000	Phee	6.214620	-27.010294	0
132	Spectrogram 1	2	1242.420000	1242.500000	4000.000000	18000.000000	8000.000000	Phee	7.090120	-27.648521	0
133	Spectrogram 1	2	1258.686000	1258.856000	4000.000000	18000.000000	8000.000000	Trill	10.474217	-34.100521	0
134	Spectrogram 1	2	1261.374000	1261.460000	4000.000000	18000.000000	8000.000000	Trill	9.750180	-33.318715	0
135	Spectrogram 1	2	1265.646000	1265.846000	4000.000000	18000.000000	8000.000000	Trill	13.419488	-26.907857	0
136	Spectrogram 1	2	1265.904000	1266.134000	4000.000000	18000.000000	8000.000000	Phee	14.601574	-23.837922	0
137	Spectrogram 1	2	1266.198000	1266.494000	4000.000000	18000.000000	8000.000000	Phee	12.710681	-25.892927	0
138	Spectrogram 1	2	1271.244000	1271.474000	4000.000000	18000.000000	8000.000000	Trill	17.926770	-25.335561	0
139	Spectrogram 1	2	1273.842000	1274.114000	4000.000000	18000.000000	8000.000000	Trill	16.821600	-31.437201	0
140	Spectrogram 1	2	1275.618000	1275.794000	4000.000000	18000.000000	8000.000000	Trillphee	13.979287	-26.205704	0
141	Spectrogram 1	2	1275.888000	1276.022000	4000.000000	18000.000000	8000.000000	Phee	15.130194	-28.270955	0
142	Spectrogram 1	2	1276.092000	1276.262000	4000.000000	18000.000000	8000.000000	Phee	13.810237	-31.064411	0
143	Spectrogram 1	2	1276.296000	1276.562000	4000.000000	18000.000000	8000.000000	Phee	11.991228	-23.322464	0
144	Spectrogram 1	2	1276.620000	1276.718000	4000.000000	18000.000000	8000.000000	Trillphee	4.545468	-29.321869	1
145	Spectrogram 1	2	1280.808000	1280.912000	4000.000000	18000.000000	8000.000000	Trill	10.091477	-31.096394	0
146	Spectrogram 1	2	1285.500000	1285.676000	4000.000000	18000.000000	8000.000000	Trill	7.664851	-33.365000	0
147	Spectrogram 1	2	1296.294000	1296.596000	4000.000000	18000.000000	8000.000000	Trill	15.246287	-29.541596	0
148	Spectrogram 1	2	1298.694000	1298.876000	4000.000000	18000.000000	8000.000000	Phee	9.324058	-33.297637	0
149	Spectrogram 1	2	1299.198000	1299.950000	4000.000000	18000.000000	8000.000000	Phee	13.924331	-19.183650	0
150	Spectrogram 1	2	1303.852000	1303.920000	4000.000000	18000.000000	8000.000000	Twitter	7.032467	-24.453889	0
151	Spectrogram 1	2	1303.996000	1304.088000	4000.000000	18000.000000	8000.000000	Twitter	7.608801	-23.917274	0
152	Spectrogram 1	2	1304.146000	1304.238000	4000.000000	18000.000000	8000.000000	Twitter	7.487753	-24.539749	0
153	Spectrogram 1	2	1304.272000	1304.370000	4000.000000	18000.000000	8000.000000	Twitter	7.237518	-24.373833	0
154	Spectrogram 1	2	1304.416000	1304.502000	4000.000000	18000.000000	8000.000000	Twitter	7.575604	-24.507385	0
155	Spectrogram 1	2	1304.524000	1304.622000	4000.000000	18000.000000	8000.000000	Twitter	7.982454	-25.560076	0
156	Spectrogram 1	2	1304.662000	1304.748000	4000.000000	18000.000000	8000.000000	Twitter	9.478367	-25.020427	0
157	Spectrogram 1	2	1304.788000	1304.892000	4000.000000	18000.000000	8000.000000	Twitter	9.592732	-26.824791	0
158	Spectrogram 1	2	1304.920000	1305.000000	4000.000000	18000.000000	8000.000000	Twitter	15.891497	-24.855539	0
159	Spectrogram 1	2	1326.760000	1327.074000	4000.000000	18000.000000	8000.000000	Trill	13.094229	-32.676828	0
160	Spectrogram 1	2	1360.354000	1360.536000	4000.000000	18000.000000	8000.000000	Trill	10.196012	-29.479659	0
161	Spectrogram 1	2	1361.902000	1362.192000	4000.000000	18000.000000	8000.000000	Trill	11.048428	-29.455333	0
162	Spectrogram 1	2	1362.400000	1363.602000	4000.000000	18000.000000	8000.000000	Phee	13.833714	-17.868778	0
163	Spectrogram 1	2	1368.994000	1369.200000	4000.000000	18000.000000	8000.000000	Trill	10.755599	-36.428339	0
164	Spectrogram 1	2	1379.824000	1379.958000	4000.000000	18000.000000	8000.000000	Trill	9.068051	-34.440643	0
165	Spectrogram 1	2	1379.992000	1380.060000	4000.000000	18000.000000	8000.000000	Trill	14.910756	-35.733087	0
166	Spectrogram 1	2	1385.824000	1386.138000	4000.000000	18000.000000	8000.000000	Trill	8.615884	-30.057615	0
167	Spectrogram 1	2	1386.160000	1386.930000	4000.000000	18000.000000	8000.000000	Phee	14.410119	-27.472889	0
168	Spectrogram 1	2	1393.132000	1393.164000	4000.000000	18000.000000	8000.000000	Trill	12.729326	-36.464101	0
169	Spectrogram 1	2	1393.792000	1393.980000	4000.000000	18000.000000	8000.000000	Trill	12.432597	-33.062419	0
170	Spectrogram 1	2	1394.626000	1394.670000	4000.000000	18000.000000	8000.000000	Twitter	7.045777	-27.517585	0
171	Spectrogram 1	2	1394.764000	1394.802000	4000.000000	18000.000000	8000.000000	Twitter	8.138767	-28.096213	0
172	Spectrogram 1	2	1394.902000	1394.934000	4000.000000	18000.000000	8000.000000	Twitter	14.712564	-35.507357	0
173	Spectrogram 1	2	1395.052000	1395.090000	4000.000000	18000.000000	8000.000000	Trill	18.148203	-33.338586	0
174	Spectrogram 1	2	1400.270000	1400.542000	4000.000000	18000.000000	8000.000000	Trill	16.952539	-26.954468	0
175	Spectrogram 1	2	1404.662000	1404.922000	4000.000000	18000.000000	8000.000000	Trill	16.157634	-30.008688	0
176	Spectrogram 1	2	1408.430000	1408.630000	4000.000000	18000.000000	8000.000000	Trill	11.685270	-28.385881	0
177	Spectrogram 1	2	1414.394000	1414.924000	4000.000000	18000.000000	8000.000000	Trill	6.248981	-34.595596	0
178	Spectrogram 1	2	1422.974000	1423.048000	4000.000000	18000.000000	8000.000000	Trill	14.203385	-34.942095	0
179	Spectrogram 1	2	1424.432000	1424.494000	4000.000000	18000.000000	8000.000000	Twitter	13.506287	-22.150940	0
180	Spectrogram 1	2	1424.570000	1424.638000	4000.000000	18000.000000	8000.000000	Twitter	7.859512	-24.049731	0
181	Spectrogram 1	2	1424.702000	1424.776000	4000.000000	18000.000000	8000.000000	Twitter	7.995365	-26.162263	0
182	Spectrogram 1	2	1424.828000	1424.896000	4000.000000	18000.000000	8000.000000	Twitter	8.390868	-25.856656	0
183	Spectrogram 1	2	1424.930000	1425.010000	4000.000000	18000.000000	8000.000000	Twitter	11.378795	-24.505483	0
184	Spectrogram 1	2	1425.014000	1425.028000	4000.000000	18000.000000	8000.000000	Twitter	8.598647	-36.050392	2
185	Spectrogram 1	2	1425.062000	1425.130000	4000.000000	18000.000000	8000.000000	Twitter	10.450729	-23.414426	0
186	Spectrogram 1	2	1425.194000	1425.268000	4000.000000	18000.000000	8000.000000	Twitter	12.166171	-25.072698	0
187	Spectrogram 1	2	1425.326000	1425.382000	4000.000000	18000.000000	8000.000000	Twitter	12.154373	-26.177146	0
188	Spectrogram 1	2	1426.916000	1427.140000	4000.000000	18000.000000	8000.000000	Trill	11.521662	-33.640392	0
189	Spectrogram 1	2	1440.044000	1440.400000	4000.000000	18000.000000	8000.000000	Trill	13.596837	-32.366649	0
190	Spectrogram 1	2	1469.876000	1470.244000	4000.000000	18000.000000	8000.000000	Trill	8.795121	-32.131643	0
191	Spectrogram 1	2	1471.328000	1471.564000	4000.000000	18000.000000	8000.000000	Trill	11.014815	-34.338716	0
192	Spectrogram 1	2	1486.268000	1486.510000	4000.000000	18000.000000	8000.000000	Trill	5.264004	-32.406460	0
193	Spectrogram 1	2	1486.628000	1486.702000	4000.000000	18000.000000	8000.000000	Twitter	4.689430	-27.880293	1
194	Spectrogram 1	2	1486.760000	1486.834000	4000.000000	18000.000000	8000.000000	Twitter	3.833856	-27.234781	1
195	Spectrogram 1	2	1486.886000	1486.972000	4000.000000	18000.000000	8000.000000	Twitter	3.815945	-27.188675	1
196	Spectrogram 1	2	1487.018000	1487.104000	4000.000000	18000.000000	8000.000000	Twitter	4.003610	-27.448840	1
197	Spectrogram 1	2	1487.138000	1487.224000	4000.000000	18000.000000	8000.000000	Twitter	4.251750	-27.053041	1
198	Spectrogram 1	2	1487.258000	1487.338000	4000.000000	18000.000000	8000.000000	Twitter	5.050850	-27.364450	0
199	Spectrogram 1	2	1487.432000	1487.464000	4000.000000	18000.000000	8000.000000	Trill	6.884957	-34.514434	0
200	Spectrogram 1	2	1593.360000	1593.662000	4000.000000	18000.000000	8000.000000	Trill	14.134508	-33.709652	0
201	Spectrogram 1	2	1599.114000	1599.332000	4000.000000	18000.000000	8000.000000	Trill	15.661370	-32.337015	0
202	Spectrogram 1	2	1603.336000	1603.536000	4000.000000	18000.000000	8000.000000	Trill	13.730706	-34.822611	0
203	Spectrogram 1	2	1629.184000	1629.432000	4000.000000	18000.000000	8000.000000	Trill	13.212525	-31.729700	0
204	Spectrogram 1	2	1641.370000	1641.672000	4000.000000	18000.000000	8000.000000	Trill	14.671412	-33.428014	0
205	Spectrogram 1	2	1641.754000	1641.804000	4000.000000	18000.000000	8000.000000	Phee	13.180307	-33.894524	0
206	Spectrogram 1	2	1641.946000	1642.686000	4000.000000	18000.000000	8000.000000	Phee	16.731200	-18.937001	0
207	Spectrogram 1	2	1670.806000	1671.012000	4000.000000	18000.000000	8000.000000	Trill	14.497126	-32.024426	0
208	Spectrogram 1	2	1721.066000	1721.218000	4000.000000	18000.000000	8000.000000	Trill	6.928785	-35.275756	0
209	Spectrogram 1	2	1726.682000	1726.864000	4000.000000	18000.000000	8000.000000	Trill	14.665613	-31.737350	0
210	Spectrogram 1	2	1736.294000	1736.488000	4000.000000	18000.000000	8000.000000	Trill	4.337433	-26.705006	1
211	Spectrogram 1	2	1736.570000	1736.650000	4000.000000	18000.000000	8000.000000	Twitter	4.247370	-26.894150	1
212	Spectrogram 1	2	1736.708000	1736.782000	4000.000000	18000.000000	8000.000000	Twitter	5.155447	-25.777215	0
213	Spectrogram 1	2	1736.834000	1736.908000	4000.000000	18000.000000	8000.000000	Twitter	5.085560	-25.829695	0
214	Spectrogram 1	2	1736.918000	1736.944000	4000.000000	18000.000000	8000.000000	Phee	4.329423	-37.705291	1
215	Spectrogram 1	2	1736.948000	1737.040000	4000.000000	18000.000000	8000.000000	Twitter	5.458090	-26.349571	0
216	Spectrogram 1	2	1737.044000	1737.070000	4000.000000	18000.000000	8000.000000	Phee	3.907396	-37.314524	1
217	Spectrogram 1	2	1737.074000	1737.154000	4000.000000	18000.000000	8000.000000	Twitter	6.017463	-25.797448	0
218	Spectrogram 1	2	1737.176000	1737.280000	4000.000000	18000.000000	8000.000000	Twitter	7.327709	-30.604526	0
219	Spectrogram 1	2	1746.344000	1746.556000	4000.000000	18000.000000	8000.000000	Trill	11.316373	-34.997041	0
220	Spectrogram 1	2	1769.156000	1769.434000	4000.000000	18000.000000	8000.000000	Trill	13.414398	-32.656697	0
221	Spectrogram 1	2	1771.562000	1771.636000	4000.000000	18000.000000	8000.000000	Trill	11.385563	-35.537463	0
222	Spectrogram 1	2	1775.732000	1775.800000	4000.000000	18000.000000	8000.000000	Twitter	5.091101	-24.837396	0
223	Spectrogram 1	2	1775.852000	1775.932000	4000.000000	18000.000000	8000.000000	Twitter	5.885266	-24.469570	0
224	Spectrogram 1	2	1775.984000	1776.076000	4000.000000	18000.000000	8000.000000	Twitter	5.275668	-25.453217	0
225	Spectrogram 1	2	1776.116000	1776.196000	4000.000000	18000.000000	8000.000000	Twitter	5.942029	-24.325912	0
226	Spectrogram 1	2	1776.236000	1776.334000	4000.000000	18000.000000	8000.000000	Twitter	5.716777	-26.153252	0
227	Spectrogram 1	2	1776.362000	1776.472000	4000.000000	18000.000000	8000.000000	Twitter	6.124669	-26.660224	0
228	Spectrogram 1	2	1776.500000	1776.586000	4000.000000	18000.000000	8000.000000	Twitter	9.780631	-28.381924	0
229	Spectrogram 1	2	1827.222000	1827.506000	4000.000000	18000.000000	8000.000000	Trill	15.237255	-30.036210	0
230	Spectrogram 1	2	1830.654000	1830.722000	4000.000000	18000.000000	8000.000000	Trill	14.081614	-34.685934	0
231	Spectrogram 1	2	1858.554000	1858.592000	4000.000000	18000.000000	8000.000000	Trill	13.871692	-36.366907	0
232	Spectrogram 1	2	1858.680000	1858.730000	4000.000000	18000.000000	8000.000000	Trill	13.963652	-38.203458	0
233	Spectrogram 1	2	1858.908000	1858.952000	4000.000000	18000.000000	8000.000000	Trill	13.696470	-38.224551	0
234	Spectrogram 1	2	1859.016000	1859.060000	4000.000000	18000.000000	8000.000000	Trill	12.651647	-38.526301	0
235	Spectrogram 1	2	1859.316000	1859.360000	4000.000000	18000.000000	8000.000000	Trill	14.556500	-38.734445	0
236	Spectrogram 1	2	1859.412000	1859.450000	4000.000000	18000.000000	8000.000000	Trill	13.128800	-38.354528	0
237	Spectrogram 1	2	1859.832000	1859.882000	4000.000000	18000.000000	8000.000000	Trill	14.830662	-38.373067	0
238	Spectrogram 1	2	1860.060000	1860.092000	4000.000000	18000.000000	8000.000000	Trill	14.720924	-38.471377	0
239	Spectrogram 1	2	1863.246000	1863.296000	4000.000000	18000.000000	8000.000000	Trill	14.276829	-37.115671	0
240	Spectrogram 1	2	1863.396000	1863.434000	4000.000000	18000.000000	8000.000000	Trill	15.146160	-38.242696	0
241	Spectrogram 1	2	1864.026000	1864.070000	4000.000000	18000.000000	8000.000000	Trill	15.122942	-38.761103	0
242	Spectrogram 1	2	1864.470000	1864.514000	4000.000000	18000.000000	8000.000000	Trill	14.731558	-37.993406	0
243	Spectrogram 1	2	1864.590000	1864.640000	4000.000000	18000.000000	8000.000000	Trill	14.537518	-38.700839	0
244	Spectrogram 1	2	1867.020000	1867.058000	4000.000000	18000.000000	8000.000000	Trill	14.711682	-38.798758	0
245	Spectrogram 1	2	1867.704000	1867.736000	4000.000000	18000.000000	8000.000000	Trill	18.871010	-38.303021	0
246	Spectrogram 1	2	1868.268000	1868.306000	4000.000000	18000.000000	8000.000000	Trill	18.031586	-38.612154	0
247	Spectrogram 1	2	1872.342000	1872.470000	4000.000000	18000.000000	8000.000000	Trill	14.839476	-33.967142	0
248	Spectrogram 1	2	1877.130000	1877.372000	4000.000000	18000.000000	8000.000000	Trill	9.920450	-34.213705	0
249	Spectrogram 1	2	1880.982000	1881.044000	4000.000000	18000.000000	8000.000000	Twitter	4.225084	-25.612680	1
250	Spectrogram 1	2	1881.108000	1881.164000	4000.000000	18000.000000	8000.000000	Twitter	6.067375	-23.151291	0
251	Spectrogram 1	2	1881.228000	1881.302000	4000.000000	18000.000000	8000.000000	Twitter	5.591227	-24.876154	0
252	Spectrogram 1	2	1881.348000	1881.428000	4000.000000	18000.000000	8000.000000	Twitter	5.382117	-25.134079	0
253	Spectrogram 1	2	1881.474000	1881.554000	4000.000000	18000.000000	8000.000000	Twitter	6.015147	-24.889629	0
254	Spectrogram 1	2	1881.582000	1881.596000	4000.000000	18000.000000	8000.000000	Twitter	5.195090	-37.074665	2
255	Spectrogram 1	2	1881.594000	1881.686000	4000.000000	18000.000000	8000.000000	Twitter	6.213842	-26.645066	0
256	Spectrogram 1	2	1881.702000	1881.722000	4000.000000	18000.000000	8000.000000	Twitter	5.225092	-38.245891	2
257	Spectrogram 1	2	1881.720000	1881.806000	4000.000000	18000.000000	8000.000000	Twitter	7.064412	-28.430627	0
258	Spectrogram 1	2	1881.882000	1881.926000	4000.000000	18000.000000	8000.000000	Twitter	11.580338	-32.387223	0
259	Spectrogram 1	2	1904.086000	1904.310000	4000.000000	18000.000000	8000.000000	Trill	13.154140	-33.652093	0
260	Spectrogram 1	2	1912.882000	1912.956000	4000.000000	18000.000000	8000.000000	Trill	9.937586	-35.041535	0
261	Spectrogram 1	2	1922.602000	1922.898000	4000.000000	18000.000000	8000.000000	Trill	10.509662	-32.104297	0
262	Spectrogram 1	2	1936.570000	1936.926000	4000.000000	18000.000000	8000.000000	Trill	15.909918	-30.980048	0
263	Spectrogram 1	2	1972.282000	1972.656000	4000.000000	18000.000000	8000.000000	Trill	4.792712	-36.248038	1
264	Spectrogram 1	2	1976.650000	1976.952000	4000.000000	18000.000000	8000.000000	Trill	11.022291	-33.841872	0
265	Spectrogram 1	2	1979.080000	1979.148000	4000.000000	18000.000000	8000.000000	Twitter	5.193394	-24.712755	0
266	Spectrogram 1	2	1979.200000	1979.280000	4000.000000	18000.000000	8000.000000	Twitter	6.218023	-24.157667	0
267	Spectrogram 1	2	1979.338000	1979.388000	4000.000000	18000.000000	8000.000000	Twitter	6.590712	-21.568829	0
268	Spectrogram 1	2	1979.458000	1979.532000	4000.000000	18000.000000	8000.000000	Twitter	6.412257	-23.784029	0
269	Spectrogram 1	2	1979.578000	1979.652000	4000.000000	18000.000000	8000.000000	Twitter	6.934527	-22.706849	0
270	Spectrogram 1	2	1979.704000	1979.808000	4000.000000	18000.000000	8000.000000	Twitter	6.166165	-26.015610	0
271	Spectrogram 1	2	1979.830000	1979.934000	4000.000000	18000.000000	8000.000000	Twitter	6.839234	-26.991387	0
272	Spectrogram 1	2	1979.968000	1980.042000	4000.000000	18000.000000	8000.000000	Twitter	7.164155	-29.915270	0
273	Spectrogram 1	2	1982.674000	1982.862000	4000.000000	18000.000000	8000.000000	Trill	13.211222	-33.164823	0
274	Spectrogram 1	2	1993.828000	1994.076000	4000.000000	18000.000000	8000.000000	Trill	12.579207	-34.111558	0
275	Spectrogram 1	2	2046.878000	2047.054000	4000.000000	18000.000000	8000.000000	Trill	16.549715	-31.307203	0
276	Spectrogram 1	2	2052.698000	2052.982000	4000.000000	18000.000000	8000.000000	Trill	14.699500	-29.891250	0
277	Spectrogram 1	2	2056.982000	2057.206000	4000.000000	18000.000000	8000.000000	Trill	14.423633	-31.456658	0
278	Spectrogram 1	2	2059.046000	2059.108000	4000.000000	18000.000000	8000.000000	Twitter	8.195170	-26.093920	0
279	Spectrogram 1	2	2059.184000	2059.270000	4000.000000	18000.000000	8000.000000	Twitter	6.074594	-25.297931	0
280	Spectrogram 1	2	2059.322000	2059.390000	4000.000000	18000.000000	8000.000000	Twitter	6.173146	-24.006300	0
281	Spectrogram 1	2	2059.436000	2059.522000	4000.000000	18000.000000	8000.000000	Twitter	5.842454	-24.457422	0
282	Spectrogram 1	2	2059.562000	2059.642000	4000.000000	18000.000000	8000.000000	Twitter	5.923938	-24.806187	0
283	Spectrogram 1	2	2059.682000	2059.774000	4000.000000	18000.000000	8000.000000	Twitter	6.251608	-26.111928	0
284	Spectrogram 1	2	2059.814000	2059.888000	4000.000000	18000.000000	8000.000000	Twitter	9.970190	-27.483044	0
285	Spectrogram 1	2	2063.540000	2063.734000	4000.000000	18000.000000	8000.000000	Trill	13.341587	-35.671989	0
286	Spectrogram 1	2	2071.466000	2071.672000	4000.000000	18000.000000	8000.000000	Trill	12.271270	-30.364885	0
287	Spectrogram 1	2	2086.928000	2087.230000	4000.000000	18000.000000	8000.000000	Trill	13.206575	-30.375220	0
288	Spectrogram 1	2	2089.634000	2091.490000	4000.000000	18000.000000	8000.000000	Trillphee	4.488785	-27.863471	1
289	Spectrogram 1	2	2094.056000	2094.340000	4000.000000	18000.000000	8000.000000	Trill	12.630552	-33.696881	0
290	Spectrogram 1	2	2095.424000	2095.528000	4000.000000	18000.000000	8000.000000	Twitter	6.424270	-29.510041	0
291	Spectrogram 1	2	2095.574000	2095.666000	4000.000000	18000.000000	8000.000000	Twitter	7.160514	-25.079531	0
292	Spectrogram 1	2	2095.694000	2095.786000	4000.000000	18000.000000	8000.000000	Twitter	7.555654	-25.561745	0
293	Spectrogram 1	2	2095.796000	2095.906000	4000.000000	18000.000000	8000.000000	Twitter	7.010127	-26.889579	0
294	Spectrogram 1	2	2095.910000	2096.044000	4000.000000	18000.000000	8000.000000	Twitter	7.487046	-27.871881	0
295	Spectrogram 1	2	2096.054000	2096.128000	4000.000000	18000.000000	8000.000000	Twitter	11.365289	-30.418264	0
296	Spectrogram 1	2	2102.682000	2102.924000	4000.000000	18000.000000	8000.000000	Trill	13.623180	-35.190782	0
297	Spectrogram 1	2	2103.900000	2103.956000	4000.000000	18000.000000	8000.000000	Twitter	5.389354	-26.821817	0
298	Spectrogram 1	2	2104.020000	2104.148000	4000.000000	18000.000000	8000.000000	Twitter	4.952583	-26.296461	1
299	Spectrogram 1	2	2104.158000	2104.262000	4000.000000	18000.000000	8000.000000	Twitter	5.692903	-25.866975	0
300	Spectrogram 1	2	2104.290000	2104.394000	4000.000000	18000.000000	8000.000000	Twitter	5.709912	-25.807703	0
301	Spectrogram 1	2	2104.422000	2104.520000	4000.000000	18000.000000	8000.000000	Twitter	6.239386	-25.429504	0
302	Spectrogram 1	2	2104.542000	2104.664000	4000.000000	18000.000000	8000.000000	Twitter	6.590399	-26.799214	0
303	Spectrogram 1	2	2104.674000	2104.790000	4000.000000	18000.000000	8000.000000	Twitter	8.140221	-26.955037	0
304	Spectrogram 1	2	2104.818000	2104.880000	4000.000000	18000.000000	8000.000000	Twitter	13.752021	-28.460223	0
305	Spectrogram 1	2	2115.822000	2116.016000	4000.000000	18000.000000	8000.000000	Trill	16.314822	-31.993424	0
306	Spectrogram 1	2	2130.762000	2130.962000	4000.000000	18000.000000	8000.000000	Trill	15.780809	-27.702713	0
307	Spectrogram 1	2	2145.156000	2145.428000	4000.000000	18000.000000	8000.000000	Trill	14.540046	-28.956913	0
308	Spectrogram 1	2	2152.674000	2152.712000	4000.000000	18000.000000	8000.000000	Trill	3.942337	-34.963714	1
309	Spectrogram 1	2	2200.852000	2201.208000	4000.000000	18000.000000	8000.000000	Trill	11.742959	-32.099345	0
310	Spectrogram 1	2	2201.332000	2201.538000	4000.000000	18000.000000	8000.000000	Phee	5.634493	-31.215773	0
311	Spectrogram 1	2	2201.572000	2201.784000	4000.000000	18000.000000	8000.000000	Phee	6.813934	-28.664117	0
312	Spectrogram 1	2	2204.110000	2204.304000	4000.000000	18000.000000	8000.000000	Trill	12.264335	-33.622401	0
313	Spectrogram 1	2	2212.126000	2212.374000	4000.000000	18000.000000	8000.000000	Trill	12.942883	-34.839272	0
314	Spectrogram 1	2	2221.960000	2222.028000	4000.000000	18000.000000	8000.000000	Trill	13.937399	-38.013746	0
315	Spectrogram 1	2	2225.032000	2225.244000	4000.000000	18000.000000	8000.000000	Trill	6.688885	-35.710510	0
316	Spectrogram 1	2	2237.740000	2237.790000	4000.000000	18000.000000	8000.000000	Trillphee	8.132052	-35.478654	0
317	Spectrogram 1	2	2241.544000	2241.582000	4000.000000	18000.000000	8000.000000	Trill	10.918170	-38.504412	0
318	Spectrogram 1	2	2244.256000	2244.450000	4000.000000	18000.000000	8000.000000	Trill	11.091429	-31.429136	0
319	Spectrogram 1	2	2258.860000	2259.282000	4000.000000	18000.000000	8000.000000	Trill	5.586031	-36.537608	0
320	Spectrogram 1	2	2262.724000	2262.888000	4000.000000	18000.000000	8000.000000	Trill	13.619990	-33.584772	0
321	Spectrogram 1	2	2291.554000	2291.886000	4000.000000	18000.000000	8000.000000	Trill	11.669837	-30.389604	0
322	Spectrogram 1	2	2294.488000	2294.568000	4000.000000	18000.000000	8000.000000	Twitter	4.614365	-24.551029	1
323	Spectrogram 1	2	2294.626000	2294.724000	4000.000000	18000.000000	8000.000000	Twitter	4.859102	-25.447166	1
324	Spectrogram 1	2	2294.764000	2294.844000	4000.000000	18000.000000	8000.000000	Twitter	5.117976	-24.330448	0
325	Spectrogram 1	2	2294.890000	2295.000000	4000.000000	18000.000000	8000.000000	Twitter	4.849418	-26.209847	1
326	Spectrogram 1	2	2295.010000	2295.120000	4000.000000	18000.000000	8000.000000	Twitter	4.753711	-25.990584	1
327	Spectrogram 1	2	2295.148000	2295.252000	4000.000000	18000.000000	8000.000000	Twitter	5.399801	-26.332556	0
328	Spectrogram 1	2	2295.274000	2295.372000	4000.000000	18000.000000	8000.000000	Twitter	5.631991	-26.014178	0
329	Spectrogram 1	2	2295.412000	2295.504000	4000.000000	18000.000000	8000.000000	Twitter	6.007222	-25.934201	0
330	Spectrogram 1	2	2295.538000	2295.624000	4000.000000	18000.000000	8000.000000	Twitter	4.748220	-28.219829	1
331	Spectrogram 1	2	2295.700000	2295.756000	4000.000000	18000.000000	8000.000000	Twitter	10.181742	-25.571220	0
332	Spectrogram 1	2	2306.582000	2306.746000	4000.000000	18000.000000	8000.000000	Trill	13.406234	-30.728861	0
333	Spectrogram 1	2	2307.158000	2307.502000	4000.000000	18000.000000	8000.000000	Phee	4.489150	-25.821874	1
334	Spectrogram 1	2	2307.584000	2307.646000	4000.000000	18000.000000	8000.000000	Phee	3.767795	-29.592915	1
335	Spectrogram 1	2	2338.562000	2338.870000	4000.000000	18000.000000	8000.000000	Trill	16.659865	-28.406757	0
336	Spectrogram 1	2	2355.824000	2356.072000	4000.000000	18000.000000	8000.000000	Trill	16.405872	-30.903990	0
337	Spectrogram 1	2	2358.350000	2358.658000	4000.000000	18000.000000	8000.000000	Trill	11.881577	-31.852147	0
338	Spectrogram 1	2	2364.044000	2364.370000	4000.000000	18000.000000	8000.000000	Trill	11.086129	-32.301999	0
339	Spectrogram 1	2	2364.554000	2365.384000	4000.000000	18000.000000	8000.000000	Trillphee	10.429664	-19.374878	0
340	Spectrogram 1	2	2401.296000	2401.412000	4000.000000	18000.000000	8000.000000	Trill	10.737792	-33.587710	0
341	Spectrogram 1	2	2410.182000	2410.244000	4000.000000	18000.000000	8000.000000	Trill	12.450787	-34.126066	0
342	Spectrogram 1	2	2411.124000	2411.210000	4000.000000	18000.000000	8000.000000	Twitter	5.911376	-24.707931	0
343	Spectrogram 1	2	2411.262000	2411.372000	4000.000000	18000.000000	8000.000000	Twitter	6.148855	-25.878235	0
344	Spectrogram 1	2	2411.370000	2411.462000	4000.000000	18000.000000	8000.000000	Twitter	6.717044	-25.722369	0
345	Spectrogram 1	2	2411.490000	2411.570000	4000.000000	18000.000000	8000.000000	Twitter	7.761600	-26.136821	0
346	Spectrogram 1	2	2411.628000	2411.696000	4000.000000	18000.000000	8000.000000	Trill	15.636989	-30.497385	0
347	Spectrogram 1	2	2461.362000	2461.496000	4000.000000	18000.000000	8000.000000	Trill	3.855782	-30.792369	1
348	Spectrogram 1	2	2461.602000	2461.664000	4000.000000	18000.000000	8000.000000	Twitter	5.948286	-28.099487	0
349	Spectrogram 1	2	2461.734000	2461.814000	4000.000000	18000.000000	8000.000000	Twitter	5.869166	-26.963316	0
350	Spectrogram 1	2	2461.854000	2461.910000	4000.000000	18000.000000	8000.000000	Twitter	7.359876	-23.328303	0
351	Spectrogram 1	2	2461.974000	2462.048000	4000.000000	18000.000000	8000.000000	Twitter	7.212810	-24.748624	0
352	Spectrogram 1	2	2462.094000	2462.174000	4000.000000	18000.000000	8000.000000	Twitter	7.835968	-26.232666	0
353	Spectrogram 1	2	2462.226000	2462.282000	4000.000000	18000.000000	8000.000000	Twitter	9.475028	-31.165154	0
354	Spectrogram 1	2	2490.258000	2490.344000	4000.000000	18000.000000	8000.000000	Twitter	5.212074	-24.751856	0
355	Spectrogram 1	2	2490.354000	2490.380000	4000.000000	18000.000000	8000.000000	Phee	3.918995	-36.834552	1
356	Spectrogram 1	2	2490.378000	2490.488000	4000.000000	18000.000000	8000.000000	Twitter	5.653152	-25.597566	0
357	Spectrogram 1	2	2490.516000	2490.620000	4000.000000	18000.000000	8000.000000	Twitter	5.647648	-25.818340	0
358	Spectrogram 1	2	2490.642000	2490.740000	4000.000000	18000.000000	8000.000000	Twitter	6.005439	-25.385047	0
359	Spectrogram 1	2	2490.774000	2490.878000	4000.000000	18000.000000	8000.000000	Twitter	6.024499	-25.856970	0
360	Spectrogram 1	2	2490.906000	2490.980000	4000.000000	18000.000000	8000.000000	Twitter	6.814108	-24.444461	0
361	Spectrogram 1	2	2491.044000	2491.124000	4000.000000	18000.000000	8000.000000	Twitter	11.630915	-26.454874	0
362	Spectrogram 1	2	2494.062000	2494.478000	4000.000000	18000.000000	8000.000000	Trill	15.142546	-33.581162	0
363	Spectrogram 1	2	2496.594000	2496.956000	4000.000000	18000.000000	8000.000000	Trill	11.719067	-33.684148	0
364	Spectrogram 1	2	2498.694000	2499.980000	4000.000000	18000.000000	8000.000000	Trillphee	13.990574	-18.101053	0
365	Spectrogram 1	2	2500.006000	2500.104000	4000.000000	18000.000000	8000.000000	Phee	11.637713	-18.715927	0
366	Spectrogram 1	2	2505.718000	2505.996000	4000.000000	18000.000000	8000.000000	Trill	13.794755	-33.443728	0
367	Spectrogram 1	2	2506.576000	2506.650000	4000.000000	18000.000000	8000.000000	Twitter	5.360144	-25.916732	0
368	Spectrogram 1	2	2506.696000	2506.776000	4000.000000	18000.000000	8000.000000	Twitter	5.679136	-23.543961	0
369	Spectrogram 1	2	2506.834000	2506.914000	4000.000000	18000.000000	8000.000000	Twitter	6.360231	-23.359276	0
370	Spectrogram 1	2	2506.966000	2507.046000	4000.000000	18000.000000	8000.000000	Twitter	6.332662	-23.419623	0
371	Spectrogram 1	2	2507.098000	2507.166000	4000.000000	18000.000000	8000.000000	Twitter	7.056565	-21.827540	0
372	Spectrogram 1	2	2507.224000	2507.316000	4000.000000	18000.000000	8000.000000	Twitter	6.229806	-24.525885	0
373	Spectrogram 1	2	2507.350000	2507.466000	4000.000000	18000.000000	8000.000000	Twitter	6.461011	-26.319602	0
374	Spectrogram 1	2	2507.494000	2507.580000	4000.000000	18000.000000	8000.000000	Twitter	9.888797	-27.843691	0
375	Spectrogram 1	2	2544.988000	2545.164000	4000.000000	18000.000000	8000.000000	Trill	16.248992	-27.293213	0
376	Spectrogram 1	2	2556.856000	2557.086000	4000.000000	18000.000000	8000.000000	Trill	12.884614	-27.555539	0
377	Spectrogram 1	2	2600.210000	2600.500000	4000.000000	18000.000000	8000.000000	Trill	11.175964	-33.290366	0
378	Spectrogram 1	2	2602.376000	2602.450000	4000.000000	18000.000000	8000.000000	Twitter	5.018487	-24.782369	0
379	Spectrogram 1	2	2602.508000	2602.594000	4000.000000	18000.000000	8000.000000	Twitter	5.659640	-25.234772	0
380	Spectrogram 1	2	2602.628000	2602.720000	4000.000000	18000.000000	8000.000000	Twitter	5.728151	-25.283660	0
381	Spectrogram 1	2	2602.760000	2602.852000	4000.000000	18000.000000	8000.000000	Twitter	6.048570	-25.321104	0
382	Spectrogram 1	2	2602.886000	2602.978000	4000.000000	18000.000000	8000.000000	Twitter	6.172724	-24.924466	0
383	Spectrogram 1	2	2602.994000	2603.242000	4000.000000	18000.000000	8000.000000	Twitter	6.503870	-28.874615	0
384	Spectrogram 1	2	2621.168000	2621.242000	4000.000000	18000.000000	8000.000000	Trill	11.319829	-32.974785	0
385	Spectrogram 1	2	2637.926000	2638.132000	4000.000000	18000.000000	8000.000000	Trill	14.335915	-29.026506	0
386	Spectrogram 1	2	2639.462000	2639.572000	4000.000000	18000.000000	8000.000000	Trill	15.508341	-33.108345	0
387	Spectrogram 1	2	2645.612000	2645.764000	4000.000000	18000.000000	8000.000000	Trill	13.698557	-35.416725	0
388	Spectrogram 1	2	2652.386000	2652.694000	4000.000000	18000.000000	8000.000000	Trill	16.342041	-30.830581	0
389	Spectrogram 1	2	2659.070000	2659.372000	4000.000000	18000.000000	8000.000000	Trill	13.809293	-34.273613	0
390	Spectrogram 1	2	2663.654000	2663.860000	4000.000000	18000.000000	8000.000000	Trill	12.663138	-30.664881	0
391	Spectrogram 1	2	2666.450000	2666.686000	4000.000000	18000.000000	8000.000000	Trill	13.007587	-30.451668	0
392	Spectrogram 1	2	2666.828000	2667.076000	4000.000000	18000.000000	8000.000000	Phee	7.021128	-23.348757	0
393	Spectrogram 1	2	2667.104000	2667.304000	4000.000000	18000.000000	8000.000000	Phee	8.028449	-23.350715	0
394	Spectrogram 1	2	2667.344000	2667.418000	4000.000000	18000.000000	8000.000000	Phee	8.179090	-22.272321	0
395	Spectrogram 1	2	2667.464000	2667.544000	4000.000000	18000.000000	8000.000000	Phee	11.752602	-21.541906	0
396	Spectrogram 1	2	2667.620000	2667.724000	4000.000000	18000.000000	8000.000000	Phee	14.724689	-25.641284	0
397	Spectrogram 1	2	2681.372000	2681.608000	4000.000000	18000.000000	8000.000000	Trill	8.860906	-34.156832	0
398	Spectrogram 1	2	2684.042000	2684.326000	4000.000000	18000.000000	8000.000000	Trill	13.722001	-33.240427	0
399	Spectrogram 1	2	2685.578000	2685.628000	4000.000000	18000.000000	8000.000000	Twitter	8.611913	-30.582691	0
400	Spectrogram 1	2	2685.722000	2685.808000	4000.000000	18000.000000	8000.000000	Trill	5.314650	-28.863577	0
401	Spectrogram 1	2	2685.848000	2686.300000	4000.000000	18000.000000	8000.000000	Phee	4.914469	-29.047052	1
402	Spectrogram 1	2	2686.328000	2686.390000	4000.000000	18000.000000	8000.000000	Twitter	6.699123	-30.837459	0
403	Spectrogram 1	2	2692.280000	2692.486000	4000.000000	18000.000000	8000.000000	Trill	14.255431	-32.789068	0
404	Spectrogram 1	2	2694.536000	2694.856000	4000.000000	18000.000000	8000.000000	Trill	13.838498	-34.521075	0
405	Spectrogram 1	2	2695.988000	2696.038000	4000.000000	18000.000000	8000.000000	Twitter	8.747692	-29.318497	0
406	Spectrogram 1	2	2696.126000	2696.200000	4000.000000	18000.000000	8000.000000	Twitter	8.816111	-24.659050	0
407	Spectrogram 1	2	2696.216000	2696.242000	4000.000000	18000.000000	8000.000000	Phee	3.855610	-37.190996	1
408	Spectrogram 1	2	2696.240000	2696.338000	4000.000000	18000.000000	8000.000000	Twitter	9.339231	-26.520318	0
409	Spectrogram 1	2	2696.360000	2696.452000	4000.000000	18000.000000	8000.000000	Twitter	7.943909	-27.594731	0
410	Spectrogram 1	2	2696.480000	2696.542000	4000.000000	18000.000000	8000.000000	Twitter	7.446528	-27.054215	0
411	Spectrogram 1	2	2696.588000	2696.680000	4000.000000	18000.000000	8000.000000	Twitter	7.684740	-29.127542	0
412	Spectrogram 1	2	2696.720000	2696.794000	4000.000000	18000.000000	8000.000000	Twitter	6.693292	-28.569635	0
413	Spectrogram 1	2	2696.834000	2696.926000	4000.000000	18000.000000	8000.000000	Twitter	6.296215	-28.075227	0
414	Spectrogram 1	2	2696.942000	2697.028000	4000.000000	18000.000000	8000.000000	Twitter	8.506045	-27.859421	0
415	Spectrogram 1	2	2697.062000	2697.160000	4000.000000	18000.000000	8000.000000	Trill	7.316741	-31.276864	0
416	Spectrogram 1	2	2702.688000	2702.720000	4000.000000	18000.000000	8000.000000	Trill	13.637727	-37.182976	0
417	Spectrogram 1	2	2710.866000	2711.186000	4000.000000	18000.000000	8000.000000	Trill	10.273050	-33.536946	0
418	Spectrogram 1	2	2715.030000	2716.448000	4000.000000	18000.000000	8000.000000	Trillphee	13.806369	-17.508682	0
419	Spectrogram 1	2	2732.550000	2732.786000	4000.000000	18000.000000	8000.000000	Trill	11.876990	-32.477853	0
420	Spectrogram 1	2	2734.248000	2734.520000	4000.000000	18000.000000	8000.000000	Trill	8.439216	-31.320928	0
421	Spectrogram 1	2	2746.152000	2746.454000	4000.000000	18000.000000	8000.000000	Trill	14.937046	-29.555969	0
422	Spectrogram 1	2	2759.418000	2759.588000	4000.000000	18000.000000	8000.000000	Trill	12.174832	-28.087916	0
423	Spectrogram 1	2	2759.694000	2760.656000	4000.000000	18000.000000	8000.000000	Phee	19.943406	-19.704891	0
424	Spectrogram 1	2	2768.010000	2768.204000	4000.000000	18000.000000	8000.000000	Trill	12.617108	-28.354172	0
425	Spectrogram 1	2	2773.242000	2773.412000	4000.000000	18000.000000	8000.000000	Trill	9.985949	-30.846818	0
426	Spectrogram 1	2	2775.498000	2775.722000	4000.000000	18000.000000	8000.000000	Trill	12.534618	-28.479805	0
427	Spectrogram 1	2	2784.072000	2784.314000	4000.000000	18000.000000	8000.000000	Trill	8.257505	-34.536364	0
428	Spectrogram 1	2	2787.966000	2788.130000	4000.000000	18000.000000	8000.000000	Trill	9.759919	-31.882792	0
429	Spectrogram 1	2	2790.084000	2791.286000	4000.000000	18000.000000	8000.000000	Trillphee	15.112083	-22.254318	0
430	Spectrogram 1	2	2797.932000	2798.192000	4000.000000	18000.000000	8000.000000	Trill	5.917265	-36.293544	0
431	Spectrogram 1	2	2804.326000	2804.466000	4000.000000	18000.000000	8000.000000	Trill	4.619968	-33.941589	1
432	Spectrogram 1	2	2806.786000	2806.926000	4000.000000	18000.000000	8000.000000	Trill	12.608070	-30.905467	0
433	Spectrogram 1	2	2817.772000	2817.996000	4000.000000	18000.000000	8000.000000	Trill	13.173943	-30.121878	0
434	Spectrogram 1	2	2820.862000	2820.948000	4000.000000	18000.000000	8000.000000	Trill	14.491447	-28.938263	0
435	Spectrogram 1	2	2829.592000	2829.744000	4000.000000	18000.000000	8000.000000	Trill	9.321974	-34.243396	0
436	Spectrogram 1	2	2830.780000	2830.986000	4000.000000	18000.000000	8000.000000	Trill	13.169930	-33.636233	0
